Displacement	Force
-78.59565631	-354.7599366
-71.29308849	-364.1254408
-70.93133607	-374.1983905
-67.95196823	-293.0420596
-62.50913675	-367.1405977
-62.01789112	-376.6745032
-53.00503089	-376.0007335
-52.47199261	-365.0182034
-38.4686254	-378.4598592
-36.9516528	-378.81392
-33.5797084	-358.2468128
-33.1027052	-358.9037824
-31.3530838	-337.7637728
-29.9100028	-336.2986016
-27.2425892	-314.4006528
-25.8578533	-315.1421344
-23.2052546	-293.4127648
-22.6980729	-291.2901792
-21.0055163	-267.2700896
-19.1106723	-270.57184
-18.4626576	-247.006336
-17.8762802	-247.6464032
-17.8417121	-229.6062048
-17.6602753	-226.8266496
-15.13260827	-186.1474789
-15.0029212	-205.9899936
-13.4539411	-200.9370656
-12.0845688	-185.0021056
-10.262519	-180.6564096
-9.1678625	-164.6876448
-8.8080982	-159.7356864
-7.762276	-140.8699392
-7.3266082	-135.5803776
-6.3768085	-116.8832096
-6.1897018	-116.310752
-5.241914	-94.1770592
-5.1329056	-89.1236864
-4.5673788	-73.5930496
-4.4453845	-72.0771712
-3.5853887	-54.9968512
-3.4926584	-51.392192
-2.6178477	-33.55406624
-2.4440927	-29.51141248
-1.0999606	-1.07806176
-1.0966684	-1.0948752
-1.0950223	-1.14540448
-1.091913	-1.06120384
-1.0906327	-1.0948752
-1.0873405	-1.19593376
-1.0867918	-1.482296
-1.0849628	-1.11173312
-1.084597	-1.027488
-1.0840483	-1.46548256
-1.0829509	-1.06120384
-1.0822193	-1.0948752
-1.0811219	-1.49915392
-1.080939	-1.44862464
-1.0798416	-1.027488
-1.0783784	-1.24650752
-1.0778297	-1.027488
-1.0750862	-1.36437952
-1.0730743	-1.49915392
-1.0719769	-1.8697168
-1.0716111	-1.06120384
-1.0714282	-1.53282528
-1.0706966	-1.81918752
-1.0694163	-1.46548256
-1.0690505	-1.49915392
-1.0686847	-1.482296
-1.0677702	-1.8023296
-1.0672215	-1.04434592
-1.0655754	-1.49915392
-1.0652096	-1.0948752
-1.0650267	-1.38123744
-1.0641122	-1.56654112
-1.0639293	-1.49915392
-1.0633806	-1.49915392
-1.0630148	-2.05502048
-1.0628319	-1.26332096
-1.062649	-1.46548256
-1.0613687	-1.49915392
-1.0606371	-1.76865824
-1.0599055	-1.8023296
-1.0595397	-1.56654112
-1.0593568	-1.66759968
-1.058991	-2.0718784
-1.0586252	-1.8697168
-1.0575278	-1.83604544
-1.0573449	-1.92024608
-1.0569791	-1.83604544
-1.0556988	-1.75180032
-1.055333	-1.49915392
-1.0542356	-2.10554976
-1.0540527	-1.76865824
-1.0538698	-2.0718784
-1.0533211	-1.39809536
-1.0522237	-1.51601184
-1.0520408	-1.51601184
-1.0513092	-1.90343264
-1.0511263	-2.03816256
-1.0502118	-1.63392832
-1.0500289	-1.78551616
-1.0496631	-2.0718784
-1.0494802	-2.08869184
-1.0492973	-1.8023296
-1.0487486	-2.0718784
-1.0483828	-1.66759968
-1.0481999	-2.13922112
-1.048017	-2.0718784
-1.0476512	-1.46548256
-1.0474683	-1.6844576
-1.0471025	-1.6844576
-1.0469196	-1.88657472
-1.0467367	-1.83604544
-1.0465538	-2.08869184
-1.046188	-2.10554976
-1.0458222	-2.0718784
-1.0456393	-1.90343264
-1.0454564	-2.03816256
-1.0450906	-2.0718784
-1.0449077	-1.92024608
-1.0447248	-2.03816256
-1.044359	-1.76865824
-1.0441761	-1.8697168
-1.0439932	-1.88657472
-1.0436274	-1.85290336
-1.0434445	-1.63392832
-1.0432616	-2.12240768
-1.0430787	-2.12240768
-1.0428958	-1.83604544
-1.04253	-1.98763328
-1.0421642	-2.08869184
-1.0419813	-1.85290336
-1.0417984	-2.17293696
-1.0416155	-2.10554976
-1.0414326	-1.66759968
-1.0410668	-2.0718784
-1.040701	-2.0044912
-1.0405181	-1.85290336
-1.0403352	-2.0718784
-1.0401523	-2.10554976
-1.0396036	-2.12240768
-1.0392378	-2.10554976
-1.0390549	-2.12240768
-1.038872	-2.12240768
-1.0385062	-2.0718784
-1.0383233	-1.8697168
-1.0381404	-2.12240768
-1.0375917	-2.0718784
-1.0372259	-2.05502048
-1.037043	-2.0718784
-1.0368601	-1.8697168
-1.0364943	-1.937104
-1.0361285	-2.13922112
-1.0355798	-1.98763328
-1.0353969	-2.10554976
-1.035214	-2.02134912
-1.0350311	-2.10554976
-1.0346653	-2.03816256
-1.0344824	-2.10554976
-1.0342995	-2.08869184
-1.0341166	-2.13922112
-1.0335679	-1.90343264
-1.033385	-2.10554976
-1.0332021	-2.0718784
-1.0330192	-1.71812896
-1.0328363	-2.10554976
-1.0326534	-1.90343264
-1.0324705	-2.10554976
-1.0319218	-1.8023296
-1.0317389	-2.10554976
-1.031556	-2.0718784
-1.0311902	-2.10554976
-1.0310073	-2.10554976
-1.0308244	-2.13922112
-1.0306415	-2.0718784
-1.0304586	-2.08869184
-1.0302757	-2.0718784
-1.0300928	-2.08869184
-1.0299099	-2.10554976
-1.0293612	-2.0718784
-1.0291783	-1.90343264
-1.0288125	-2.05502048
-1.0286296	-1.90343264
-1.0284467	-2.10554976
-1.0282638	-1.98763328
-1.0273493	-2.12240768
-1.0271664	-2.08869184
-1.0268006	-2.17293696
-1.0266177	-2.17293696
-1.0264348	-2.0718784
-1.0262519	-1.90343264
-1.0258861	-1.937104
-1.0253374	-2.15607904
-1.0251545	-1.78551616
-1.0247887	-2.12240768
-1.0246058	-1.90343264
-1.02424	-1.83604544
-1.0240571	-2.10554976
-1.0235084	-1.937104
-1.0233255	-1.70127104
-1.022411	-2.08869184
-1.0218623	-1.85290336
-1.0214965	-1.90343264
-1.0211307	-2.0718784
-1.0209478	-1.71812896
-1.0203991	-2.12240768
-1.0202162	-1.8023296
-1.0200333	-2.03816256
-1.0191188	-2.1897504
-1.016924	-2.12240768
-1.0167411	-2.10554976
-1.0152779	-2.08869184
-1.015095	-2.0718784
-1.0108883	-2.0718784
-1.0101567	-2.0718784
-1.0086935	-2.0718784
-1.007779	-2.08869184
-1.0074132	-2.0718784
-0.9971708	-2.05502048
-0.9357164	0.21897504
-0.4221332	10.14033245
-0.231033793	-73.91323443
-0.2052138	12.75121059
0.01406501	15.32840403
0.26365035	18.64675437
0.37009815	24.94655907
0.45090337	25.08131568
0.45940822	23.12736266
0.45973744	25.28344614
0.46121893	25.51927021
0.47285137	25.14869398
0.47453405	26.07513232
0.4802954	25.68771152
0.4819415	25.3845136
0.57501931	27.64166454
2.17288858	53.95263872
2.50274873	59.4270592
3.4928413	77.98958624
3.5435046	79.21923584
4.32938932	91.34719712
4.99854726	104.704808
5.48504297	112.4363661
5.72467855	117.4223072
7.14786003	139.7916995
7.62852123	142.9584531
8.69437098	156.2655347
9.62701466	165.2941296
11.31911401	182.1385277
11.92786008	183.0480992
13.99969641	203.935151
14.83589692	209.2916995
17.24843937	229.7744726
17.3866569	231.4420723
20.02348962	249.970928
20.78685935	252.1775363
23.73343322	272.8456131
24.29250365	272.2897466
27.79013693	292.8567648
28.73807105	295.0297018
32.16684248	314.8387363
32.82515445	314.6365747
36.9511041	337.1912262
37.57336648	336.3153261
41.55654439	358.6847184
41.68569008	357.8256317
48.00287318	345.1754752
49.39088299	379.521241
57.30236918	388.3813589
58.75766753	377.4662205
62.20172044	340.6443465
71.71545671	344.6027863
72.10755719	333.5023175
79.09860424	334.6140417
81.23130512	323.8673223
84.99979739	310.7960425
87.57269613	241.4139679
93.09082297	279.2296452
