"Paultre, Legeron, Mongequ, July-August 2001 test 1005540"	
3735	
0.36	-0.34
0.6	4.4
1.14	9.18
1.41	13.97
1.83	18.74
2.34	23.51
2.74	28.28
3.12	33.05
3.68	37.81
4.08	42.59
4.44	47.33
4.95	52.09
5.33	56.85
5.87	61.6
6.36	66.34
6.71	71.09
7.16	75.83
7.79	80.59
8.28	85.32
8.63	90.06
9.12	94.81
9.75	99.54
10.15	104.26
10.68	108.99
11.26	113.7
11.73	118.41
12.4	123.11
12.69	124.61
12.65	118.03
12.2	113.23
11.96	108.47
11.44	103.68
11.09	98.93
10.64	94.17
10.13	89.42
9.79	84.66
9.3	79.9
8.9	75.12
8.43	70.35
7.94	65.6
7.63	60.84
7.18	56.09
6.71	51.32
6.2	46.55
5.84	41.79
5.31	37.04
4.89	32.28
4.57	27.52
4.04	22.75
3.7	18
3.21	13.24
2.72	8.46
2.23	3.7
1.76	-0.96
1.5	-5.7
1.03	-10.45
0.54	-15.22
0.07	-19.99
-0.42	-24.77
-0.8	-29.49
-1.34	-34.25
-1.74	-39
-2.09	-43.75
-2.67	-48.49
-3.19	-53.25
-3.61	-58
-3.99	-62.75
-4.59	-67.49
-5.04	-72.22
-5.44	-76.96
-5.93	-81.7
-6.56	-86.43
-7.02	-91.16
-7.45	-95.87
-8.07	-100.6
-8.61	-105.33
-9.03	-110.05
-9.54	-114.75
-10.15	-119.46
-11.04	-123.34
-10.32	-114.4
-10.03	-109.63
-9.61	-104.86
-9.19	-100.09
-8.81	-95.31
-8.32	-90.55
-7.94	-85.8
-7.45	-81.03
-6.96	-76.27
-6.56	-71.52
-6.18	-66.75
-5.75	-62
-5.19	-57.24
-4.86	-52.47
-4.33	-47.7
-3.97	-42.96
-3.52	-38.19
-3.03	-33.44
-2.56	-28.68
-2.16	-23.92
-1.74	-19.16
-1.18	-14.42
-0.87	-9.66
-0.29	-4.91
0.14	-0.25
0.49	4.49
1.01	9.24
1.5	14.01
1.92	18.78
2.39	23.53
2.77	28.33
3.24	33.04
3.68	37.81
4.19	42.56
4.71	47.31
5.09	52.06
5.58	56.81
6.07	61.56
6.4	66.31
6.89	71.05
7.36	75.79
7.85	80.54
8.43	85.29
8.81	90.03
9.32	94.77
9.79	99.5
10.42	104.23
10.91	108.97
11.31	113.7
11.84	118.42
12.42	123.14
12.96	127.84
13.52	132.52
14.16	137.21
14.68	141.87
15.37	146.56
16.04	151.19
16.88	155.8
17.64	160.41
18.31	164.99
19.29	169.55
20.12	174.08
21.12	178.58
22.17	183.05
23.29	187.5
24.51	191.91
25.78	196.28
26.39	198.22
28.28	189.15
28.39	182.29
28.39	188.78
28.28	184.79
28.39	190.49
28.42	184.65
28.71	179.61
29	175.04
30.91	179.17
33.39	182.96
35.37	186.35
35.73	177.68
35.8	176.98
35.69	176.59
35.2	172.25
34.39	167.66
33.61	163.08
32.61	158.58
31.58	154.04
30.65	149.52
29.78	144.98
28.86	140.44
27.95	135.91
26.92	131.34
26.1	126.79
25.16	122.23
24.31	117.65
23.53	113.08
22.64	108.49
21.93	103.91
21.08	99.29
20.45	94.68
19.65	90.06
18.91	85.43
18.29	80.79
17.67	76.16
16.91	71.52
16.3	66.85
15.7	62.2
15.01	57.54
14.36	52.87
13.74	48.21
13.18	43.54
12.56	38.87
11.91	34.19
11.22	29.49
10.75	24.79
10.1	20.14
9.5	15.45
8.92	10.76
8.21	6.06
7.65	1.49
7.07	-3.18
6.56	-7.87
6.02	-12.57
5.44	-17.26
4.75	-21.99
4.26	-26.66
3.61	-31.36
2.99	-36.06
2.52	-40.77
1.96	-45.45
1.34	-50.15
1.01	-52.4
0.34	-54.67
-0.18	-59.42
-0.67	-64.15
-1.27	-68.87
-1.76	-73.58
-2.34	-78.29
-2.92	-83
-3.61	-87.7
-4.15	-92.4
-4.66	-97.09
-5.22	-101.78
-5.93	-106.48
-6.47	-111.16
-7.18	-115.85
-7.8	-120.54
-8.45	-125.2
-9.05	-129.87
-9.74	-134.52
-10.28	-139.17
-11.06	-143.83
-11.71	-148.45
-12.53	-153.06
-13.31	-157.66
-14.12	-162.26
-14.83	-166.81
-15.77	-171.33
-16.75	-175.8
-17.62	-170.4
-17.75	-165.13
-17.86	-160.4
-20.74	-164.1
-22.41	-168.24
-24.46	-172.29
-26.65	-176.27
-29.06	-180.08
-32.07	-183.75
-32.18	-183.79
-31.96	-168.87
-30.98	-164.33
-30.17	-159.8
-29.24	-155.25
-28.26	-150.71
-27.43	-146.17
-26.61	-141.62
-25.69	-137.06
-24.82	-132.5
-23.88	-127.96
-23.08	-123.38
-22.23	-118.84
-21.3	-114.29
-20.56	-109.71
-19.78	-105.13
-18.96	-100.57
-18.09	-95.97
-17.24	-91.38
-16.55	-86.79
-15.86	-82.19
-15.16	-77.57
-14.25	-72.97
-13.56	-68.35
-12.76	-63.75
-12.18	-59.13
-11.28	-54.5
-10.59	-49.86
-9.97	-45.22
-9.21	-40.59
-8.38	-35.97
-7.76	-31.33
-7.02	-26.7
-6.31	-22.07
-5.48	-17.43
-4.88	-12.79
-4.08	-8.16
-3.32	-3.54
-2.65	1
-1.87	5.63
-1.27	10.27
-0.76	13.54
-0.6	11.95
-0.36	13.84
-0.11	15.72
0.11	17.6
0.38	19.48
0.74	21.34
1.03	23.22
1.21	25.07
1.47	26.94
1.81	28.8
2.05	30.68
2.43	32.52
2.59	34.38
2.97	36.23
3.24	38.09
3.57	39.95
3.73	41.81
4.17	43.66
4.42	45.51
4.62	47.38
4.89	49.22
5.33	51.07
5.62	52.93
5.96	54.77
6.07	56.62
6.49	58.47
6.8	60.32
7.05	62.16
7.29	64
7.76	65.86
8.03	67.7
8.23	69.56
8.66	71.38
8.86	73.23
9.3	75.06
9.64	76.92
9.93	78.76
10.15	80.6
10.53	82.46
10.93	84.28
11.13	86.16
11.44	87.95
11.8	89.78
12.2	91.61
12.58	93.45
12.85	95.28
13.16	97.1
13.52	98.93
13.83	100.77
14.32	102.58
14.5	104.39
14.9	106.21
15.21	108.04
15.68	109.85
15.97	111.66
16.42	113.47
16.8	115.28
17.2	117.09
17.42	118.9
17.93	120.69
18.29	122.5
18.71	124.31
19.07	126.1
19.41	127.91
19.96	129.68
20.36	131.47
20.7	133.25
21.23	135.03
21.64	136.81
22.13	138.61
22.51	140.36
22.97	142.13
23.55	143.88
23.95	145.64
24.65	147.38
25.05	149.15
25.67	150.88
26.21	152.63
26.76	154.34
27.3	156.08
27.86	157.79
28.46	159.51
29.02	161.24
29.73	162.95
30.24	164.65
30.89	166.34
31.56	168.03
31.63	168.12
31.76	165.99
31.63	164.05
31.47	162.2
31.02	160.36
30.8	158.52
30.44	156.69
30.04	154.85
29.66	153.02
29.35	151.21
28.97	149.4
28.57	147.61
28.1	145.8
27.84	143.98
27.43	142.17
26.94	140.37
26.7	138.55
26.23	136.73
25.83	134.93
25.56	133.09
25.16	131.27
24.71	129.46
24.38	127.65
24.02	125.83
23.66	124.02
23.29	122.19
23.02	120.37
22.66	118.54
22.22	116.71
21.99	114.9
21.61	113.07
21.17	111.24
20.97	109.41
20.54	107.57
20.3	105.74
19.87	103.91
19.67	102.08
19.25	100.24
18.96	98.41
18.74	96.57
18.33	94.73
18.13	92.89
17.87	91.04
17.51	89.2
17.11	87.36
16.82	85.54
16.57	83.69
16.3	81.84
15.95	80
15.66	78.14
15.44	76.3
15.03	74.46
14.81	72.61
14.45	70.75
14.23	68.9
13.85	67.05
13.56	65.2
13.34	63.35
13.03	61.5
12.69	59.64
12.49	57.8
12.27	55.94
11.93	54.09
11.64	52.24
11.38	50.39
10.97	48.53
10.77	46.68
10.42	44.81
10.19	42.97
9.95	41.12
9.66	39.25
9.37	37.4
8.97	35.56
8.74	33.71
8.52	31.85
8.21	29.99
7.9	28.13
7.54	26.29
7.25	24.43
6.94	22.58
6.74	20.73
6.47	18.87
6.09	17
5.82	15.14
5.64	13.3
5.24	11.44
5.02	9.57
4.8	7.72
4.51	5.86
4.11	4.01
3.84	2.16
3.5	0.36
3.35	-1.44
2.97	-3.29
2.79	-5.17
2.54	-7.01
2.25	-8.87
1.96	-10.72
1.63	-12.61
1.32	-14.44
1.07	-16.29
0.8	-18.16
0.4	-20.03
0.49	-20.02
-0.11	-21.76
-0.27	-23.64
-0.51	-25.5
-0.82	-27.37
-1.09	-29.24
-1.4	-31.11
-1.67	-32.96
-1.98	-34.82
-2.16	-36.68
-2.5	-38.53
-2.81	-40.39
-3.12	-42.25
-3.41	-44.11
-3.59	-45.97
-3.86	-47.85
-4.17	-49.68
-4.46	-51.53
-4.86	-53.41
-5.06	-55.25
-5.44	-57.11
-5.69	-58.96
-6	-60.81
-6.33	-62.65
-6.56	-64.51
-6.82	-66.36
-7.18	-68.2
-7.45	-70.05
-7.89	-71.89
-8.18	-73.74
-8.43	-75.57
-8.79	-77.41
-9.03	-79.25
-9.43	-81.11
-9.79	-82.93
-10.1	-84.77
-10.28	-86.61
-10.73	-88.45
-11.08	-90.29
-11.28	-92.1
-11.66	-93.95
-12	-95.77
-12.38	-97.6
-12.64	-99.42
-13.02	-101.26
-13.47	-103.08
-13.74	-104.9
-14.12	-106.73
-14.36	-108.54
-14.76	-110.36
-15.1	-112.17
-15.5	-113.99
-15.94	-115.82
-16.23	-117.63
-16.55	-119.43
-17.06	-121.23
-17.37	-123.04
-17.71	-124.83
-18.26	-126.64
-18.51	-128.43
-18.96	-130.21
-19.33	-131.99
-19.78	-133.78
-20.27	-135.57
-20.7	-137.35
-21.12	-139.11
-21.63	-140.89
-22.03	-142.66
-22.57	-144.42
-23.1	-146.19
-23.55	-147.94
-23.88	-149.7
-24.4	-151.45
-25.07	-153.21
-25.62	-154.94
-26.09	-156.69
-26.61	-158.42
-27.1	-160.14
-27.68	-161.88
-28.37	-163.59
-28.99	-165.31
-29.48	-167.04
-30.22	-168.73
-30.69	-170.43
-31.33	-172.13
-31.89	-173.07
-31.89	-169.93
-31.76	-164.04
-31.36	-162.21
-30.95	-160.41
-30.73	-158.59
-30.24	-156.77
-30	-154.95
-29.48	-153.14
-29.3	-151.33
-28.88	-149.52
-28.52	-147.7
-28.03	-145.89
-27.79	-144.07
-27.39	-142.25
-27.1	-140.43
-26.52	-138.61
-26.32	-136.78
-26	-134.97
-25.62	-133.14
-25.16	-131.31
-24.78	-129.5
-24.53	-127.66
-24.29	-125.85
-23.88	-123.99
-23.55	-122.2
-23.1	-120.39
-22.72	-118.57
-22.37	-116.74
-22.08	-114.93
-21.83	-113.1
-21.48	-111.28
-20.99	-109.45
-20.74	-107.62
-20.43	-105.79
-19.96	-103.98
-19.76	-102.15
-19.45	-100.32
-19.13	-98.49
-18.67	-96.66
-18.46	-94.83
-18.17	-93.01
-17.73	-91.16
-17.51	-89.34
-17.19	-87.5
-16.81	-85.65
-16.52	-83.82
-16.3	-81.99
-15.97	-80.15
-15.54	-78.3
-15.23	-76.47
-14.99	-74.62
-14.78	-72.75
-14.47	-70.95
-14.21	-69.08
-13.83	-67.26
-13.56	-65.41
-13.18	-63.57
-12.87	-61.71
-12.69	-59.87
-12.38	-58.03
-12.06	-56.18
-11.8	-54.33
-11.42	-52.48
-11.17	-50.63
-10.88	-48.79
-10.48	-46.93
-10.28	-45.04
-9.9	-43.21
-9.63	-41.37
-9.3	-39.48
-9.01	-37.66
-8.72	-35.82
-8.54	-33.96
-8.14	-32.12
-7.94	-30.25
-7.56	-28.4
-7.29	-26.55
-6.96	-24.69
-6.76	-22.85
-6.4	-20.99
-6.24	-19.15
-5.86	-17.28
-5.51	-15.43
-5.22	-13.58
-4.93	-11.73
-4.61	-9.88
-4.35	-8.01
-4.06	-6.15
-3.81	-4.33
-3.43	-2.54
-3.14	-0.75
-3.03	1.14
-2.63	2.99
-2.41	4.82
-2.09	6.68
-1.74	8.54
-1.49	10.39
-1.18	12.25
-0.87	14.09
-0.47	15.91
0.11	17.66
0.36	19.53
0.6	21.41
0.78	23.28
1.07	25.14
1.43	27.01
1.7	28.88
1.88	30.74
2.14	32.6
2.52	34.46
2.77	36.32
3.06	38.17
3.44	40.03
3.68	41.88
3.9	43.73
4.28	45.59
4.55	47.44
4.86	49.29
5.2	51.16
5.38	53
5.78	54.84
6.07	56.68
6.4	58.53
6.69	60.38
7.03	62.21
7.21	64.05
7.56	65.9
7.85	67.74
8.25	69.59
8.61	71.43
8.88	73.26
9.17	75.1
9.48	76.95
9.79	78.79
10.13	80.64
10.51	82.48
10.77	84.3
11.11	86.14
11.44	87.97
11.82	89.8
12.13	91.65
12.47	93.46
12.76	95.28
13.25	97.11
13.65	98.92
13.87	100.75
14.23	102.58
14.72	104.4
15.03	106.21
15.37	108.03
15.68	109.83
16.04	111.65
16.51	113.46
16.84	115.27
17.24	117.06
17.69	118.87
18.04	120.67
18.45	122.47
18.71	124.27
19.12	126.07
19.56	127.88
19.98	129.65
20.5	131.42
20.92	133.23
21.26	134.99
21.84	136.77
22.19	138.56
22.73	140.35
23.15	142.09
23.78	143.85
24.2	145.61
24.71	147.37
25.11	149.13
25.69	150.86
26.34	152.6
26.76	154.36
27.39	156.08
27.9	157.81
28.42	159.54
29.06	161.26
29.6	162.98
30.24	164.69
30.98	166.38
31.52	168.07
32.32	169.76
32.9	171.43
33.61	173.12
34.46	174.75
35.13	176.37
36	177.98
36.87	179.59
37.83	181.15
38.99	182.66
40.24	184.09
41.66	185.43
43.22	186.69
43.85	186.95
45.39	187.73
48.11	188.47
49.27	185.96
49.27	183.96
49.38	181.94
49.45	179.96
49.29	178.05
49	176.22
48.71	174.4
48.29	172.57
47.93	170.76
47.53	168.93
47.17	167.15
46.68	165.39
46.26	163.61
45.86	161.85
45.28	160.08
44.81	158.3
44.34	156.53
43.92	154.76
43.4	153
42.89	151.24
42.4	149.47
42.06	147.71
41.46	145.93
41.04	144.17
40.59	142.4
40.01	140.63
39.59	138.87
39.1	137.09
38.56	135.31
38.12	133.57
37.56	131.78
37.02	130.03
36.58	128.26
36.11	126.48
35.62	124.67
35.15	122.91
34.7	121.15
34.28	119.37
33.83	117.6
33.32	115.81
32.83	114.04
32.41	112.26
31.92	110.48
31.49	108.7
31.07	106.92
30.6	105.14
30.07	103.36
29.64	101.57
29.26	99.78
28.86	97.98
28.44	96.21
27.99	94.4
27.48	92.61
27.14	90.82
26.72	89.04
26.23	87.25
25.78	85.46
25.4	83.65
24.98	81.85
24.62	80.05
24.18	78.26
23.8	76.46
23.42	74.66
22.95	72.86
22.59	71.06
22.15	69.25
21.75	67.44
21.39	65.62
20.99	63.81
20.61	62.01
20.21	60.2
19.85	58.39
19.47	56.57
19.23	54.75
18.87	52.95
18.51	51.12
18.13	49.29
17.78	47.5
17.44	45.66
17.06	43.86
16.71	42.02
16.35	40.23
16.01	38.41
15.57	36.59
15.28	34.77
14.94	32.95
14.5	31.14
14.28	29.31
13.81	27.49
13.43	25.67
13.16	23.85
12.76	22.02
12.38	20.21
12.07	18.36
11.78	16.55
11.47	14.71
11	12.89
10.68	11.06
10.42	9.24
10.06	7.43
9.7	5.58
9.39	3.79
8.95	2.05
8.57	0.21
8.32	-1.6
8.03	-3.43
7.58	-5.26
7.32	-7.09
7	-8.91
6.56	-10.75
6.31	-12.57
5.96	-14.4
5.53	-16.23
5.24	-18.07
4.89	-19.89
4.44	-21.72
4.24	-23.55
3.77	-25.38
3.41	-27.22
3.1	-29.06
2.77	-30.89
2.5	-32.71
2.05	-34.54
1.83	-36.38
1.38	-38.21
1.09	-40.04
0.69	-41.84
0.38	-43.68
0.07	-45.51
-0.4	-47.35
-0.76	-49.17
-1.11	-51.01
-1.49	-52.84
-1.76	-54.67
-2.21	-56.5
-2.45	-58.33
-2.88	-60.14
-3.21	-61.98
-3.54	-63.8
-3.9	-65.63
-4.35	-67.45
-4.7	-69.28
-5.06	-71.1
-5.35	-72.92
-5.84	-74.74
-6.2	-76.55
-6.47	-78.38
-6.91	-80.2
-7.31	-82.01
-7.58	-83.83
-7.96	-85.64
-8.32	-87.46
-8.81	-89.27
-9.23	-91.09
-9.61	-92.9
-10.01	-94.7
-10.28	-96.51
-10.79	-98.32
-11.13	-100.11
-11.55	-101.92
-11.97	-103.73
-12.26	-105.52
-12.8	-107.32
-13.09	-109.11
-13.49	-110.92
-13.94	-112.72
-14.43	-114.5
-14.7	-116.31
-15.23	-118.09
-15.57	-119.87
-16.03	-121.66
-16.46	-123.44
-16.84	-125.24
-17.44	-127
-17.75	-128.77
-18.29	-130.55
-18.75	-132.32
-19.25	-134.07
-19.69	-135.84
-20.07	-137.62
-20.7	-139.35
-21.16	-141.1
-21.54	-142.87
-22.17	-144.6
-22.59	-146.34
-23.17	-148.09
-23.68	-149.83
-24.22	-151.56
-24.73	-153.29
-25.24	-155
-25.8	-156.74
-26.52	-158.45
-27.05	-160.15
-27.77	-161.85
-28.43	-163.56
-29.04	-165.25
-29.79	-166.94
-30.33	-168.64
-30.93	-170.29
-31.65	-171.97
-32.56	-173.62
-33.32	-175.28
-34.01	-176.9
-34.88	-178.51
-35.79	-180.1
-36.75	-181.68
-37.73	-183.21
-38.83	-184.7
-40.01	-186.14
-41.82	-187.35
-42.06	-187.44
-43.71	-188.42
-46.99	-188.96
-49.47	-185.92
-49.44	-183.92
-49.38	-181.92
-49.24	-180.03
-49	-178.23
-48.46	-176.44
-48.15	-174.64
-47.64	-172.85
-47.32	-171.06
-46.81	-169.28
-46.3	-167.5
-45.99	-165.73
-45.47	-163.93
-45.12	-162.16
-44.49	-160.38
-44.09	-158.61
-43.58	-156.83
-43.09	-155.06
-42.82	-153.28
-42.22	-151.5
-41.91	-149.71
-41.48	-147.95
-40.83	-146.17
-40.57	-144.39
-40.12	-142.6
-39.63	-140.82
-39.09	-139.03
-38.69	-137.28
-38.23	-135.52
-37.73	-133.75
-37.2	-131.98
-36.62	-130.21
-36.31	-128.45
-35.73	-126.68
-35.35	-124.91
-34.81	-123.13
-34.39	-121.37
-33.79	-119.58
-33.52	-117.82
-32.94	-116.04
-32.56	-114.26
-31.94	-112.47
-31.65	-110.71
-31.2	-108.93
-30.69	-107.16
-30.29	-105.38
-29.71	-103.6
-29.33	-101.81
-28.7	-100.02
-28.43	-98.25
-27.88	-96.48
-27.45	-94.68
-26.98	-92.9
-26.56	-91.13
-26.11	-89.34
-25.8	-87.55
-25.27	-85.77
-24.78	-83.98
-24.46	-82.2
-23.95	-80.4
-23.55	-78.61
-23.19	-76.82
-22.79	-75.02
-22.28	-73.24
-21.97	-71.45
-21.54	-69.65
-21.05	-67.87
-20.63	-66.06
-20.32	-64.28
-19.85	-62.48
-19.33	-60.7
-19.09	-58.89
-18.58	-57.09
-18.29	-55.31
-17.95	-53.5
-17.53	-51.7
-17.13	-49.89
-16.73	-48.11
-16.26	-46.31
-15.99	-44.5
-15.54	-42.68
-15.1	-40.88
-14.83	-39.08
-14.38	-37.27
-13.92	-35.47
-13.54	-33.67
-13.18	-31.86
-12.91	-30.05
-12.49	-28.24
-12.13	-26.43
-11.6	-24.62
-11.35	-22.81
-10.79	-21.01
-10.48	-19.19
-10.1	-17.38
-9.79	-15.57
-9.41	-13.76
-8.92	-11.95
-8.67	-10.15
-8.29	-8.32
-7.92	-6.5
-7.38	-4.77
-7.11	-3.01
-6.8	-1.18
-6.33	0.64
-6.04	2.44
-5.69	4.25
-5.28	6.06
-4.82	7.88
-4.41	9.7
-3.99	11.51
-3.66	13.32
-3.28	15.14
-2.88	16.96
-2.47	18.79
-2.05	20.59
-1.69	22.4
-1.31	24.22
-0.98	26.03
-0.89	25.83
-0.8	24.03
-0.82	23.97
-0.56	25.83
-0.24	27.69
0.18	29.52
0.58	31.36
0.83	33.22
1.32	35.02
1.52	36.85
1.9	38.68
2.34	40.49
2.66	42.3
3.12	44.12
3.39	45.93
3.82	47.75
4.17	49.57
4.62	51.37
5.04	53.19
5.4	55
5.87	56.79
6.27	58.6
6.63	60.4
7	62.2
7.52	64
7.9	65.8
8.32	67.59
8.77	69.41
9.06	71.19
9.61	72.98
10.02	74.78
10.37	76.59
10.86	78.38
11.24	80.18
11.69	81.96
12.2	83.74
12.51	85.53
13.07	87.31
13.38	89.1
13.87	90.87
14.34	92.65
14.79	94.42
15.35	96.2
15.81	97.99
16.33	99.73
16.73	101.5
17.17	103.26
17.55	105.03
18.13	106.78
18.51	108.59
19	110.31
19.61	112.06
19.96	113.82
20.54	115.56
21.01	117.3
21.66	119.05
22.1	120.79
22.75	122.51
23.2	124.24
23.91	125.96
24.33	127.69
25	129.41
25.63	131.12
26.27	132.81
26.83	134.55
27.46	136.23
28.04	137.93
28.75	139.63
29.35	141.31
30.13	142.99
30.91	144.67
31.49	146.33
32.23	147.97
33.05	149.64
33.79	151.27
34.59	152.92
35.37	154.54
36.24	156.17
37.02	157.81
37.89	159.4
38.72	161
39.59	162.59
40.48	164.17
41.44	165.74
42.42	167.29
43.45	168.83
44.52	170.32
45.59	171.81
46.88	173.28
48.18	174.66
49.49	175.99
49.67	176.06
49.78	166
49.47	164.16
49.2	162.33
48.84	160.53
48.51	158.72
47.95	156.91
47.68	155.12
47.17	153.35
46.66	151.58
46.15	149.81
45.66	148.05
45.3	146.28
44.83	144.53
44.34	142.76
43.74	141
43.25	139.23
42.76	137.48
42.29	135.71
41.95	133.95
41.42	132.18
40.77	130.41
40.37	128.66
39.88	126.88
39.3	125.13
38.92	123.34
38.45	121.57
37.92	119.81
37.36	118.04
36.91	116.27
36.47	114.48
35.89	112.73
35.51	110.95
34.93	109.2
34.55	107.42
34.1	105.64
33.5	103.87
33.03	102.09
32.56	100.33
32.12	98.55
31.72	96.78
31.14	95
30.8	93.23
30.22	91.44
29.89	89.65
29.4	87.87
28.93	86.09
28.48	84.3
28.17	82.51
27.68	80.72
27.12	78.95
26.7	77.16
26.3	75.37
25.9	73.57
25.49	71.81
25.03	70.01
24.53	68.23
24.09	66.42
23.71	64.63
23.31	62.84
22.82	61.05
22.37	59.25
22.01	57.46
21.57	55.67
21.28	53.87
20.85	52.08
20.43	50.28
20.01	48.48
19.56	46.67
19.18	44.88
18.76	43.07
18.49	41.28
18.04	39.49
17.67	37.7
17.24	35.9
16.8	34.07
16.48	32.28
16.1	30.49
15.59	28.69
15.17	26.87
14.88	25.09
14.39	23.29
14.03	21.49
13.74	19.7
13.27	17.89
12.78	16.08
12.4	14.29
12.05	12.45
11.69	10.67
11.18	8.87
10.82	7.07
10.51	5.25
10.06	3.53
9.64	1.77
9.26	-0.03
8.9	-1.85
8.45	-3.64
8.08	-5.44
7.79	-7.24
7.27	-9.06
6.89	-10.86
6.54	-12.66
6.2	-14.47
5.76	-16.27
5.29	-18.08
4.84	-19.87
4.42	-21.68
4.11	-23.49
3.73	-25.29
3.28	-27.1
2.92	-28.9
2.54	-30.7
2.12	-32.51
1.61	-34.32
1.3	-36.12
0.8	-37.92
0.36	-39.73
-0.09	-41.51
-0.51	-43.32
-0.94	-45.12
-1.36	-46.92
-1.72	-48.73
-2.09	-50.51
-2.65	-52.31
-3.05	-54.12
-3.5	-55.93
-3.86	-57.72
-4.28	-59.51
-4.79	-61.3
-5.17	-63.09
-5.66	-64.88
-6.11	-66.68
-6.42	-68.48
-6.89	-70.26
-7.43	-72.06
-7.78	-73.82
-8.21	-75.6
-8.76	-77.38
-9.23	-79.18
-9.7	-80.94
-10.1	-82.72
-10.57	-84.49
-11.11	-86.26
-11.57	-88.04
-12.04	-89.81
-12.53	-91.58
-13.05	-93.34
-13.38	-95.11
-13.89	-96.86
-14.43	-98.63
-14.96	-100.38
-15.45	-102.16
-15.83	-103.89
-16.46	-105.64
-16.9	-107.38
-17.46	-109.13
-17.89	-110.87
-18.42	-112.62
-19.02	-114.36
-19.45	-116.09
-20.09	-117.82
-20.54	-119.54
-21.1	-121.26
-21.74	-122.98
-22.37	-124.7
-22.86	-126.42
-23.42	-128.12
-24.13	-129.84
-24.71	-131.54
-25.38	-133.24
-25.98	-134.93
-26.54	-136.62
-27.39	-138.31
-27.9	-139.99
-28.7	-141.67
-29.26	-143.35
-30	-145.03
-30.73	-146.69
-31.42	-148.35
-32.16	-150.01
-32.92	-151.64
-33.76	-153.31
-34.5	-154.95
-35.1	-156.57
-35.95	-158.2
-36.89	-159.81
-37.76	-161.43
-38.63	-163.02
-39.45	-164.63
-40.43	-166.2
-41.37	-167.74
-42.4	-169.29
-43.4	-170.84
-44.38	-172.34
-45.5	-173.81
-46.79	-175.26
-47.99	-176.67
-49.35	-177.91
-49.42	-178.05
-49.73	-175.92
-49.78	-173.92
-49.51	-172.04
-49.18	-170.23
-48.62	-168.45
-48.35	-166.66
-47.84	-164.88
-47.48	-163.09
-47.12	-161.32
-46.45	-159.52
-46.19	-157.74
-45.58	-155.97
-45.05	-154.21
-44.63	-152.41
-44.2	-150.66
-43.87	-148.88
-43.22	-147.1
-42.93	-145.32
-42.35	-143.54
-41.97	-141.76
-41.48	-139.99
-41.08	-138.21
-40.48	-136.42
-39.99	-134.67
-39.65	-132.91
-39.18	-131.13
-38.65	-129.39
-38.2	-127.62
-37.69	-125.85
-37.09	-124.08
-36.64	-122.32
-36.13	-120.54
-35.75	-118.8
-35.3	-117.03
-34.75	-115.26
-34.26	-113.49
-33.85	-111.73
-33.36	-109.95
-32.78	-108.18
-32.43	-106.41
-31.96	-104.64
-31.42	-102.87
-31	-101.08
-30.55	-99.31
-29.97	-97.54
-29.57	-95.76
-29.17	-93.98
-28.59	-92.2
-28.14	-90.43
-27.77	-88.65
-27.3	-86.87
-26.83	-85.1
-26.36	-83.32
-25.87	-81.54
-25.49	-79.75
-25.04	-77.98
-24.62	-75.93
-24.15	-74.4
-23.59	-72.63
-23.24	-70.85
-22.81	-69.07
-22.39	-67.28
-21.97	-65.49
-21.45	-63.71
-21.1	-61.94
-20.67	-60.16
-20.25	-58.37
-19.69	-56.58
-19.38	-54.79
-18.82	-53.01
-18.55	-51.24
-18.13	-49.45
-17.6	-47.66
-17.28	-45.88
-16.88	-44.09
-16.48	-42.29
-16.03	-40.5
-15.57	-38.71
-15.21	-36.91
-14.74	-35.12
-14.29	-33.33
-13.83	-31.54
-13.54	-29.75
-13.02	-27.96
-12.71	-26.17
-12.26	-24.36
-11.75	-22.57
-11.37	-20.78
-11.02	-18.99
-10.59	-17.17
-10.24	-15.37
-9.77	-13.57
-9.23	-11.8
-8.94	-10
-8.45	-8.21
-8	-6.4
-7.67	-4.69
-7.31	-2.93
-6.89	-1.13
-6.51	0.67
-6	2.48
-5.62	4.27
-5.26	6.07
-4.75	7.87
-4.44	9.67
-4.01	11.46
-3.5	13.26
-3.17	15.07
-2.74	16.87
-2.21	18.67
-1.83	20.47
-1.34	22.28
-1	24.06
-1.09	22.13
-1.2	20.25
-1.47	18.38
-1.85	16.52
-2.12	14.65
-2.32	12.8
-2.65	10.94
-2.92	9.1
-3.25	7.24
-3.52	5.39
-3.95	3.55
-4.28	1.7
-4.5	-0.15
-4.79	-1.98
-4.21	-6.75
-3.95	-4.9
-3.79	-4.62
-3.72	-3.12
-3.41	-1.29
-3.1	0.56
-2.81	2.4
-2.45	4.27
-2.23	6.11
-1.92	7.93
-1.45	9.8
-1.25	11.64
-0.82	13.48
-0.49	15.31
-0.15	17.15
0.05	18.98
0.4	20.82
0.87	22.67
1.23	24.49
1.56	26.3
1.88	28.14
2.32	29.96
2.68	31.79
2.99	33.62
3.3	35.42
3.64	37.25
4.04	39.07
4.42	40.89
4.91	42.7
5.22	44.53
5.64	46.37
5.93	48.15
6.42	49.96
6.67	51.77
7.18	53.6
7.56	55.39
7.83	57.21
8.23	59.01
8.59	60.82
9.17	62.64
9.44	64.43
9.86	66.26
10.33	68.02
10.64	69.84
11.18	71.64
11.44	73.45
11.91	75.23
12.38	77.02
12.87	78.81
13.29	80.59
13.7	82.37
14.19	84.16
14.54	85.93
15.1	87.7
15.44	89.46
15.95	91.23
16.42	92.99
16.93	94.75
17.46	96.52
17.91	98.28
18.42	100.03
18.94	101.79
19.32	103.54
19.78	105.28
20.43	107.03
20.94	108.77
21.37	110.51
21.99	112.24
22.55	113.97
23.17	115.68
23.71	117.4
24.22	119.13
24.8	120.83
25.45	122.53
26.21	124.22
26.79	125.93
27.37	127.63
28.1	129.33
28.68	131.02
29.4	132.73
30.13	134.38
30.73	136.05
31.45	137.7
32.23	139.36
32.99	140.99
33.81	142.64
34.53	144.28
35.44	145.91
36.11	147.51
37.05	149.15
37.85	150.75
38.7	152.37
39.52	153.96
40.41	155.56
41.35	157.14
42.27	158.72
43.25	160.27
44.14	161.82
45.16	163.34
46.19	164.86
47.19	166.37
48.29	167.86
49.45	169.34
50.61	170.74
51.86	172.12
53.24	173.46
54.51	174.78
56.32	175.98
56.54	176.13
58.06	177.03
60.17	178
61.89	175.25
61.91	169.36
61.65	167.54
61.11	165.73
60.84	163.92
60.33	162.11
59.86	160.35
59.39	158.61
58.86	156.86
58.41	155.11
57.88	153.36
57.54	151.62
57.03	149.88
56.58	148.13
55.96	146.38
55.51	144.63
55.02	142.91
54.64	141.16
54.09	139.41
53.62	137.67
53.24	135.93
52.79	134.15
52.26	132.43
51.68	130.69
51.16	128.95
50.81	127.21
50.18	125.46
49.74	123.72
49.2	121.98
48.73	120.25
48.11	118.49
47.6	116.73
47.08	114.99
46.55	113.25
46.03	111.47
45.5	109.74
44.96	107.99
44.47	106.25
44	104.51
43.4	102.76
42.87	101.02
42.4	99.28
41.95	97.53
41.4	95.78
40.79	94.04
40.21	92.29
39.79	90.54
39.14	88.79
38.59	87.06
38.16	85.31
37.51	83.55
37.09	81.83
36.53	80.08
35.98	78.33
35.35	76.59
34.84	74.86
34.33	73.1
33.83	71.35
33.32	69.62
32.79	67.87
32.16	66.1
31.67	64.38
31.09	62.63
30.56	60.88
30.02	59.12
29.53	57.36
29	55.6
28.53	53.85
27.99	52.08
27.59	50.33
26.97	48.58
26.47	46.83
26.05	45.08
25.4	43.33
24.91	41.58
24.53	39.82
23.89	38.07
23.4	36.32
22.91	34.55
22.46	32.8
22.04	31.04
21.52	29.28
21.06	27.51
20.5	25.75
20.12	23.99
19.58	22.22
19.09	20.46
18.76	18.69
18.16	16.92
17.64	15.17
17.29	13.41
16.8	11.64
16.28	9.89
15.88	8.13
15.35	6.4
15.06	4.69
14.61	2.92
14.05	1.16
13.56	-0.61
13.05	-2.4
12.74	-4.17
12.25	-5.94
11.71	-7.72
11.35	-9.49
10.86	-11.25
10.44	-13.02
9.86	-14.8
9.46	-16.56
8.92	-18.33
8.54	-20.1
7.96	-21.89
7.61	-23.64
7.09	-25.42
6.58	-27.18
6.16	-28.96
5.58	-30.72
5.15	-32.5
4.64	-34.27
4.15	-36.06
3.79	-37.82
3.28	-39.61
2.83	-41.36
2.23	-43.14
1.74	-44.91
1.34	-46.7
0.87	-48.46
0.29	-50.23
-0.15	-51.99
-0.62	-53.77
-1.09	-55.53
-1.72	-57.3
-2.09	-59.06
-2.61	-60.84
-2.85	-61.57
-3.34	-62.5
-3.7	-64.32
-4.3	-66.12
-4.79	-67.88
-5.26	-69.64
-5.64	-71.42
-6.13	-73.17
-6.73	-74.94
-7.22	-76.69
-7.67	-78.45
-8.27	-80.2
-8.67	-81.95
-9.28	-83.7
-9.9	-85.44
-10.28	-87.18
-10.88	-88.93
-11.37	-90.66
-12.02	-92.39
-12.47	-94.16
-13	-95.87
-13.67	-97.6
-14.23	-99.33
-14.76	-101.08
-15.16	-102.8
-15.77	-104.49
-16.37	-106.23
-16.9	-107.94
-17.46	-109.66
-18.15	-111.36
-18.75	-113.09
-19.36	-114.78
-19.8	-116.49
-20.54	-118.17
-21.05	-119.88
-21.83	-121.57
-22.46	-123.25
-23.13	-124.94
-23.68	-126.63
-24.46	-128.31
-25.04	-129.98
-25.8	-131.64
-26.49	-133.31
-27.21	-134.98
-27.9	-136.64
-28.66	-138.3
-29.33	-139.96
-30.06	-141.6
-30.89	-143.25
-31.74	-144.88
-32.45	-146.52
-33.27	-148.16
-33.85	-149.77
-34.86	-151.38
-35.59	-153
-36.55	-154.6
-37.24	-156.19
-38.36	-157.77
-39.25	-159.35
-40.14	-160.93
-41.1	-162.48
-42.04	-164.04
-42.95	-165.58
-43.96	-167.1
-45.12	-168.62
-46.3	-170.11
-47.37	-171.57
-48.51	-173
-49.84	-174.42
-51	-175.79
-52.43	-177.12
-53.84	-178.21
-54.04	-178.36
-56.25	-179.29
-57.99	-180.32
-60.77	-181.05
-64.56	-181.44
-68.45	-181.72
-70.74	-178.59
-70.81	-168.77
-70.36	-166.97
-69.92	-165.19
-69.4	-163.41
-68.89	-161.63
-68.62	-159.87
-67.98	-158.11
-67.69	-156.35
-67.11	-154.58
-66.48	-152.82
-65.95	-151.05
-65.61	-149.3
-64.94	-147.53
-64.59	-145.77
-63.94	-144
-63.61	-142.25
-63.09	-140.48
-62.56	-138.76
-62	-137.01
-61.49	-135.27
-60.82	-133.54
-60.39	-131.8
-59.79	-130.06
-59.17	-128.33
-58.86	-126.57
-58.3	-124.83
-57.78	-123.09
-57.25	-121.38
-56.78	-119.64
-56.25	-117.89
-55.8	-116.16
-55.2	-114.43
-54.8	-112.69
-54.17	-110.96
-53.79	-109.23
-53.3	-107.49
-52.79	-105.76
-52.12	-104.03
-51.7	-102.28
-51.14	-100.56
-50.58	-98.83
-50.11	-97.1
-49.53	-95.35
-49.11	-93.61
-48.55	-91.89
-48.04	-90.15
-47.48	-88.43
-46.81	-86.68
-46.3	-84.97
-45.79	-83.24
-45.12	-81.51
-44.6	-79.79
-44	-78.06
-43.51	-76.33
-42.93	-74.61
-42.37	-72.87
-41.7	-71.16
-41.06	-69.43
-40.61	-67.71
-39.94	-65.99
-39.52	-64.26
-38.92	-62.53
-38.27	-60.81
-37.62	-59.08
-37.07	-57.36
-36.49	-55.63
-35.99	-53.91
-35.37	-52.18
-34.68	-50.47
-34.17	-48.74
-33.63	-47.01
-32.94	-45.28
-32.43	-43.57
-31.8	-41.85
-31.18	-40.12
-30.66	-38.39
-30.2	-36.65
-29.5	-34.94
-28.92	-33.2
-28.35	-31.47
-27.88	-29.76
-27.16	-28.04
-26.61	-26.32
-26.16	-24.59
-25.53	-22.87
-24.87	-21.15
-24.35	-19.41
-23.91	-17.68
-23.3	-15.96
-22.59	-14.25
-22.19	-12.61
-21.54	-10.89
-21.01	-9.16
-20.47	-7.44
-20	-5.72
-19.47	-4
-18.78	-2.28
-18.26	-0.56
-17.71	1.17
-17.19	2.9
-16.73	4.6
-16.19	6.34
-15.59	8.07
-15.03	9.81
-14.52	11.51
-13.92	13.24
-13.25	14.96
-12.78	16.69
-12.11	18.45
-11.51	20.18
-11.11	21.87
-10.41	23.61
-9.88	25.34
-9.34	27.08
-8.65	28.79
-8.18	30.51
-7.6	32.24
-7	33.96
-6.42	35.67
-5.69	37.41
-5.64	35.32
-5.31	35.19
-4.97	37.03
-4.48	38.84
-3.97	40.61
-3.5	42.38
-3.03	44.15
-2.54	45.89
-1.87	47.63
-1.34	49.36
-0.8	51.11
-0.15	52.83
0.4	54.56
0.89	56.29
1.61	58.03
2.12	59.75
2.83	61.46
3.37	63.19
3.95	64.89
4.66	66.59
5.31	68.33
5.84	70.02
6.54	71.73
7.16	73.43
7.83	75.13
8.39	76.82
9.15	78.51
9.68	80.21
10.33	81.91
11.04	83.6
11.71	85.29
12.36	86.98
12.96	88.66
13.72	90.32
14.39	92.01
15.12	93.67
15.68	95.36
16.35	97
17.15	98.67
17.71	100.34
18.47	101.99
19.2	103.67
19.87	105.34
20.56	106.99
21.19	108.63
21.95	110.29
22.64	111.93
23.42	113.57
24.22	115.22
25.11	116.82
25.92	118.44
26.65	120.07
27.48	121.69
28.39	123.3
29.02	124.92
29.89	126.54
30.82	128.15
31.67	129.75
32.5	131.33
33.39	132.91
34.44	134.49
35.31	136.07
36.22	137.63
37.25	139.2
38.07	140.76
39.01	142.32
40.08	143.89
41.13	145.43
42.11	146.95
43	148.48
44.12	149.99
45.14	151.5
46.17	153.01
47.33	154.51
48.33	156.01
49.49	157.46
50.58	158.9
51.88	160.34
52.93	161.76
54	163.18
55.33	164.55
56.7	165.88
58.1	167.18
59.68	168.4
61.36	169.64
61.62	169.83
62.29	157.38
61.74	155.58
61.42	153.77
60.91	151.96
60.6	150.17
60.15	148.42
59.53	146.67
58.97	144.94
58.5	143.19
58.01	141.45
57.63	139.71
57.03	137.97
56.61	136.22
56.05	134.47
55.54	132.73
55.13	131
54.6	129.26
54.15	127.52
53.82	125.77
53.24	124.02
52.7	122.29
52.23	120.55
51.7	118.81
51.23	117.07
50.81	115.33
50.18	113.59
49.76	111.85
49.29	110.09
48.64	108.35
48.26	106.6
47.6	104.86
47.17	103.12
46.64	101.37
46.1	99.63
45.61	97.89
45.01	96.15
44.45	94.41
43.87	92.68
43.29	90.93
42.85	89.19
42.27	87.45
41.71	85.71
41.19	83.98
40.66	82.22
40.1	80.49
39.63	78.76
39.01	77.01
38.34	75.28
37.78	73.55
37.31	71.8
36.71	70.08
36.11	68.35
35.62	66.6
35.02	64.85
34.46	63.16
33.88	61.43
33.34	59.69
32.85	57.95
32.12	56.23
31.58	54.5
31.09	52.76
30.44	51.02
29.89	49.29
29.35	47.56
28.88	45.82
28.24	44.09
27.79	42.35
27.1	40.62
26.52	38.9
25.96	37.18
25.4	35.45
24.82	33.72
24.24	31.99
23.66	30.26
23.08	28.52
22.53	26.81
22.1	25.09
21.43	23.36
20.94	21.63
20.39	19.91
19.9	18.17
19.27	16.45
18.67	14.73
18.22	13
17.53	11.29
17.06	9.55
16.48	7.86
15.86	6.2
15.46	4.5
14.9	2.78
14.34	1.05
13.81	-0.67
13.23	-2.39
12.62	-4.12
12.09	-5.84
11.53	-7.57
10.97	-9.27
10.35	-11
9.66	-12.72
9.06	-14.43
8.45	-16.16
7.87	-17.86
7.25	-19.57
6.67	-21.3
6.07	-23
5.49	-24.72
4.98	-26.43
4.37	-28.15
3.77	-29.86
3.12	-31.57
2.48	-33.29
1.92	-35
1.18	-36.71
0.58	-38.43
0	-40.14
-0.62	-41.85
-1.34	-43.55
-1.94	-45.27
-2.56	-46.97
-3.39	-48.62
-3.92	-50.35
-4.48	-52.07
-5.22	-53.79
-5.73	-55.48
-6.49	-57.2
-7.14	-58.89
-7.76	-60.6
-8.32	-62.28
-9.08	-63.97
-9.77	-65.66
-10.32	-67.34
-11.08	-69.02
-11.66	-70.72
-12.47	-72.39
-13.13	-74.07
-13.65	-75.74
-14.34	-77.41
-15.12	-79.09
-15.65	-80.74
-16.41	-82.43
-17.19	-84.09
-17.71	-85.74
-18.49	-87.39
-19.16	-89.05
-19.8	-90.72
-20.63	-92.36
-21.3	-94
-22.08	-95.67
-22.86	-97.29
-23.64	-98.93
-24.35	-100.58
-25.18	-102.22
-25.89	-103.85
-26.56	-105.5
-27.39	-107.13
-28.14	-108.74
-28.9	-110.39
-29.68	-112.01
-30.66	-113.63
-31.33	-115.24
-32.27	-116.86
-33.12	-118.46
-33.97	-120.08
-34.81	-121.67
-35.75	-123.28
-36.6	-124.88
-37.31	-126.45
-38.2	-128.04
-39.32	-129.62
-40.21	-131.2
-41.15	-132.78
-42.04	-134.35
-43.04	-135.9
-43.78	-137.46
-44.92	-139.01
-45.76	-140.56
-46.86	-142.1
-47.9	-143.62
-48.84	-145.16
-49.91	-146.69
-50.83	-148.19
-51.94	-149.69
-52.9	-151.18
-54.02	-152.65
-55.04	-154.14
-56.11	-155.58
-57.2	-157.02
-58.34	-158.44
-59.43	-159.86
-60.86	-161.24
-62.2	-162.62
-63.61	-163.95
-65.3	-165.26
-66.93	-166.54
-68.74	-167.76
-70.47	-168.93
-71.03	-169.29
-71.19	-166.61
-70.63	-164.83
-70.27	-163.04
-69.87	-161.25
-69.38	-159.45
-68.89	-157.69
-68.62	-155.9
-68.16	-154.14
-67.6	-152.4
-67.24	-150.61
-66.64	-148.84
-66.06	-147.08
-65.72	-145.31
-65.17	-143.55
-64.72	-141.78
-63.98	-140.02
-63.61	-138.26
-63.03	-136.54
-62.38	-134.78
-61.96	-133.05
-61.49	-131.32
-60.97	-129.58
-60.24	-127.84
-59.77	-126.1
-59.23	-124.35
-58.72	-122.61
-58.28	-120.86
-57.63	-119.14
-57.34	-117.41
-56.8	-115.66
-56.2	-113.91
-55.73	-112.2
-55.38	-110.47
-54.8	-108.72
-54.19	-106.98
-53.79	-105.25
-53.39	-103.52
-52.68	-101.77
-52.39	-100.04
-51.85	-98.31
-51.34	-96.57
-50.8	-94.84
-50.22	-93.09
-49.6	-91.35
-49.2	-89.62
-48.55	-87.89
-48.02	-86.16
-47.61	-84.41
-47.03	-82.7
-46.28	-80.97
-45.76	-79.22
-45.38	-77.51
-44.78	-75.76
-44.11	-74.05
-43.64	-72.34
-43.06	-70.6
-42.48	-68.88
-41.91	-67.15
-41.26	-65.44
-40.59	-63.69
-40.14	-61.98
-39.38	-60.27
-39.01	-58.53
-38.38	-56.82
-37.67	-55.08
-37.15	-53.38
-36.53	-51.65
-35.91	-49.93
-35.35	-48.21
-34.86	-46.48
-34.28	-44.78
-33.68	-43.06
-33.1	-41.33
-32.47	-39.62
-31.74	-37.89
-31.18	-36.18
-30.66	-34.46
-30.11	-32.74
-29.28	-31.02
-28.84	-29.3
-28.12	-27.59
-27.54	-25.89
-26.94	-24.17
-26.45	-22.45
-25.82	-20.74
-25.13	-19.03
-24.67	-17.31
-24.13	-15.61
-23.39	-13.96
-22.81	-12.29
-22.3	-10.55
-21.7	-8.86
-21.05	-7.16
-20.65	-5.45
-20.03	-3.75
-19.29	-2.03
-18.67	-0.34
-18.04	1.36
-17.6	3.06
-16.86	4.76
-16.35	6.45
-15.77	8.16
-15.05	9.87
-14.56	11.58
-13.87	13.26
-13.34	14.97
-12.71	16.67
-12	18.37
-11.44	20.08
-10.7	21.79
-10.15	23.48
-9.45	25.18
-8.83	26.9
-8.25	28.57
-7.51	30.27
-6.82	31.97
-6.18	33.68
-5.51	35.35
-5.48	35.42
-5.51	27.44
-5.84	25.57
-6.06	23.73
-6.47	21.91
-6.78	20.08
-7.22	18.25
-7.49	16.44
-7.89	14.61
-8.18	12.77
-8.58	10.97
-9.1	9.15
-9.43	7.34
-9.77	5.53
-10.21	3.73
-10.66	1.91
-10.99	0.11
-11.44	-1.7
-11.68	-3.5
-12.22	-5.3
-12.51	-7.09
-12.93	-8.82
-13.29	-10.6
-13.78	-12.37
-14.16	-14.17
-14.45	-15.97
-14.99	-17.76
-15.36	-19.55
-15.79	-21.33
-16.23	-23.12
-16.15	-21.17
-15.81	-19.33
-15.45	-17.5
-15.1	-15.68
-14.74	-13.87
-14.34	-12.04
-14.16	-10.24
-13.74	-8.49
-13.49	-6.7
-13.13	-4.9
-12.78	-3.07
-12.33	-1.25
-11.95	0.55
-11.57	2.39
-11.22	4.19
-10.88	6
-10.5	7.82
-10.01	9.62
-9.63	11.43
-9.32	13.24
-9.01	15.06
-8.47	16.87
-8.16	18.69
-7.72	20.48
-7.31	22.29
-7.02	24.1
-6.56	25.91
-6.09	27.72
-5.73	29.54
-5.33	31.32
-4.88	33.11
-4.57	34.92
-4.1	36.69
-3.57	38.47
-3.19	40.25
-2.56	42.01
-2.03	43.77
-1.45	45.51
-0.91	47.25
-0.33	48.98
0.11	50.7
0.83	52.45
1.41	54.16
2.01	55.88
2.63	57.6
3.17	59.34
3.9	61.02
4.48	62.74
5.15	64.44
5.82	66.13
6.42	67.85
7.12	69.53
7.72	71.23
8.34	72.93
8.97	74.62
9.79	76.31
10.39	78.01
10.97	79.67
11.67	81.35
12.31	83.03
13.03	84.69
13.81	86.36
14.57	88.02
15.15	89.68
15.97	91.37
16.66	92.99
17.24	94.65
18.09	96.29
18.8	97.96
19.47	99.61
20.27	101.24
20.9	102.88
21.72	104.52
22.51	106.16
23.22	107.79
24.11	109.41
24.85	111.02
25.58	112.63
26.59	114.25
27.32	115.85
28.1	117.47
29.02	119.08
29.91	120.69
30.69	122.27
31.63	123.87
32.52	125.45
33.43	127.02
34.35	128.59
35.4	130.16
36.27	131.72
37.25	133.28
38.21	134.84
39.32	136.39
40.26	137.93
41.24	139.47
42.33	141
43.22	142.52
44.32	144.04
45.32	145.54
46.53	147.06
47.57	148.54
48.55	150.03
49.63	151.51
50.9	152.95
51.92	154.39
53.19	155.82
54.17	157.25
55.36	158.64
56.72	160.01
57.94	161.34
59.55	162.62
61.02	163.89
62.52	165.19
64.48	166.39
66.46	167.46
68.67	168.5
71.12	169.39
73.71	170.15
76.75	170.74
80.74	170.94
86.58	170.29
97.91	163.2
97.98	149.32
97.62	147.52
97.2	145.74
96.8	143.94
96.19	142.21
95.64	140.48
95.14	138.75
94.65	137.04
94.03	135.31
93.45	133.58
92.83	131.85
92.29	130.14
91.69	128.42
91.2	126.7
90.53	124.98
90.06	123.26
89.28	121.55
88.7	119.84
88.12	118.12
87.58	116.41
86.94	114.69
86.31	112.98
85.64	111.26
85.09	109.55
84.51	107.83
83.97	106.11
83.26	104.42
82.72	102.7
82.05	100.99
81.58	99.27
80.96	97.57
80.34	95.86
79.78	94.15
79.24	92.44
78.69	90.73
77.93	89
77.37	87.31
76.92	85.61
76.32	83.89
75.59	82.19
75.09	80.49
74.45	78.8
73.8	77.09
73.24	75.38
72.6	73.7
71.95	72
71.33	70.3
70.7	68.59
70.21	66.92
69.34	65.23
68.74	63.54
68.05	61.88
67.33	60.2
66.58	58.53
65.91	56.85
65.19	55.17
64.61	53.5
63.85	51.81
63.3	50.13
62.56	48.46
61.69	46.79
60.98	45.13
60.26	43.48
59.53	41.81
58.93	40.15
58.23	38.49
57.48	36.84
56.96	35.17
56.2	33.52
55.49	31.86
54.82	30.2
54.29	28.57
53.44	26.96
52.84	25.34
52.17	23.72
51.41	22.07
50.74	20.44
50.14	18.8
49.45	17.15
48.58	15.51
47.89	13.87
47.06	12.25
46.35	10.63
45.59	9
44.76	7.38
44	5.76
43.11	4.14
42.42	2.48
41.51	0.88
40.77	-0.74
39.99	-2.35
39.05	-3.97
38.36	-5.59
37.36	-7.2
36.58	-8.8
35.78	-10.41
34.86	-12.03
33.97	-13.64
33.23	-15.25
32.3	-16.87
31.45	-18.46
30.67	-20.09
29.86	-21.69
28.95	-23.31
28.04	-24.9
27.28	-26.5
26.39	-28.1
25.56	-29.7
24.74	-31.31
23.84	-32.9
23.06	-34.51
22.24	-36.1
21.37	-37.71
20.45	-39.3
19.74	-40.91
18.89	-42.5
18.04	-44.09
17.22	-45.67
16.28	-47.27
15.48	-48.84
14.54	-50.43
13.76	-52.02
12.91	-53.61
12	-55.19
11.09	-56.77
10.19	-58.39
9.26	-59.93
8.41	-61.52
7.52	-63.09
6.47	-64.67
5.67	-66.26
4.77	-67.85
3.7	-69.43
2.92	-71.01
1.85	-72.59
1.05	-74.16
-0.02	-75.74
-0.85	-77.32
-1.83	-78.89
-2.38	-79.61
-3.03	-80.38
-3.72	-82.02
-4.75	-83.61
-5.64	-85.19
-6.58	-86.77
-7.36	-88.36
-8.29	-89.92
-9.32	-91.48
-10.3	-93.03
-11.28	-94.6
-12.11	-96.16
-13.18	-97.71
-14.05	-99.25
-15.07	-100.8
-16.01	-102.36
-16.97	-103.89
-17.82	-105.45
-18.73	-106.98
-19.74	-108.52
-20.74	-110.06
-21.77	-111.59
-22.77	-113.13
-23.71	-114.67
-24.58	-116.21
-25.74	-117.74
-26.63	-119.29
-27.7	-120.81
-28.66	-122.31
-29.88	-123.84
-30.8	-125.37
-31.74	-126.89
-32.85	-128.41
-34.01	-129.92
-35.08	-131.44
-35.95	-132.93
-37.15	-134.43
-38.34	-135.92
-39.45	-137.42
-40.43	-138.9
-41.68	-140.38
-42.69	-141.85
-44	-143.3
-45.09	-144.77
-46.43	-146.23
-47.57	-147.67
-48.73	-149.1
-50.07	-150.52
-51.27	-151.94
-52.34	-153.32
-53.57	-154.72
-54.93	-156.08
-56.33	-157.41
-57.58	-158.76
-58.94	-160.06
-60.59	-161.34
-62.31	-162.58
-64.1	-163.79
-65.84	-164.95
-67.55	-165.78
-67.82	-166.05
-70.12	-167.07
-72.33	-168.02
-74.87	-168.88
-77.32	-169.65
-80.24	-170.29
-83.7	-170.82
-87.58	-171.14
-92.06	-171.16
-97.88	-170.67
-104.31	-169.83
-107.3	-152.77
-106.63	-150.99
-106.11	-149.21
-105.89	-147.44
-105.11	-145.67
-104.95	-143.9
-104.29	-142.15
-103.84	-140.39
-103.35	-138.63
-102.9	-136.88
-102.06	-135.15
-101.79	-133.41
-100.98	-131.68
-100.52	-129.95
-99.98	-128.21
-99.25	-126.47
-98.84	-124.74
-98.24	-123.02
-97.55	-121.31
-96.93	-119.57
-96.46	-117.86
-95.61	-116.13
-95.23	-114.41
-94.47	-112.68
-93.96	-110.96
-93.2	-109.27
-92.6	-107.55
-92.18	-105.83
-91.33	-104.12
-90.86	-102.42
-90.1	-100.69
-89.57	-98.99
-88.83	-97.28
-88.43	-95.57
-87.78	-93.86
-87.11	-92.16
-86.55	-90.44
-85.89	-88.75
-85.02	-87.04
-84.64	-85.32
-83.95	-83.63
-83.34	-81.93
-82.43	-80.24
-82.03	-78.55
-81.2	-76.85
-80.71	-75.16
-79.93	-73.47
-79.42	-71.77
-78.59	-70.05
-78.15	-68.41
-77.25	-66.73
-76.56	-65.04
-76.14	-63.37
-75.45	-61.7
-74.82	-60.02
-74.2	-58.34
-73.51	-56.68
-72.79	-55.02
-72.17	-53.32
-71.41	-51.65
-70.79	-50.01
-70.12	-48.35
-69.36	-46.69
-68.69	-45.04
-67.95	-43.38
-67.17	-41.73
-66.37	-40.08
-65.66	-38.44
-64.88	-36.82
-64.21	-35.25
-63.43	-33.6
-62.51	-31.95
-61.93	-30.31
-61.09	-28.65
-60.37	-27.05
-59.59	-25.42
-58.68	-23.8
-58.1	-22.17
-57.18	-20.54
-56.49	-18.9
-55.82	-17.29
-55.06	-15.68
-54.33	-14.06
-53.57	-12.45
-52.61	-10.86
-51.92	-9.25
-51.21	-7.64
-50.34	-6.06
-49.33	-4.46
-48.53	-2.87
-47.64	-1.29
-46.9	0.3
-45.99	1.87
-44.98	3.46
-44.09	5.03
-43.27	6.64
-42.37	8.19
-41.44	9.75
-40.48	11.31
-39.54	12.88
-38.45	14.45
-37.53	16.01
-36.44	17.55
-35.62	19.1
-34.59	20.66
-33.52	22.2
-32.67	23.74
-31.6	25.29
-30.66	26.82
-29.46	28.36
-28.63	29.91
-27.59	31.44
-26.56	32.97
-25.53	34.49
-24.53	36.02
-23.42	37.53
-22.43	39.06
-21.45	40.55
-20.36	42.04
-19.27	43.53
-18.17	45
-16.97	46.45
-15.86	47.92
-14.81	49.39
-13.67	50.85
-12.4	52.31
-11.24	53.78
-10.06	55.23
-8.92	56.7
-7.76	58.14
-6.44	59.61
-5.89	60.17
-4.1	60.57
-3.37	62.22
-2.41	63.81
-1.4	65.35
-0.36	66.88
0.8	68.38
1.88	69.87
3.08	71.37
4.28	72.84
5.31	74.33
6.51	75.79
7.76	77.28
8.92	78.73
10.1	80.2
11.18	81.66
12.36	83.11
13.61	84.58
14.68	86.01
15.88	87.46
17.15	88.9
18.29	90.36
19.36	91.8
20.52	93.25
21.72	94.7
22.95	96.15
24.02	97.59
25.34	99.01
26.61	100.42
27.9	101.85
29.08	103.32
30.38	104.74
31.52	106.15
32.85	107.57
34.12	108.97
35.46	110.37
36.78	111.76
38.16	113.16
39.5	114.58
40.7	115.99
42.04	117.4
43.54	118.78
44.72	120.19
46.03	121.57
47.37	122.93
48.84	124.29
50.09	125.65
51.45	127.01
52.73	128.34
54.11	129.68
55.58	130.98
56.92	132.29
58.21	133.6
59.82	134.86
61.47	136.1
63.14	137.32
64.95	138.57
66.82	139.76
68.6	140.91
70.41	142.09
71.21	142.49
72.53	143.16
74.54	144.17
76.75	145.13
79.04	146.02
81.67	146.85
84.57	147.57
87.23	148.3
90.93	148.7
94.83	149
98.6	149.28
98.76	147.2
98.62	145.26
98.24	143.46
97.93	141.66
97.46	139.87
97.02	138.09
96.59	136.37
95.99	134.63
95.37	132.89
94.83	131.16
94.23	129.43
93.76	127.7
93.2	125.96
92.62	124.25
91.96	122.53
91.44	120.8
90.86	119.06
90.22	117.37
89.64	115.65
89.03	113.94
88.43	112.22
87.87	110.51
87.36	108.78
86.8	107.05
86.05	105.33
85.55	103.61
84.86	101.9
84.28	100.18
83.79	98.48
83.21	96.75
82.54	95.03
81.96	93.32
81.32	91.61
80.8	89.89
80.14	88.17
79.53	86.45
79.09	84.74
78.4	83
77.88	81.3
77.26	79.6
76.75	77.89
76.08	76.18
75.52	74.47
74.89	72.76
74.34	71.06
73.73	69.35
73.11	67.65
72.51	65.93
71.91	64.24
71.26	62.55
70.75	60.85
70.03	59.15
69.34	57.45
68.69	55.78
68.02	54.07
67.47	52.41
66.71	50.71
66.06	49.04
65.46	47.36
64.75	45.66
63.92	44
63.21	42.32
62.49	40.66
61.82	38.99
60.98	37.33
60.31	35.67
59.75	34.01
58.88	32.33
58.35	30.68
57.54	29.07
56.94	27.46
56.43	25.81
55.58	24.16
54.89	22.51
54.26	20.88
53.66	19.23
52.86	17.6
52.12	15.95
51.45	14.32
50.67	12.7
49.85	11.09
49.16	9.49
48.2	7.88
47.53	6.28
46.64	4.67
45.79	3.07
44.99	1.47
44.05	-0.12
43.31	-1.7
42.35	-3.29
41.35	-4.87
40.44	-6.45
39.54	-8
38.45	-9.57
37.58	-11.13
36.6	-12.69
35.6	-14.23
34.68	-15.77
33.68	-17.32
32.63	-18.86
31.58	-20.4
30.53	-21.95
29.55	-23.47
28.55	-25
27.55	-26.51
26.47	-28.03
25.32	-29.53
24.31	-31.04
23.2	-32.55
22.22	-34.04
21.08	-35.53
20.07	-37.03
18.98	-38.51
17.91	-39.98
16.73	-41.46
15.7	-42.93
14.52	-44.39
13.34	-45.85
12.27	-47.31
11.11	-48.77
9.95	-50.23
8.77	-51.68
7.45	-53.13
6.36	-54.57
5.13	-56.03
3.88	-57.47
2.68	-58.93
1.41	-60.37
0.07	-61.83
-1.14	-63.28
-2.27	-64.45
-2.5	-64.72
-3.81	-66.12
-4.99	-67.59
-6.02	-69.06
-7.34	-70.51
-8.61	-71.95
-9.83	-73.39
-11.08	-74.83
-12.29	-76.28
-13.45	-77.72
-14.52	-79.16
-15.81	-80.56
-17.15	-81.98
-18.29	-83.42
-19.4	-84.84
-20.56	-86.26
-21.92	-87.67
-23.08	-89.1
-24.42	-90.52
-25.51	-91.95
-26.78	-93.38
-28.14	-94.79
-29.26	-96.23
-30.53	-97.66
-31.87	-99.09
-33.18	-100.52
-34.26	-101.94
-35.59	-103.37
-36.84	-104.81
-38.05	-106.22
-39.5	-107.64
-40.77	-109.05
-41.97	-110.48
-43.33	-111.88
-44.56	-113.29
-45.99	-114.69
-47.21	-116.09
-48.46	-117.49
-49.76	-118.9
-51.07	-120.27
-52.23	-121.67
-53.64	-123.04
-54.82	-124.42
-56.13	-125.79
-57.27	-127.15
-58.52	-128.53
-59.97	-129.87
-61.38	-131.2
-62.91	-132.55
-64.45	-133.87
-65.81	-135.18
-67.55	-136.49
-69.09	-137.79
-70.65	-139.07
-72.26	-140.33
-73.84	-141.58
-75.38	-142.8
-77.17	-144.01
-78.91	-145.19
-80.73	-146.34
-82.5	-147.46
-84.37	-148.36
-84.79	-148.53
-86.98	-149.59
-89.23	-150.57
-91.71	-151.5
-94.36	-152.36
-97.1	-153.16
-100	-153.89
-103.44	-154.31
-107.05	-154.79
-107.65	-152.57
-107.12	-150.75
-107.03	-148.95
-106.56	-147.16
-105.85	-145.37
-105.36	-143.6
-104.87	-141.82
-104.71	-140.06
-104.17	-138.28
-103.62	-136.52
-103.19	-134.77
-102.35	-133.01
-102.03	-131.27
-101.52	-129.55
-100.94	-127.82
-100.2	-126.06
-99.8	-124.32
-99.18	-122.59
-98.62	-120.86
-98.02	-119.13
-97.37	-117.39
-96.93	-115.68
-96.32	-113.95
-95.77	-112.22
-95.03	-110.49
-94.43	-108.77
-93.69	-107.06
-93.27	-105.32
-92.71	-103.61
-91.91	-101.85
-91.26	-100.17
-90.68	-98.45
-90.1	-96.73
-89.68	-95.01
-88.96	-93.3
-88.47	-91.57
-87.8	-89.86
-87.18	-88.16
-86.6	-86.44
-86.04	-84.72
-85.37	-83.01
-84.73	-81.3
-84.15	-79.58
-83.52	-77.86
-82.74	-76.18
-82.03	-74.45
-81.56	-72.76
-80.98	-71.06
-80.35	-69.35
-79.57	-67.64
-79.06	-65.95
-78.5	-64.26
-77.86	-62.56
-77.23	-60.87
-76.63	-59.18
-75.85	-57.49
-75.14	-55.81
-74.67	-54.14
-74.04	-52.45
-73.17	-50.77
-72.77	-49.1
-71.95	-47.43
-71.43	-45.75
-70.79	-44.09
-70.03	-42.41
-69.2	-40.74
-68.6	-39.1
-68.04	-37.52
-67.22	-35.84
-66.55	-34.18
-65.9	-32.52
-64.99	-30.86
-64.43	-29.2
-63.65	-27.54
-62.87	-25.91
-62.02	-24.26
-61.29	-22.63
-60.37	-20.97
-59.72	-19.33
-59.01	-17.7
-58.23	-16.08
-57.52	-14.45
-56.83	-12.83
-55.98	-11.21
-55.13	-9.6
-54.46	-7.99
-53.81	-6.38
-52.97	-4.78
-52.12	-3.18
-51.36	-1.59
-50.56	0.02
-49.49	1.6
-48.66	3.18
-47.9	4.77
-46.88	6.34
-46.12	7.92
-45.21	9.48
-44.27	11.04
-43.15	12.6
-42.31	14.16
-41.39	15.71
-40.23	17.26
-39.38	18.81
-38.23	20.35
-37.22	21.89
-36.24	23.43
-35.26	24.95
-34.3	26.47
-33.16	28
-32	29.5
-31.07	31.05
-30	32.54
-28.79	34.05
-27.81	35.56
-26.74	37.06
-25.6	38.53
-24.42	40.03
-23.33	41.48
-22.23	42.96
-21.1	44.41
-19.87	45.85
-18.58	47.29
-17.55	48.71
-16.17	50.13
-14.96	51.54
-13.74	52.95
-12.53	54.36
-11.13	55.77
-9.9	57.17
-8.67	58.58
-7.18	59.96
-5.95	61.37
-4.7	61.81
-1.72	65.49
1.72	69.01
5	72.51
8.45	76.01
11.84	79.49
15.12	82.93
18.4	86.38
21.66	89.85
24.96	93.29
28.39	96.7
31.98	100.11
35.55	103.49
39.12	106.87
42.8	110.24
46.28	113.62
49.92	116.91
53.31	120.22
56.85	123.45
60.58	126.66
64.92	129.74
69.61	132.68
74.16	135.54
74.92	135.84
79.2	138.19
85.29	140.36
92.02	142.35
99.83	143.91
108.39	144.91
117.36	145.75
127.66	146.06
133.68	133.55
132.39	129.17
131.16	124.85
129.76	120.53
128.15	116.22
126.7	111.93
125.14	107.65
123.51	103.38
122.09	99.1
120.46	94.83
119.03	90.58
117.47	86.31
116.04	82.06
114.41	77.8
113.08	73.56
111.36	69.32
109.82	65.07
108.24	60.87
106.61	56.69
104.96	52.6
103.24	48.44
101.48	44.3
99.69	40.16
97.87	36.04
96.08	31.94
94.05	27.85
91.91	23.81
89.9	19.77
87.74	15.77
85.51	11.79
83.26	7.86
80.98	3.92
78.64	0.05
76.19	-3.78
73.96	-7.61
71.24	-11.4
68.54	-15.12
65.62	-18.81
62.63	-22.46
59.55	-26.08
56.65	-29.65
53.75	-33.19
50.74	-36.67
47.53	-40.12
44.03	-43.55
40.61	-46.94
36.89	-50.29
33.14	-53.64
29.55	-56.95
25.69	-60.25
22.04	-63.55
18.42	-66.8
14.63	-70.04
10.93	-73.31
7.07	-76.55
3.15	-79.82
-0.91	-83.09
-4.66	-86.38
-8.43	-89.68
-12.35	-92.88
-16.3	-96.12
-19.98	-99.33
-23.77	-102.53
-27.68	-105.76
-31.56	-109.05
-35.33	-112.34
-38.94	-115.63
-42.95	-118.89
-46.7	-122.15
-50.58	-125.36
-54.28	-128.48
-58.3	-131.57
-62.65	-134.58
-67.37	-137.5
-72.3	-140.23
-77.54	-142.79
-83.57	-145.03
-90.66	-146.91
-98.93	-148.35
-108.77	-149.07
-119.41	-149.15
-130.6	-149.36
-142.2	-149.41
-143.76	-143.85
-142.69	-139.37
-141.11	-134.95
-139.84	-130.61
-138.59	-126.26
-137.09	-121.94
-135.31	-117.62
-134.06	-113.34
-132.34	-109.03
-130.71	-104.73
-129.38	-100.43
-127.79	-96.18
-125.94	-91.9
-124.65	-87.63
-122.95	-83.38
-121.46	-79.12
-119.54	-74.87
-118.27	-70.64
-116.49	-66.41
-115.1	-62.3
-113.41	-58.09
-111.71	-53.89
-110	-49.7
-107.92	-45.54
-106.4	-41.36
-104.51	-37.22
-102.59	-33.08
-100.65	-28.98
-98.67	-24.9
-96.64	-20.84
-94.41	-16.81
-92.09	-12.84
-89.72	-8.87
-87.4	-4.94
-85.11	-1.04
-82.34	2.83
-80.04	6.69
-77.5	10.49
-74.96	14.28
-72.24	18.03
-69.63	21.74
-66.68	25.4
-63.74	29.05
-60.62	32.67
-57.7	36.23
-54.84	39.78
-51.63	43.28
-48.51	46.77
-45.07	50.19
-41.5	53.6
-37.91	56.97
-34.23	60.28
-30.31	63.56
-26.49	66.83
-22.68	70.03
-18.71	73.15
-14.29	76.13
-9.81	79.07
-6.56	81.21
-6.67	72.74
-7.76	68.26
-8.85	63.84
-10.28	59.47
-11.62	55.1
-12.93	50.75
-14.29	46.41
-15.63	42.06
-16.9	37.75
-18.33	33.43
-19.76	29.12
-21.12	24.83
-22.48	20.52
-24.11	16.24
-25.6	11.96
-27.1	7.68
-28.57	3.4
-30.26	-0.84
-31.78	-5.09
-33.52	-9.31
-35.17	-13.53
-36.89	-17.73
-43.51	-24.64
-42.35	-20.15
-41.37	-15.67
-40.23	-11.18
-39.23	-6.76
-38.02	-2.31
-36.86	2.12
-35.66	6.53
-34.32	10.96
-33.18	15.35
-31.94	19.75
-30.55	24.14
-29.39	28.51
-28.03	32.89
-26.67	37.23
-25.16	41.58
-23.8	45.92
-22.55	50.24
-21.03	54.54
-19.74	58.84
-18.26	63.11
-16.59	67.32
-15.01	71.51
-12.96	75.58
-10.9	79.56
-8.38	83.43
-5.86	87.24
-2.9	90.95
0.31	94.56
3.75	97.97
7.92	101.15
12.18	104.2
16.55	107.16
20.94	110.09
25.47	112.94
30.47	115.73
31.49	116.28
35.53	118.43
40.79	121.07
46.21	123.67
51.45	126.13
56.83	128.46
62.92	130.62
69.97	132.48
77.33	134.07
85.35	135.35
94.28	136.35
103.69	137.04
113.46	137.53
123.78	137.72
133.77	128.46
132.43	124.08
131.05	119.76
129.54	115.43
128.24	111.14
126.75	106.85
125.23	102.56
123.67	98.28
122.22	94
120.66	89.73
119.14	85.48
117.78	81.21
116.13	76.95
114.53	72.72
113.12	68.48
111.52	64.23
109.91	60.02
108.28	55.9
106.76	51.73
105.18	47.56
103.4	43.4
101.59	39.25
99.81	35.14
97.95	31.03
96.1	26.92
94.12	22.86
92.13	18.82
89.97	14.8
87.76	10.8
85.55	6.84
83.21	2.92
80.94	-0.97
78.57	-4.83
76.1	-8.64
73.6	-12.44
71.01	-16.21
68.34	-19.88
65.33	-23.56
62.25	-27.19
59.15	-30.78
56.32	-34.34
53.42	-37.85
50.27	-41.32
47.02	-44.77
43.65	-48.19
40.15	-51.56
36.38	-54.91
32.83	-58.23
29.04	-61.54
25.18	-64.81
21.35	-68.04
17.64	-71.22
13.58	-74.38
9.66	-77.55
5.76	-80.74
1.56	-83.88
-1.11	-85.7
-2.18	-82.27
-4.12	-86.42
-7.14	-90.06
-11.04	-93.24
-15.41	-96.3
-19.65	-99.24
-24.13	-102.11
-28.77	-105.02
-33.43	-107.92
-38.2	-110.75
-42.8	-113.16
-43.31	-113.47
-48.46	-116.09
-53.84	-118.5
-59.5	-120.76
-65.9	-122.85
-73.22	-124.58
-80.82	-126.07
-89.03	-127.35
-98.49	-128.35
-109.28	-128.61
-119.07	-129.21
-128.62	-129.93
-138.41	-130.8
-142.47	-114.19
-141.55	-109.77
-140.17	-105.41
-138.68	-101.06
-137.23	-96.73
-135.82	-92.4
-134.26	-88.1
-132.68	-83.8
-130.87	-79.51
-129.53	-75.23
-128.04	-70.98
-126.5	-66.75
-124.83	-62.47
-123.15	-58.2
-121.93	-53.92
-120.12	-49.67
-118.76	-45.43
-116.93	-41.18
-115.5	-36.97
-113.59	-32.76
-112.29	-28.53
-110.6	-24.33
-108.84	-20.12
-106.94	-15.96
-104.98	-11.79
-103.37	-7.64
-101.48	-3.5
-99.51	0.59
-97.42	4.65
-95.3	8.7
-93.16	12.7
-90.66	16.66
-88.32	20.6
-86	24.51
-83.39	28.37
-80.98	32.2
-78.44	36.01
-75.69	39.76
-72.95	43.49
-70.43	47.17
-67.46	50.8
-64.16	54.39
-60.93	57.96
-57.92	61.46
-54.86	64.92
-51.54	68.33
-48.26	71.71
-44.56	75.05
-40.9	78.33
-36.86	81.57
-32.92	84.75
-28.72	87.9
-24.67	91.02
-20.41	94.04
-15.74	96.9
-11.51	99.33
-10.95	99.65
-5.86	102.34
-0.47	105.22
3.7	108.31
8.03	110.69
8.67	111.03
14.11	113.54
20.03	115.83
25.99	118.09
32.38	120.16
39.19	122.05
46.35	123.77
53.96	125.28
61.94	126.62
70.72	127.6
79.75	128.45
89.26	129.09
99.12	129.57
109.08	130
118.72	130.6
128.32	131.2
137.89	131.81
147.02	132.62
155.64	133.67
160.55	136.49
160.53	127.48
160.55	133.33
160.55	137.09
160.53	130.57
160.59	125.49
160.57	135.46
160.57	123.98
160.57	131.41
160.59	125.53
160.57	131.52
160.57	126.1
163.39	127.7
166.03	128.91
168.94	117.56
167.53	113.21
166.07	108.88
164.55	104.58
163	100.27
161.41	96
159.78	91.75
158.14	87.5
156.36	83.32
154.62	79.12
152.93	74.89
151.28	70.65
149.59	66.43
147.87	62.22
146.16	58
144.38	53.8
142.59	49.64
140.75	45.49
138.9	41.32
136.97	37.2
135.01	33.11
132.97	29.04
130.94	24.97
128.89	20.91
126.7	16.92
124.49	12.93
122.2	8.98
119.81	5.08
117.36	1.21
114.79	-2.62
112.08	-6.37
109.34	-10.13
106.46	-13.81
103.53	-17.47
100.45	-21.05
97.3	-24.61
94.02	-28.1
90.73	-31.61
87.23	-34.99
83.7	-38.37
80.02	-41.7
76.32	-44.98
72.49	-48.24
68.61	-51.47
64.58	-54.62
60.55	-57.76
56.38	-60.85
52.24	-63.95
47.83	-66.93
43.4	-69.9
38.95	-72.86
34.32	-75.73
29.63	-78.58
24.78	-81.36
22.84	-82.43
19.77	-84.08
14.61	-86.71
9.39	-89.32
4.2	-91.94
