"Paultre, Legeron, Mongequ, July-August 2001 test 1008040"	
2551	
1.38	-0.08
1.76	4.57
2.3	9.35
2.7	14.15
3.08	18.92
3.5	23.69
3.82	28.45
4.24	33.21
4.66	37.98
5.13	42.74
5.56	47.49
6.02	52.25
6.47	57
6.96	61.74
7.41	66.49
7.92	71.25
8.37	75.98
8.88	80.73
9.35	85.46
9.86	90.19
10.46	94.92
11	99.65
11.47	104.34
12	109.04
12.69	113.73
13.16	118.4
13.58	121.27
13.25	113.5
12.87	108.73
12.45	103.96
11.96	99.23
11.38	94.49
10.93	89.74
10.6	84.99
10.13	80.24
9.57	75.46
9.21	70.72
8.7	65.96
8.28	61.21
7.81	56.44
7.45	51.68
7.03	46.93
6.54	42.18
6	37.42
5.69	32.66
5.2	27.91
4.75	23.14
4.33	18.38
3.9	13.62
3.44	8.85
3.01	4.1
2.54	-0.54
2.05	-5.29
1.63	-10.05
1.27	-14.8
0.83	-19.56
0.27	-24.32
-0.15	-29.06
-0.62	-33.82
-1	-38.56
-1.51	-43.31
-1.94	-48.05
-2.43	-52.79
-2.96	-57.55
-3.41	-62.29
-3.9	-67.01
-4.41	-71.75
-4.99	-76.49
-5.4	-81.2
-6.02	-85.93
-6.53	-90.66
-7	-95.36
-7.51	-100.09
-8.03	-104.79
-8.72	-109.5
-9.23	-114.19
-9.83	-118.91
-10.08	-120.59
-9.57	-114.03
-9.12	-109.25
-8.79	-104.48
-8.36	-99.69
-7.94	-94.96
-7.43	-90.2
-6.93	-85.46
-6.62	-80.7
-6.15	-75.95
-5.57	-71.21
-5.22	-66.43
-4.68	-61.7
-4.28	-56.96
-3.77	-52.21
-3.32	-47.44
-2.92	-42.69
-2.52	-37.93
-2.05	-33.19
-1.6	-28.44
-1.02	-23.69
-0.56	-18.94
-0.18	-14.18
0.29	-9.44
0.74	-4.7
1.21	0.04
1.72	4.63
2.17	9.4
2.7	14.18
3.06	18.94
3.57	23.69
3.95	28.46
4.48	33.2
4.84	37.96
5.29	42.71
5.82	47.46
6.31	52.21
6.76	56.97
7.14	61.7
7.74	66.44
8.14	71.18
8.68	75.92
9.21	80.69
9.68	85.39
10.19	90.13
10.64	94.85
11.22	99.57
11.8	104.27
12.31	109
12.87	113.7
13.43	118.39
13.9	123.07
14.61	127.74
15.28	132.4
15.95	137.03
16.71	141.65
17.4	146.22
18.29	150.8
19.12	155.34
20.12	159.83
21.21	164.32
22.22	168.76
23.46	173.18
24.62	177.55
26.12	181.87
28.06	185.99
28.46	185.84
28.64	180.68
28.73	175.7
29.02	170.52
29.2	165.66
32.39	169.2
32.9	169.64
33.59	163.69
33.63	160.13
33.68	158.71
33.7	157.75
33.7	156.78
33.43	153.88
33.12	144.23
32.25	139.6
31.34	135.05
30.53	130.49
29.62	125.93
28.68	121.37
27.88	116.81
26.99	112.24
26.21	107.64
25.4	103.07
24.58	98.48
23.73	93.89
23	89.29
22.24	84.69
21.55	80.05
20.77	75.46
20.14	70.84
19.36	66.2
18.65	61.56
18.04	56.92
17.38	52.27
16.75	47.61
16.06	42.98
15.52	38.33
14.86	33.67
14.21	29.01
13.49	24.33
12.91	19.65
12.36	14.98
11.76	10.31
11.18	5.68
10.55	1.05
9.93	-3.64
9.41	-8.33
8.79	-13.02
8.19	-17.71
7.54	-22.41
7.03	-27.11
6.45	-31.78
5.76	-36.47
5.22	-41.17
4.66	-45.85
4.04	-50.54
3.37	-55.24
2.92	-58.93
2.43	-59.83
2.03	-64.54
1.41	-69.28
0.83	-73.98
0.34	-78.67
-0.33	-83.36
-0.87	-88.04
-1.6	-92.74
-2.21	-97.41
-2.83	-102.08
-3.41	-106.76
-4.17	-111.42
-4.84	-116.07
-5.44	-120.76
-6.2	-125.41
-6.89	-130.03
-7.63	-134.68
-8.25	-139.31
-9.08	-143.94
-9.79	-148.53
-10.64	-153.12
-11.46	-157.7
-12.33	-162.26
-13.36	-166.81
-14.36	-171.31
-15.21	-175.81
-16.44	-180.25
-17.44	-184.69
-18.69	-189.07
-20.09	-193.38
-21.52	-197.63
-23.55	-201.59
-23.73	-201.67
-24.02	-196.58
-24.24	-191.42
-24.33	-186.47
-24.51	-181.52
-24.62	-176.43
-28.66	-179.64
-32.02	-181.93
-31.94	-168.25
-31.31	-163.66
-30.35	-159.08
-29.42	-154.57
-28.41	-150.06
-27.45	-145.53
-26.34	-141.03
-25.31	-136.53
-24.49	-132.01
-23.42	-127.48
-22.59	-122.95
-21.61	-118.41
-20.67	-113.85
-19.8	-109.3
-18.98	-104.76
-18.13	-100.2
-17.33	-95.63
-16.46	-91.07
-15.54	-86.5
-14.87	-81.93
-14.03	-77.31
-13.18	-72.76
-12.35	-68.17
-11.6	-63.58
-10.84	-58.97
-9.95	-54.38
-9.19	-49.76
-8.34	-45.15
-7.6	-40.55
-6.93	-35.95
-6.06	-31.34
-5.26	-26.72
-4.53	-22.12
-3.72	-17.52
-3.01	-12.91
-2.14	-8.3
-1.45	-3.7
-0.65	0.81
0.09	5.4
1.14	7.93
1.36	9.81
1.7	11.7
1.85	13.58
2.1	15.44
2.48	17.31
2.7	19.16
2.95	21.03
3.24	22.88
3.55	24.74
3.9	26.59
4.22	28.44
4.51	30.29
4.75	32.15
5.13	34.01
5.47	35.83
5.76	37.68
5.96	39.53
6.36	41.37
6.67	43.24
6.89	45.06
7.27	46.91
7.63	48.76
7.85	50.59
8.16	52.45
8.48	54.27
8.81	56.13
9.19	57.95
9.46	59.78
9.86	61.62
10.22	63.46
10.44	65.31
10.86	67.13
11.09	68.96
11.44	70.78
11.78	72.62
12.22	74.44
12.45	76.3
12.83	78.11
13.18	79.94
13.61	81.75
13.92	83.6
14.3	85.41
14.68	87.22
14.94	89.03
15.28	90.87
15.7	92.66
16.08	94.48
16.48	96.28
16.8	98.1
17.22	99.91
17.55	101.7
17.91	103.5
18.45	105.29
18.74	107.1
19.09	108.89
19.58	110.68
20.01	112.47
20.41	114.25
20.83	116.06
21.26	117.82
21.75	119.61
22.08	121.38
22.64	123.14
23	124.91
23.53	126.69
24.07	128.45
24.45	130.21
24.96	131.97
25.52	133.72
25.98	135.48
26.56	137.22
27.1	138.97
27.61	140.71
28.17	142.43
28.77	144.15
29.4	145.88
30.02	147.58
30.67	149.29
31.31	151
31.96	152.7
32.59	154.36
33.32	156.04
34.1	157.69
34.19	157.95
34.19	155.7
33.9	153.84
33.57	151.99
33.3	150.13
33.03	148.29
32.65	146.44
32.27	144.67
31.81	142.86
31.4	141.04
31.16	139.22
30.69	137.41
30.36	135.61
29.98	133.8
29.58	131.97
29.24	130.16
28.84	128.33
28.53	126.53
28.13	124.73
27.66	122.91
27.28	121.09
26.94	119.28
26.56	117.44
26.19	115.65
25.85	113.81
25.45	111.98
25.16	110.19
24.74	108.36
24.49	106.56
24.02	104.71
23.73	102.9
23.33	101.08
23.02	99.25
22.68	97.42
22.46	95.61
21.99	93.79
21.66	91.95
21.41	90.13
21.08	88.29
20.65	86.45
20.45	84.64
20.16	82.8
19.83	80.98
19.43	79.14
19.09	77.3
18.87	75.47
18.42	73.63
18.2	71.8
17.89	69.95
17.53	68.11
17.24	66.27
17.04	64.42
16.71	62.55
16.35	60.74
16.08	58.9
15.73	57.06
15.5	55.22
15.12	53.39
14.83	51.53
14.59	49.69
14.3	47.85
13.92	46
13.7	44.13
13.32	42.29
13	40.46
12.74	38.62
12.45	36.77
12.13	34.92
11.91	33.07
11.58	31.22
11.26	29.37
11	27.52
10.71	25.68
10.44	23.83
10.06	21.98
9.81	20.13
9.44	18.29
9.21	16.39
8.95	14.57
8.52	12.73
8.37	10.86
7.99	9.01
7.67	7.14
7.45	5.32
7.14	3.54
6.78	1.75
6.56	-0.11
6.13	-1.96
5.98	-3.81
5.62	-5.65
5.38	-7.51
5.04	-9.36
4.75	-11.21
4.51	-13.05
4.15	-14.91
3.88	-16.77
3.55	-18.6
3.26	-20.45
2.95	-22.3
2.63	-24.16
2.23	-25.99
2.34	-25.77
2.19	-23.96
2.08	-25.87
1.83	-27.77
1.54	-29.61
1.27	-31.47
0.98	-33.32
0.58	-35.18
0.38	-37.04
-0.02	-38.89
-0.2	-40.74
-0.6	-42.58
-0.82	-44.42
-1.16	-46.27
-1.58	-48.12
-1.85	-49.96
-2.18	-51.81
-2.38	-53.67
-2.72	-55.51
-3.14	-57.37
-3.46	-59.19
-3.81	-61.03
-4.04	-62.87
-4.41	-64.71
-4.77	-66.54
-5.06	-68.38
-5.37	-70.22
-5.69	-72.05
-6.11	-73.89
-6.38	-75.71
-6.78	-77.54
-7.16	-79.37
-7.47	-81.2
-7.76	-83.03
-8.05	-84.85
-8.5	-86.69
-8.83	-88.5
-9.21	-90.34
-9.59	-92.18
-9.97	-93.97
-10.28	-95.8
-10.64	-97.62
-11.08	-99.43
-11.48	-101.25
-11.75	-103.05
-12.22	-104.87
-12.6	-106.67
-12.96	-108.49
-13.27	-110.29
-13.78	-112.09
-14.12	-113.91
-14.52	-115.71
-14.99	-117.51
-15.32	-119.3
-15.79	-121.09
-16.26	-122.88
-16.64	-124.68
-17.06	-126.44
-17.55	-128.21
-17.91	-129.99
-18.44	-131.76
-18.84	-133.54
-19.36	-135.31
-19.76	-137.07
-20.27	-138.83
-20.81	-140.58
-21.21	-142.34
-21.65	-144.09
-22.26	-145.83
-22.72	-147.57
-23.26	-149.32
-23.95	-151.06
-24.35	-152.8
-25.02	-154.51
-25.65	-156.22
-26.14	-157.93
-26.78	-159.66
-27.43	-161.33
-28.19	-163.02
-28.9	-164.69
-29.64	-166.35
-30.31	-168.01
-30.89	-169.15
-31.18	-169.63
-31.04	-167.67
-30.78	-165.81
-30.53	-163.96
-30.15	-162.13
-29.86	-160.29
-29.64	-158.43
-29.24	-156.62
-28.88	-154.8
-28.43	-153.02
-28.1	-151.21
-27.63	-149.4
-27.12	-147.6
-26.9	-145.78
-26.45	-143.99
-25.94	-142.17
-25.62	-140.39
-25.24	-138.58
-24.87	-136.77
-24.42	-134.98
-23.97	-133.16
-23.64	-131.37
-23.33	-129.55
-22.88	-127.75
-22.57	-125.94
-22.14	-124.13
-21.7	-122.32
-21.34	-120.49
-21.14	-118.69
-20.72	-116.86
-20.25	-115.07
-19.94	-113.24
-19.49	-111.42
-19.13	-109.58
-18.8	-107.78
-18.44	-105.93
-18.22	-104.15
-17.86	-102.31
-17.51	-100.5
-17.06	-98.68
-16.75	-96.86
-16.39	-95.04
-16.1	-93.2
-15.77	-91.38
-15.43	-89.55
-15.21	-87.72
-14.87	-85.89
-14.52	-84.06
-14.21	-82.21
-13.71	-80.38
-13.56	-78.55
-13.2	-76.72
-12.78	-74.9
-12.55	-73.05
-12.22	-71.22
-11.82	-69.38
-11.48	-67.54
-11.28	-65.69
-10.9	-63.87
-10.57	-62.02
-10.24	-60.19
-10.03	-58.35
-9.63	-56.5
-9.39	-54.66
-8.99	-52.83
-8.76	-50.98
-8.36	-49.13
-8.09	-47.28
-7.8	-45.42
-7.45	-43.59
-7.09	-41.76
-6.91	-39.91
-6.49	-38.06
-6.27	-36.21
-5.86	-34.39
-5.55	-32.54
-5.35	-30.7
-4.95	-28.84
-4.66	-26.99
-4.35	-25.16
-4.08	-23.31
-3.7	-21.47
-3.5	-19.63
-3.1	-17.77
-2.83	-15.94
-2.59	-14.09
-2.12	-12.25
-1.89	-10.4
-1.51	-8.56
-1.29	-6.72
-0.87	-4.87
-0.58	-3.04
-0.33	-1.19
-0.02	0.58
0.36	2.36
0.69	4.21
0.89	6.06
1.23	7.89
1.63	9.74
1.96	11.59
2.17	13.48
2.52	15.31
2.79	17.14
3.17	19
3.5	20.85
3.82	22.69
4.13	24.53
4.4	26.39
4.77	28.24
4.93	30.06
5.38	31.91
5.67	33.75
6.02	35.58
6.27	37.44
6.58	39.27
6.89	41.11
7.23	42.94
7.5	44.79
7.96	46.66
8.28	48.47
8.57	50.31
8.9	52.15
9.26	53.99
9.5	55.82
9.84	57.65
10.17	59.49
10.6	61.31
10.82	63.15
11.18	65
11.53	66.83
11.89	68.65
12.27	70.48
12.58	72.29
12.85	74.11
13.27	75.97
13.56	77.78
14.05	79.63
14.36	81.43
14.74	83.25
15.08	85.06
15.39	86.88
15.86	88.69
16.19	90.5
16.51	92.34
16.91	94.12
17.2	95.92
17.71	97.74
18.07	99.53
18.47	101.33
18.89	103.14
19.23	104.93
19.63	106.73
19.96	108.53
20.48	110.3
20.85	112.09
21.19	113.88
21.77	115.66
22.24	117.43
22.51	119.21
23.08	120.99
23.46	122.76
23.93	124.54
24.36	126.31
24.96	128.07
25.4	129.82
25.9	131.58
26.5	133.35
26.97	135.11
27.41	136.85
28.04	138.59
28.62	140.32
29.2	142.04
29.69	143.77
30.24	145.5
30.85	147.22
31.52	148.93
32.1	150.63
32.76	152.33
33.48	154
34.12	155.69
34.88	157.35
35.71	158.98
36.6	160.56
37.72	162.05
38.96	163.55
40.26	164.94
41.11	165.48
42.22	162.09
42.47	160.07
43.54	161.57
44.41	163.09
45.72	164.5
47.44	165.48
47.6	165.65
50.29	166.38
52.41	163.38
52.55	161.41
52.46	145.59
52.12	143.77
51.79	141.95
51.54	140.13
51.07	138.33
50.67	136.56
50.29	134.8
49.83	133.03
49.31	131.24
48.96	129.47
48.42	127.72
47.97	125.94
47.6	124.18
47.08	122.4
46.7	120.63
46.17	118.86
45.74	117.06
45.23	115.31
44.76	113.54
44.43	111.75
43.92	109.99
43.38	108.22
42.93	106.45
42.4	104.68
42.04	102.91
41.51	101.14
41.11	99.36
40.5	97.58
40.12	95.81
39.63	94.03
39.14	92.25
38.65	90.48
38.34	88.7
37.74	86.93
37.29	85.15
36.93	83.37
36.36	81.58
35.89	79.81
35.42	78.03
34.95	76.25
34.59	74.48
34.04	72.7
33.54	70.91
33.1	69.14
32.68	67.35
32.21	65.55
31.81	63.78
31.27	62
30.85	60.21
30.4	58.43
29.98	56.63
29.51	54.85
29.13	53.06
28.73	51.28
28.24	49.49
27.77	47.71
27.34	45.92
26.97	44.14
26.5	42.34
26.1	40.54
25.58	38.76
25.2	36.95
24.82	35.18
24.33	33.39
23.91	31.59
23.55	29.81
23.08	28.02
22.62	26.22
22.33	24.43
21.88	22.63
21.43	20.84
21.03	19.04
20.68	17.25
20.19	15.45
19.81	13.66
19.38	11.87
19.05	10.1
18.71	8.38
18.33	6.58
18	4.77
17.53	2.96
17.22	1.15
16.84	-0.65
16.39	-2.46
16.04	-4.26
15.66	-6.07
15.3	-7.88
14.88	-9.69
14.54	-11.48
14.16	-13.31
13.81	-15.14
13.43	-16.91
12.94	-18.71
12.51	-20.51
12.16	-22.33
11.71	-24.13
11.4	-25.96
11.06	-27.74
10.57	-29.55
10.22	-31.36
9.84	-33.17
9.37	-34.99
9.06	-36.8
8.57	-38.59
8.19	-40.4
7.79	-42.2
7.41	-43.99
7	-45.81
6.63	-47.61
6.27	-49.42
5.71	-51.21
5.33	-53.02
5.02	-54.81
4.55	-56.62
4.08	-58.45
3.7	-60.24
3.35	-62.04
3.17	-62.42
3.12	-59.98
2.77	-61.81
2.43	-63.65
2.08	-65.5
1.79	-67.32
1.45	-69.14
1.07	-70.94
0.65	-72.75
0.14	-74.56
-0.22	-76.35
-0.62	-78.14
-1.05	-79.94
-1.56	-81.74
-1.98	-83.53
-2.45	-85.33
-2.92	-87.12
-3.34	-88.9
-3.79	-90.68
-4.19	-92.47
-4.64	-94.24
-5.22	-96.02
-5.55	-97.79
-6.15	-99.57
-6.6	-101.34
-7.07	-103.12
-7.56	-104.9
-8.07	-106.65
-8.45	-108.42
-9.03	-110.19
-9.43	-111.95
-10.01	-113.71
-10.53	-115.47
-11.02	-117.24
-11.53	-118.99
-12.11	-120.73
-12.51	-122.49
-13.02	-124.25
-13.63	-125.99
-14.18	-127.74
-14.67	-129.46
-15.25	-131.19
-15.83	-132.92
-16.44	-134.64
-16.81	-136.37
-17.42	-138.09
-18.02	-139.83
-18.58	-141.54
-19.25	-143.24
-19.85	-144.94
-20.38	-146.64
-20.99	-148.34
-21.41	-149.36
-21.77	-150.02
-21.83	-147.93
-21.79	-149.97
-21.94	-147.75
-22.57	-149.65
-23.17	-151.35
-23.84	-153.03
-24.42	-154.7
-25.24	-156.35
-26	-158
-26.72	-159.64
-27.7	-161.24
-28.43	-162.84
-29.39	-164.43
-30.31	-166.01
-31.33	-167.58
-32.34	-169.1
-33.61	-170.55
-34.92	-171.98
-36.33	-173.36
-37.76	-174.39
-38.09	-174.59
-40.68	-175.4
-42.51	-176.61
-45.3	-177.41
-49.8	-173.36
-49.91	-171.36
-49.84	-159.51
-49.47	-157.69
-49.02	-155.86
-48.71	-154.05
-48.37	-152.24
-48.04	-150.44
-47.55	-148.67
-47.01	-146.88
-46.66	-145.13
-46.03	-143.35
-45.63	-141.58
-45.16	-139.81
-44.67	-138.05
-44.2	-136.28
-43.71	-134.5
-43.22	-132.73
-42.71	-130.98
-42.24	-129.2
-41.79	-127.43
-41.28	-125.66
-40.81	-123.9
-40.28	-122.13
-39.65	-120.36
-39.27	-118.6
-38.85	-116.82
-38.16	-115.06
-37.87	-113.27
-37.33	-111.52
-36.73	-109.75
-36.22	-107.99
-35.84	-106.21
-35.26	-104.44
-34.88	-102.68
-34.41	-100.91
-33.92	-99.13
-33.43	-97.36
-32.76	-95.6
-32.4	-93.84
-31.85	-92.08
-31.31	-90.31
-30.8	-88.58
-30.29	-86.81
-29.77	-85.06
-29.19	-83.28
-28.66	-81.54
-28.32	-79.8
-27.7	-78.03
-27.27	-76.28
-26.81	-74.51
-26.25	-72.77
-25.65	-71.02
-25.18	-69.25
-24.67	-67.51
-24.22	-65.75
-23.68	-63.99
-23.15	-62.23
-22.66	-60.46
-22.14	-58.7
-21.65	-56.94
-21.16	-55.18
-20.81	-53.43
-20.25	-51.67
-19.83	-49.9
-19.25	-48.14
-18.8	-46.39
-18.35	-44.62
-17.93	-42.87
-17.37	-41.09
-16.97	-39.32
-16.46	-37.57
-15.99	-35.82
-15.5	-34.04
-15.05	-32.28
-14.52	-30.5
-14.03	-28.74
-13.51	-26.98
-13.18	-25.2
-12.62	-23.45
-12.22	-21.68
-11.64	-19.91
-11.28	-18.12
-10.73	-16.37
-10.24	-14.6
-9.83	-12.84
-9.28	-11.06
-8.79	-9.31
-8.27	-7.55
-7.89	-5.78
-7.43	-4.03
-6.8	-2.36
-6.49	-0.58
-6.04	1.18
-5.51	2.96
-4.99	4.73
-4.57	6.49
-4.12	8.27
-3.54	10.05
-3.17	11.8
-2.65	13.58
-2.07	15.34
-1.58	17.13
-1.02	18.89
-0.56	20.65
-0.11	22.42
0.47	24.17
0.54	24.77
0.94	23.94
1.34	25.78
1.63	27.59
2.08	29.38
2.61	31.17
2.99	32.96
3.59	34.72
3.95	36.49
4.44	38.26
5	40.02
5.49	41.79
5.98	43.55
6.58	45.31
7.12	47.06
7.58	48.81
8.01	50.58
8.63	52.35
9.17	54.09
9.57	55.87
10.22	57.59
10.66	59.33
11.22	61.07
11.76	62.82
12.36	64.56
12.8	66.29
13.36	68.03
13.99	69.78
14.52	71.5
15.12	73.23
15.59	74.98
16.19	76.7
16.75	78.42
17.26	80.14
17.84	81.86
18.4	83.57
18.96	85.28
19.61	87.02
20.14	88.71
20.79	90.41
21.35	92.1
21.95	93.79
22.68	95.5
23.24	97.18
23.93	98.87
24.62	100.53
25.23	102.25
25.94	103.91
26.61	105.58
27.39	107.26
28.01	108.92
28.77	110.57
29.44	112.23
30.15	113.88
30.91	115.53
31.81	117.18
32.54	118.84
33.32	120.46
34.12	122.09
35.04	123.69
35.73	125.32
36.6	126.93
37.58	128.55
38.45	130.16
39.37	131.73
40.37	133.3
41.33	134.85
42.33	136.41
43.2	137.93
44.32	139.47
45.45	140.97
46.5	142.44
47.66	143.89
48.93	145.31
50.32	146.67
51.72	147.98
52.79	148.8
52.88	145.4
52.79	143.53
52.55	141.7
52.12	139.88
51.83	138.06
51.54	136.25
51.03	134.49
50.63	132.72
50.12	130.94
49.69	129.18
49.25	127.42
48.8	125.64
48.44	123.88
47.89	122.1
47.51	120.34
46.95	118.56
46.46	116.8
46.08	115.03
45.48	113.28
44.96	111.5
44.58	109.73
44.16	107.99
43.69	106.21
43.14	104.45
42.62	102.69
42.13	100.92
41.75	99.16
41.17	97.4
40.64	95.63
40.12	93.86
39.63	92.1
39.21	90.33
38.63	88.58
38.25	86.81
37.65	85.05
37.27	83.29
36.64	81.51
36.18	79.73
35.75	77.99
35.13	76.2
34.68	74.46
34.19	72.7
33.68	70.92
33.25	69.16
32.79	67.39
32.18	65.63
31.85	63.87
31.23	62.1
30.71	60.31
30.38	58.55
29.89	56.78
29.31	55.01
28.77	53.25
28.39	51.48
27.84	49.72
27.34	47.95
26.88	46.17
26.39	44.41
25.92	42.65
25.38	40.88
24.91	39.11
24.49	37.35
23.93	35.59
23.6	33.83
23.02	32.06
22.51	30.29
22.06	28.51
21.66	26.75
21.1	24.99
20.63	23.22
20.16	21.45
19.76	19.67
19.34	17.92
18.85	16.14
18.31	14.39
17.91	12.63
17.42	10.86
17	9.14
16.51	7.44
16.15	5.66
15.57	3.89
15.15	2.1
14.7	0.33
14.32	-1.43
13.78	-3.21
13.29	-4.97
12.8	-6.75
12.34	-8.52
11.91	-10.28
11.49	-12.05
10.89	-13.82
10.44	-15.6
9.97	-17.36
9.48	-19.13
9.1	-20.91
8.59	-22.68
8.12	-24.44
7.58	-26.2
7.05	-27.96
6.63	-29.74
6.07	-31.49
5.64	-33.26
5.11	-35.03
4.62	-36.78
4.08	-38.55
3.55	-40.32
3.03	-42.07
2.77	-42.34
2.81	-39.97
2.43	-41.81
2.08	-43.63
1.61	-45.44
1.14	-47.23
0.65	-49
0.25	-50.78
-0.2	-52.55
-0.8	-54.31
-1.31	-56.08
-1.85	-57.83
-2.36	-59.6
-2.81	-61.35
-3.39	-63.09
-3.92	-64.85
-4.48	-66.59
-4.93	-68.34
-5.48	-70.07
-6.04	-71.82
-6.64	-73.56
-7.34	-75.28
-7.76	-77
-8.29	-78.74
-9.03	-80.46
-9.59	-82.19
-10.19	-83.93
-10.66	-85.64
-11.35	-87.35
-11.89	-89.08
-12.53	-90.78
-13.02	-92.51
-13.65	-94.22
-14.27	-95.93
-14.85	-97.63
-15.63	-99.32
-16.21	-101
-16.84	-102.68
-17.53	-104.4
-18.11	-106.06
-18.78	-107.73
-19.4	-109.41
-20.2	-111.09
-20.76	-112.75
-21.61	-114.42
-22.26	-116.08
-23.06	-117.74
-23.77	-119.4
-24.4	-121.06
-25.18	-122.72
-26.05	-124.32
-26.76	-125.95
-27.56	-127.57
-28.46	-129.18
-29.3	-130.79
-30.17	-132.38
-31.2	-133.97
-31.94	-135.57
-32.98	-137.15
-33.9	-138.73
-34.75	-140.32
-35.66	-141.88
-36.69	-143.44
-37.82	-144.96
-38.85	-146.52
-39.92	-148
-40.99	-149.49
-42.37	-150.97
-43.6	-152.35
-45.14	-153.69
-45.79	-154.14
-47.15	-154.79
-49.02	-155.88
-50.22	-153.43
-49.84	-151.58
-49.58	-149.75
-49.11	-147.91
-48.86	-146.1
-48.46	-144.25
-47.95	-142.48
-47.64	-140.7
-47.12	-138.93
-46.68	-137.16
-46.25	-135.39
-45.81	-133.6
-45.21	-131.83
-44.8	-130.06
-44.36	-128.28
-43.87	-126.5
-43.4	-124.75
-42.98	-122.98
-42.46	-121.19
-41.95	-119.44
-41.5	-117.67
-40.97	-115.9
-40.52	-114.13
-39.88	-112.37
-39.36	-110.6
-39.01	-108.83
-38.56	-107.05
-37.91	-105.29
-37.51	-103.54
-36.86	-101.74
-36.57	-99.98
-35.95	-98.22
-35.46	-96.44
-34.99	-94.67
-34.59	-92.9
-33.97	-91.14
-33.47	-89.39
-32.92	-87.62
-32.45	-85.87
-31.96	-84.1
-31.45	-82.35
-30.98	-80.6
-30.33	-78.84
-29.95	-77.1
-29.26	-75.35
-28.77	-73.59
-28.39	-71.83
-27.81	-70.09
-27.32	-68.33
-26.74	-66.59
-26.34	-64.82
-25.8	-63.07
-25.13	-61.32
-24.62	-59.58
-24.24	-57.82
-23.68	-56.07
-23.08	-54.31
-22.75	-52.55
-22.21	-50.8
-21.68	-49.04
-21.19	-47.28
-20.7	-45.52
-20.05	-43.78
-19.56	-42
-19.2	-40.25
-18.64	-38.5
-18.26	-36.74
-17.75	-34.99
-17.24	-33.24
-16.68	-31.48
-16.28	-29.74
-15.77	-27.98
-15.23	-26.23
-14.65	-24.48
-14.18	-22.72
-13.65	-20.96
-13.29	-19.19
-12.73	-17.44
-12.2	-15.7
-11.66	-13.93
-11.26	-12.18
-10.77	-10.43
-10.28	-8.67
-9.63	-6.93
-9.19	-5.19
-8.72	-3.53
-8.27	-1.78
-7.76	-0.03
-7.22	1.73
-6.71	3.5
-6.18	5.23
-5.69	6.98
-5.15	8.74
-4.57	10.5
-4.15	12.25
-3.63	14
-3.1	15.76
-2.54	17.51
-1.98	19.27
-1.36	21.02
-0.94	22.76
-0.36	24.49
0.29	26.24
0.56	26.94
1.01	25.91
1.36	27.75
1.81	29.56
2.28	31.34
2.63	33.12
3.15	34.89
3.75	36.65
4.22	38.4
4.8	40.16
5.29	41.9
5.82	43.64
6.36	45.37
6.92	47.15
7.56	48.86
8.12	50.59
8.57	52.34
9.23	54.06
9.77	55.8
10.37	57.53
10.91	59.25
11.49	60.97
12.16	62.69
12.78	64.4
13.36	66.13
13.85	67.84
14.54	69.55
15.12	71.26
15.64	72.97
16.26	74.68
16.86	76.38
17.49	78.08
18.07	79.78
18.74	81.46
19.34	83.16
19.94	84.85
20.63	86.53
21.35	88.2
21.95	89.88
22.71	91.54
23.31	93.21
23.98	94.87
24.76	96.56
25.45	98.22
26.14	99.86
26.94	101.52
27.66	103.17
28.35	104.82
29.13	106.45
30.02	108.1
30.78	109.73
31.49	111.36
32.32	112.99
33.19	114.6
33.97	116.21
34.95	117.83
35.66	119.43
36.67	121.04
37.51	122.65
38.38	124.22
39.41	125.82
40.28	127.38
41.26	128.97
42.18	130.54
43.25	132.06
44.21	133.59
45.34	135.1
46.35	136.6
47.42	138.06
48.69	139.5
49.98	140.91
51.23	142.26
52.7	143.56
53.62	144.13
54.31	144.74
56.58	145.62
63.45	144.54
71.19	139.19
71.28	137.2
71.33	135.19
71.26	133.2
71.24	131.2
70.95	125.45
70.59	123.65
70.19	121.81
69.72	120.07
69.21	118.3
68.74	116.56
68.23	114.78
67.89	113.03
67.27	111.27
66.71	109.51
66.26	107.77
65.68	106
65.17	104.24
64.79	102.49
64.14	100.73
63.74	98.98
63.1	97.25
62.63	95.47
62.03	93.74
61.51	91.99
61.07	90.24
60.42	88.5
59.91	86.75
59.46	84.99
58.93	83.26
58.43	81.52
57.99	79.77
57.39	78.03
56.9	76.28
56.41	74.54
55.94	72.8
55.4	71.05
54.98	69.3
54.46	67.58
54.02	65.83
53.51	64.09
53.04	62.35
52.64	60.61
52.03	58.87
51.52	57.12
50.94	55.4
50.45	53.64
49.96	51.92
49.45	50.19
48.93	48.42
48.38	46.7
47.82	44.97
47.26	43.23
46.77	41.49
46.19	39.76
45.54	38.02
45.01	36.31
44.45	34.58
43.98	32.85
43.34	31.13
42.73	29.39
42.15	27.67
41.55	25.95
40.97	24.23
40.35	22.51
39.75	20.86
39.23	19.16
38.74	17.43
38.12	15.73
37.49	14
36.98	12.28
36.31	10.58
35.62	8.87
35.13	7.14
34.48	5.43
33.9	3.73
33.17	2.02
32.52	0.3
31.92	-1.41
31.27	-3.1
30.67	-4.8
30.09	-6.51
29.46	-8.24
28.84	-9.94
28.19	-11.65
27.55	-13.35
26.88	-15.02
26.23	-16.72
25.56	-18.43
24.94	-20.1
24.29	-21.8
23.69	-23.49
23.02	-25.17
22.33	-26.87
21.7	-28.55
21.08	-30.24
20.41	-31.92
19.78	-33.6
19.14	-35.29
18.47	-36.96
17.89	-38.64
17.24	-40.32
16.62	-42
15.86	-43.69
15.28	-45.37
14.59	-47.07
13.85	-48.72
13.2	-50.4
12.47	-52.07
11.84	-53.74
11.09	-55.41
10.31	-57.07
9.75	-58.75
8.92	-60.42
8.14	-62.1
7.54	-63.75
6.67	-65.41
6.05	-67.06
5.31	-68.72
4.57	-70.38
3.66	-72.02
3.57	-69.99
3.39	-69.87
2.92	-71.71
2.45	-73.48
2.1	-75.25
1.43	-77
0.89	-78.72
0.22	-80.43
-0.38	-82.12
-1.14	-83.8
-1.8	-85.49
-2.5	-87.17
-3.25	-88.82
-4.1	-90.46
-4.79	-92.09
-5.73	-93.74
-6.51	-95.37
-7.27	-96.99
-8.09	-98.61
-8.85	-100.22
-9.74	-101.84
-10.64	-103.46
-11.42	-105.06
-12.31	-106.67
-13.2	-108.28
-13.96	-109.88
-14.83	-111.47
-15.7	-113.04
-16.66	-114.61
-17.64	-116.18
-18.42	-117.75
-19.36	-119.3
-20.23	-120.85
-21.34	-122.41
-22.17	-123.96
-23.24	-125.49
-24.11	-127.05
-25.16	-128.57
-26.32	-130.06
-27.43	-131.53
-28.68	-133.01
-29.86	-134.46
-31.02	-135.9
-32.36	-137.36
-33.47	-138.79
-34.88	-140.24
-36.04	-141.62
-37.4	-143.03
-38.76	-144.44
-40.25	-145.78
-41.93	-147.08
-43.62	-148.33
-44.87	-149.16
-45.54	-149.49
-47.55	-150.53
-49.84	-151.49
-52.7	-152.13
-56.07	-152.53
-62	-151.67
-68	-137.21
-67.62	-135.39
-67.08	-133.58
-66.86	-131.76
-66.5	-129.95
-65.84	-128.18
-65.57	-126.42
-64.85	-124.65
-64.52	-122.88
-63.92	-121.09
-63.54	-119.35
-63.03	-117.59
-62.51	-115.83
-62.04	-114.07
-61.4	-112.32
-61	-110.57
-60.53	-108.81
-60.04	-107.07
-59.5	-105.31
-58.97	-103.55
-58.54	-101.81
-58.12	-100.06
-57.52	-98.31
-57	-96.56
-56.58	-94.82
-56.2	-93.07
-55.6	-91.33
-55.13	-89.57
-54.64	-87.82
-54.17	-86.08
-53.75	-84.32
-53.3	-82.58
-52.7	-80.82
-52.16	-79.1
-51.79	-77.35
-51.32	-75.61
-50.8	-73.87
-50.29	-72.12
-49.78	-70.38
-49.15	-68.62
-48.71	-66.89
-48.19	-65.16
-47.61	-63.4
-47.03	-61.68
-46.45	-59.95
-46.01	-58.21
-45.43	-56.47
-44.85	-54.73
-44.4	-52.99
-43.6	-51.26
-43.29	-49.52
-42.48	-47.79
-41.95	-46.06
-41.55	-44.32
-40.77	-42.6
-40.19	-40.84
-39.76	-39.14
-39.21	-37.41
-38.6	-35.69
-37.94	-33.97
-37.29	-32.25
-36.73	-30.53
-36.13	-28.81
-35.48	-27.08
-34.9	-25.37
-34.1	-23.66
-33.56	-21.96
-32.89	-20.28
-32.2	-18.59
-31.49	-16.94
-30.89	-15.32
-30.31	-13.64
-29.55	-11.96
-28.77	-10.29
-28.21	-8.6
-27.34	-6.93
-26.69	-5.29
-25.96	-3.64
-25.22	-1.98
-24.49	-0.32
-23.71	1.34
-23.04	2.99
-22.35	4.65
-21.63	6.29
-20.81	7.96
-20.18	9.61
-19.42	11.25
-18.64	12.88
-17.84	14.52
-17.19	16.14
-16.44	17.77
-15.63	19.4
-14.9	21.04
-14.05	22.68
-13.31	24.32
-12.49	25.95
-11.75	27.57
-10.79	29.19
-10.15	30.82
-9.14	32.43
-8.41	34.03
-7.54	35.64
-6.67	37.26
-5.82	38.88
-4.97	40.48
-4.12	42.1
-3.34	43.7
-2.5	45.31
-1.51	46.91
-0.62	48.5
0.29	50.08
0.51	48.04
0.47	46.02
0.96	47.84
1.43	49.61
1.92	51.36
2.68	53.06
3.28	54.73
4.02	56.39
4.93	58.02
5.67	59.64
6.49	61.27
7.5	62.85
8.21	64.47
9.17	66.07
10.04	67.67
10.97	69.25
11.8	70.82
12.67	72.41
13.63	73.99
14.54	75.59
15.32	77.16
16.28	78.72
17.22	80.28
18.16	81.88
18.98	83.39
19.96	84.94
20.9	86.48
21.95	88.02
22.86	89.54
23.87	91.06
24.87	92.58
25.94	94.1
27.03	95.62
28.1	97.12
29.17	98.61
30.31	100.09
31.45	101.58
32.7	103.06
33.9	104.51
35.2	105.93
36.44	107.38
37.72	108.82
39.1	110.2
40.41	111.58
41.86	112.91
43.47	114.23
44.94	115.51
46.7	116.74
48.31	117.75
48.47	117.9
50.45	118.97
52.55	119.94
55.18	120.65
58.32	121.16
62.74	121.13
68.52	120.64
71.64	117.34
71.26	115.5
71.01	113.67
70.68	111.84
70.14	110.08
69.72	108.31
69.34	106.53
68.87	104.77
68.4	102.97
67.82	101.22
67.29	99.45
66.8	97.69
66.33	95.93
65.84	94.16
65.33	92.41
64.79	90.64
64.3	88.89
63.92	87.14
63.25	85.37
62.76	83.62
62.25	81.87
61.71	80.11
61.22	78.36
60.69	76.6
60.2	74.85
59.64	73.11
59.19	71.35
58.68	69.6
58.19	67.86
57.79	66.1
57.19	64.34
56.81	62.6
56.27	60.86
55.74	59.11
55.33	57.36
54.96	55.62
54.42	53.88
53.82	52.13
53.37	50.38
53.02	48.64
52.39	46.9
51.9	45.14
51.39	43.38
50.85	41.66
50.36	39.92
49.8	38.19
49.31	36.45
48.76	34.71
48.4	32.98
47.77	31.23
47.17	29.5
46.61	27.78
46.1	26.05
45.54	24.34
45.08	22.68
44.41	20.96
43.87	19.23
43.29	17.51
42.71	15.78
42.13	14.03
41.53	12.32
40.9	10.62
40.44	8.89
39.72	7.17
39.19	5.45
38.56	3.74
37.87	2.04
37.22	0.33
36.62	-1.37
35.98	-3.08
35.42	-4.78
34.66	-6.47
34.12	-8.17
33.37	-9.89
32.79	-11.58
32.12	-13.26
31.38	-14.94
30.67	-16.63
29.95	-18.31
29.33	-19.99
28.62	-21.68
28.01	-23.35
27.32	-25.01
26.54	-26.69
25.92	-28.34
25.09	-30
24.4	-31.64
23.6	-33.31
22.91	-34.96
22.24	-36.6
21.41	-38.25
20.79	-39.9
19.96	-41.54
19.23	-43.17
18.45	-44.79
17.67	-46.43
16.91	-48.05
16.26	-49.69
15.37	-51.32
14.65	-52.95
13.83	-54.55
12.91	-56.15
12.09	-57.76
11.26	-59.36
10.37	-60.96
9.48	-62.59
8.68	-64.18
7.76	-65.74
6.83	-67.33
5.91	-68.9
4.86	-70.48
3.99	-72.05
2.95	-73.63
1.99	-75.16
0.96	-76.73
0.05	-78.26
-1.07	-79.81
-1.96	-81.36
-3.08	-82.91
-4.12	-84.44
-5.13	-85.96
-6.18	-87.49
-7.29	-88.99
-8.38	-90.48
-9.43	-91.98
-10.5	-93.5
-11.57	-94.99
-12.71	-96.5
-13.85	-98
-14.87	-99.44
-16.26	-100.88
-17.35	-102.31
-18.55	-103.75
-19.71	-105.16
-20.94	-106.6
-22.26	-108.04
-23.48	-109.47
-24.73	-110.89
-26.2	-112.22
-27.61	-113.55
-29.24	-114.86
-30.71	-116.16
-32.25	-117.48
-33.79	-118.77
-35.46	-120.04
-37.07	-121.37
-38.58	-122.66
-40.25	-123.95
-41.93	-125.16
-43.93	-126.36
-45.83	-127.5
-46.21	-127.66
-47.99	-128.52
-49.87	-129.58
-52.41	-130.46
-54.91	-131.17
-57.92	-131.66
-61.64	-131.91
-66.44	-131.92
-67.87	-129.24
-67.64	-127.39
-67.35	-125.51
-67.06	-123.73
-66.57	-121.9
-66.26	-120.12
-65.61	-118.33
-65.19	-116.57
-64.77	-114.8
-64.14	-112.99
-63.83	-111.25
-63.4	-109.48
-62.85	-107.73
-62.2	-105.95
-61.89	-104.19
-61.2	-102.45
-60.84	-100.68
-60.17	-98.92
-59.88	-97.17
-59.35	-95.42
-58.94	-93.67
-58.45	-91.91
-57.87	-90.13
-57.58	-88.41
-56.96	-86.65
-56.54	-84.89
-56.13	-83.14
-55.49	-81.38
-55.18	-79.63
-54.62	-77.88
-54.08	-76.14
-53.61	-74.39
-53.12	-72.64
-52.61	-70.89
-52.3	-69.15
-51.83	-67.37
-51.32	-65.66
-50.83	-63.91
-50.25	-62.16
-49.64	-60.41
-49.29	-58.67
-48.73	-56.89
-48.19	-55.17
-47.7	-53.42
-47.17	-51.69
-46.63	-49.95
-46.14	-48.21
-45.58	-46.47
-44.96	-44.73
-44.4	-42.99
-43.87	-41.24
-43.27	-39.51
-42.75	-37.78
-42.04	-36.04
-41.48	-34.31
-40.99	-32.58
-40.34	-30.85
-39.72	-29.1
-39.3	-27.38
-38.69	-25.64
-38.05	-23.91
-37.42	-22.19
-36.84	-20.49
-36.31	-18.85
-35.66	-17.14
-35.13	-15.43
-34.52	-13.71
-33.9	-11.99
-33.16	-10.31
-32.54	-8.61
-31.91	-6.91
-31.18	-5.22
-30.51	-3.55
-29.82	-1.87
-29.17	-0.18
-28.32	1.49
-27.72	3.15
-26.92	4.81
-26.11	6.45
-25.42	8.1
-24.69	9.79
-23.93	11.42
-23.13	13.07
-22.48	14.72
-21.68	16.35
-20.87	17.98
-20.12	19.62
-19.4	21.25
-18.73	22.91
-17.84	24.49
-16.99	26.09
-16.26	27.69
-15.45	29.32
-14.5	30.95
-13.74	32.55
-12.98	34.14
-12	35.75
-11.24	37.36
-10.35	38.92
-9.3	40.51
-8.47	42.07
-7.54	43.64
-6.6	45.23
-5.57	46.78
-4.59	48.34
-3.68	49.92
-2.74	51.48
-1.69	53.02
-0.67	54.57
0.31	56.09
0.47	56.08
0.45	54.05
0.25	52.19
-0.07	50.34
-0.44	48.51
-0.78	46.71
-1.29	44.9
-1.6	43.12
-2.09	41.31
-2.45	39.52
-2.96	37.72
-3.39	35.92
-3.88	34.13
-4.28	32.33
-4.64	30.56
-5.19	28.76
-5.55	26.99
-6.02	25.2
-6.47	23.43
-6.91	21.65
-7.45	19.84
-7.87	18.08
-8.32	16.31
-8.87	14.53
-9.28	12.77
-9.81	11
-10.24	9.23
-10.84	7.46
-11.31	5.68
-11.71	3.91
-12.18	2.13
-12.6	0.38
-13.2	-1.39
-13.56	-3.15
-14.09	-4.94
-14.54	-6.68
-15.07	-8.4
-16.46	-9.68
-16.23	-7.95
-15.83	-6.12
-15.45	-4.29
-15.1	-2.46
-14.78	-0.65
-14.38	1.17
-14.07	3
-13.78	4.81
-13.34	6.62
-12.96	8.46
-12.53	10.28
-12.2	12.06
-11.82	13.88
-11.39	15.67
-11.13	17.46
-10.59	19.27
-10.24	21.06
-9.83	22.87
-9.37	24.67
-8.87	26.46
-8.47	28.24
-8	30.03
-7.51	31.82
-7.14	33.61
-6.71	35.38
-6.18	37.16
-5.69	38.94
-5.22	40.7
-4.77	42.46
-4.21	44.23
-3.72	46.01
-3.23	47.75
-2.67	49.48
-2.14	51.22
-1.58	52.94
-0.78	54.62
-0.15	56.32
0.56	57.99
1.25	59.66
1.96	61.34
2.61	63.01
3.39	64.64
4.17	66.29
5.09	67.92
5.87	69.52
6.76	71.09
7.81	72.67
8.77	74.24
9.68	75.75
10.84	77.29
11.91	78.8
13	80.29
14.03	81.78
15.12	83.29
16.13	84.76
17.33	86.22
18.49	87.65
19.63	89.08
20.92	90.52
22.19	91.9
23.46	93.3
24.74	94.67
26.12	96.02
27.61	97.37
29.04	98.7
30.6	99.99
32.3	101.28
33.88	102.55
35.73	103.75
37.36	104.98
39.23	106.15
40.79	107
41.19	107.28
43.47	108.24
45.79	109.21
48.02	110.19
50.56	111.01
53.24	111.71
56.14	112.22
59.39	112.68
63.16	113.02
67.33	113.19
71.86	113.17
76.21	113.13
80.43	113.13
84.71	113.24
89.66	113.08
94.19	113.08
98.49	113.08
102.66	113.16
107.34	113.1
108.01	100.95
107.61	99.14
107.23	97.36
106.81	95.59
106.34	93.83
105.96	92.04
105.4	90.27
104.91	88.52
104.53	86.77
103.95	85
103.42	83.25
103	81.48
102.42	79.73
102.06	77.97
101.48	76.21
100.97	74.47
100.41	72.72
99.98	70.98
99.43	69.23
98.85	67.49
98.38	65.75
97.89	64.01
97.33	62.27
96.82	60.54
96.19	58.8
95.61	57.06
95.1	55.34
94.5	53.61
93.96	51.89
93.43	50.22
92.8	48.51
92.42	46.78
91.75	45.03
91.26	43.32
90.71	41.59
90.08	39.87
89.59	38.14
88.88	36.42
88.32	34.69
87.83	32.96
87.14	31.25
86.67	29.52
85.98	27.8
85.35	26.08
84.8	24.37
84.17	22.66
83.55	20.91
82.95	19.2
82.52	17.5
81.79	15.8
81.23	14.11
80.56	12.41
79.96	10.72
79.33	9.02
78.73	7.31
78.13	5.61
77.68	3.91
76.97	2.23
76.23	0.53
75.56	-1.13
75.01	-2.81
74.36	-4.5
73.65	-6.17
72.98	-7.84
72.33	-9.52
71.59	-11.18
71.04	-12.86
70.23	-14.48
69.5	-16.13
68.72	-17.78
67.94	-19.42
67.24	-21.06
66.51	-22.69
65.59	-24.32
64.79	-25.95
63.97	-27.57
63.1	-29.2
62.18	-30.82
61.42	-32.42
60.46	-34.03
59.73	-35.64
58.81	-37.23
58.06	-38.82
57.12	-40.4
56.38	-41.97
55.54	-43.55
54.73	-45.17
53.93	-46.72
53.06	-48.27
52.1	-49.82
51.32	-51.36
50.32	-52.91
49.38	-54.46
48.4	-56.01
47.48	-57.54
46.53	-59.05
45.39	-60.56
44.36	-62.07
43.31	-63.59
42.27	-65.08
41.22	-66.6
39.97	-68.08
38.85	-69.57
37.72	-71.04
36.58	-72.5
35.37	-73.97
34.15	-75.42
32.9	-76.87
31.72	-78.33
30.53	-79.8
29.26	-81.24
27.99	-82.66
26.72	-84.08
25.49	-85.47
24.13	-86.87
22.93	-88.26
21.52	-89.66
20.3	-91.02
18.94	-92.39
17.62	-93.78
16.37	-95.17
14.99	-96.5
13.47	-97.82
11.96	-99.1
10.44	-100.42
8.86	-101.69
7.14	-102.96
5.44	-104.21
5.06	-104.53
3.46	-105.27
2.01	-106.64
0.18	-107.87
-1.43	-109.13
-3.39	-110.29
-5.4	-111.4
-7.47	-112.45
-9.41	-113.58
-10.59	-114.17
-11.42	-114.67
-13.47	-115.75
-22.08	-115.73
-24.75	-116.55
-28.41	-116.88
-32.14	-117.27
-35.99	-117.56
-39.23	-118.17
-42.82	-118.6
-46.34	-119.04
-49.53	-119.56
-53.15	-119.8
-56.98	-119.99
-61.15	-120
-65.75	-119.97
-70.7	-119.74
-75.18	-119.68
-79.69	-119.48
-84.93	-119.22
-90.52	-118.87
-96.12	-118.44
-101.05	-118.22
-104.6	-106.81
-104.35	-104.96
-104	-103.14
-103.46	-101.35
-103.15	-99.56
-102.61	-97.77
-102.06	-96
-101.68	-94.23
-101.25	-92.46
-100.74	-90.7
-100.09	-88.95
-99.58	-87.19
-99.13	-85.44
-98.73	-83.68
-98.22	-81.92
-97.55	-80.18
-97.08	-78.42
-96.5	-76.68
-96.03	-74.95
-95.52	-73.18
-94.74	-71.44
-94.34	-69.7
-93.85	-67.95
-93.36	-66.21
-92.6	-64.47
-92.13	-62.73
-91.6	-60.99
-91.08	-59.24
-90.41	-57.5
-89.99	-55.74
-89.34	-53.99
-88.81	-52.28
-88.16	-50.55
-87.67	-48.82
-87.11	-47.21
-86.51	-45.46
-85.98	-43.7
-85.44	-41.98
-84.84	-40.25
-84.26	-38.5
-83.72	-36.79
-82.92	-35.04
-82.45	-33.33
-82.05	-31.59
-81.25	-29.87
-80.64	-28.14
-80.27	-26.42
-79.49	-24.7
-78.97	-22.99
-78.55	-21.27
-77.88	-19.56
-77.37	-17.85
-76.56	-16.11
-75.96	-14.43
-75.36	-12.74
-74.91	-11.03
-74.29	-9.34
-73.64	-7.65
-73.13	-5.95
-72.46	-4.27
-71.79	-2.59
-71.1	-0.91
-70.5	0.78
-69.76	2.44
-69.05	4.09
-68.4	5.77
-67.62	7.41
-66.75	9.07
-66.15	10.73
-65.21	12.36
-64.54	13.99
-63.76	15.62
-63	17.25
-61.98	18.86
-61.33	20.48
-60.53	22.1
-59.5	23.68
-58.83	25.29
-58.05	26.87
-57.2	28.47
-56.36	30.02
-55.47	31.62
-54.6	33.15
-53.61	34.71
-52.88	36.26
-51.81	37.82
-50.96	39.35
-49.89	40.86
-48.93	42.37
-47.75	43.87
-46.63	45.35
-45.61	46.83
-44.45	48.35
-43.31	49.8
-42.04	51.24
-40.77	52.7
-39.36	54.11
-38.14	55.52
-36.8	56.92
-35.44	58.32
-33.88	59.64
-32.23	60.97
-30.75	62.24
-29.06	63.52
-27.39	64.8
-25.62	65.96
-23.88	67.16
-22.08	68.37
-20.36	69.59
-18.53	70.71
-16.81	71.89
-14.96	73
-13.05	74.13
-11.26	75.32
-9.21	76.4
-7.36	77.53
-5.15	78.61
-3.32	79.76
-2.56	80.23
-1.36	80.87
0.63	72.14
0.34	70.28
0.02	68.45
-0.33	66.61
-0.94	64.86
-1.34	63.08
-1.67	61.28
-2.16	59.5
-2.59	57.71
-3.17	55.93
-3.57	54.16
-3.97	52.38
-4.57	50.61
-5.06	48.85
-5.55	47.09
-6.09	45.33
-6.47	43.56
-6.98	41.81
-7.58	40.06
-8.03	38.3
-8.58	36.55
-9.12	34.8
-9.66	33.05
-10.21	31.3
-10.75	29.55
-11.28	27.81
-11.71	26.06
-12.35	24.3
-12.87	22.55
-13.27	20.81
-13.98	19.06
-14.41	17.32
-14.94	15.58
-15.57	13.86
-16.1	12.13
-16.61	10.39
-17.08	8.67
-17.68	6.92
-18.2	5.18
-18.71	3.47
-19.33	1.74
-19.94	0.01
