"Paultre, Legeron, Mongequ, July-August 2001 test 1206040"	
3409	
-1.45	0.57
-1.11	5.36
-0.6	10.17
-0.22	15
0.16	19.84
0.67	24.63
1.03	29.43
1.52	34.24
2.01	39.04
2.39	43.84
2.97	48.64
3.35	53.43
3.79	58.24
4.37	63.01
4.8	67.81
5.33	72.61
5.84	77.4
6.22	82.18
6.76	86.97
7.32	91.76
7.79	96.54
8.41	101.32
8.95	106.08
9.46	110.87
9.95	115.64
10.51	120.41
10.57	121.26
10.55	115.43
10.17	110.6
9.9	105.76
9.44	100.95
9.08	96.15
8.59	91.33
8.12	86.53
7.74	81.72
7.25	76.89
6.87	72.09
6.45	67.28
5.96	62.47
5.58	57.67
5.11	52.86
4.64	48.06
4.24	43.25
3.77	38.44
3.28	33.65
2.79	28.84
2.48	24.04
2.01	19.23
1.5	14.44
1.07	9.61
0.63	4.81
0.2	0.09
-0.31	-4.69
-0.73	-9.48
-1.16	-14.3
-1.72	-19.09
-2.12	-23.88
-2.54	-28.69
-3.01	-33.47
-3.63	-38.27
-4.06	-43.06
-4.53	-47.85
-4.99	-52.64
-5.53	-57.43
-6.04	-62.23
-6.51	-66.99
-7	-71.76
-7.51	-76.54
-8.03	-81.32
-8.58	-86.09
-9.25	-90.85
-9.74	-95.61
-10.37	-100.37
-10.79	-105.12
-11.42	-109.89
-12.06	-114.64
-12.6	-119.4
-13.31	-123.41
-12.69	-114.36
-12.35	-109.54
-12.02	-104.72
-11.46	-99.91
-11.11	-95.11
-10.57	-90.32
-10.12	-85.51
-9.68	-80.72
-9.21	-75.91
-8.79	-71.11
-8.34	-66.31
-7.94	-61.51
-7.38	-56.71
-6.93	-51.91
-6.51	-47.09
-6.11	-42.29
-5.66	-37.5
-5.13	-32.7
-4.75	-27.9
-4.3	-23.11
-3.86	-18.31
-3.41	-13.5
-2.88	-8.71
-2.34	-3.91
-1.89	0.78
-1.49	5.58
-1	10.38
-0.62	15.21
-0.18	19.99
0.31	24.8
0.74	29.62
1.32	34.41
1.67	39.2
2.25	44
2.61	48.8
3.17	53.59
3.57	58.39
4.02	63.17
4.48	67.97
5.02	72.77
5.49	77.56
6.05	82.36
6.45	87.18
6.94	91.95
7.5	96.73
7.96	101.53
8.5	106.3
8.86	111.08
9.44	115.86
9.9	120.64
10.64	120.39
11.09	125.2
11.51	129.98
11.91	134.78
12.38	139.57
13.05	144.35
13.45	149.13
14.01	153.89
14.68	158.65
15.17	163.39
15.88	168.11
16.42	172.82
17.26	177.52
18	182.21
18.69	186.89
19.56	191.56
20.48	196.18
22.04	200.54
23.6	204.96
24.87	208.08
25.38	199.32
25.45	194.18
29.2	197.97
31.74	202.04
36.09	205.5
38.38	208.31
39.75	199.27
39.08	194.51
38.47	189.8
37.47	185.16
36.56	180.54
35.62	175.92
34.7	171.29
33.66	166.65
32.83	162.03
31.83	157.41
30.91	152.76
30.09	148.13
29.08	143.48
28.19	138.83
27.39	134.14
26.59	129.51
25.76	124.85
24.89	120.18
24.11	115.49
23.35	110.82
22.68	106.14
21.9	101.44
21.21	96.75
20.5	92.06
19.81	87.35
19.03	82.63
18.45	77.93
17.71	73.21
17.15	68.48
16.53	63.75
15.84	59.04
15.23	54.31
14.65	49.59
13.9	44.85
13.25	40.12
12.69	35.38
12.05	30.65
11.44	25.92
10.86	21.14
10.31	16.43
9.59	11.7
8.92	6.95
8.41	2.31
7.85	-2.43
7.27	-7.17
6.6	-11.93
5.96	-16.67
5.4	-21.4
4.82	-26.14
4.17	-30.89
3.61	-35.63
2.86	-40.37
2.37	-45.12
1.63	-49.85
1.01	-54.59
0.49	-59.35
-0.2	-64.1
-0.82	-68.84
-1.47	-73.57
-2.12	-78.3
-2.76	-83.03
-3.52	-87.76
-4.06	-92.49
-4.75	-97.24
-5.44	-101.95
-6.2	-106.68
-6.82	-111.39
-7.6	-116.1
-8.29	-120.84
-8.9	-125.54
-9.7	-130.25
-10.37	-134.94
-11.17	-139.62
-12.02	-144.3
-12.78	-148.98
-13.6	-153.6
-15.07	-158.02
-16.21	-161.63
-20.16	-161.13
-21.59	-165.58
-23.01	-169.94
-25.53	-174
-28.17	-178.06
-30.58	-181.47
-31.42	-181.88
-34.66	-181.52
-36.13	-175.26
-36.06	-170.29
-35.3	-165.57
-34.43	-160.94
-33.52	-156.27
-32.69	-151.65
-31.76	-147.02
-30.62	-142.41
-29.75	-137.79
-28.75	-133.18
-27.81	-128.56
-26.96	-123.93
-25.96	-119.29
-25.07	-114.67
-24.15	-110.03
-23.37	-105.37
-22.5	-100.72
-21.7	-96.08
-20.83	-91.42
-19.89	-86.77
-19.22	-82.1
-18.44	-77.44
-17.68	-72.77
-16.77	-68.1
-16.15	-63.43
-15.25	-58.75
-14.63	-54.07
-13.71	-49.39
-13.05	-44.69
-12.24	-40.01
-11.44	-35.28
-10.75	-30.65
-10.01	-25.95
-9.19	-21.26
-8.47	-16.57
-7.67	-11.88
-6.96	-7.18
-6.2	-2.61
-5.51	2.09
-4.75	6.78
-4.01	11.48
-3.23	16.17
-2.52	20.88
-1.65	25.57
-0.87	30.25
-0.29	33.61
-0.91	20.32
-1.51	15.57
-2.05	10.79
-2.61	6.02
-3.23	1.29
-4.61	-2.17
-4.39	-0.31
-4.17	1.59
-4.04	3.49
-3.7	5.41
-3.57	7.33
-3.28	9.22
-3.12	11.13
-2.92	13.03
-2.7	14.94
-2.34	16.86
-2.25	18.77
-1.94	20.67
-1.78	22.57
-1.56	24.47
-1.29	26.37
-1.05	28.27
-0.8	30.19
-0.58	32.08
-0.2	33.97
-0.09	35.87
0.29	37.79
0.49	39.66
0.72	41.56
1.01	43.47
1.18	45.36
1.5	47.26
1.76	49.15
2.05	51.05
2.3	52.93
2.54	54.82
2.74	56.71
2.99	58.61
3.35	60.51
3.55	62.39
3.88	64.29
4.17	66.16
4.37	68.04
4.66	69.92
5.02	71.84
5.2	73.7
5.51	75.59
5.87	77.47
6.16	79.35
6.36	81.27
6.65	83.12
7	85.01
7.27	86.88
7.61	88.76
7.83	90.63
8.21	92.52
8.43	94.39
8.83	96.26
9.15	98.14
9.46	100
9.75	101.87
10.04	103.75
10.42	105.62
10.71	107.49
11.11	109.36
11.42	111.21
11.73	113.08
12.05	114.95
12.29	116.81
12.65	118.67
12.98	120.53
13.43	122.37
13.76	124.23
14.03	126.09
14.45	127.95
14.74	129.81
15.06	131.64
15.48	133.5
15.93	135.36
16.3	137.18
16.64	139.04
17.04	140.88
17.33	142.72
17.8	144.58
18.27	146.4
18.58	148.23
19	150.05
19.45	151.89
19.9	153.73
20.25	155.53
20.77	157.35
21.23	159.17
21.64	161.02
22.1	162.8
22.59	164.61
23.04	166.42
23.58	168.24
24.07	170.02
24.71	171.8
25.14	173.6
25.74	175.38
26.32	177.16
26.88	178.94
27.43	180.72
28.04	182.49
28.59	184.26
29.29	186
29.93	187.76
30.62	189.5
31.31	191.24
31.98	192.97
32.72	194.7
33.54	196.41
34.35	198.13
35.2	199.82
36.07	201.51
36.89	203.19
37.78	200.9
37.69	187.03
37.43	185.13
37.05	183.27
36.82	181.4
36.42	179.53
36	177.69
35.73	175.85
35.22	174.01
34.84	172.16
34.41	170.31
34.01	168.48
33.7	166.62
33.28	164.79
32.94	162.95
32.41	161.1
32.05	159.26
31.74	157.42
31.31	155.57
30.89	153.73
30.47	151.88
30.09	150.04
29.8	148.2
29.37	146.34
28.93	144.5
28.59	142.65
28.17	140.81
27.84	138.96
27.46	137.11
27.01	135.24
26.72	133.39
26.27	131.55
25.96	129.69
25.63	127.84
25.32	125.99
24.91	124.13
24.47	122.28
24.13	120.43
23.84	118.57
23.53	116.71
23.08	114.86
22.75	113
22.42	111.14
22.08	109.28
21.81	107.42
21.41	105.56
21.08	103.66
20.81	101.83
20.41	99.97
20.19	98.11
19.83	96.25
19.43	94.39
19.16	92.53
18.83	90.66
18.49	88.78
18.22	86.93
17.91	85.06
17.58	83.19
17.17	81.32
16.95	79.44
16.62	77.59
16.33	75.72
16.06	73.83
15.7	71.97
15.35	70.1
15.03	68.21
14.77	66.35
14.48	64.47
14.16	62.6
13.87	60.72
13.56	58.86
13.23	57
12.91	55.12
12.65	53.25
12.31	51.37
12.07	49.51
11.69	47.64
11.49	45.75
11.11	43.89
10.82	42.01
10.53	40.14
10.17	38.26
9.84	36.38
9.52	34.51
9.35	32.61
9.01	30.76
8.63	28.88
8.32	27
8.12	25.14
7.79	23.26
7.43	21.38
7.16	19.51
6.83	17.62
6.51	15.75
6.27	13.88
5.89	12.01
5.6	10.11
5.33	8.25
5.04	6.37
4.75	4.5
4.37	2.68
4.19	0.82
3.88	-1.03
3.57	-2.9
3.24	-4.78
2.88	-6.66
2.68	-8.53
2.28	-10.4
1.99	-12.28
1.65	-14.16
1.43	-16.05
0.94	-17.84
0.67	-19.73
0.31	-21.61
-0.02	-23.5
-0.2	-25.38
-0.58	-27.26
-0.8	-29.13
-1.09	-31.01
-1.47	-32.89
-1.76	-34.76
-2.14	-36.63
-2.43	-38.51
-2.67	-40.38
-3.1	-42.25
-3.34	-44.12
-3.63	-45.99
-3.97	-47.86
-4.35	-49.74
-4.68	-51.61
-5.04	-53.5
-5.26	-55.36
-5.64	-57.23
-6.06	-59.1
-6.27	-60.97
-6.71	-62.84
-7.02	-64.7
-7.31	-66.57
-7.58	-68.42
-7.98	-70.31
-8.29	-72.15
-8.7	-74.01
-9.01	-75.87
-9.34	-77.73
-9.74	-79.6
-10.12	-81.46
-10.37	-83.31
-10.75	-85.17
-11.22	-87.02
-11.55	-88.88
-11.84	-90.73
-12.26	-92.58
-12.64	-94.44
-12.91	-96.28
-13.38	-98.13
-13.67	-99.99
-14.12	-101.83
-14.47	-103.68
-14.81	-105.51
-15.16	-107.35
-15.59	-109.19
-16.06	-111.02
-16.52	-112.85
-16.77	-114.7
-17.33	-116.54
-17.6	-118.39
-18.02	-120.2
-18.55	-122.02
-18.93	-123.84
-19.33	-125.66
-19.87	-127.48
-20.18	-129.31
-20.76	-131.11
-21.16	-132.93
-21.63	-134.74
-22.19	-136.55
-22.7	-138.36
-23.06	-140.16
-23.55	-141.96
-24.2	-143.76
-24.58	-145.56
-25.27	-147.33
-25.65	-149.16
-26.34	-150.92
-26.83	-152.69
-27.5	-154.47
-28.1	-156.24
-28.59	-158
-29.17	-159.78
-29.91	-161.52
-30.51	-163.27
-31.29	-165.02
-31.89	-166.74
-32.67	-168.49
-33.34	-170.21
-34.14	-171.92
-35.06	-173.61
-35.88	-175.28
-36.95	-176.91
-37.07	-164.97
-36.73	-163.1
-36.4	-161.23
-36.06	-159.37
-35.66	-157.51
-35.33	-155.62
-35.08	-153.78
-34.7	-151.92
-34.28	-150.09
-33.88	-148.24
-33.39	-146.4
-32.96	-144.57
-32.49	-142.73
-32.11	-140.88
-31.8	-139.04
-31.47	-137.19
-30.98	-135.35
-30.53	-133.51
-30.08	-131.66
-29.84	-129.84
-29.46	-127.98
-29.01	-126.14
-28.61	-124.31
-28.23	-122.46
-27.88	-120.62
-27.39	-118.76
-27.1	-116.91
-26.63	-115.05
-26.38	-113.23
-25.96	-111.39
-25.56	-109.54
-25.18	-107.67
-24.67	-105.82
-24.46	-103.99
-24.06	-102.13
-23.68	-100.28
-23.24	-98.41
-22.86	-96.57
-22.64	-94.73
-22.26	-92.87
-21.85	-91.01
-21.48	-89.16
-21.19	-87.31
-20.9	-85.44
-20.45	-83.6
-20.16	-81.73
-19.78	-79.89
-19.38	-78.02
-19.07	-76.17
-18.73	-74.31
-18.51	-72.44
-18.11	-70.58
-17.77	-68.73
-17.46	-66.87
-17.13	-65
-16.75	-63.15
-16.57	-61.28
-16.15	-59.42
-15.83	-57.56
-15.52	-55.69
-15.21	-53.84
-14.94	-51.96
-14.63	-50.09
-14.29	-48.24
-13.94	-46.36
-13.54	-44.5
-13.22	-42.63
-12.98	-40.75
-12.6	-38.86
-12.33	-37.02
-12	-35.14
-11.62	-33.29
-11.33	-31.42
-11.02	-29.56
-10.68	-27.69
-10.28	-25.81
-10.06	-23.94
-9.79	-22.08
-9.48	-20.2
-9.16	-18.34
-8.83	-16.47
-8.5	-14.59
-8.09	-12.71
-7.92	-10.85
-7.58	-8.98
-7.2	-7.11
-6.87	-5.24
-6.56	-3.4
-6.27	-1.58
-6	0.28
-5.62	2.18
-5.33	4.02
-5.02	5.89
-4.7	7.77
-4.37	9.64
-4.06	11.52
-3.77	13.38
-3.48	15.27
-3.25	17.16
-2.81	19.02
-2.54	20.89
-2.16	22.77
-1.85	24.65
-1.6	26.5
-1.18	28.38
-0.87	30.26
-0.51	32.12
-0.09	33.92
0.25	35.81
0.51	37.69
0.78	39.57
1.07	41.48
1.36	43.36
1.79	45.22
2.12	47.07
2.37	48.94
2.77	50.81
2.99	52.67
3.39	54.56
3.64	56.4
4.04	58.28
4.37	60.14
4.71	62.01
5.04	63.91
5.42	65.74
5.64	67.63
5.96	69.48
6.4	71.33
6.63	73.2
7.09	75.07
7.45	76.93
7.79	78.79
8.05	80.66
8.48	82.52
8.79	84.38
9.12	86.26
9.57	88.09
9.86	89.94
10.15	91.79
10.51	93.67
10.86	95.54
11.31	97.37
11.69	99.23
12.05	101.1
12.36	102.92
12.78	104.78
13.14	106.63
13.47	108.47
13.81	110.33
14.23	112.17
14.61	114.01
14.94	115.85
15.39	117.73
15.79	119.53
16.13	121.37
16.53	123.21
16.88	125.05
17.44	126.88
17.8	128.72
18.22	130.54
18.6	132.39
19.03	134.2
19.49	136.04
19.83	137.85
20.32	139.67
20.74	141.52
21.17	143.33
21.59	145.15
22.08	146.95
22.62	148.77
23.06	150.59
23.51	152.38
24.04	154.19
24.6	156
25.03	157.8
25.54	159.61
26.03	161.39
26.59	163.2
27.17	164.97
27.75	166.76
28.24	168.55
28.84	170.33
29.37	172.11
30	173.89
30.53	175.65
31.11	177.43
31.76	179.2
32.41	180.96
33.1	182.71
33.72	184.47
34.3	186.21
35.06	188
35.71	189.71
36.51	191.43
37.14	193.18
37.87	194.89
38.76	196.6
39.61	198.32
40.32	200.02
41.26	201.68
42.2	203.35
43.22	204.98
44.27	206.56
45.66	208.09
46.93	209.28
47.06	209.52
49.22	210.72
51.39	211.92
54.02	212.88
57.94	209.33
57.74	207.44
57.54	205.56
57.19	203.71
56.92	201.84
56.49	199.98
56.12	198.15
55.74	196.33
55.4	194.51
54.93	192.66
54.53	190.86
54.11	189.05
53.71	187.22
53.28	185.4
52.9	183.59
52.39	181.76
52.01	179.95
51.63	178.12
51.1	176.31
50.65	174.5
50.32	172.7
49.74	170.88
49.31	169.06
48.87	167.25
48.53	165.44
47.97	163.63
47.55	161.82
47.04	159.99
46.57	158.2
46.08	156.36
45.66	154.57
45.14	152.75
44.74	150.94
44.21	149.12
43.85	147.3
43.2	145.5
42.8	143.68
42.29	141.86
41.82	140.05
41.37	138.22
40.95	136.44
40.35	134.62
39.95	132.79
39.46	131
38.96	129.16
38.47	127.35
37.98	125.53
37.6	123.72
37.16	121.89
36.53	120.09
36.13	118.26
35.64	116.45
35.2	114.62
34.79	112.82
34.19	110.99
33.83	109.17
33.39	107.36
32.74	105.55
32.34	103.73
31.98	101.92
31.47	100.09
30.94	98.26
30.51	96.45
30.02	94.63
29.69	92.81
29.15	90.99
28.82	89.17
28.21	87.35
27.81	85.53
27.43	83.7
26.92	81.86
26.47	80.05
25.98	78.19
25.63	76.39
25.16	74.57
24.74	72.74
24.29	70.92
23.89	69.07
23.4	67.24
23.06	65.41
22.57	63.57
22.15	61.73
21.81	59.92
21.41	58.07
20.94	56.25
20.63	54.41
20.07	52.56
19.69	50.72
19.38	48.91
18.94	47.06
18.49	45.23
18.11	43.38
17.75	41.53
17.31	39.72
17.04	37.88
16.51	36.03
16.22	34.19
15.84	32.35
15.32	30.52
14.97	28.67
14.65	26.83
14.19	24.98
13.94	23.15
13.49	21.28
13.14	19.46
12.71	17.61
12.34	15.77
11.89	13.91
11.51	12.08
11.22	10.24
10.84	8.39
10.46	6.54
9.95	4.78
9.64	2.94
9.23	1.09
8.88	-0.76
8.45	-2.61
8.21	-4.46
7.7	-6.3
7.38	-8.14
6.96	-9.99
6.63	-11.86
6.2	-13.69
5.84	-15.54
5.4	-17.38
5.11	-19.22
4.71	-21.07
4.22	-22.92
3.93	-24.76
3.46	-26.61
3.1	-28.45
2.63	-30.31
2.23	-32.15
1.88	-33.99
1.36	-35.78
1.01	-37.64
0.58	-39.5
0.31	-41.35
-0.22	-43.19
-0.6	-45.04
-1.05	-46.89
-1.36	-48.73
-1.74	-50.58
-2.18	-52.42
-2.63	-54.27
-3.01	-56.12
-3.37	-57.95
-3.79	-59.8
-4.26	-61.63
-4.73	-63.48
-5.04	-65.31
-5.53	-67.15
-6	-68.98
-6.29	-70.82
-6.71	-72.65
-7.22	-74.48
-7.69	-76.32
-8.14	-78.15
-8.54	-79.98
-8.96	-81.82
-9.37	-83.64
-9.74	-85.48
-10.32	-87.29
-10.73	-89.13
-11.24	-90.96
-11.64	-92.77
-12.06	-94.6
-12.4	-96.41
-12.91	-98.24
-13.42	-100.05
-13.83	-101.87
-14.27	-103.69
-14.87	-105.49
-15.3	-107.31
-15.79	-109.11
-16.19	-110.91
-16.66	-112.73
-17.26	-114.54
-17.8	-116.33
-18.17	-118.18
-18.64	-119.94
-19.27	-121.73
-19.78	-123.53
-20.29	-125.32
-20.78	-127.12
-21.28	-128.92
-21.83	-130.69
-22.26	-132.48
-22.9	-134.25
-23.46	-136.03
-23.91	-137.83
-24.58	-139.6
-25.16	-141.39
-25.78	-143.14
-26.38	-144.92
-27.01	-146.67
-27.5	-148.44
-28.26	-150.2
-28.79	-151.96
-29.53	-153.7
-30.22	-155.46
-30.87	-157.19
-31.49	-158.94
-32.25	-160.68
-33.03	-162.42
-33.61	-164.12
-34.39	-165.83
-35.28	-167.53
-36.06	-169.22
-37.07	-170.93
-37.96	-172.58
-38.85	-174.21
-40.03	-175.82
-41.17	-177.39
-42.62	-178.84
-44.16	-180.27
-45.23	-180.88
-46.41	-181.49
-49.71	-180.82
-51.43	-181.59
-53.86	-182.61
-57.14	-183.32
-57.34	-181.28
-57.41	-179.27
-57.41	-177.33
-57.12	-175.47
-56.71	-173.61
-56.45	-171.76
-56.09	-169.9
-55.62	-168.05
-55.31	-166.21
-55	-164.36
-54.6	-162.56
-54.1	-160.76
-53.61	-158.91
-53.1	-157.11
-52.77	-155.31
-52.21	-153.49
-51.87	-151.67
-51.41	-149.87
-50.94	-148.05
-50.31	-146.26
-49.82	-144.44
-49.53	-142.65
-49	-140.84
-48.6	-139.04
-47.97	-137.22
-47.59	-135.43
-46.97	-133.62
-46.63	-131.81
-46.08	-129.99
-45.65	-128.21
-44.94	-126.38
-44.56	-124.59
-44.18	-122.79
-43.62	-120.99
-43.04	-119.17
-42.64	-117.37
-42.17	-115.56
-41.55	-113.75
-41.17	-111.96
-40.57	-110.14
-40.12	-108.32
-39.65	-106.52
-39.12	-104.72
-38.47	-102.92
-38.09	-101.11
-37.49	-99.29
-37.13	-97.48
-36.66	-95.66
-36.15	-93.86
-35.57	-92.05
-35.13	-90.24
-34.72	-88.43
-34.05	-86.62
-33.7	-84.81
-33.18	-82.99
-32.67	-81.18
-32.23	-79.38
-31.78	-77.56
-31.29	-75.74
-30.78	-73.93
-30.29	-72.1
-29.77	-70.31
-29.37	-68.49
-28.75	-66.68
-28.43	-64.87
-27.9	-63.05
-27.48	-61.23
-27.03	-59.4
-26.43	-57.6
-26.05	-55.79
-25.62	-53.97
-25.16	-52.16
-24.69	-50.34
-24.13	-48.51
-23.64	-46.69
-23.35	-44.88
-22.9	-43.06
-22.3	-41.24
-21.88	-39.41
-21.52	-37.59
-20.92	-35.78
-20.58	-33.95
-20.09	-32.13
-19.74	-30.3
-19.36	-28.47
-18.78	-26.66
-18.49	-24.84
-18.06	-23.02
-17.6	-21.19
-17.24	-19.37
-16.66	-17.55
-16.23	-15.73
-15.9	-13.89
-15.5	-12.08
-15.05	-10.26
-14.58	-8.46
-14.18	-6.71
-13.8	-4.88
-13.34	-3.05
-12.91	-1.22
-12.47	0.61
-12.06	2.43
-11.66	4.27
-11.24	6.1
-10.82	7.92
-10.48	9.75
-9.92	11.59
-9.45	13.41
-9.14	15.25
-8.72	17.08
-8.23	18.91
-7.83	20.76
-7.34	22.61
-6.85	24.42
-6.56	26.25
-6.11	28.08
-5.66	29.9
-5.15	31.73
-4.68	33.57
-4.26	35.4
-3.83	37.23
-3.48	39.06
-2.99	40.88
-2.56	42.71
-2.01	44.53
-1.58	46.35
-1.14	48.18
-0.78	49.32
-0.29	49.87
-0.02	51.73
0.47	53.57
0.87	55.42
1.23	57.26
1.63	59.1
2.14	60.94
2.63	62.75
3.03	64.6
3.48	66.41
3.95	68.24
4.42	70.05
4.89	71.88
5.24	73.69
5.8	75.5
6.25	77.33
6.65	79.14
7.14	80.99
7.58	82.79
8.12	84.6
8.63	86.42
9.1	88.23
9.61	90.04
10.06	91.85
10.6	93.66
11.02	95.48
11.47	97.27
12.09	99.09
12.58	100.87
12.98	102.68
13.54	104.48
14.1	106.28
14.63	108.07
15.12	109.87
15.52	111.67
16.1	113.46
16.68	115.24
17.22	117.04
17.67	118.84
18.22	120.62
18.8	122.4
19.32	124.18
19.83	125.97
20.41	127.74
20.97	129.51
21.59	131.31
22.15	133.05
22.82	134.82
23.4	136.6
23.93	138.38
24.6	140.13
25.18	141.89
25.87	143.67
26.47	145.41
27.12	147.16
27.72	148.91
28.39	150.64
29.15	152.39
29.84	154.14
30.56	155.88
31.25	157.61
31.98	159.33
32.76	161.05
33.39	162.78
34.24	164.5
34.99	166.21
35.71	167.92
36.51	169.62
37.27	171.34
38.12	173.03
39.08	174.72
39.92	176.41
40.77	178.1
41.57	179.79
42.49	181.44
43.4	183.11
44.32	184.77
45.25	186.4
46.32	188.05
47.26	189.66
48.22	191.29
49.27	192.89
50.41	194.47
51.59	196
52.79	197.51
54.09	198.99
55.6	200.37
57.05	201.44
57.32	201.7
58.35	199.32
58.23	187.46
57.9	185.59
57.63	183.73
57.27	181.85
56.94	180
56.45	178.22
56.05	176.39
55.65	174.58
55.25	172.77
54.89	170.93
54.35	169.14
53.93	167.34
53.59	165.51
53.1	163.71
52.73	161.89
52.19	160.08
51.72	158.26
51.25	156.45
50.92	154.64
50.36	152.83
49.89	151.02
49.58	149.21
49.16	147.37
48.55	145.58
48.18	143.77
47.57	141.97
47.15	140.16
46.75	138.33
46.24	136.53
45.83	134.72
45.28	132.92
44.81	131.1
44.29	129.29
43.83	127.47
43.36	125.65
42.85	123.84
42.4	122.03
42.02	120.21
41.46	118.4
40.99	116.6
40.39	114.78
40.06	112.97
39.5	111.16
38.99	109.34
38.52	107.54
38.03	105.71
37.56	103.92
37.05	102.1
36.51	100.3
36.07	98.49
35.62	96.67
35.06	94.84
34.66	93.05
34.17	91.22
33.63	89.42
33.21	87.62
32.7	85.81
32.12	83.98
31.67	82.18
31.27	80.35
30.73	78.56
30.22	76.74
29.82	74.94
29.37	73.13
28.75	71.31
28.39	69.5
27.84	67.69
27.37	65.87
26.9	64.04
26.34	62.24
26.01	60.41
25.45	58.62
25	56.8
24.47	54.97
24.09	53.18
23.55	51.36
23.15	49.54
22.66	47.73
22.1	45.89
21.7	44.1
21.17	42.29
20.83	40.47
20.32	38.63
19.83	36.84
19.36	35.01
18.91	33.21
18.51	31.39
18.07	29.57
17.62	27.76
17.06	25.94
16.68	24.13
16.17	22.32
15.7	20.5
15.35	18.69
14.81	16.87
14.45	15.05
13.96	13.24
13.45	11.41
12.98	9.61
12.49	7.83
12.11	6.06
11.71	4.23
11.15	2.4
10.77	0.6
10.33	-1.22
9.79	-3.02
9.41	-4.84
8.81	-6.67
8.39	-8.48
7.83	-10.29
7.41	-12.12
7.05	-13.91
6.47	-15.74
6.02	-17.55
5.51	-19.37
5.02	-21.19
4.62	-22.99
4.08	-24.8
3.64	-26.61
3.1	-28.43
2.63	-30.23
2.19	-32.04
1.99	-32.33
1.61	-25.89
1.25	-27.77
1.01	-29.64
0.65	-31.52
0.34	-33.39
-0.07	-35.26
-0.33	-37.11
-0.76	-38.96
-1.16	-40.8
-1.51	-42.65
-2.01	-44.5
-2.38	-46.32
-2.92	-48.16
-3.3	-49.99
-3.83	-51.81
-4.24	-53.65
-4.79	-55.48
-5.11	-57.3
-5.66	-59.12
-6.15	-60.93
-6.64	-62.76
-6.98	-64.57
-7.63	-66.39
-8.03	-68.19
-8.63	-70.01
-9.03	-71.81
-9.48	-73.61
-10.1	-75.41
-10.66	-77.21
-11.04	-79.01
-11.62	-80.8
-12.22	-82.59
-12.67	-84.39
-13.27	-86.18
-13.76	-87.97
-14.32	-89.74
-14.96	-91.53
-15.41	-93.3
-16.1	-95.07
-16.55	-96.84
-17.22	-98.63
-17.8	-100.39
-18.31	-102.15
-18.96	-103.91
-19.54	-105.66
-20.25	-107.42
-20.85	-109.18
-21.36	-110.94
-21.99	-112.69
-22.81	-114.43
-23.33	-116.18
-24.06	-117.92
-24.69	-119.66
-25.33	-121.4
-26.14	-123.14
-26.78	-124.87
-27.52	-126.59
-28.28	-128.31
-29.13	-130.03
-29.71	-131.75
-30.46	-133.46
-31.45	-135.17
-32.18	-136.87
-33.01	-138.57
-33.76	-140.27
-34.5	-141.96
-35.39	-143.64
-36.33	-145.32
-37.22	-147
-38.07	-148.65
-39.03	-150.32
-40.03	-151.98
-40.81	-153.62
-41.91	-155.25
-42.93	-156.88
-43.98	-158.49
-44.94	-160.1
-46.19	-161.68
-47.26	-163.25
-48.42	-164.82
-49.82	-166.34
-51.14	-167.84
-52.41	-169.31
-53.93	-170.73
-55.49	-172.07
-56.76	-172.89
-57.43	-173.31
-57.43	-171.28
-57.58	-169.28
-57.65	-167.28
-57.54	-157.43
-57.18	-155.56
-56.62	-153.71
-56.29	-151.87
-55.98	-150.03
-55.75	-148.18
-55.24	-146.33
-54.75	-144.53
-54.44	-142.73
-53.93	-140.93
-53.59	-139.11
-53.03	-137.32
-52.54	-135.49
-52.14	-133.71
-51.61	-131.89
-51.25	-130.1
-50.63	-128.29
-50.25	-126.47
-49.78	-124.68
-49.35	-122.87
-48.8	-121.06
-48.19	-119.26
-47.7	-117.45
-47.37	-115.65
-46.79	-113.82
-46.39	-112.05
-45.87	-110.25
-45.34	-108.44
-44.85	-106.64
-44.22	-104.84
-43.85	-103.03
-43.2	-101.22
-42.84	-99.41
-42.22	-97.61
-41.82	-95.8
-41.21	-93.99
-40.79	-92.19
-40.3	-90.37
-39.81	-88.57
-39.23	-86.77
-38.74	-84.96
-38.14	-83.16
-37.67	-81.36
-37.27	-79.54
-36.71	-77.75
-36.26	-75.94
-35.66	-74.14
-35.15	-72.32
-34.68	-70.5
-34.1	-68.73
-33.61	-66.91
-33.21	-65.11
-32.69	-63.3
-32.2	-61.5
-31.6	-59.69
-31.18	-57.88
-30.53	-56.09
-30.2	-54.27
-29.55	-52.48
-29.13	-50.67
-28.55	-48.87
-28.06	-47.06
-27.7	-45.26
-27.1	-43.45
-26.56	-41.62
-26.11	-39.84
-25.69	-38.02
-25.09	-36.22
-24.62	-34.39
-24.2	-32.58
-23.73	-30.79
-23.1	-28.99
-22.68	-27.17
-22.21	-25.38
-21.63	-23.56
-21.19	-21.78
-20.78	-19.97
-20.27	-18.16
-19.69	-16.36
-19.27	-14.57
-18.87	-12.76
-18.42	-10.98
-17.86	-9.22
-17.42	-7.42
-17.08	-5.62
-16.57	-3.81
-16.12	-2
-15.63	-0.2
-15.12	1.62
-14.7	3.42
-14.14	5.23
-13.69	7.03
-13.25	8.87
-12.71	10.64
-12.15	12.46
-11.77	14.28
-11.31	16.06
-10.7	17.88
-10.21	19.69
-9.72	21.5
-9.21	23.31
-8.72	25.13
-8.27	26.95
-7.78	28.74
-7.29	30.56
-6.78	32.36
-6.38	34.16
-5.75	35.99
-5.35	37.78
-4.86	39.58
-4.28	41.4
-3.77	43.18
-3.14	45.01
-2.74	46.79
-2.21	48.6
-1.67	50.41
-1.11	52.22
-0.73	53.73
-0.42	53.91
0.07	55.75
0.49	57.57
1.03	59.38
1.59	61.18
1.96	62.99
2.5	64.79
3.1	66.58
3.57	68.39
4.22	70.17
4.75	71.98
5.2	73.76
5.82	75.55
6.29	77.35
6.89	79.15
7.43	80.94
7.87	82.74
8.57	84.53
9.12	86.32
9.55	88.09
10.1	89.89
10.77	91.67
11.2	93.45
11.93	95.23
12.36	97.01
12.94	98.79
13.54	100.58
14.07	102.34
14.72	104.11
15.26	105.89
15.86	107.67
16.39	109.42
17.06	111.19
17.62	112.96
18.22	114.73
18.83	116.48
19.43	118.25
20.03	120.02
20.61	121.76
21.21	123.52
21.84	125.28
22.55	127.04
23.24	128.77
23.82	130.52
24.42	132.26
25.23	134
25.9	135.75
26.65	137.5
27.19	139.22
27.92	140.96
28.64	142.69
29.37	144.41
30.11	146.14
30.87	147.86
31.74	149.57
32.41	151.31
33.12	153
33.92	154.72
34.84	156.42
35.62	158.12
36.42	159.82
37.22	161.5
38.01	163.21
38.9	164.89
39.75	166.58
40.59	168.27
41.55	169.93
42.42	171.62
43.38	173.27
44.21	174.92
45.25	176.58
46.06	178.23
47.08	179.86
48.02	181.5
49.16	183.12
50.12	184.7
51.1	186.29
52.17	187.86
53.48	189.42
54.51	190.94
55.83	192.43
57.16	193.87
58.79	195.25
59.86	195.89
60.82	196.53
63.25	197.68
66.42	198.55
71.75	198.63
79.53	193.65
79.42	191.83
79.22	189.96
78.91	188.09
78.57	186.26
78.04	184.4
77.73	182.6
77.15	180.79
76.72	178.98
76.21	177.17
75.83	175.38
75.27	173.56
74.92	171.76
74.29	169.96
73.82	168.17
73.33	166.36
72.8	164.56
72.26	162.77
71.75	160.98
71.26	159.19
70.68	157.39
70.26	155.6
69.7	153.8
69.14	152.01
68.65	150.23
68.11	148.43
67.58	146.64
67	144.85
66.44	143.06
66.02	141.27
65.35	139.48
64.84	137.69
64.32	135.9
63.63	134.12
63.16	132.33
62.54	130.54
61.96	128.75
61.51	126.97
60.89	125.17
60.4	123.37
59.82	121.6
59.37	119.82
58.68	118.04
58.19	116.25
57.79	114.44
57.1	112.66
56.63	110.87
56.16	109.07
55.65	107.31
55.13	105.52
54.71	103.74
54.11	101.95
53.55	100.19
53.17	98.41
52.48	96.63
52.06	94.85
51.48	93.05
50.96	91.3
50.45	89.52
49.94	87.74
49.31	85.95
48.76	84.2
48.15	82.42
47.46	80.66
46.93	78.88
46.32	77.1
45.77	75.34
45.21	73.57
44.58	71.79
43.94	70.03
43.34	68.26
42.76	66.5
42.13	64.73
41.51	62.96
40.9	61.19
40.21	59.43
39.68	57.65
39.01	55.89
38.36	54.12
37.76	52.36
37.14	50.59
36.49	48.83
35.89	47.08
35.2	45.32
34.55	43.54
33.95	41.79
33.41	40.04
32.68	38.28
32.1	36.52
31.45	34.74
30.82	32.97
30.15	31.25
29.51	29.48
28.84	27.73
28.28	25.98
27.57	24.21
26.94	22.46
26.43	20.67
25.63	18.94
24.98	17.19
24.38	15.45
23.89	13.77
23.29	12
22.62	10.23
22.08	8.48
21.39	6.71
20.85	4.95
20.21	3.2
19.63	1.43
18.94	-0.34
18.42	-2.09
17.69	-3.85
17.15	-5.62
16.55	-7.37
15.99	-9.13
15.35	-10.89
14.61	-12.64
14.12	-14.4
13.49	-16.16
12.87	-17.91
12.16	-19.69
11.62	-21.43
11	-23.19
10.28	-24.94
9.7	-26.69
9.06	-28.45
8.32	-30.2
7.76	-31.96
7.05	-33.72
6.42	-35.47
5.84	-37.23
5.18	-38.98
4.42	-40.73
3.79	-42.48
3.08	-44.25
2.54	-45.99
1.72	-47.73
1.23	-49.5
0.45	-51.24
-0.24	-53
-0.94	-54.78
-1.58	-56.52
-2.18	-58.27
-2.83	-60.01
-3.57	-61.76
-4.26	-63.51
-4.99	-65.29
-5.66	-67
-6.29	-68.74
-7.05	-70.49
-7.69	-72.24
-8.45	-73.97
-9.16	-75.71
-9.86	-77.44
-10.44	-79.18
-11.13	-80.92
-11.8	-82.65
-12.53	-84.38
-13.34	-86.11
-13.96	-87.86
-14.76	-89.56
-15.48	-91.29
-16.15	-93.01
-16.9	-94.72
-17.57	-96.44
-18.4	-98.14
-19.13	-99.84
-19.91	-101.54
-20.54	-103.26
-21.32	-104.96
-22.08	-106.65
-22.93	-108.36
-23.73	-110.06
-24.55	-111.76
-25.29	-113.46
-26.2	-115.15
-26.92	-116.84
-27.85	-118.53
-28.61	-120.21
-29.55	-121.88
-30.44	-123.56
-31.29	-125.25
-32.09	-126.91
-33.16	-128.58
-33.9	-130.24
-34.9	-131.89
-35.82	-133.56
-36.78	-135.2
-37.67	-136.84
-38.67	-138.47
-39.79	-140.13
-40.68	-141.78
-41.79	-143.39
-42.62	-145.01
-43.73	-146.63
-44.72	-148.24
-45.74	-149.85
-46.92	-151.45
-48.06	-153.04
-49.2	-154.62
-50.27	-156.2
-51.34	-157.74
-52.63	-159.28
-53.84	-160.82
-55.02	-162.35
-56.36	-163.8
-57.56	-165.25
-59.3	-166.62
-61.09	-167.94
-61.24	-168
-63.14	-169.21
-65.39	-170.35
-68.71	-171.21
-73.95	-171.3
-78.19	-167.71
-78.12	-165.76
-77.9	-163.9
-77.39	-162.05
-77.01	-160.2
-76.79	-158.37
-76.47	-156.52
-75.78	-154.68
-75.38	-152.89
-75	-151.09
-74.58	-149.28
-73.98	-147.48
-73.46	-145.67
-73.04	-143.87
-72.55	-142.08
-71.84	-140.29
-71.46	-138.49
-70.9	-136.71
-70.41	-134.91
-69.83	-133.12
-69.2	-131.32
-68.82	-129.54
-68.16	-127.75
-67.8	-125.96
-67.17	-124.18
-66.64	-122.37
-65.95	-120.6
-65.52	-118.81
-64.81	-117.02
-64.34	-115.24
-63.76	-113.46
-63.2	-111.67
-62.47	-109.89
-62.02	-108.12
-61.49	-106.32
-60.86	-104.55
-60.33	-102.77
-59.72	-100.98
-59.28	-99.2
-58.72	-97.43
-58.19	-95.64
-57.65	-93.86
-56.96	-92.09
-56.62	-90.29
-56.07	-88.53
-55.47	-86.74
-55.09	-84.97
-54.44	-83.18
-53.99	-81.41
-53.46	-79.64
-52.92	-77.86
-52.36	-76.09
-51.7	-74.31
-51.29	-72.53
-50.71	-70.76
-50.22	-68.99
-49.53	-67.22
-48.82	-65.45
-48.31	-63.69
-47.7	-61.92
-47.17	-60.15
-46.59	-58.38
-45.87	-56.63
-45.38	-54.86
-44.63	-53.1
-43.96	-51.34
-43.49	-49.58
-42.77	-47.82
-42.22	-46.05
-41.53	-44.3
-41.01	-42.54
-40.37	-40.77
-39.61	-39.03
-38.96	-37.27
-38.34	-35.52
-37.62	-33.76
-37.07	-32
-36.42	-30.24
-35.75	-28.49
-35.06	-26.73
-34.48	-24.98
-33.81	-23.22
-33.07	-21.5
-32.34	-19.81
-31.89	-18.07
-31.11	-16.32
-30.51	-14.56
-29.95	-12.82
-29.21	-11.06
-28.61	-9.32
-27.99	-7.56
-27.21	-5.81
-26.69	-4.06
-26.03	-2.29
-25.31	-0.55
-24.73	1.19
-24.09	2.93
-23.42	4.69
-22.77	6.44
-22.03	8.16
-21.45	9.91
-20.78	11.64
-20.07	13.4
-19.42	15.12
-18.87	16.86
-18.2	18.61
-17.46	20.36
-16.79	22.1
-16.26	23.83
-15.57	25.6
-14.81	27.32
-14.18	29.07
-13.49	30.78
-12.84	32.52
-12.11	34.25
-11.35	35.98
-10.73	37.7
-10.08	39.44
-9.25	41.18
-8.56	42.91
-7.94	44.66
-7.22	46.4
-6.51	48.13
-5.8	49.85
-5.06	51.57
-4.35	53.3
-3.63	55.03
-2.85	56.75
-2.01	58.47
-1.31	60.21
-1.05	60.77
-0.47	59.91
0.05	61.77
0.51	63.52
1.18	65.27
1.88	67
2.68	68.77
3.44	70.48
4.04	72.2
4.8	73.92
5.62	75.65
6.38	77.35
7.05	79.07
7.94	80.8
8.7	82.52
9.48	84.22
10.19	85.92
11.04	87.64
11.76	89.34
12.58	91.04
13.29	92.74
14.16	94.44
14.94	96.14
15.73	97.84
16.48	99.53
17.22	101.23
18.02	102.93
18.8	104.62
19.72	106.31
20.41	108
21.35	109.68
22.1	111.36
22.88	113.05
23.78	114.73
24.56	116.42
25.45	118.08
26.23	119.75
27.19	121.42
28.13	123.09
28.95	124.75
29.89	126.41
30.94	128.07
31.72	129.74
32.7	131.41
33.63	133.05
34.68	134.71
35.51	136.36
36.44	138.01
37.47	139.64
38.45	141.29
39.46	142.92
40.57	144.55
41.46	146.19
42.6	147.8
43.51	149.43
44.65	151.05
45.7	152.68
46.68	154.27
47.82	155.86
48.76	157.48
49.85	159.07
50.96	160.63
51.99	162.22
53.15	163.8
54.13	165.36
55.27	166.89
56.41	168.44
57.54	169.99
58.84	171.49
60.17	172.97
61.58	174.45
63.16	175.94
64.79	177.33
66.58	178.71
68.54	180.06
70.61	181.27
72.69	182.48
75.41	183.52
78.31	184.38
80.11	181.75
79.93	171.9
79.6	170.04
79.29	168.17
78.91	166.35
78.31	164.54
77.79	162.75
77.41	160.93
76.86	159.14
76.43	157.33
76.01	155.53
75.43	153.75
74.92	151.94
74.4	150.16
73.96	148.35
73.53	146.57
73.04	144.76
72.44	142.97
71.97	141.17
71.39	139.38
70.86	137.59
70.28	135.8
69.83	134.01
69.3	132.22
68.74	130.42
68.23	128.65
67.67	126.83
67.18	125.05
66.69	123.26
66	121.47
65.55	119.69
64.86	117.91
64.34	116.11
63.72	114.33
63.16	112.51
62.63	110.75
62	108.94
61.47	107.16
60.89	105.39
60.42	103.6
59.82	101.81
59.35	100.04
58.79	98.24
58.17	96.46
57.63	94.69
57.07	92.9
56.56	91.12
56.12	89.34
55.54	87.56
55.09	85.8
54.53	84.03
54.04	82.24
53.42	80.47
52.93	78.7
52.32	76.93
51.86	75.16
51.32	73.39
50.65	71.6
50.03	69.86
49.47	68.07
48.91	66.32
48.26	64.57
47.71	62.8
47.1	61.04
46.53	59.29
45.81	57.5
45.16	55.76
44.47	54
43.87	52.22
43.34	50.48
42.58	48.73
41.91	46.99
41.4	45.22
40.61	43.48
39.97	41.73
39.34	39.99
38.52	38.25
37.92	36.5
37.16	34.77
36.49	33.02
35.82	31.26
35.15	29.54
34.35	27.81
33.61	26.07
32.97	24.34
32.34	22.6
31.58	20.88
30.82	19.17
30.2	17.47
29.46	15.76
28.86	14.01
28.08	12.3
27.41	10.57
26.68	8.85
25.92	7.11
25.2	5.38
24.49	3.66
23.8	1.94
23.02	0.2
22.35	-1.53
21.59	-3.25
20.9	-4.96
20.16	-6.68
19.45	-8.4
18.74	-10.12
18.04	-11.82
17.2	-13.54
16.53	-15.26
15.73	-16.96
15.06	-18.68
14.3	-20.38
13.49	-22.11
12.71	-23.79
12	-25.51
11.13	-27.2
10.39	-28.92
9.68	-30.61
8.88	-32.32
8.08	-34.02
7.25	-35.71
6.42	-37.41
5.62	-39.11
4.69	-40.79
3.97	-42.5
3.08	-44.19
2.5	-45.32
2.08	-45.79
1.36	-47.54
0.63	-49.26
-0.33	-50.96
-1.05	-52.65
-1.98	-54.37
-2.76	-56.07
-3.7	-57.74
-4.57	-59.44
-5.4	-61.13
-6.18	-62.81
-7.09	-64.5
-7.94	-66.19
-8.7	-67.87
-9.57	-69.54
-10.46	-71.22
-11.35	-72.91
-12.2	-74.59
-13	-76.27
-13.94	-77.94
-14.72	-79.61
-15.61	-81.27
-16.52	-82.92
-17.39	-84.59
-18.22	-86.24
-19.25	-87.89
-20.05	-89.55
-20.96	-91.19
-21.9	-92.84
-22.88	-94.48
-23.73	-96.13
-24.71	-97.77
-25.62	-99.42
-26.49	-101.08
-27.48	-102.7
-28.63	-104.32
-29.68	-105.97
-30.64	-107.59
-31.58	-109.22
-32.54	-110.86
-33.7	-112.47
-34.68	-114.07
-35.86	-115.68
-36.98	-117.3
-37.98	-118.89
-39.09	-120.48
-40.21	-122.09
-41.17	-123.69
-42.46	-125.27
-43.51	-126.85
-44.76	-128.42
-45.81	-130
-46.99	-131.58
-48.19	-133.15
-49.33	-134.72
-50.47	-136.28
-51.56	-137.83
-52.79	-139.4
-53.93	-140.92
-55	-142.47
-56.29	-143.97
-57.43	-145.47
-58.61	-146.97
-60.19	-148.42
-61.62	-149.88
-63.14	-151.31
-64.92	-152.74
-66.71	-154.09
-67.2	-154.45
-68.58	-155.38
-70.68	-156.58
-73.02	-157.66
-76.25	-158.46
-78.53	-155.71
-78.57	-153.71
-78.55	-145.84
-77.97	-144
-77.75	-142.14
-77.14	-140.31
-76.92	-138.47
-76.25	-136.66
-75.92	-134.86
-75.36	-133.04
-74.71	-131.26
-74.4	-129.46
-73.89	-127.67
-73.4	-125.86
-72.77	-124.08
-72.21	-122.29
-71.86	-120.5
-71.37	-118.71
-70.74	-116.9
-70.12	-115.13
-69.76	-113.33
-69	-111.54
-68.65	-109.77
-68.07	-107.97
-67.55	-106.18
-67.02	-104.4
-66.42	-102.61
-65.88	-100.82
-65.3	-99.03
-64.7	-97.26
-64.1	-95.48
-63.54	-93.69
-62.82	-91.91
-62.2	-90.13
-61.71	-88.35
-61.06	-86.57
-60.59	-84.78
-60.04	-83
-59.61	-81.22
-58.92	-79.44
-58.5	-77.67
-57.85	-75.86
-57.32	-74.11
-56.83	-72.32
-56.36	-70.55
-55.75	-68.79
-55.2	-67
-54.62	-65.24
-54.15	-63.47
-53.5	-61.71
-53.06	-59.94
-52.39	-58.17
-51.9	-56.4
-51.38	-54.63
-50.71	-52.86
-50.11	-51.1
-49.6	-49.33
-48.95	-47.56
-48.33	-45.82
-47.68	-44.06
-47.03	-42.3
-46.39	-40.55
-45.79	-38.78
-45.21	-37.04
-44.58	-35.28
-43.87	-33.53
-43.27	-31.79
-42.64	-30.04
-41.93	-28.3
-41.3	-26.54
-40.39	-24.87
-39.88	-23.12
-39.21	-21.39
-38.56	-19.64
-37.96	-17.9
-37.27	-16.16
-36.44	-14.42
-35.86	-12.67
-35.04	-10.93
-34.41	-9.21
-33.68	-7.46
-32.98	-5.74
-32.27	-4.01
-31.51	-2.26
-30.87	-0.55
-30.04	1.18
-29.39	2.9
-28.7	4.63
-27.9	6.35
-27.12	8.08
-26.49	9.8
-25.76	11.51
-24.87	13.23
-24.2	14.95
-23.53	16.69
-22.81	18.38
-21.97	20.1
-21.3	21.79
-20.56	23.5
-19.69	25.21
-19.04	26.92
-18.29	28.62
-17.51	30.33
-16.7	32.04
-15.97	33.73
-15.25	35.42
-14.45	37.11
-13.63	38.8
-12.87	40.49
-11.95	42.17
-11.11	43.86
-10.3	45.54
-9.48	47.24
-8.58	48.94
-7.76	50.59
-6.96	52.28
-6.06	53.96
-5.15	55.64
-4.3	57.31
-3.48	58.99
-2.5	60.67
-1.72	62.34
-0.94	63.62
-0.42	57.95
-0.09	59.83
0.4	61.65
0.89	63.48
1.43	65.27
1.99	67.06
2.5	68.83
3.24	70.57
3.99	72.31
4.62	74.04
5.33	75.78
6.22	77.47
6.89	79.17
7.74	80.89
8.59	82.59
9.35	84.29
10.28	85.96
11	87.65
11.98	89.33
12.74	91.01
13.58	92.69
14.43	94.37
15.3	96.03
16.19	97.7
17.06	99.37
17.98	101.02
18.87	102.68
19.63	104.35
20.7	106
21.57	107.65
22.42	109.29
23.31	110.94
24.38	112.6
25.16	114.24
26.25	115.87
27.19	117.53
28.15	119.15
29.13	120.78
30.13	122.41
31.18	124.05
32.16	125.66
33.28	127.29
34.35	128.9
35.4	130.51
36.4	132.16
37.4	133.75
38.47	135.37
39.61	136.97
40.7	138.58
41.86	140.17
42.93	141.77
44.12	143.36
45.23	144.94
46.3	146.53
47.42	148.11
48.53	149.67
49.74	151.24
50.85	152.8
51.94	154.36
53.08	155.91
54.2	157.46
55.36	158.99
56.54	160.49
57.88	162
59.13	163.49
60.66	164.96
62.03	166.41
63.65	167.84
65.55	169.22
67.29	170.57
69.21	171.88
69.52	171.95
71.37	173.09
73.67	174.23
76.21	175.26
79.4	176.1
83.24	176.7
88.16	176.94
93.99	176.87
100.36	176.53
107.61	175.97
114.21	175.39
121.48	174.75
121.77	172.6
121.91	170.59
122.09	168.61
121.97	166.71
121.51	164.87
121.13	163
120.57	161.22
119.9	159.41
119.54	157.62
118.92	155.84
118.47	154.05
117.94	152.26
117.43	150.48
116.98	148.69
116.38	146.9
115.84	145.11
115.19	143.32
114.73	141.54
114.19	139.76
113.63	137.96
113.1	136.21
112.5	134.43
111.87	132.65
111.38	130.86
110.8	129.1
110.24	127.31
109.69	125.55
109.02	123.78
108.55	122
107.86	120.24
107.43	118.47
106.7	116.69
106.21	114.89
105.45	113.15
104.91	111.39
104.38	109.62
103.73	107.87
103.13	106.1
102.62	104.34
101.99	102.57
101.35	100.81
100.79	99.05
100.25	97.29
99.43	95.54
98.89	93.79
98.29	92
97.64	90.28
97.06	88.51
96.19	86.76
95.66	84.99
94.99	83.27
94.39	81.52
93.58	79.78
92.94	78.05
92.2	76.31
91.44	74.58
90.73	72.85
90.08	71.1
89.35	69.38
88.65	67.65
87.87	65.94
87.23	64.22
86.36	62.51
85.55	60.78
84.86	59.07
84.04	57.35
83.35	55.65
82.54	53.95
81.72	52.27
80.96	50.6
80.31	48.91
79.53	47.22
78.75	45.5
78.04	43.84
77.17	42.13
76.5	40.45
75.59	38.77
74.76	37.08
73.94	35.39
73.15	33.72
72.28	32.04
71.55	30.36
70.57	28.69
69.61	27.03
68.69	25.37
67.85	23.71
66.95	22.05
66.02	20.4
65.06	18.75
64.03	17.1
63.1	15.46
62.07	13.82
61.11	12.16
60.09	10.54
59.15	8.9
58.21	7.27
57.3	5.63
56.34	4
55.51	2.37
54.58	0.76
53.71	-0.87
52.68	-2.49
51.77	-4.1
50.78	-5.72
49.87	-7.33
48.78	-8.94
47.73	-10.56
46.86	-12.16
45.77	-13.76
44.65	-15.39
43.63	-16.98
42.42	-18.58
41.4	-20.19
40.32	-21.78
39.19	-23.38
38.09	-24.97
37	-26.56
35.86	-28.16
34.82	-29.75
33.61	-31.35
32.43	-32.92
31.45	-34.51
30.31	-36.11
29.2	-37.7
27.92	-39.26
26.79	-40.84
25.74	-42.43
24.69	-44.01
23.6	-45.61
22.35	-47.18
21.23	-48.75
20.23	-50.32
19.07	-51.93
17.98	-53.5
16.91	-55.08
15.81	-56.64
14.68	-58.22
13.56	-59.81
12.36	-61.37
11.2	-62.96
10.1	-64.52
8.97	-66.08
7.67	-67.66
6.56	-69.23
5.33	-70.81
4.28	-72.4
3.08	-73.58
2.25	-73.69
1.36	-75.37
0.38	-77
-0.76	-78.62
-1.83	-80.2
-2.96	-81.8
-4.08	-83.38
-5.33	-84.96
-6.44	-86.55
-7.65	-88.12
-8.76	-89.69
-9.95	-91.27
-11.08	-92.85
-12.2	-94.4
-13.36	-95.99
-14.63	-97.53
-15.83	-99.06
-17.02	-100.6
-18.26	-102.13
-19.42	-103.68
-20.54	-105.22
-21.77	-106.77
-22.97	-108.29
-24.35	-109.82
-25.53	-111.34
-26.81	-112.9
-28.1	-114.41
-29.57	-115.93
-30.89	-117.44
-32.31	-118.94
-33.56	-120.44
-35.04	-121.93
-36.33	-123.42
-37.8	-124.92
-39.18	-126.38
-40.83	-127.86
-42.19	-129.32
-43.69	-130.78
-45.21	-132.19
-46.77	-133.61
-48.31	-135.03
-50.09	-136.44
-51.76	-137.8
-53.32	-139.16
-55.04	-140.47
-56.71	-141.75
-56.91	-141.78
-58.81	-142.94
-61.15	-144.04
-64.3	-144.96
-68.04	-145.68
-72.82	-145.95
-80.96	-144.86
-88.87	-144.1
-95.92	-143.62
-103.04	-143.22
-109.86	-142.76
-116.26	-142.45
-121.75	-138.57
-121.77	-136.57
-121.88	-134.57
-121.93	-132.61
-121.35	-130.76
-121.03	-128.92
-120.43	-127.08
-119.92	-125.29
-119.63	-123.49
-119.14	-121.69
-118.51	-119.89
-117.73	-118.11
-117.53	-116.3
-116.95	-114.5
-116.28	-112.72
-115.62	-110.94
-115.19	-109.15
-114.75	-107.36
-114.19	-105.57
-113.63	-103.79
-112.83	-102
-112.47	-100.24
-111.94	-98.41
-111.29	-96.67
-110.75	-94.9
-110.22	-93.09
-109.62	-91.32
-108.97	-89.55
-108.14	-87.78
-107.54	-86.01
-107.16	-84.23
-106.58	-82.46
-105.67	-80.67
-105.42	-78.9
-104.82	-77.13
-104	-75.36
-103.26	-73.59
-102.84	-71.81
-102.26	-70.05
-101.43	-68.28
-101.1	-66.52
-100.14	-64.75
-99.83	-62.99
-99.22	-61.3
-98.64	-59.53
-98.06	-57.76
-97.3	-56.01
-96.52	-54.24
-96.12	-52.47
-95.34	-50.71
-94.72	-48.97
-94.05	-47.23
-93.25	-45.48
-92.69	-43.74
-91.75	-42
-91.24	-40.25
-90.52	-38.51
-89.88	-36.77
-88.87	-35.04
-88.43	-33.3
-87.45	-31.57
-86.93	-29.84
-86.24	-28.11
-85.37	-26.38
-84.75	-24.66
-83.81	-22.94
-83.03	-21.2
-82.45	-19.49
-81.69	-17.78
-80.98	-16.06
-80.13	-14.36
-79.28	-12.65
-78.59	-10.95
-77.66	-9.24
-77.14	-7.52
-76.36	-5.85
-75.58	-4.13
-74.78	-2.43
-74.02	-0.74
-73.2	0.95
-72.28	2.61
-71.55	4.3
-70.68	5.97
-69.83	7.64
-68.85	9.32
-67.89	10.98
-67.15	12.65
-66.3	14.3
-65.23	15.97
-64.36	17.61
-63.45	19.26
-62.33	20.9
-61.42	22.52
-60.35	24.16
-59.48	25.79
-58.36	27.39
-57.52	29.02
-56.62	30.63
-55.64	32.23
-54.66	33.83
-53.75	35.44
-52.74	37.04
-51.72	38.63
-50.65	40.23
-49.62	41.81
-48.37	43.41
-47.41	44.99
-46.25	46.57
-45.05	48.14
-43.93	49.7
-42.69	51.25
-41.46	52.79
-40.23	54.35
-38.92	55.89
-37.67	57.41
-36.26	58.97
-34.95	60.49
-33.72	62
-32.43	63.51
-31.02	65.03
-29.75	66.54
-28.39	68.03
-26.94	69.55
-25.58	71.02
-24.29	72.5
-22.79	73.99
-21.5	75.46
-19.98	76.92
-18.55	78.39
-17.19	79.86
-15.86	81.32
-14.38	82.79
-12.82	84.2
-11.33	85.65
-9.68	87.07
-8.23	88.53
-6.76	89.99
-5.19	91.45
-3.66	92.91
-2.09	94.35
-1.43	94.92
-1.14	92.03
-1.16	90.03
-1.4	88.18
-1.85	86.32
-2.23	84.44
-2.56	82.58
-3.08	80.79
-3.59	78.96
-3.95	77.15
-4.46	75.33
-5.06	73.52
-5.53	71.71
-6.04	69.9
-6.53	68.09
-6.96	66.29
-7.45	64.46
-8.05	62.68
-8.58	60.87
-9.01	59.08
-9.54	57.26
-10.03	55.49
-10.68	53.68
-11.17	51.86
-11.64	50.09
-12.22	48.28
-12.71	46.51
-13.31	44.71
-13.8	42.92
-14.36	41.13
-14.85	39.33
-15.32	37.57
-16.08	35.78
-16.41	34
-16.99	32.22
-17.55	30.44
-18.2	28.67
-18.71	26.89
-19.27	25.1
-19.78	23.32
-20.52	21.54
-20.96	19.77
-21.61	18
-22.17	16.22
-22.77	14.46
-23.35	12.69
-23.82	10.93
-24.6	9.16
-25.09	7.4
-25.67	5.62
-26.43	3.87
-26.94	2.12
-27.7	0.35
-28.32	-1.4
-28.92	-3.16
-29.66	-4.91
-30.24	-6.66
-30.8	-8.4
-31.6	-10.16
-32.27	-11.89
-32.96	-13.64
-33.56	-15.38
-34.3	-17.11
-35.08	-18.84
-35.73	-20.57
-36.55	-22.31
-37.13	-23.97
-41.17	-22.6
-40.75	-20.75
-40.39	-18.9
-39.99	-17.07
-39.63	-15.23
-39.16	-13.39
-38.6	-11.55
-38.29	-9.73
-37.87	-7.89
-37.47	-6.07
-36.89	-4.24
-36.44	-2.41
-35.93	-0.59
-35.62	1.24
-35.08	3.06
-34.68	4.88
-34.1	6.7
-33.7	8.53
-33.27	10.35
-32.63	12.18
-32.18	13.96
-31.85	15.79
-31.36	17.59
-30.75	19.42
-30.26	21.23
-29.88	23.05
-29.37	24.83
-28.75	26.64
-28.3	28.46
-27.88	30.25
-27.36	32.06
-26.74	33.87
-26.29	35.68
-25.78	37.47
-25.24	39.3
-24.67	41.07
-24.26	42.86
-23.75	44.66
-23.1	46.46
-22.61	48.24
-22.17	50.04
-21.59	51.82
-21.01	53.61
-20.45	55.39
-19.89	57.18
-19.45	58.97
-18.96	60.76
-18.24	62.51
-17.73	64.29
-17.28	66.05
-16.68	67.83
-16.06	69.62
-15.43	71.37
-14.87	73.13
-14.32	74.89
-13.71	76.66
-13.09	78.42
-12.44	80.17
-11.84	81.9
-11.11	83.66
-10.39	85.38
-9.59	87.11
-8.92	88.82
-8.07	90.56
-7.4	92.29
-6.49	93.95
-5.6	95.63
-4.77	97.29
-3.88	98.96
-2.94	100.61
-1.94	102.24
-0.94	103.87
0.09	105.5
1.27	107.11
2.23	108.72
3.35	110.32
4.55	111.94
5.78	113.48
6.94	115.03
8.32	116.55
9.55	118.06
11.02	119.56
12.4	121.05
13.67	122.54
15.26	123.97
16.62	125.41
18.13	126.86
19.72	128.29
21.17	129.72
22.68	131.15
24.31	132.56
25.87	133.96
27.57	135.35
29.31	136.73
30.98	138.11
32.76	139.47
34.64	140.8
36.44	142.15
38.32	143.46
40.26	144.81
42.15	146.08
44.23	147.34
46.3	148.59
48.33	149.81
50.52	151.01
52.64	152.18
54.75	153.33
57.01	154.4
59.55	155.45
62.38	156.44
65.44	157.39
68.47	158.32
71.82	159.07
75.25	159.76
79.22	160.31
83.32	160.78
87.9	161.14
92.65	161.45
97.64	161.65
102.79	161.79
107.88	161.89
113.21	161.94
118.61	161.88
122.13	146.67
121.89	144.83
121.57	142.97
121.08	141.17
120.57	139.37
120.06	137.53
119.57	135.77
118.99	133.98
118.41	132.18
117.98	130.38
117.49	128.61
116.98	126.82
116.42	125.03
115.98	123.25
115.42	121.47
114.84	119.68
114.3	117.9
113.7	116.13
113.23	114.34
112.5	112.54
112.18	110.79
111.56	109.01
110.94	107.23
110.38	105.47
109.84	103.67
109.11	101.92
108.62	100.15
108.08	98.38
107.46	96.6
106.9	94.85
106.23	93.09
105.69	91.3
105.11	89.56
104.45	87.8
103.78	86.03
103.24	84.27
102.66	82.5
102.01	80.75
101.37	79
100.74	77.24
100.12	75.49
99.4	73.75
98.82	72
98.16	70.23
97.6	68.51
96.82	66.77
96.17	65.04
95.39	63.3
94.77	61.57
94.12	59.83
93.43	58.16
92.69	56.45
92.02	54.71
91.44	52.99
90.6	51.27
89.9	49.54
89.1	47.82
88.43	46.1
87.63	44.38
86.98	42.67
86.13	40.97
85.47	39.25
84.6	37.55
83.73	35.84
82.97	34.14
82.23	32.44
81.41	30.73
80.6	29.04
79.71	27.36
79.02	25.68
78.24	23.99
77.46	22.32
76.5	20.64
75.81	18.95
74.85	17.3
74.02	15.63
73.13	13.98
72.2	12.32
71.35	10.67
70.43	9.01
69.5	7.37
68.52	5.73
67.53	4.09
66.53	2.45
65.59	0.82
64.52	-0.82
63.59	-2.44
62.54	-4.06
61.42	-5.71
60.35	-7.29
59.39	-8.92
58.32	-10.52
57.39	-12.11
56.34	-13.73
55.36	-15.32
54.4	-16.92
53.35	-18.51
52.46	-20.09
51.3	-21.68
50.27	-23.28
49.2	-24.84
48.02	-26.41
46.95	-27.98
45.77	-29.54
44.58	-31.1
43.36	-32.66
42.18	-34.23
41.02	-35.77
39.77	-37.32
38.5	-38.86
37.29	-40.4
36.02	-41.95
34.82	-43.5
33.46	-45.01
32.21	-46.55
30.96	-48.09
29.69	-49.6
28.35	-51.13
26.97	-52.65
25.78	-54.18
24.53	-55.69
23.2	-57.21
21.79	-58.73
20.52	-60.23
19.2	-61.74
18	-63.23
16.59	-64.72
15.21	-66.22
13.9	-67.71
12.56	-69.19
11.13	-70.66
9.64	-72.14
8.16	-73.62
6.83	-75.09
5.35	-76.55
3.93	-77.96
3.86	-78.01
2.01	-79.35
0.74	-80.88
-2.85	-81.64
-3.72	-83.3
-5.02	-84.86
-6.33	-86.39
-7.74	-87.88
-9.14	-89.35
-10.66	-90.78
-12.31	-92.23
-13.78	-93.63
-15.57	-94.99
-17.33	-96.31
-19.16	-97.62
-20.85	-98.96
-22.64	-100.25
-24.6	-101.55
-26.58	-102.83
-28.68	-104.09
-30.73	-105.33
-32.87	-106.56
-35.26	-107.74
-37.6	-108.89
-39.9	-110.09
-42.28	-111.24
-42.46	-111.24
-44.65	-112.35
-47.08	-113.45
-49.62	-114.54
-51.92	-115.65
-54.48	-116.65
-57.03	-117.61
-59.75	-118.51
-62.89	-119.38
-66.24	-120.26
-69.47	-121.09
-72.66	-121.88
-76.07	-122.62
-79.49	-123.35
-82.99	-124.05
-86.78	-124.69
-90.9	-125.32
-94.87	-125.93
-98.58	-126.53
-102.79	-127.12
-106.83	-127.71
-111	-128.26
-114.68	-128.83
-118.47	-129.43
-121.21	-121.39
-121.35	-120.59
-121.08	-118.72
-120.63	-116.88
-120.23	-115.04
-119.72	-113.24
-119.18	-111.42
-118.56	-109.61
-118.2	-107.84
-117.71	-106.04
-116.93	-104.25
-116.37	-102.46
-116.06	-100.67
-115.48	-98.89
-114.75	-97.11
-114.25	-95.32
-113.72	-93.53
-113.14	-91.74
-112.67	-89.95
-112.18	-88.18
-111.58	-86.4
-110.82	-84.62
-110.15	-82.82
-109.86	-81.06
-109.26	-79.27
-108.7	-77.49
-108.14	-75.71
-107.25	-73.94
-106.78	-72.15
-106.14	-70.37
-105.74	-68.6
-105.02	-66.83
-104.49	-65.14
-104	-63.35
-103.33	-61.58
-102.84	-59.79
-102.21	-58.02
-101.52	-56.22
-100.78	-54.43
-100.38	-52.66
-99.83	-50.9
-99.22	-49.13
-98.33	-47.36
-97.8	-45.61
-97.42	-43.82
-96.64	-42.07
-96.12	-40.3
-95.41	-38.55
-94.83	-36.78
-93.94	-35.04
-93.42	-33.28
-92.89	-31.53
-92.11	-29.78
-91.42	-28.03
-90.7	-26.28
-89.97	-24.54
-89.16	-22.8
-88.67	-21.05
-87.94	-19.31
-87	-17.56
-86.53	-15.84
-85.77	-14.1
-84.88	-12.37
-84.03	-10.64
-83.48	-8.93
-82.83	-7.21
-81.89	-5.48
-81.31	-3.78
-80.51	-2.07
-79.77	-0.34
-78.97	1.36
-78.24	3.06
-77.41	4.76
-76.61	6.44
-75.67	8.14
-74.85	9.84
-74.18	11.51
-73.37	13.18
-72.53	14.86
-71.72	16.51
-70.74	18.19
-69.83	19.83
-68.96	21.48
-68.09	23.14
-66.93	24.78
-66.17	26.43
-65.1	28.05
-63.92	29.67
-63.05	31.31
-62.04	32.92
-60.91	34.51
-59.79	36.1
-58.74	37.69
-57.7	39.26
-56.67	40.86
-55.67	42.41
-54.42	43.95
-53.32	45.53
-52.12	47.06
-50.96	48.61
-49.87	50.15
-48.51	51.66
-47.37	53.19
-46.05	54.7
-44.72	56.21
-43.33	57.71
-41.88	59.19
-40.52	60.68
-39.12	62.17
-37.58	63.62
-36.11	65.09
-34.66	66.55
-33.27	68.01
-31.69	69.45
-30.2	70.89
-28.48	72.34
-27.03	73.74
-25.36	75.16
-23.86	76.58
-22.26	77.99
-20.63	79.36
-19.07	80.77
-17.51	82.16
-15.9	83.55
-14.27	84.93
-12.53	86.31
-10.86	87.67
-9.19	89.06
-7.27	90.44
-5.64	91.82
-3.83	93.21
-2.07	94.57
6.36	97.61
9.75	101.39
13.78	104.88
18.11	108.27
22.59	111.6
27.21	114.92
32.12	118.12
34.59	119.69
37.18	121.31
42.64	124.37
48.31	127.34
53.91	130.14
60	132.78
67.49	135.18
75.36	137.29
83.68	139.21
92.87	140.91
102.71	142.37
112.79	143.63
123.4	144.7
133.93	146.02
143.99	147.4
153.11	148.88
156.78	147.12
159	149.51
161.14	150.51
162.35	135.03
161	130.55
159.6	126.06
158.17	121.59
156.69	117.11
155.19	112.66
153.64	108.25
152.11	103.82
150.54	99.4
148.94	94.98
147.16	90.65
145.57	86.24
143.94	81.85
142.37	77.43
140.71	73.04
139.04	68.66
137.34	64.27
135.65	59.9
133.91	55.54
132.13	51.2
130.3	46.87
128.44	42.56
126.51	38.28
124.55	34
122.55	29.74
120.48	25.51
118.38	21.27
116.17	17.08
113.93	12.93
111.6	8.77
109.21	4.64
106.71	0.57
