"Arakawa et al. 1982, Specimen 102"	
1597	
0	0
0.21597	46.877
0.32395	54.194
0.40495	54.719
0.43193	54.194
0.48593	52.277
0	0.17426
-0.51293	-39.383
-0.56693	-49.488
-0.59393	-57.33
-0.6479	-63.428
-0.7289	-69.353
-0.80988	-72.316
-0.86388	-75.629
-0.89088	-72.142
-0.91788	-70.052
-0.94485	-66.044
-0.89088	-62.036
-0.78288	-54.541
-0.6209	-44.087
-0.56693	-32.412
0.026995	0
0.32395	48.617
0.35095	54.194
0.40495	57.504
0.53993	63.428
0.53993	66.217
0.56693	62.557
0.48593	55.938
0.32395	47.745
0.24297	40.602
-0.053993	0.52277
-0.48593	-42.345
-0.59393	-50.885
-0.7289	-58.549
-0.78288	-66.044
-0.91788	-76.675
-1.0529	-81.203
-1.1878	-85.388
-1.2418	-87.652
-1.3228	-94.969
-1.4578	-98.977
-1.4308	-96.192
-1.2688	-84.516
-1.1338	-78.418
-0.94485	-66.044
-0.7289	-49.662
-0.51293	-35.375
-0.026995	0.17426
0.78288	69.006
0.6479	68.134
0.7019	76.848
0.86388	86.082
1.1338	93.052
1.0799	90.615
0.99885	86.954
0.83688	74.411
0.7289	65.697
0.45893	50.707
0	0.52277
-0.6749	-46.353
-1.2148	-76.323
-1.5118	-100.2
-1.8627	-109.61
-1.9707	-112.22
-1.9167	-114.84
-2.1327	-115.19
-1.9977	-109.43
-1.7818	-98.63
-1.5118	-86.954
-0.97185	-61.164
0	0
0.48593	44.262
0.91788	77.72
1.3498	102.46
1.4578	110.13
1.7278	112.22
1.6198	109.09
1.4578	99.328
1.2418	86.78
1.0799	78.592
0.86388	66.742
-0.053993	0.34852
-0.6749	-38.511
-1.3498	-72.316
-1.5928	-87.305
-1.6198	-99.502
-1.9437	-113.09
-2.1867	-120.06
-2.2137	-123.73
-2.3217	-124.94
-2.4027	-126.16
-2.3757	-124.25
-2.3217	-121.98
-2.2677	-117.97
-2.2137	-115.19
-2.1867	-111.7
-1.9977	-104.73
-1.8357	-98.11
-1.7278	-89.569
-1.5388	-81.901
-1.3498	-72.494
-1.1069	-58.029
-0.080988	-0.52277
0.16198	31.541
0.89088	69.006
1.1338	82.426
1.4308	97.411
1.6738	109.96
1.8627	116.75
1.9707	121.11
2.0787	123.03
2.1597	124.25
2.2407	122.85
2.1057	117.28
1.8897	108.74
1.7278	94.969
1.4038	82.248
0.6209	45.654
-1.0259	-64.825
-1.3768	-76.501
-1.7548	-90.962
-2.1327	-106.47
-2.4567	-116.06
-2.6187	-123.73
-2.7536	-130.34
-2.8077	-132.61
-2.8885	-134.35
-3.0236	-134.7
-3.0236	-132.43
-2.9157	-128.25
-2.5916	-117.62
-2.2677	-104.73
-1.9707	-90.788
-1.6468	-78.418
-1.3498	-66.391
-0.97185	-49.84
0.053993	0.17426
0.7019	55.765
1.3498	84.165
1.8087	100.2
2.1057	110.13
2.3757	118.85
2.3217	121.98
2.3487	125.12
2.4297	127.73
2.5376	130.52
2.6187	132.43
2.5646	129.47
2.4027	126.34
2.2677	123.55
2.1597	116.93
2.0247	108.22
1.7278	97.06
1.4038	85.909
1.1338	72.142
0.91788	58.202
0.48593	37.466
0.053993	0.17426
-0.91788	-43.39
-1.7818	-79.464
-2.0517	-89.222
-2.0517	-95.321
-2.1327	-101.59
-2.4567	-107.69
-2.6726	-115.53
-2.8346	-122.5
-3.0236	-126.69
-3.1316	-130.87
-3.1316	-134.88
-3.2395	-137.14
-3.3475	-139.23
-3.4285	-140.63
-3.4554	-139.23
-3.4826	-137.49
-3.4285	-135.05
-3.2664	-131.91
-3.2664	-131.04
-3.2126	-128.43
-3.1857	-125.64
-3.1316	-123.55
-2.9967	-120.94
-2.8616	-117.62
-2.7805	-114.66
-2.7267	-112.57
-1.7548	-74.059
-0.78288	-34.155
0	0.34852
0.6479	45.481
1.5928	90.788
2.1057	111.35
2.4837	123.73
2.6457	127.21
2.8885	131.04
2.9157	133.83
2.9426	137.31
3.1585	139.93
3.2126	137.49
3.1316	134.35
3.0236	129.3
2.7805	122.68
2.5106	117.97
2.3487	112.4
2.1867	103.34
1.7818	92.879
1.4848	84.69
1.2958	75.104
0.7019	51.232
0.16198	26.487
0	0
-1.3768	-58.376
-1.7818	-75.976
-2.0247	-85.388
-2.3487	-94.796
-2.6457	-105.43
-2.9426	-116.58
-3.2664	-126.34
-3.5364	-134.53
-3.6985	-141.15
-3.8064	-144.11
-4.0223	-146.38
-4.0223	-145.85
-4.0223	-144.46
-3.9144	-142.89
-3.8334	-141.5
-3.7526	-138.71
-3.7795	-136.27
-3.6985	-132.26
-3.2936	-122.85
-3.0236	-109.96
-2.6995	-102.12
-2.4027	-92.185
-2.2407	-83.298
-1.9437	-74.233
-1.7008	-66.044
-1.3768	-52.451
-1.1878	-41.996
-0.99885	-34.852
-0.026995	0.17426
1.1069	66.742
1.8087	96.015
2.3487	110.13
2.8885	125.46
3.4016	141.32
3.5364	143.24
3.5905	144.28
3.6716	146.2
3.7526	144.98
3.6985	141.85
3.5636	137.31
3.3475	131.39
3.0775	124.07
2.8616	115.71
2.4837	106.82
2.1867	96.015
1.8627	83.645
1.5388	72.667
1.1069	58.9
0.6209	40.777
0.18897	24.048
0	0.17426
-1.4038	-47.923
-1.6198	-57.682
-1.9167	-67.961
-2.1597	-77.546
-2.4297	-84.863
-2.6187	-93.23
-2.6995	-98.803
-3.0775	-108.74
-3.4826	-121.28
-3.8334	-130.34
-4.1575	-136.1
-4.3734	-140.97
-4.5082	-145.68
-4.6164	-150.04
-4.6972	-153.35
-4.8054	-151.95
-4.7244	-146.73
-4.5354	-138.88
-3.8334	-125.82
-3.5636	-114.31
-3.2126	-103.86
-2.8077	-93.23
-2.4027	-80.509
-2.0517	-67.788
-1.5388	-49.662
-1.0259	-36.072
0.10799	0.17426
1.7548	78.592
2.1057	92.358
2.3757	104.55
2.4837	110.13
2.9426	122.33
3.1585	127.91
3.5905	138.71
3.8334	145.68
3.9685	149.86
4.0223	150.39
4.1303	151.43
4.1034	148.82
4.1034	146.38
3.9416	143.07
3.6175	135.05
3.4554	125.29
3.0775	117.1
2.7536	107.34
2.3217	93.75
2.0247	85.909
1.7278	77.72
1.5658	70.052
1.2688	62.21
1.1069	53.67
0.86388	46.353
0.6479	38.511
0.32395	22.479
-0.053993	0.52277
-1.5388	-49.488
-1.7548	-56.983
-1.9707	-67.089
-2.2947	-77.373
-2.5106	-86.082
-2.9967	-98.803
-3.3475	-108.04
-3.6175	-116.75
-3.9416	-128.25
-4.4003	-136.27
-4.6164	-143.07
-4.7513	-149.16
-4.8054	-152.65
-5.0213	-154.04
-5.0483	-150.21
-5.0483	-144.98
-4.8054	-139.06
-4.5623	-134.7
-4.1303	-124.25
-3.7526	-113.79
-3.5636	-106.3
-3.2395	-99.155
-2.8616	-88.871
-2.6187	-81.901
-2.4567	-75.278
-2.2677	-68.833
-1.9977	-61.338
-1.8357	-55.938
-1.7548	-51.93
-1.5388	-44.087
-1.2148	-34.852
-0.94485	-27.707
-0.40495	-13.592
-0.026995	0
0.37795	28.056
0.7289	42.345
1.5388	69.705
1.8897	80.856
2.1597	88.871
2.5646	99.328
2.8346	108.04
3.0505	117.28
3.3746	124.07
3.6985	131.74
3.9144	138.54
4.1303	144.11
4.3464	148.82
4.5082	152.65
4.5082	154.57
4.7513	155.27
4.6972	153.87
4.6434	150.73
4.3734	144.64
4.3193	141.5
4.1844	135.05
3.8875	126.69
3.5095	118.49
3.1316	109.26
2.7805	101.42
2.4567	93.052
2.1327	83.818
1.8627	77.195
1.5928	70.398
1.3498	64.825
1.1069	58.029
0.86388	49.84
0.56693	39.383
0.32395	28.578
0.26995	18.646
0.053993	9.0615
-0.10799	0
-0.29695	-9.9328
-0.53993	-20.911
-0.7019	-29.798
-2.1867	-66.916
-2.4567	-79.637
-2.7805	-87.826
-3.0775	-94.449
-3.2936	-99.849
-3.5636	-108.91
-3.7526	-114.84
-3.9954	-121.28
-4.2385	-127.91
-4.5082	-134
-4.8054	-139.4
-4.9134	-143.07
-4.9944	-147.25
-5.0213	-149.69
-5.2642	-153.17
-5.3183	-154.74
-5.5342	-156.83
-5.6152	-156.31
-5.5342	-154.04
-5.4262	-151.61
-5.4262	-149.52
-5.3452	-145.68
-5.1562	-140.97
-4.9134	-135.92
-4.7782	-130.87
-4.6164	-126.34
-4.3464	-121.63
-4.1034	-116.06
-3.8605	-109.26
-3.5905	-102.29
-3.4554	-97.238
-3.1857	-91.833
-2.9967	-85.388
-2.9157	-80.856
-2.6726	-75.456
-2.4837	-70.052
-2.2137	-63.606
-2.0787	-58.9
-1.8627	-51.757
-1.7278	-46.179
-1.4308	-40.428
-1.2418	-35.375
-1.1878	-29.972
-1.0259	-23.873
-0.86388	-18.646
-0.6749	-13.767
-0.56693	-8.8871
-0.45893	-3.8337
-0.29695	2.2654
-0.053993	7.3187
0	8.7127
0.18897	16.206
0.26995	23.002
0.40495	29.45
0.7559	36.943
0.99885	43.739
1.2148	48.617
1.5928	65.697
1.9977	78.067
2.4297	89.222
2.8616	98.283
3.2126	105.6
2.9157	100.55
3.2126	106.82
3.3746	114.66
3.6175	123.73
3.8064	128.43
4.0764	134
4.4813	142.19
4.6434	146.03
4.8323	151.08
4.8323	153.52
5.0483	155.79
5.1562	156.83
5.2103	158.05
5.2642	158.58
5.2913	158.58
5.2913	157.36
5.2103	153.87
5.1024	149.34
4.8593	142.55
4.4275	134
4.2385	127.56
3.9685	119.71
3.6716	115.19
3.5095	110.48
2.9967	101.07
2.8616	96.539
2.5646	90.788
2.3487	86.26
2.1867	81.203
2.0517	78.592
1.8627	73.187
1.5118	65.346
1.1608	57.855
0.91788	51.406
0.56693	40.08
0.43193	37.988
-0.080988	18.297
-0.59393	-23.002
-1.1338	-37.117
-1.4848	-47.398
-2.6187	-78.067
-2.9426	-85.21
-3.4016	-96.015
-3.6716	-104.38
-3.9954	-112.4
-4.2923	-119.89
-4.6972	-128.25
-5.0752	-137.14
-5.2913	-144.98
-5.4262	-149.16
-5.6152	-151.08
-5.8042	-153.87
-6.0472	-155.27
-6.1011	-157.7
-6.1821	-158.23
-6.2631	-158.75
-6.2631	-158.05
-6.0201	-152.48
-5.7772	-147.77
-5.4803	-140.1
-5.3452	-134.7
-5.1562	-129.65
-4.9134	-123.37
-4.6972	-119.19
-4.3734	-111.7
-4.1575	-107.17
-3.8875	-101.25
-3.6444	-95.841
-3.3746	-91.833
-3.0505	-85.909
-2.9426	-84.165
-2.7805	-79.286
-2.5916	-73.539
-2.2947	-65.697
-1.9707	-58.727
-1.7818	-51.406
-1.5928	-45.307
-1.3498	-39.208
-1.1069	-29.972
-0.83688	-22.305
-0.6749	-14.986
-0.48593	-9.4097
-0.29695	-0.17426
-0.053993	5.9247
0.10799	12.198
0.32395	20.737
0.6209	31.715
0.86388	36.072
2.2407	83.992
3.4554	107.86
3.6716	113.97
4.0223	121.46
4.0764	123.55
4.3193	131.74
4.6434	138.01
4.7782	140.45
5.0752	147.07
5.2642	152.13
5.5342	155.96
5.6693	157.53
5.8042	158.92
5.8042	157.36
5.7231	154.22
5.6152	148.47
5.3724	142.37
5.1562	135.4
4.8862	129.82
4.5893	123.9
4.2385	116.75
3.8334	108.04
3.4826	98.456
3.0775	90.615
2.8885	84.343
2.5376	77.546
2.2407	71.448
2.0247	64.652
1.6738	57.855
1.3228	49.488
1.1608	44.087
1.2958	42.868
1.1338	37.117
0.89088	31.192
0.6479	24.222
0.45893	16.729
0.21597	10.804
0.026995	4.8795
-0.24297	-3.6594
-0.29695	-8.7127
-0.45893	-15.858
-0.6479	-22.305
-1.5928	-45.654
-2.0247	-55.765
-2.4027	-63.953
-2.7536	-73.187
-3.1046	-82.074
-3.4826	-90.615
-3.9416	-100.37
-4.1575	-107.17
-4.5893	-115.53
-4.9944	-125.29
-5.2372	-130.7
-5.4262	-136.79
-5.6693	-143.59
-5.9121	-149.16
-6.1283	-153.7
-6.3442	-156.83
-6.4521	-159.1
-6.5601	-160.15
-6.6411	-160.15
-6.6411	-159.45
-6.6411	-158.4
-6.587	-155.44
-6.5062	-153.17
-6.4252	-150.91
-6.3711	-149.34
-6.2631	-146.9
-6.1283	-144.81
-5.9931	-142.02
-5.8311	-139.23
-5.8311	-136.79
-5.6962	-131.57
-5.4803	-126.69
-5.0752	-119.37
-4.6703	-112.74
-4.3464	-107
-4.1034	-100.2
-3.9954	-96.713
-3.8605	-91.486
-3.7795	-88.351
-3.5364	-83.645
-3.3475	-79.81
-3.1046	-74.233
-2.8616	-68.481
-2.6726	-64.999
-2.5376	-60.644
-2.0517	-50.013
-1.6738	-42.693
-1.6468	-36.943
-1.1338	-21.434
-0.51293	1.394
-0.13498	11.675
2.0517	74.931
2.5646	86.954
3.4826	102.81
3.7254	109.96
3.9685	116.93
4.3464	126.34
4.7513	133.31
5.2642	139.76
5.5613	147.25
5.8042	151.78
6.0472	155.27
6.2901	158.58
6.3711	158.92
6.398	158.05
6.3442	154.57
6.2901	151.08
6.1011	146.03
5.8852	140.63
5.6693	135.92
5.5342	130.87
5.3993	126.34
5.0752	120.41
4.5354	112.05
4.1844	105.25
3.8605	99.502
3.5636	92.532
3.2126	86.26
2.7536	78.939
2.5106	74.059
2.2137	68.481
1.8897	61.511
1.7008	56.285
1.4848	50.187
1.2418	44.262
1.1608	38.686
0.91788	32.412
0.6209	24.919
0.40495	17.774
0.18897	10.455
0.053993	3.1366
-0.18897	-5.2277
-0.51293	-14.812
-0.89088	-28.23
-2.2677	-66.217
-2.8616	-79.112
-3.0775	-87.127
-3.6444	-97.411
-4.2113	-107.17
-4.6164	-116.93
-4.9944	-125.29
-5.2103	-130.52
-5.3724	-132.61
-5.5072	-134.88
-5.8042	-138.88
-6.1011	-144.46
-6.3442	-150.73
-6.5331	-154.74
-6.5601	-156.83
-6.6949	-157.88
-6.8301	-158.92
-6.9111	-159.62
-6.9921	-160.15
-7.019	-160.15
-7.046	-160.15
-7.046	-159.79
-7.046	-159.27
-7.0729	-158.92
-7.0729	-157.88
-7.019	-156.13
-6.9921	-155.27
-6.8301	-151.61
-6.6949	-148.82
-6.6411	-146.2
-6.5331	-142.37
-6.3442	-138.01
-6.0472	-132.43
-5.7772	-126.69
-5.4262	-119.89
-5.2913	-115.01
-5.1293	-109.43
-4.9134	-105.08
-4.5354	-98.977
-4.1034	-89.916
-3.8334	-83.992
-3.4826	-75.976
-2.9967	-63.606
-2.6187	-56.112
-2.3487	-48.968
-1.9437	-40.951
-1.4848	-25.79
-0.7019	-3.8337
-0.16198	10.63
0.56693	32.412
1.0799	40.951
2.5106	76.15
3.4554	97.585
3.9685	111.7
4.4813	120.76
4.8054	127.91
5.2642	135.92
5.7503	143.94
6.2631	150.91
6.5331	155.09
6.668	156.49
6.8031	157.53
6.8839	157.88
6.8839	157.01
6.7221	151.61
6.5062	145.68
6.2901	139.06
5.9931	132.96
5.7772	127.56
5.4262	120.41
5.2642	115.01
4.8593	107.34
4.5354	101.59
4.2654	96.366
3.9144	90.615
3.6175	85.037
3.3746	79.637
2.8885	72.316
2.5916	68.134
2.1597	60.466
1.7548	54.194
1.4308	48.096
1.2418	40.602
1.0259	33.806
0.80988	28.927
0.6209	23.699
0.45893	17.6
0.29695	11.327
0.026995	1.7426
-0.24297	-4.5307
-1.7008	-46.179
-2.1327	-56.632
-2.5376	-64.999
-2.8616	-71.795
-3.1316	-80.509
-3.2936	-85.562
-3.6444	-92.705
-4.1034	-100.72
-4.4544	-107
-4.7513	-112.57
-5.1024	-119.71
-5.5613	-128.78
-5.7231	-133.48
-6.209	-140.8
-6.587	-146.38
-6.8839	-151.78
-6.9921	-153.35
-7.0729	-154.74
-7.2349	-156.49
-7.397	-158.4
-7.5049	-159.97
-7.6129	-160.49
-7.6398	-160.49
-7.7208	-159.79
-7.6939	-158.23
-7.5049	-155.09
-7.3701	-151.61
-7.289	-147.77
-7.208	-143.59
-7.019	-139.4
-6.8301	-135.75
-6.587	-131.74
-6.3172	-127.21
-6.1011	-123.2
-5.9121	-118.67
-5.6962	-114.84
-5.5613	-111.35
-5.3183	-105.6
-5.0483	-100.89
-4.8862	-96.886
-4.7513	-93.924
-4.5623	-91.135
-4.3464	-87.479
-4.1575	-83.298
-4.0495	-78.592
-3.7795	-73.886
-3.5364	-69.353
-3.2664	-64.825
-2.9157	-59.074
-2.6457	-54.719
-2.5646	-52.802
-2.2137	-46.006
-2.0247	-42.345
-1.8357	-36.594
-1.5928	-29.624
-1.4038	-23.002
-1.2688	-16.555
-1.1069	-9.5841
-0.89088	-3.8337
-0.7019	1.2198
-0.32395	9.7585
0	16.032
0.26995	22.479
0.53993	29.45
0.99885	37.988
1.3498	43.913
1.6198	58.202
2.7267	79.984
2.9695	85.909
3.6444	100.89
4.1844	111.35
4.6703	121.46
5.3452	133.31
5.9121	141.5
6.4252	148.12
6.857	153.7
7.1811	157.18
7.4239	158.05
7.4508	155.96
7.208	150.91
7.019	144.64
6.776	137.84
6.587	133.31
6.1011	126.16
5.8311	120.94
5.6152	116.4
5.4803	113.44
5.1024	105.25
4.8862	99.849
4.4813	93.404
4.2385	88.524
4.0223	82.946
3.7254	76.501
3.1857	66.569
2.7267	59.946
2.3757	53.323
2.0517	45.481
1.6198	37.291
1.2688	28.056
0.91788	19.866
0.45893	6.9705
0.29695	0.69705
0.053993	-5.7504
-0.053993	-9.0615
-0.89088	-31.366
-2.8616	-68.134
-3.5636	-84.516
-4.0495	-92.879
-4.4813	-100.55
-4.8054	-108.39
-5.1562	-115.19
-5.4531	-121.81
-5.9662	-129.82
-6.3711	-136.79
-6.8031	-142.89
-7.2349	-149.69
-7.559	-154.74
-7.8019	-157.01
-7.9639	-158.75
-8.1798	-159.79
-8.2067	-159.79
-8.2067	-157.7
-8.126	-155.27
-8.0178	-150.91
-7.8829	-146.55
-7.6939	-142.55
-7.289	-135.58
-6.9649	-128.78
-6.8031	-125.29
-6.6411	-121.81
-6.4521	-118.32
-6.3172	-114.14
-6.0201	-108.91
-5.8583	-105.6
-5.7503	-102.29
-5.4531	-96.015
-5.1562	-91.135
-4.7782	-85.037
-4.4275	-79.464
-4.0764	-74.584
-3.8334	-69.006
-3.4554	-62.908
-3.0505	-57.504
-2.7536	-50.534
-2.5106	-46.7
-2.2137	-39.383
-1.5118	-22.131
-1.0799	-9.0615
-0.80988	1.394
-0.35095	11.327
0.10799	20.04
0.6209	33.458
1.3498	44.96
3.1316	85.388
4.1575	107
4.7513	116.75
5.2103	124.42
5.4803	129.47
5.8852	134.88
6.3442	140.28
7.0729	149.16
7.4239	153
7.7749	156.66
8.0178	157.53
8.0449	156.83
7.856	152.82
7.6129	147.42
7.397	139.93
6.9921	131.04
6.398	119.71
5.8583	109.61
5.3452	99.849
5.0213	92.879
4.6703	86.607
4.3734	80.509
3.8605	71.448
3.4285	65.172
2.9426	58.029
2.3217	44.782
1.2958	23.176
0.6749	8.0157
0	-9.2358
-0.78288	-27.184
-1.1878	-38.163
-1.6198	-48.096
-2.8616	-67.961
-3.4016	-77.893
-3.8875	-86.954
-4.3464	-94.969
-4.8862	-105.77
-5.5072	-115.88
-6.1011	-125.64
-6.6949	-135.22
-7.1001	-143.24
-7.667	-150.21
-8.2608	-156.31
-8.5308	-159.1
-8.7467	-159.62
-8.7737	-157.88
-8.4498	-151.95
-8.0719	-144.81
-7.856	-141.32
-7.6939	-136.44
-7.5319	-132.61
-7.397	-128.08
-7.1811	-124.07
-6.9921	-120.59
-6.9111	-117.1
-6.668	-112.57
-6.5062	-109.78
-6.2631	-105.77
-6.0472	-101.77
-5.8311	-98.11
-5.5883	-93.577
-5.3993	-89.569
-5.0213	-83.818
-4.7782	-79.984
-4.4275	-74.758
-4.1844	-70.052
-3.8875	-64.999
-3.6716	-61.164
-3.4554	-56.983
-2.9967	-46.877
-2.5646	-37.466
-1.9167	-24.919
-1.6738	-16.38
-1.2958	-7.8418
-0.86388	-1.0455
-0.6209	4.7051
-0.26995	11.675
0.080988	19.169
0.7559	34.503
1.4848	45.307
3.5364	90.962
4.2113	100.89
4.6434	109.43
5.1562	118.15
5.5613	126.16
6.0472	132.26
6.479	135.92
7.127	142.02
7.4508	148.12
7.856	151.61
8.2878	155.27
8.6388	157.18
8.4229	153.7
8.3419	151.08
8.2608	148.64
8.2339	146.03
8.2067	143.42
7.9908	140.63
7.3701	127.91
6.8031	118.49
6.398	109.78
5.8042	99.328
5.2642	89.743
4.7244	79.464
3.9144	68.481
3.4285	60.293
3.0236	52.104
2.5376	42.171
2.0517	33.632
1.0529	13.592
0.21597	-4.7051
-1.2688	-37.814
-2.8346	-64.3
-3.1316	-71.448
-3.5636	-79.81
-4.1303	-90.268
-4.7244	-101.42
-5.3183	-111.52
-5.9662	-123.37
-6.938	-134.88
-7.6398	-143.24
-8.1798	-149.52
-8.5039	-153.87
-8.7467	-155.79
-8.9357	-157.36
-9.0708	-158.23
-9.2326	-158.58
-9.2867	-158.58
-9.3137	-157.53
-9.3137	-155.61
-9.1247	-151.43
-8.9088	-147.07
-8.6929	-141.32
-8.3419	-135.05
-7.856	-127.03
-7.5049	-119.89
-7.2619	-112.22
-6.8839	-104.03
-5.9662	-91.313
-5.1024	-76.848
-4.6164	-67.436
-4.2654	-62.383
-3.4016	-49.488
-2.4567	-30.669
-1.8357	-14.464
-1.1878	-1.0455
-0.7289	7.3187
-0.053993	20.388
0.32395	27.881
1.5658	46.353
2.6457	71.795
3.6716	93.577
4.3464	104.21
5.1293	115.71
5.8042	123.03
6.2901	129.47
6.8839	137.31
7.667	144.81
8.1798	149.69
8.7467	154.57
8.9357	155.61
9.0437	155.96
9.2326	155.96
9.2598	155.44
9.0708	153.87
8.9626	152.3
8.8819	149.52
8.7198	145.16
8.2878	136.62
7.748	126.16
7.0729	113.97
6.2631	100.02
5.4531	84.863
4.5623	73.361
4.0495	63.255
3.1046	47.224
2.2677	32.76
1.1608	11.849
0.26995	-5.7504
-0.026995	-11.501
-0.26995	-15.335
-0.6209	-24.57
-2.9157	-61.511
-3.4826	-74.233
-4.0223	-83.298
-4.2654	-88.871
-4.9672	-100.37
-5.6693	-110.65
-6.4521	-121.63
-7.1811	-132.09
-7.7749	-140.45
-8.4767	-147.77
-9.2867	-155.09
-9.4485	-156.31
-9.6647	-157.53
-9.7185	-157.7
-9.7996	-158.05
-9.7996	-156.49
-9.5837	-153.52
-9.4216	-150.04
-9.2326	-145.51
-9.0167	-140.63
-8.7467	-135.92
-8.3957	-128.95
-8.0178	-122.68
-7.6939	-114.49
-7.2349	-105.08
-6.8031	-96.713
-6.0472	-85.037
-5.3452	-76.501
-5.0483	-70.923
-4.1575	-57.157
-3.3746	-43.565
-2.8885	-32.935
-2.2407	-19.691
-1.7818	-10.804
-1.3228	-2.9624
-0.91788	3.1366
-0.78288	6.6217
-0.10799	20.04
0.45893	30.495
3.0505	76.323
4.9672	104.9
5.5072	114.14
6.2631	123.9
6.8839	132.09
7.7208	140.28
8.4767	147.6
8.9626	151.95
9.1247	153.35
9.3137	154.57
9.5296	155.27
9.5026	154.57
9.4485	151.08
9.2598	146.9
9.0437	140.97
8.6388	132.96
8.3149	126.51
7.8829	119.37
7.2349	107
6.6411	97.758
5.9393	87.999
5.3993	78.765
4.7513	69.006
4.2113	61.689
3.6716	53.67
3.2395	46.179
2.6995	36.42
2.1867	27.881
1.8897	21.957
1.4848	14.986
0.78288	2.4396
0.56693	-4.008
0.40495	-7.8418
0	-14.464
-1.9977	-46.179
-3.1046	-64.474
-3.5905	-74.584
-4.1034	-84.165
-4.6434	-91.833
-5.2913	-99.502
-5.9121	-109.43
-6.776	-121.81
-7.5319	-131.91
-8.5578	-141.85
-9.3406	-151.08
-9.7185	-154.39
-10.043	-156.13
-10.285	-157.36
-10.259	-156.31
-10.124	-152.65
-10.015	-147.42
-9.5837	-139.23
-9.3137	-132.43
-8.6388	-121.98
-8.0719	-112.74
-7.586	-103.51
-7.0729	-93.23
-6.2901	-82.248
-5.5883	-72.84
-4.7244	-60.644
-4.1844	-49.142
-3.4285	-37.814
-2.6995	-27.707
-2.3487	-20.214
-1.9707	-11.675
-1.1608	2.2654
-0.78288	8.1901
-0.43193	14.812
0.16198	23.351
1.1608	41.996
3.2664	77.893
4.4003	92.358
5.1024	104.21
5.8042	115.36
6.587	125.64
7.559	135.22
8.3957	143.07
9.3406	150.91
9.3947	151.43
9.8265	153.35
9.9075	153.35
9.9886	151.78
9.8265	149.16
9.7185	145.51
9.6647	143.07
9.6106	140.45
9.5296	138.71
8.8819	126.34
8.0988	112.22
7.1539	98.283
6.3711	85.909
5.6962	75.976
3.8334	48.795
2.2947	25.442
1.4038	11.675
0.48593	-4.5307
0.080988	-13.418
-0.26995	-18.994
-1.0529	-29.624
-1.3768	-37.466
-2.8616	-58.727
-3.8064	-75.803
-4.6164	-88.173
-5.4262	-99.155
-6.3442	-111.7
-7.1539	-121.98
-7.1539	-121.98
-8.126	-132.96
-9.0708	-142.89
-9.6647	-149.34
-10.529	-155.61
-10.771	-156.83
-10.88	-157.01
-10.907	-155.96
-10.799	-153.87
-10.691	-151.43
-10.502	-147.42
-10.204	-141.5
-9.6916	-131.39
-9.2057	-122.68
-8.6388	-112.4
-7.8829	-100.72
-7.208	-89.743
-6.209	-76.323
-5.3993	-63.255
-4.7513	-53.323
-4.1034	-42.693
-3.3205	-32.935
-2.9157	-26.662
-2.3217	-15.509
-1.8627	-7.4931
-1.4848	-1.0455
-1.1608	2.9624
-0.83688	7.8418
-0.43193	13.767
0.026995	20.388
0.53993	30.844
4.8862	97.238
5.5613	106.65
6.6142	120.59
7.559	131.39
8.7737	140.97
9.5568	147.94
10.043	150.73
10.367	152.48
10.502	153.52
10.582	153
10.448	148.82
10.124	141.32
9.5026	128.78
8.9626	118.49
8.2339	107.52
7.586	97.758
6.9921	88.351
5.9662	74.059
4.7244	58.727
3.9144	46.877
3.1316	34.503
1.8897	16.729
1.0529	0.17426
0.6209	-6.4474
-0.026995	-15.683
-3.6444	-73.187
-4.7244	-89.569
-7.3429	-120.94
-8.126	-129.82
-8.8819	-137.67
-9.5568	-144.46
-10.151	-149.52
-10.933	-154.39
-11.284	-155.61
-11.284	-155.44
-11.258	-153.87
-11.149	-151.78
-10.825	-146.2
-10.555	-140.1
-10.043	-129.47
-9.5026	-120.59
-8.9898	-111.7
-8.4767	-101.59
-8.0178	-94.969
-7.3429	-86.082
-6.5601	-75.278
-5.9393	-65.519
-5.4262	-57.33
-4.9672	-49.315
-4.6703	-44.96
-4.3734	-40.777
-3.8875	-34.677
-3.3746	-28.753
-3.0775	-22.654
-2.7267	-16.729
-2.4837	-11.327
-1.9977	-5.5765
-1.6468	-0.69705
-1.2688	2.9624
-0.94485	8.1901
-0.51293	14.986
-0.026995	21.782
0.32395	29.45
1.0529	39.557
4.6434	92.705
6.4252	112.74
7.6129	127.56
8.6388	134.53
9.6916	144.11
10.285	147.94
10.663	150.21
11.014	151.95
11.095	152.13
11.095	151.08
10.933	145.51
10.691	140.63
10.34	135.75
10.151	132.09
9.8806	127.38
9.7996	126.34
9.7185	124.25
9.5568	121.46
9.4485	119.37
9.1247	113.44
8.4498	103.86
8.0988	96.886
7.478	87.652
6.2631	73.187
5.0483	56.458
4.2113	44.782
3.2395	32.586
2.4567	21.608
1.8627	12.895
1.4578	6.0991
0.99885	-1.0455
0.6749	-6.6217
0.13498	-13.592
-0.24297	-17.6
-4.3193	-78.592
-5.1834	-92.185
-5.8042	-100.37
-6.3442	-107.34
-7.1001	-114.84
-7.9098	-124.59
-8.6929	-132.61
-9.5026	-139.06
-10.313	-146.03
-11.014	-151.08
-11.5	-153.87
-11.77	-154.04
-11.581	-148.47
-11.149	-139.06
-10.663	-130.17
-10.151	-122.16
-9.4485	-110.83
-9.0708	-103.16
-8.2339	-91.486
-7.046	-75.456
-6.2631	-64.3
-5.2642	-51.059
-4.3193	-38.163
-3.3746	-25.267
-2.6457	-13.94
-2.1057	-5.5765
-1.5388	2.0911
-1.2148	5.7504
-0.59393	16.032
-0.18897	22.131
0.51293	31.192
1.1608	41.299
4.6434	90.788
5.9121	102.99
6.857	114.84
7.4239	122.33
8.6119	132.09
9.8265	141.85
10.691	146.9
11.203	149.69
11.473	150.91
11.554	149.69
10.852	136.62
10.529	129.13
10.285	122.68
9.5837	112.92
8.8819	103.34
8.2608	92.879
7.6398	84.69
7.046	77.72
6.209	66.916
5.2372	53.847
3.8064	36.42
2.7267	22.654
1.9437	11.152
1.1069	-0.17426
0.40495	-10.455
-0.40495	-19.691
-4.1844	-74.758
-5.2103	-87.305
-8.4229	-123.73
-9.3137	-132.09
-9.9075	-138.36
-10.529	-143.24
-11.122	-148.12
-11.527	-150.56
-11.905	-151.95
-12.121	-153.17
-12.364	-154.22
-12.364	-153.52
-12.337	-152.82
-12.283	-151.95
-12.067	-147.25
-11.932	-142.37
-11.77	-137.84
-11.473	-134.18
-11.095	-128.08
-10.448	-117.1
-10.015	-109.26
-9.3947	-99.155
-7.2349	-70.576
-4.2923	-33.458
-3.2395	-18.994
-2.6726	-12.198
-2.2407	-4.7051
-1.8357	2.6139
-1.2148	7.8418
-0.94485	11.849
-0.53993	18.297
0.13498	26.313
4.3193	84.165
6.2901	105.43
7.6398	119.89
8.6388	128.61
9.4757	134.7
10.285	139.93
11.069	144.64
11.527	147.77
11.743	149.16
11.932	149.86
12.229	150.21
12.256	150.39
12.175	148.64
12.094	145.33
11.743	140.97
11.419	135.22
11.069	126.51
10.799	120.24
10.313	113.44
9.9347	109.09
9.5026	102.12
8.6657	89.222
7.208	70.923
5.9121	55.587
4.4003	39.208
3.4554	27.707
2.6187	16.38
1.7278	3.8337
1.4038	-1.0455
0.80988	-8.8871
0.080988	-18.646
-5.6693	-92.532
-6.9649	-105.95
-7.7749	-114.49
-8.4767	-121.11
-9.1788	-127.73
-9.9616	-134.35
-10.825	-141.85
-11.392	-146.38
-11.797	-148.99
-12.121	-150.56
-12.715	-153.7
-12.85	-153.87
-12.742	-149.52
-12.337	-141.15
-11.689	-131.04
-11.392	-124.94
-10.907	-117.8
-10.61	-111.52
-9.0437	-90.09
-7.667	-71.448
-6.587	-59.247
-5.6693	-47.398
-4.8054	-35.026
-4.0764	-25.79
-3.1316	-15.335
-3.0505	-14.638
-2.5376	-8.1901
-2.2947	-3.1366
-1.8627	2.0911
-1.5118	5.4021
-1.1878	9.4097
-0.7559	13.418
-0.35095	17.949
0.080988	23.351
4.2113	81.381
4.6434	86.082
5.3993	93.75
6.1821	101.77
7.2619	112.92
8.3957	123.55
9.5837	131.74
10.474	137.84
11.095	141.5
11.689	145.33
12.364	148.47
12.634	149.34
12.607	145.16
12.121	135.92
11.743	127.03
10.988	118.32
10.367	107.17
9.2326	91.486
8.2339	79.637
7.397	68.833
6.479	58.727
5.7503	49.488
5.0213	41.648
4.1844	32.586
3.2664	22.305
2.5916	13.418
1.7008	2.7881
1.0799	-4.7051
0.45893	-13.418
0.026995	-19.691
-0.40495	-24.745
-4.4003	-75.803
-5.4262	-87.305
-6.2901	-96.886
-7.1539	-105.43
-7.7208	-111.35
-8.3957	-117.97
-9.1247	-124.94
-9.9075	-130.34
-10.744	-136.62
-11.419	-142.37
-11.986	-146.38
-12.607	-149.52
-13.093	-151.61
-13.201	-151.95
-13.309	-152.3
-13.309	-152.3
-13.309	-150.73
-13.147	-144.98
-12.823	-139.06
-12.499	-134
-12.121	-128.61
-11.797	-123.9
-11.473	-117.1
-10.96	-109.43
-9.7185	-91.486
-8.6657	-77.373
-6.7221	-55.938
-5.4803	-39.208
-4.6703	-28.578
-4.0495	-21.782
-3.4554	-15.335
-2.9695	-9.9328
-2.3217	-1.394
-1.8627	4.008
-1.4308	8.7127
-0.6749	16.032
