"Arakawa et al. 1989, Specimen OA5"	
346	
0	0
0.21485	44.653
0.23438	52.847
0.27995	70.305
0.37761	90.61
0.46874	106.76
0.53386	119.47
0.61849	130.04
0.68359	133.24
0.76172	133.96
0.8138	130.99
0.85937	120.54
0.94402	111.28
0.89844	101.3
0.72266	90.73
0.66406	81.705
0.66406	76.243
0.65756	70.305
0.64452	62.228
0.54036	54.866
0.42969	47.385
0.40364	42.158
0.36458	35.627
0.32553	29.333
0.22786	20.189
0.15625	14.963
0.013021	7.1253
0.0065104	-2.0189
-0.058594	-14.607
-0.16276	-26.839
-0.19531	-33.964
-0.20833	-41.327
-0.20183	-52.371
-0.22786	-60.092
-0.29296	-67.69
-0.29948	-76.123
-0.39063	-88.115
-0.46874	-96.072
-0.57292	-100.71
-0.63151	-103.2
-0.70312	-105.45
-0.75521	-106.64
-0.82682	-107.36
-0.88542	-107.24
-0.91145	-106.41
-0.92448	-104.74
-0.9375	-102.72
-0.9375	-100.47
-0.9375	-93.817
-0.92448	-85.86
-0.79427	-75.647
-0.67709	-65.079
-0.66406	-56.054
-0.61849	-47.976
-0.56641	-40.377
-0.48828	-28.383
-0.45573	-23.276
-0.39714	-17.576
-0.32553	-12.588
-0.26041	-6.2939
-0.14323	2.2564
-0.032553	14.013
-0.019531	24.82
0.052083	38.121
0.1823	52.371
0.35808	64.367
0.59244	78.022
0.72266	87.759
0.86589	100.82
1.0026	106.53
1.1328	109.85
1.2565	111.63
1.3607	111.51
1.3672	108.54
1.3086	102.25
1.2435	95.596
1.25	86.692
1.1654	79.686
1.1328	74.104
1.0742	69.473
0.95703	63.415
0.89844	59.376
0.80729	54.27
0.76172	49.996
0.72266	45.841
0.65104	41.09
0.59244	36.933
0.50781	32.776
0.35808	25.889
0.14975	18.763
0.0065104	0.71253
0	-8.5504
-0.039063	-14.607
-0.13021	-24.582
-0.2474	-34.795
-0.41016	-45.009
-0.51432	-54.626
-0.63151	-63.535
-0.75521	-74.695
-0.90495	-85.268
-0.98307	-89.423
-1.0872	-92.75
-1.1263	-93.937
-1.1979	-95.361
-1.2826	-96.548
-1.3282	-92.274
-1.3216	-87.523
-1.3021	-81.229
-1.2435	-74.46
-1.1979	-67.69
-1.1654	-59.261
-1.0742	-51.183
-0.97005	-45.009
-0.89192	-39.783
-0.72266	-31.352
-0.61849	-23.87
-0.53386	-17.101
-0.41666	-10.094
-0.37109	-7.7191
-0.26041	-0.23751
-0.1237	7.1253
-0.11068	7.3628
0.13021	18.17
0.28646	27.195
0.39714	35.627
0.44922	43.94
0.52083	53.323
0.63151	62.348
0.75521	70.777
0.89844	77.546
1.0677	85.74
1.1654	91.678
1.3282	99.159
1.4779	105.34
1.6406	107.71
1.7969	109.26
1.8555	108.19
1.8686	104.27
1.8164	99.399
1.7513	95.837
1.6797	90.49
1.6081	86.336
1.5429	81.705
1.4519	75.527
1.3738	70.661
1.2826	64.483
1.1784	59.141
1.1133	55.102
1.0547	50.947
0.98307	45.721
0.92448	42.039
0.84635	37.646
0.74219	32.183
0.64452	27.076
0.54687	22.089
0.45573	17.695
0.27995	9.8568
0.17578	5.1063
0.071614	0
-0.013021	-4.8688
0	-6.1752
-0.045573	-15.201
-0.16927	-23.276
-0.35808	-33.014
-0.44271	-37.408
-0.55339	-42.158
-0.71614	-51.183
-0.78776	-56.645
-1.0026	-66.026
-1.1198	-72.084
-1.2305	-78.142
-1.2955	-81.349
-1.3346	-84.196
-1.4127	-87.999
-1.5104	-89.778
-1.6081	-91.678
-1.6472	-92.865
-1.7774	-91.206
-1.8099	-87.288
-1.823	-83.249
-1.7643	-78.498
-1.6927	-72.084
-1.6276	-67.93
-1.5495	-60.684
-1.4975	-56.054
-1.3932	-49.52
-1.2955	-43.702
-1.224	-39.546
-1.0872	-34.32
-1.0091	-30.283
-0.8789	-24.464
-0.80729	-21.495
-0.71614	-16.863
-0.58594	-11.519
-0.47526	-6.6502
-0.33854	-1.7813
-0.20833	3.2064
-0.091145	8.1941
0.058594	18.882
0.17578	29.333
0.31901	35.27
0.43619	40.615
0.52083	44.533
0.70312	51.303
0.82032	56.41
0.94402	62.348
1.0612	68.642
1.2109	77.667
1.3932	85.384
1.569	91.798
1.7318	96.668
1.8946	102.13
2.0312	104.98
2.1224	105.93
2.207	106.17
2.2722	105.93
2.3177	104.98
2.3242	101.65
2.2722	96.904
2.2201	92.274
2.0833	83.249
1.9206	75.527
1.8099	68.877
1.7449	63.535
1.6862	60.684
1.6276	56.765
1.5429	53.558
1.4388	49.404
1.3282	44.058
1.2044	39.308
1.0677	32.895
0.98958	29.095
0.8789	24.582
0.77474	20.901
0.61849	14.726
0.46224	8.9067
0.35156	4.2752
0.22786	-0.59376
0.052083	-12.113
-0.35808	-29.808
-0.62501	-38.833
-0.90495	-48.096
-1.1719	-58.429
-1.263	-63.535
-1.4323	-68.762
-1.5756	-72.796
-1.7774	-78.618
-1.914	-81.941
-1.9987	-83.96
-2.1159	-86.1
-2.181	-86.812
-2.2461	-86.812
-2.2461	-83.129
-2.2135	-80.042
-2.1941	-74.339
-2.142	-69.117
-2.0443	-62.348
-1.9856	-58.309
-1.9271	-54.39
-1.823	-48.452
-1.6862	-43.702
-1.5885	-40.14
-1.4323	-33.014
-1.2565	-27.789
-1.0612	-21.97
-0.96354	-18.526
-0.7487	-11.994
-0.65756	-8.9067
-0.54036	-5.2251
-0.37761	-0.95005
-0.22786	3.4439
-0.17578	5.3438
0.032553	13.775
0.28646	22.92
0.42318	28.62
0.56641	34.439
0.65104	38.002
0.8724	47.5
0.97657	51.659
1.1393	58.545
1.3282	65.199
1.4323	70.421
1.5625	75.411
1.7187	80.278
1.7969	82.417
1.9336	86.812
2.0443	90.254
2.1029	91.442
2.2526	94.293
2.3894	95.596
2.5065	95.596
2.5651	95.361
2.6433	94.649
2.6822	93.937
2.7409	91.678
2.7539	89.423
2.7605	86.336
2.7344	82.653
2.6368	76.835
2.5781	72.204
2.5131	67.454
2.4675	64.367
2.4023	59.617
2.2722	53.438
2.1549	48.572
2.0248	43.702
1.9075	39.546
1.7774	34.083
1.6537	28.976
1.5495	25.414
1.4127	21.139
1.1914	14.488
1.0482	9.6192
0.92448	5.8189
0.70964	1.1876
0.53386	-2.9689
0.28646	-9.1442
0.13672	-12.351
-0.026041	-16.744
-0.14975	-20.545
-0.3125	-25.057
-0.47526	-29.333
-0.68359	-35.27
-0.93099	-40.733
-1.1654	-47.74
-1.4323	-53.799
-1.6341	-59.021
-1.9206	-64.959
-2.168	-68.762
-2.4284	-72.68
-2.6107	-74.104
-2.7344	-74.58
-2.793	-73.628
-2.8255	-68.762
-2.7734	-62.939
-2.6758	-57.953
-2.5585	-52.611
-2.4284	-46.673
-2.168	-36.221
-2.0377	-32.183
-1.8686	-26.483
-1.6666	-19.357
-1.4453	-14.251
-1.1263	-7.244
-0.94402	-3.4439
-0.76822	-0.23751
