"Arakawa et al. 1988, Spec. 26"	
819	
0	0
0.05797	9.3399
0.23188	18.68
0.34781	31.316
0.5797	42.853
0.75361	54.94
1.0435	66.479
1.2174	76.914
1.4492	86.807
1.6811	93.946
1.797	98.893
1.913	102.19
1.797	89.552
1.5072	75.268
1.2753	61.532
0.92752	45.599
0.63767	27.47
0.23188	8.2412
0.05797	-7.6914
-0.17391	-24.723
-0.46377	-45.599
-0.81158	-61.532
-1.1014	-76.914
-1.2753	-86.255
-1.5072	-93.946
-1.797	-102.19
-1.797	-93.399
-1.6811	-83.511
-1.3334	-69.775
-1.0435	-55.492
-0.75361	-39.008
-0.52173	-26.371
-0.17391	-11.537
-0.05797	1.6482
0.23188	20.328
0.69564	40.656
1.0435	57.689
1.2174	71.421
1.5072	85.157
1.797	95.045
2.0869	106.04
2.5507	118.12
2.8405	123.62
2.5507	103.29
2.0869	86.255
1.6811	67.026
1.1594	48.348
0.86956	31.865
0.52173	13.735
0.11594	-3.8458
-0.11594	-24.723
-0.69564	-45.599
-1.1594	-68.676
-1.6232	-86.255
-1.8551	-100.54
-2.3768	-113.18
-2.6666	-121.42
-2.8405	-124.71
-2.6666	-113.73
-2.3768	-99.44
-1.8551	-78.017
-1.6232	-67.026
-1.3334	-51.092
-0.98549	-36.261
-0.52173	-18.131
-0.17391	-3.8458
0.05797	10.988
0.40579	27.47
0.86956	45.599
1.3913	65.927
1.913	87.906
2.3768	104.39
2.8405	119.77
3.3043	130.76
3.7101	137.35
3.884	140.1
3.7101	129.11
3.2464	109.88
2.5507	88.453
2.029	69.223
1.5072	50.545
1.0435	32.415
0.52173	10.439
0	-8.7906
-0.34781	-29.119
-1.2753	-58.236
-1.8551	-84.058
-2.2609	-100.54
-2.8405	-118.67
-3.2464	-130.76
-3.5941	-137.35
-3.942	-140.65
-3.7681	-127.46
-3.4781	-112.63
-2.8985	-93.946
-2.4347	-77.466
-1.913	-61.532
-1.5072	-46.697
-1.1014	-34.613
-0.81158	-21.976
-0.52173	-9.8893
-0.34781	2.1976
0.17391	18.68
0.63767	40.107
1.3334	62.084
2.029	80.762
2.6087	99.44
3.2464	117.02
3.7681	132.41
4.1739	142.85
4.5217	148.89
4.9275	152.73
4.6956	141.2
3.7681	112.63
3.3043	96.695
2.6087	72.519
2.1449	61.532
1.7391	49.446
1.3913	37.359
0.86956	20.328
0.46377	6.5927
0.05797	-6.0434
-0.28985	-25.822
-0.81158	-45.052
-1.5072	-67.026
-2.2028	-85.708
-2.7826	-104.39
-3.2464	-119.77
-3.826	-135.7
-4.2898	-145.59
-4.6377	-148.89
-4.9275	-153.83
-4.8115	-141.2
-4.4637	-125.26
-3.7681	-107.14
-3.3623	-89.552
-2.6666	-70.322
-2.1449	-52.743
-1.5651	-36.261
-1.0435	-20.328
-0.63767	-5.494
-0.11594	7.1421
0.40579	24.723
1.2174	47.249
1.7391	69.223
2.4928	89.552
3.3623	109.88
4.0579	128.01
4.7535	142.85
5.2753	152.73
5.913	162.62
5.6811	152.73
5.1013	130.76
4.1739	106.04
3.3623	83.511
2.7245	66.479
1.971	47.249
1.2753	26.371
0.5797	5.494
0.34781	-1.0988
-0.46377	-31.316
-1.1594	-52.195
-1.797	-69.223
-2.3768	-83.511
-3.4202	-110.98
-4.2318	-130.76
-4.6956	-143.39
-5.1594	-151.08
-5.5071	-157.13
-5.913	-162.62
-5.6811	-146.14
-5.1594	-129.11
-4.4058	-108.78
-3.942	-93.399
-3.2464	-73.071
-2.4928	-55.492
-1.8551	-36.81
-1.2753	-20.328
-0.75361	-3.8458
-0.17391	12.087
0.52173	35.711
0.86956	49.994
1.913	70.322
3.2464	98.893
3.884	113.73
4.6956	130.21
5.2173	143.94
5.855	155.48
6.3188	162.62
6.7245	166.47
6.9564	167.57
6.6086	156.58
6.0289	137.9
5.3913	119.22
4.7535	102.19
4.2318	86.255
3.5941	70.322
2.7826	53.841
2.1449	40.107
1.5072	23.075
1.1594	12.636
0.63767	0
0.17391	-11.537
-0.11594	-22.525
-0.63767	-41.205
-1.2753	-58.236
-1.971	-75.268
-3.0145	-93.946
-3.826	-110.98
-4.4058	-126.36
-4.9854	-139
-5.739	-151.08
-6.2028	-159.88
-6.5507	-163.72
-6.8984	-167.57
-6.7824	-155.48
-6.3767	-141.2
-5.739	-123.62
-5.1013	-102.19
-4.5796	-86.807
-3.6521	-66.479
-2.7826	-49.446
-2.1449	-32.964
-1.5651	-16.482
-0.92752	-3.2964
-0.34781	12.636
0.28985	32.964
0.81158	47.249
1.6232	65.927
2.9564	88.453
3.884	107.14
4.6956	122.52
5.6231	140.65
6.3767	154.38
7.0143	163.72
7.4201	168.67
7.768	170.87
7.8839	165.92
7.5361	153.83
7.0143	138.45
6.5507	125.26
5.855	109.88
5.2753	96.695
4.6956	82.412
4	65.927
3.0145	47.249
2.3768	32.415
1.7391	18.68
1.2174	7.6914
0.98549	0
0.5797	-10.439
0.17391	-21.427
-0.17391	-31.316
-0.86956	-49.446
-1.6811	-63.73
-2.4928	-77.466
-3.0724	-91.202
-3.884	-106.04
-4.5217	-118.12
-5.1013	-130.76
-5.739	-142.85
-6.5507	-154.93
-7.0143	-163.17
-7.4201	-167.57
-7.826	-169.21
-7.71	-159.88
-7.1883	-143.39
-6.6666	-128.01
-6.0869	-110.98
-5.4492	-95.045
-4.9854	-81.314
-4.2318	-64.828
-3.5362	-48.348
-2.6666	-31.865
-1.971	-19.229
-1.5072	-7.1421
-1.1594	-0.5494
-0.92752	6.0434
-0.23188	18.68
0.23188	32.964
0.86956	48.348
1.8551	67.577
2.8985	84.058
4	102.19
4.9275	116.47
5.797	132.96
6.6666	146.14
7.1883	157.68
8.0579	166.47
8.6375	170.87
8.9273	171.41
8.8114	165.92
8.5216	153.83
7.9419	137.9
7.652	127.46
7.1883	115.37
6.6086	102.19
6.0869	91.202
5.5071	78.017
4.8115	64.828
4.1739	52.743
3.5362	40.656
2.7826	27.47
2.2028	18.131
1.797	8.2412
1.5072	0
0.98549	-10.439
0.52173	-19.779
0	-28.569
-0.40579	-39.557
-0.92752	-51.092
-1.797	-64.828
-2.6666	-78.564
-3.4781	-90.65
-4.2898	-105.49
-5.0434	-118.12
-5.6811	-130.21
-6.4926	-142.85
-7.1883	-153.83
-7.768	-162.62
-8.1737	-167.57
-8.6956	-170.31
-8.8694	-170.31
-8.7535	-160.98
-8.4056	-147.24
-7.826	-132.96
-7.2462	-118.12
-6.6666	-104.39
-6.2028	-91.749
-5.6811	-80.215
-5.1594	-67.577
-4.4637	-55.492
-3.7681	-41.755
-3.1304	-30.217
-2.4347	-15.383
-1.913	-4.3952
-1.3334	4.3952
-0.69564	19.779
0.17391	37.909
0.86956	53.294
2.0869	71.972
3.6521	91.749
4.5217	109.88
5.5651	124.71
6.5507	139
7.3622	151.64
8.1158	162.08
8.6956	168.12
9.0433	168.67
9.565	171.96
9.9709	174.16
9.9129	168.12
9.681	158.23
9.1592	144.49
8.6375	130.76
7.71	110.43
6.9564	93.946
6.1448	77.466
5.3913	62.084
4.7535	47.796
3.7681	32.964
2.9564	18.131
2.2028	5.494
1.6232	-4.9446
0.92752	-18.68
0.28985	-29.668
-0.28985	-40.107
-0.92752	-52.195
-1.5072	-63.183
-2.3768	-76.914
-3.5362	-90.65
-4.5217	-104.94
-5.5651	-121.97
-6.3767	-135.15
-7.3622	-148.89
-8.2318	-159.88
-8.7535	-166.47
-9.2173	-170.87
-9.623	-171.41
-9.9709	-173.61
-9.7969	-162.62
-9.2752	-149.99
-8.8114	-134.6
-8.1737	-116.47
-7.5941	-103.29
-6.7824	-87.906
-6.1448	-73.071
-5.5651	-58.788
-4.7535	-45.052
-3.7681	-26.371
-2.9564	-14.285
-2.2609	-2.747
-1.6232	8.7906
-0.81158	23.625
-0.11594	36.261
0.86956	53.294
1.7391	66.479
3.7681	91.202
5.3332	112.63
6.5507	128.01
7.768	143.39
8.9273	156.58
9.7969	165.92
10.261	170.87
10.666	171.41
10.956	171.41
10.666	163.17
10.319	147.24
9.739	131.86
9.0433	115.37
8.2897	99.44
7.3622	82.412
6.4926	65.927
5.6231	50.545
4.7535	35.162
3.7681	19.229
2.8405	4.3952
2.029	-7.6914
0.98549	-23.075
0.17391	-35.711
-0.5797	-46.697
-0.98549	-53.841
-1.971	-68.676
-3.0724	-82.412
-3.826	-91.749
-4.5796	-103.29
-5.797	-119.22
-7.0143	-133.5
-7.8839	-145.59
-8.5796	-152.73
-9.3911	-162.08
-9.9709	-168.67
-10.377	-169.77
-10.782	-171.41
-10.493	-158.23
-10.087	-143.94
-9.4491	-126.36
-8.6375	-108.23
-7.826	-87.906
-6.9564	-71.421
-6.0289	-54.94
-4.9854	-36.81
-3.942	-19.229
-2.9564	-3.8458
-2.0869	8.7906
-1.2174	21.427
-0.46377	34.063
0.28985	46.15
1.2753	60.434
2.3188	72.519
3.4781	86.255
4.8115	101.64
5.913	115.93
7.0143	128.01
8.1158	141.2
8.9854	151.08
9.739	157.68
10.435	165.37
10.84	168.12
11.188	168.67
11.594	169.77
11.884	169.77
11.71	161.52
11.13	143.94
10.551	132.96
10.029	117.02
9.5071	104.94
8.7535	89.004
8.0579	75.268
7.3622	61.532
6.4347	47.249
5.4492	34.063
4.4637	19.229
3.5941	7.1421
2.9564	-2.747
2.1449	-14.285
1.0435	-29.668
-0.05797	-43.952
-0.98549	-55.492
-1.5651	-63.73
-2.6666	-76.914
-4.0579	-91.749
-5.3332	-108.23
-6.4926	-122.52
-7.71	-135.15
-8.7535	-146.69
-9.681	-157.13
-10.493	-165.37
-11.13	-168.67
-11.768	-170.87
-11.71	-162.62
-10.956	-141.2
-10.203	-120.32
-9.2752	-99.44
-8.3477	-79.663
-7.4201	-63.73
-6.2607	-45.052
-5.2753	-28.569
-4.3477	-13.735
-3.3623	1.0988
-2.2028	17.031
-0.86956	34.063
0.40579	48.348
1.3334	60.434
2.4347	73.071
3.5362	87.906
5.1594	104.39
6.7824	120.87
8.1737	135.15
9.4491	146.69
10.493	157.68
11.304	163.72
12.174	167.02
13.043	169.21
13.449	169.77
13.854	169.77
13.854	165.92
13.623	157.68
13.217	145.04
12.638	133.5
12.116	121.97
11.362	106.58
10.782	92.301
10.087	79.116
9.2752	64.281
8.6956	53.841
7.71	41.205
6.8984	28.569
5.9709	15.383
5.0434	3.8458
4.2898	-6.0434
3.2464	-17.581
2.029	-29.668
1.0435	-40.656
-0.05797	-53.294
-0.81158	-60.434
-2.0869	-71.972
-3.7681	-89.004
-5.1594	-103.29
-6.5507	-118.67
-8.1737	-134.6
-9.5071	-146.69
-10.377	-155.48
-11.536	-163.72
-12.232	-165.92
-12.986	-168.67
-13.391	-168.67
-13.797	-169.77
-13.739	-160.43
-13.275	-147.24
-12.638	-131.31
-11.884	-114.83
-11.072	-98.341
-10.145	-80.762
-9.3332	-64.281
-8.2318	-47.249
-7.1883	-31.865
-6.1448	-17.581
-4.7535	0.5494
-3.4202	15.383
-2.0869	28.569
-0.46377	45.052
0.81158	58.236
1.8551	68.676
2.8985	78.564
4.6377	96.144
6.0869	107.68
7.826	121.97
9.623	136.25
10.84	147.24
12.174	155.48
13.16	161.52
13.971	165.37
15.131	166.47
15.536	167.02
15.999	168.12
15.71	158.78
15.362	146.69
14.84	133.5
14.145	119.77
13.449	105.49
12.753	91.749
12.058	78.017
11.188	62.631
10.261	49.994
9.5071	37.909
8.8694	30.217
7.71	16.482
6.8405	7.1421
6.1448	-2.1976
4.9275	-13.735
3.4202	-26.921
2.2609	-36.261
0.98549	-47.249
-0.17391	-56.59
-1.1594	-65.927
-2.4347	-75.815
-4.0579	-89.552
-5.2753	-101.64
-6.7245	-113.73
-8.1737	-124.16
-9.739	-137.35
-10.898	-146.14
-12.232	-156.03
-13.623	-162.62
-14.492	-165.37
-15.131	-166.47
-15.884	-167.02
-15.594	-156.03
-15.188	-142.29
-14.55	-127.46
-13.854	-111.53
-12.986	-94.498
-12.174	-80.215
-11.246	-63.73
-10.087	-45.052
-8.6956	-27.47
-7.5941	-13.735
-6.0869	2.1976
-4.2318	18.131
-2.3188	34.613
-0.81158	46.697
0.40579	57.689
1.913	68.676
3.4781	82.959
5.913	101.64
7.5941	113.18
9.2752	124.16
10.666	134.06
12.116	143.94
13.565	152.73
14.783	158.23
15.536	161.52
16.406	163.72
17.101	164.27
17.507	164.27
17.855	165.37
17.681	158.78
17.449	149.99
16.928	137.9
16.289	121.97
15.594	108.78
14.957	94.498
14.261	80.762
13.449	69.223
12.638	57.137
11.768	45.599
10.898	33.513
10.029	23.625
8.6956	9.3399
8.0579	2.747
7.0724	-6.0434
6.0289	-15.933
4.8115	-25.273
3.1883	-36.81
1.8551	-45.052
0.5797	-54.393
-0.46377	-63.183
-1.971	-72.519
-3.6521	-84.058
-5.2753	-96.695
-7.1883	-109.88
-8.8694	-121.42
-10.261	-130.76
-11.942	-141.75
-13.506	-149.99
-15.014	-157.68
-16.347	-162.62
-17.043	-163.72
-17.855	-163.72
-17.681	-155.48
-17.275	-141.75
-16.58	-128.01
-15.825	-112.08
-15.014	-97.243
-14.145	-79.116
-13.334	-66.479
-12.116	-48.348
-10.84	-33.513
-9.7969	-20.328
-8.7535	-10.988
-7.8839	-0.5494
-6.9564	7.6914
-5.4492	18.131
-3.4202	33.513
-1.8551	43.403
0	56.59
1.0435	64.281
2.4347	74.717
4.6956	89.552
6.6086	103.29
8.8694	116.47
10.782	128.56
12.522	139
14.435	147.24
15.942	154.38
17.101	158.78
18.086	160.98
18.956	163.17
19.536	163.17
19.942	164.27
19.71	154.38
19.072	139.55
18.492	126.91
17.855	112.08
17.101	97.794
16.173	81.314
15.304	68.125
14.435	55.492
13.506	43.952
12.464	30.767
11.652	21.976
10.551	11.537
9.565	2.1976
8.5796	-5.494
6.9564	-17.581
5.1594	-28.569
3.5941	-38.458
1.797	-48.895
0	-58.788
-1.6811	-71.421
-3.4781	-82.959
-5.1594	-92.301
-7.3622	-106.04
-9.0433	-116.47
-11.13	-128.01
-12.986	-137.9
-14.724	-146.69
-16.058	-151.64
-17.391	-155.48
-18.203	-159.88
-19.13	-161.52
-19.652	-162.62
-19.942	-163.72
-19.768	-155.48
-19.478	-145.04
-18.956	-130.76
-18.203	-116.47
-17.623	-105.49
-17.043	-92.301
-16.116	-78.017
-15.246	-61.532
-14.261	-49.994
-13.101	-33.513
-12.058	-23.625
-10.84	-13.186
-9.7969	-3.2964
-8.6956	6.0434
-7.2462	14.834
-5.797	23.075
-4.5796	30.767
-2.9564	39.557
-1.2174	49.446
0.40579	60.434
2.1449	71.421
4.1158	83.511
6.3188	96.695
8.1737	106.04
10.319	117.02
12.116	126.91
14.318	136.25
15.825	143.39
17.681	150.54
19.246	154.93
20.348	158.78
21.217	160.43
21.913	160.98
21.565	151.08
21.275	141.75
20.696	131.86
20.231	119.22
19.478	103.84
18.84	90.103
18.029	77.466
17.101	62.631
16.058	49.994
14.957	37.359
13.854	24.723
12.464	14.285
11.536	6.0434
10.666	-0.5494
9.0433	-10.988
7.4781	-20.328
5.6231	-29.668
4.0579	-38.458
2.3188	-46.697
0.5797	-54.94
-0.81158	-63.183
-2.4347	-71.421
-3.7681	-77.466
-5.2753	-85.708
-6.7824	-94.498
-8.2318	-103.29
-9.8549	-110.43
-11.536	-119.22
-13.16	-127.46
-14.783	-134.06
-16.232	-141.2
-17.681	-146.14
-18.84	-149.99
-19.71	-152.18
-20.348	-153.83
-20.753	-153.83
-21.391	-154.93
-21.797	-155.48
-21.507	-147.79
-20.985	-133.5
-20.348	-119.77
-19.652	-104.94
-18.84	-89.552
-17.913	-74.717
-17.043	-60.985
-15.999	-48.348
-15.072	-36.81
-14.609	-29.668
-13.565	-22.525
-12.232	-10.439
-11.246	-3.2964
-10.898	-0.5494
