"Arakawa et al. 1987, Spec. 16"	
787	
0	0
0	9.2532
0.093674	15.785
0.14051	23.95
0.32786	33.747
0.42154	41.912
0.56205	48.988
0.70256	57.698
0.79624	65.318
0.8899	68.583
0.93674	69.673
0.8899	63.685
0.79624	54.976
0.65573	46.266
0.46838	34.836
0.3747	25.583
0.28103	15.785
0.18735	6.5318
0.046838	-3.8102
0	-14.152
-0.14051	-21.772
-0.32786	-31.026
-0.51521	-44.089
-0.65573	-50.621
-0.84308	-57.698
-0.8899	-63.138
-0.98358	-68.04
-0.93674	-58.241
-0.8899	-50.078
-0.79624	-41.368
-0.60889	-31.026
-0.42154	-20.684
-0.23419	-9.2532
-0.14051	-1.0886
-0.046838	4.3545
0.14051	15.785
0.28103	25.583
0.42154	32.659
0.60889	43.001
0.7494	53.343
0.8899	64.228
1.0773	75.117
1.1241	82.19
1.3114	89.81
1.5456	97.977
1.7329	103.96
1.9204	107.77
1.8735	100.7
1.7329	91.442
1.4989	80.557
1.452	70.762
1.3114	61.506
1.1241	51.711
0.93674	42.457
0.7494	31.026
0.56205	20.684
0.3747	9.7977
0.14051	1.6329
0	-9.7977
-0.28103	-20.139
-0.46838	-30.481
-0.65573	-40.824
-0.84308	-52.253
-0.98358	-61.506
-1.1709	-71.848
-1.3583	-82.737
-1.5925	-90.899
-1.7798	-99.066
-1.9204	-103.96
-2.0608	-106.14
-1.9204	-96.887
-1.7798	-84.912
-1.6393	-73.48
-1.4051	-57.698
-1.1709	-45.176
-1.0773	-36.469
-0.79624	-25.038
-0.60889	-14.696
-0.42154	-5.4433
-0.28103	0.54433
0	10.342
0.32786	24.494
0.65573	39.191
0.8899	50.078
1.1709	63.685
1.4051	76.75
1.6393	91.442
1.8735	102.33
2.1077	114.85
2.3887	124.1
2.6229	132.27
2.8103	137.17
2.7165	129
2.6697	120.84
2.4823	109.95
2.1546	96.887
2.014	82.737
1.7798	71.305
1.452	58.241
1.2646	46.266
1.0304	35.38
0.7494	23.405
0.3747	9.7977
0.093674	-2.1772
-0.18735	-15.24
-0.60889	-28.849
-0.8899	-43.545
-1.2646	-60.42
-1.6393	-77.292
-1.8266	-92.532
-2.1077	-105.05
-2.4355	-117.03
-2.6229	-125.74
-2.8571	-133.9
-3.0913	-137.17
-2.9976	-129.55
-2.8571	-117.57
-2.6229	-103.96
-2.3887	-90.357
-2.1077	-75.117
-1.7798	-58.241
-1.4989	-46.809
-1.3114	-33.747
-0.98358	-17.962
-0.56205	-7.0762
-0.3747	0.54433
-0.046838	9.2532
0.14051	21.228
0.60889	34.836
1.1709	51.711
1.5456	66.95
1.7798	80.015
2.0608	97.977
2.5292	114.85
2.7634	128.46
3.0444	140.43
3.3722	150.23
3.6533	156.76
3.8406	161.11
3.7939	155.13
3.6533	141.52
3.4191	124.1
3.0913	107.77
2.7165	91.442
2.3887	74.027
2.0608	58.788
1.6862	43.001
1.3114	28.849
0.8899	17.418
0.46838	3.8102
0.14051	-5.9873
-0.14051	-16.873
-0.51521	-27.76
-0.98358	-45.176
-1.4051	-58.241
-1.7798	-72.395
-1.9671	-83.28
-2.4355	-100.7
-2.7165	-113.22
-2.9507	-123.56
-3.138	-134.99
-3.4191	-143.15
-3.7001	-151.32
-3.8875	-156.76
-4.1685	-160.57
-4.0748	-150.23
-3.9343	-137.17
-3.747	-124.1
-3.466	-109.41
-3.0444	-93.622
-2.7634	-77.835
-2.3887	-61.506
-2.014	-47.898
-1.7329	-34.292
-1.3583	-23.405
-1.0773	-13.608
-0.70256	-3.2659
-0.32786	7.6202
-0.18735	12.519
0.32786	28.849
0.70256	39.735
1.1709	51.711
1.7329	68.583
2.1077	83.28
2.5761	100.7
2.9507	117.03
3.2318	131.18
3.5597	143.15
3.8406	153.49
4.0748	161.66
4.4496	167.65
4.6838	169.82
4.8711	171.46
4.8711	163.84
4.6838	148.05
4.3558	131.73
3.9343	114.85
3.5128	96.344
3.2318	80.015
2.8103	65.318
2.3887	49.531
1.9204	34.836
1.452	20.684
0.98358	6.5318
0.51521	-5.9873
0	-19.051
-0.42154	-30.481
-0.93674	-41.912
-1.2646	-52.8
-1.8266	-71.848
-2.2482	-86.002
-2.8571	-103.42
-3.2786	-120.29
-3.6533	-136.08
-3.9812	-148.05
-4.1685	-158.4
-4.59	-164.38
-4.8711	-169.28
-5.1053	-172
-5.0584	-163.29
-4.9179	-148.05
-4.59	-129.55
-4.3558	-115.94
-4.0281	-101.24
-3.7001	-83.28
-3.2786	-66.95
-2.8571	-52.8
-2.3419	-39.735
-1.8735	-23.405
-1.4051	-9.7977
-0.84308	3.8102
-0.3747	14.152
0	23.405
0.56205	40.279
1.0304	50.078
1.5925	61.506
2.1077	74.57
2.6697	90.899
3.0913	107.77
3.5597	123.56
3.9812	137.71
4.4027	150.77
4.6369	159.48
5.0115	167.65
5.3863	172.55
5.7141	174.73
5.9014	175.27
5.9483	175.27
5.8078	168.73
5.6672	157.85
5.3395	141.52
5.1053	127.91
4.8242	114.31
4.4027	96.887
3.9343	80.015
3.5597	63.685
2.9976	44.633
2.4355	27.216
1.7798	10.342
1.1709	-3.2659
0.46838	-18.506
-0.046838	-28.849
-0.51521	-38.102
-1.1241	-48.988
-1.5925	-60.963
-2.2013	-74.57
-2.7634	-92.532
-3.466	-112.67
-4.1217	-132.27
-4.4964	-145.33
-4.8711	-156.22
-5.1053	-163.84
-5.2926	-167.65
-5.6672	-172
-5.8547	-173.09
-6.1825	-175.27
-5.9952	-166.56
-5.8547	-151.32
-5.5736	-134.99
-5.1989	-119.75
-4.8242	-103.96
-4.4964	-88.177
-4.2154	-74.57
-3.7939	-60.963
-3.466	-49.531
-2.9976	-34.292
-2.4823	-20.684
-1.8266	-5.9873
-1.3583	4.8988
-0.84308	14.696
-0.14051	27.76
0.51521	39.735
1.1709	50.078
1.6393	63.685
2.2482	79.467
2.9976	95.254
3.5128	107.23
4.0281	123.02
4.6369	138.8
5.1989	154.04
5.6672	164.93
5.9952	170.37
6.5104	173.09
6.7446	174.73
6.8382	175.81
6.8851	172
6.7446	164.93
6.6509	154.04
6.3231	140.43
5.9952	123.02
5.3863	103.42
4.8711	80.557
4.2622	58.788
3.6533	39.191
2.8103	19.051
2.1077	1.6329
1.452	-10.342
0.65573	-23.95
0	-35.38
-0.60889	-45.176
-1.1241	-53.343
-1.4051	-60.42
-2.014	-74.57
-2.7634	-87.634
-3.3255	-99.066
-3.747	-109.95
-4.1685	-121.38
-4.7306	-133.9
-5.3863	-148.6
-5.8547	-160.57
-6.1825	-166.56
-6.5573	-169.28
-6.9319	-174.73
-7.0724	-174.73
-7.0256	-166.56
-6.9319	-154.04
-6.604	-140.43
-6.3231	-123.56
-5.9483	-108.86
-5.5268	-93.079
-5.1053	-79.467
-4.8242	-65.318
-4.4027	-51.711
-4.0748	-40.824
-3.6064	-27.76
-3.0913	-15.24
-2.5292	-4.3545
-2.014	5.9873
-1.2646	16.873
-0.51521	26.671
0	36.469
0.51521	44.633
0.93674	52.8
1.452	61.506
1.7798	69.673
2.9507	90.357
3.5597	102.33
4.2622	118.11
5.0115	133.36
5.6672	146.96
6.2762	159.48
6.7446	166.56
6.9788	169.28
7.4472	170.37
7.6813	172.55
7.9624	173.64
7.8687	169.28
7.7282	161.11
7.6813	153.49
7.4472	142.07
7.1192	128.46
6.7915	113.76
6.3698	98.519
5.9952	82.19
5.5736	69.125
5.1989	56.065
4.6838	39.191
4.0748	25.583
3.4191	10.342
2.8571	0
2.295	-8.1647
1.452	-19.595
0.60889	-31.026
-0.093674	-44.089
-0.65573	-52.8
-1.3114	-61.506
-2.0608	-74.57
-2.7634	-88.177
-3.3722	-98.519
-3.7939	-106.14
-4.59	-120.29
-5.1521	-130.64
-5.8547	-142.61
-6.3698	-153.49
-6.9319	-164.38
-7.1661	-166.56
-7.3534	-166.56
-7.6345	-169.82
-7.7749	-170.37
-8.1497	-172
-8.1497	-168.19
-8.056	-156.76
-7.8687	-145.33
-7.5408	-132.27
-7.213	-115.4
-6.7446	-98.519
-6.2762	-80.015
-5.8547	-63.685
-5.3395	-48.988
-4.8242	-35.38
-4.2622	-20.684
-3.7001	-7.0762
-2.9507	3.8102
-1.9671	15.24
-1.1241	26.671
-0.28103	39.191
0.51521	51.711
1.1709	60.42
1.8735	71.848
2.9976	90.899
4.0281	105.05
4.7306	118.66
5.5268	132.27
6.3231	145.87
7.1192	158.94
7.494	163.84
7.9155	164.93
8.3839	167.65
8.6648	169.82
8.9459	172
9.2269	172.55
9.3674	173.09
9.3674	167.65
9.2738	161.11
9.0865	149.14
8.8523	139.35
8.5712	128.46
8.2433	115.4
7.8218	99.609
7.4003	86.002
7.1192	74.57
6.6977	60.963
6.1825	45.176
5.5736	32.114
5.0584	18.506
4.4496	7.6202
4.0281	0
3.5128	-5.9873
2.6697	-15.785
1.8735	-24.494
0.79624	-38.102
0	-50.078
-1.3114	-68.583
-2.1077	-82.19
-3.0444	-93.622
-3.7001	-102.33
-4.4027	-113.22
-5.1989	-125.19
-5.9483	-136.62
-6.7446	-147.51
-7.3534	-156.22
-7.8687	-162.2
-8.1966	-164.93
-8.4775	-164.38
-8.8054	-169.28
-9.1332	-169.82
-9.4143	-172.55
-9.6016	-173.64
-9.5548	-164.38
-9.4611	-154.58
-9.2269	-142.07
-8.8523	-127.37
-8.5244	-109.95
-8.056	-91.442
-7.6345	-77.292
-7.0724	-62.053
-6.6977	-50.078
-6.2762	-38.646
-5.8078	-27.216
-5.2457	-16.329
-4.6838	-6.5318
-4.1685	1.6329
-3.3722	9.2532
-2.5292	18.506
-1.5456	28.849
-0.79624	37.558
0.093674	50.078
0.84308	59.873
1.5925	70.762
2.7165	85.455
4.0281	103.42
5.0584	115.94
6.1825	131.18
7.3066	145.33
8.0091	151.86
8.7586	161.11
9.2738	163.84
9.8358	167.1
10.257	167.65
10.632	170.37
10.913	172
10.96	167.1
10.819	161.11
10.679	150.77
10.351	139.35
10.07	126.82
9.8358	113.76
9.3207	96.887
8.9459	85.455
8.5712	71.305
8.056	55.518
7.494	43.545
7.0724	33.203
6.4167	19.051
6.042	11.975
5.3395	2.1772
4.6838	-3.8102
3.747	-13.064
2.8103	-20.139
2.1077	-27.76
1.1709	-38.646
0.32786	-50.078
-0.51521	-60.42
-1.3114	-69.125
-2.1077	-79.467
-2.9976	-91.442
-3.5597	-97.977
-4.3558	-106.69
-5.1989	-117.57
-6.042	-126.82
-6.8382	-137.17
-7.5408	-146.42
-8.2433	-151.86
-8.9927	-160.03
-9.9764	-168.19
-10.445	-169.82
-10.866	-172
-11.147	-173.09
-11.147	-167.1
-11.007	-158.4
-10.773	-143.15
-10.398	-129.55
-10.023	-115.94
-9.789	-106.69
-9.4611	-93.622
-9.1332	-84.912
-8.8523	-71.305
-8.3839	-60.42
-7.9155	-48.446
-7.5408	-37.558
-7.0256	-26.127
-6.5573	-16.873
-5.9952	-8.1647
-5.3395	-0.54433
-4.7306	3.8102
-3.747	12.519
-2.8571	20.139
-1.9204	28.849
-1.0304	39.191
-0.046838	48.988
1.4989	68.04
2.4823	81.647
3.3722	90.899
4.2154	101.78
5.4799	113.22
6.5573	124.1
7.5408	135.53
8.4775	145.87
9.5548	156.22
10.538	163.84
11.007	164.93
11.569	167.65
12.037	169.82
12.318	170.91
12.506	170.91
12.412	164.93
12.225	154.58
12.084	145.87
11.803	132.81
11.335	118.66
11.007	103.96
10.679	91.989
10.211	79.467
9.6953	64.775
9.1801	51.163
8.6181	37.558
8.1966	27.216
7.6345	18.506
6.7915	8.1647
6.1825	-0.54433
5.1989	-8.7092
4.0281	-17.418
2.9507	-26.671
2.1546	-33.203
1.0304	-43.001
-0.51521	-60.42
-1.5925	-74.027
-2.5761	-84.369
-3.3722	-93.079
-4.3558	-103.96
-5.5268	-114.31
-6.4635	-123.02
-7.213	-132.81
-8.337	-143.7
-9.4611	-154.58
-10.351	-162.75
-10.773	-165.47
-11.428	-168.19
-11.756	-169.82
-11.85	-169.82
-12.178	-172.55
-12.459	-173.64
-12.693	-173.64
-12.599	-164.93
-12.365	-151.32
-12.037	-133.9
-11.709	-120.29
-11.288	-103.96
-10.726	-86.545
-10.257	-71.848
-9.7422	-58.241
-9.1801	-44.089
-8.7117	-34.836
-8.1497	-25.038
-7.5876	-15.24
-6.7915	-5.9873
-6.1825	1.6329
-5.1521	7.0762
-3.9343	14.696
-3.0444	20.684
-1.9204	30.481
-0.93674	40.279
0	50.621
0.98358	62.595
1.9671	74.57
2.9976	87.092
3.747	95.797
3.0444	83.28
3.9812	93.622
5.1521	104.51
6.1825	114.31
7.0256	124.1
8.2433	134.99
9.1801	142.61
10.023	150.77
10.913	156.76
11.803	162.2
12.599	166.56
13.255	169.82
13.724	170.91
13.957	170.91
13.863	167.1
13.771	157.85
13.63	146.96
13.349	137.17
13.021	125.74
12.646	110.49
12.225	97.434
11.803	83.28
11.381	72.395
10.913	60.963
10.351	49.531
9.6484	37.558
8.9927	24.494
8.4775	15.24
7.7282	7.0762
7.2598	0.54433
6.5573	-3.2659
5.3395	-10.886
4.1217	-19.595
3.2786	-23.95
2.1546	-33.203
0.98358	-43.001
0	-52.8
-1.2646	-68.04
-2.6229	-81.647
-4.0281	-95.254
-5.3395	-106.69
-6.604	-117.57
-8.1966	-132.81
-9.5548	-145.87
-10.726	-155.67
-11.85	-164.38
-12.739	-169.82
-13.489	-173.09
-14.004	-175.27
-14.379	-176.9
-14.332	-170.91
-14.238	-163.29
-14.051	-151.32
-13.724	-138.26
-13.442	-125.19
-13.021	-111.04
-12.693	-100.15
-12.271	-86.545
-11.756	-71.848
-11.241	-60.42
-10.819	-48.446
-10.211	-37.013
-9.6484	-28.304
-9.1332	-20.139
-8.5712	-10.342
-7.8687	-3.8102
-7.2598	0.54433
-6.3231	6.5318
-5.1521	12.519
-4.0748	18.506
-2.7634	26.127
-1.8266	34.292
-1.0304	41.912
-0.18735	48.988
0.84308	59.873
2.0608	71.848
3.1849	83.28
4.1685	92.532
5.5268	104.51
6.5573	112.13
7.4472	121.38
8.5244	130.09
9.4611	138.26
10.445	145.87
11.569	152.95
12.365	159.48
13.302	164.93
14.051	168.73
14.66	170.37
15.175	173.09
15.363	173.64
15.409	170.91
15.316	164.93
15.222	155.13
15.034	144.24
14.707	132.81
14.379	123.56
14.051	111.58
13.677	100.15
13.302	88.177
12.88	75.66
12.365	64.228
11.943	55.518
11.569	46.809
11.054	38.102
10.398	26.127
9.6484	15.785
8.899	7.6202
8.1966	0.54433
7.4472	-3.2659
6.1825	-10.342
4.6838	-18.506
3.5128	-23.95
2.3419	-31.026
1.3114	-40.279
0	-51.711
-1.0773	-60.963
-2.1546	-71.848
-3.3255	-83.28
-4.3558	-93.079
-5.5268	-102.33
-6.6977	-112.67
-7.7749	-123.02
-8.9459	-131.73
-10.211	-140.98
-11.569	-151.32
-12.552	-159.48
-13.536	-166.02
-14.285	-169.82
-14.989	-174.18
-15.503	-175.81
-15.784	-176.36
-15.784	-172.55
-15.784	-162.2
-15.503	-151.32
-15.222	-139.89
-14.942	-127.37
-14.567	-116.48
-14.145	-101.78
-13.724	-89.267
-13.302	-76.75
-12.786	-63.138
-12.131	-50.078
-11.663	-39.191
-11.1	-29.393
-10.632	-22.317
-10.211	-15.785
-9.6484	-9.2532
-8.9927	-3.2659
-8.6648	0
