"Atalay and Penzien, 1975, Spec. 5"	
1689	
0	0
0	1.5885
0.049657	2.2504
0.049657	3.4418
0.099314	4.633
0.3476	6.6191
0.89383	9.6637
1.3904	12.179
2.1353	16.812
2.8303	19.989
3.6746	24.49
4.7173	28.726
5.7602	32.83
6.2568	34.683
6.9022	37.331
8.2431	43.023
8.5905	44.613
8.9383	46.731
9.4844	49.244
9.7328	50.169
9.7328	48.981
9.5837	47.393
9.1864	43.817
8.6898	39.184
8.2926	35.345
7.4485	31.506
6.2568	25.946
5.6111	22.901
5.0152	20.519
4.1214	16.282
3.3269	11.252
2.3835	7.1484
1.887	4.3685
0.79451	-0.79428
0.099314	-3.9714
-0.59588	-7.413
-1.589	-12.444
-2.4828	-18.665
-3.178	-23.563
-3.6248	-26.873
-3.9726	-30.05
-5.3132	-36.801
-6.4056	-41.567
-7.1008	-44.214
-8.0444	-46.993
-8.6403	-48.581
-9.1864	-50.436
-9.1369	-47.522
-8.8389	-43.685
-8.4417	-39.448
-7.9451	-36.536
-7.4485	-33.359
-6.8527	-30.314
-5.9588	-25.681
-4.4193	-19.062
-1.7877	-5.2949
-0.29794	2.5152
1.9366	12.84
3.178	18.4
5.0152	27.8
5.6609	31.903
7.2995	38.257
8.4912	41.699
9.9314	45.143
9.5837	42.361
8.8885	38.257
7.8458	32.168
6.8029	27.402
5.9091	24.093
5.065	20.519
3.9726	14.959
3.3269	11.252
2.7808	7.8102
1.6387	1.7209
0.84417	-2.6475
0	-6.6191
-0.74485	-10.458
-1.9366	-15.62
-3.1283	-22.24
-4.5187	-28.329
-5.8595	-34.551
-6.9022	-38.787
-8.0444	-44.214
-8.6403	-46.993
-9.0871	-48.714
-9.4844	-50.703
-9.7823	-51.89
-9.8321	-50.703
-9.1864	-45.272
-8.7892	-40.11
-8.2926	-36.536
-7.4981	-32.565
-6.7534	-28.991
-5.6111	-23.828
-4.7173	-19.724
-3.6248	-15.091
-2.6317	-9.7958
-0.99314	-1.9857
-0.24828	3.0447
0.64554	8.2074
1.6387	13.238
2.5822	18.665
4.0719	24.49
5.5118	31.506
6.5049	36.272
7.5974	40.507
8.3424	43.685
9.1864	46.86
9.5341	47.923
9.0871	42.758
8.1933	36.801
7.6967	34.418
6.4056	28.726
5.3132	23.563
4.3698	18.268
2.9794	10.855
1.4897	3.3094
0.049657	-3.9714
-1.1421	-9.7958
-1.9366	-13.238
-2.6317	-17.341
-4.2705	-23.96
-5.363	-29.653
-5.7602	-32.433
-7.2001	-39.316
-8.094	-43.42
-8.9383	-47.522
-9.683	-51.761
-9.5341	-47.393
-8.6898	-41.169
-7.9451	-36.007
-7.0015	-31.506
-5.7602	-25.946
-4.7173	-20.916
-3.5255	-14.164
-2.4828	-7.9428
-1.0428	0.26475
0	5.6921
1.0428	10.59
2.1849	16.944
3.0289	21.048
3.7739	26.74
4.6678	33.889
5.5118	37.463
6.5547	41.169
7.8953	44.347
8.7892	45.539
9.7823	45.539
9.7823	45.539
9.2857	40.905
8.4912	37.066
7.4981	31.771
6.207	25.814
5.065	20.783
4.0719	16.018
2.6815	9.134
1.2414	1.7209
-0.3476	-6.354
-1.2414	-10.59
-1.887	-13.635
-2.6317	-17.474
-4.5187	-26.343
-5.4623	-30.579
-6.9022	-37.066
-8.2431	-43.023
-8.9383	-46.33
-9.3355	-48.452
-9.7328	-51.494
-9.0871	-41.567
-7.8458	-33.094
-6.6043	-27.005
-5.7104	-22.504
-4.0719	-15.488
-2.3339	-10.987
-1.887	-6.4865
-0.64554	0.39714
0.44691	6.0893
1.6883	12.311
2.8303	17.077
3.8732	21.842
4.4691	24.887
5.5118	30.579
6.5049	35.874
7.4981	39.448
8.2926	42.758
9.1864	46.068
10.031	48.714
10.527	50.04
11.421	52.024
13.209	57.584
14.45	60.631
15.145	62.219
16.188	64.732
17.281	66.849
18.025	68.041
19.118	69.5
19.912	70.425
19.813	67.512
18.919	63.144
18.125	59.572
17.032	54.541
16.536	52.291
15.394	48.319
13.755	43.817
12.563	40.11
11.471	36.272
9.7328	31.506
7.4981	23.166
6.5547	20.386
5.1145	14.827
3.6248	9.6637
2.2842	4.5009
1.2414	0
0.14897	-5.8247
-2.3339	-18.4
-3.6248	-23.431
-4.7671	-28.991
-6.1077	-34.683
-7.3492	-39.448
-8.8389	-45.539
-9.6335	-49.11
-10.378	-52.024
-11.669	-56.263
-12.762	-59.172
-13.953	-62.219
-15.294	-65.924
-16.685	-68.971
-18.075	-71.751
-19.068	-73.868
-20.111	-75.852
-20.608	-76.648
-20.31	-73.339
-19.466	-69.233
-18.919	-66.453
-17.777	-59.172
-16.933	-55.6
-15.692	-51.099
-14.152	-45.539
-13.258	-42.228
-12.116	-38.257
-10.527	-32.565
-9.1369	-27.534
-8.3919	-24.754
-7.0015	-20.121
-5.6609	-15.62
-4.3698	-10.458
-3.2774	-6.354
-2.4332	-3.1771
-1.1918	1.7209
0.19863	8.2074
2.5822	15.753
4.3698	22.372
5.1145	25.814
6.0084	28.858
7.2001	32.697
8.8885	36.801
10.031	40.64
11.62	45.272
12.662	48.452
14.351	53.879
15.145	56.263
16.188	59.439
17.132	61.952
17.976	64.069
19.217	66.057
19.912	67.249
20.558	68.174
19.813	65.79
18.82	61.689
18.224	59.439
16.983	55.729
14.401	46.731
12.265	37.86
9.9809	30.182
7.796	22.769
6.0084	16.018
4.4691	13.106
2.0359	3.5742
0	-5.0302
-1.0925	-9.5312
-3.2774	-18.798
-4.9159	-24.49
-6.654	-30.712
-8.7396	-38.522
-10.875	-45.143
-12.116	-50.569
-13.656	-55.862
-15.344	-60.893
-16.635	-64.469
-17.877	-68.57
-18.969	-71.484
-19.714	-72.542
-20.111	-72.676
-20.21	-70.688
-19.614	-66.849
-19.168	-63.144
-18.671	-60.364
-17.827	-56.659
-16.536	-52.42
-15.443	-48.714
-14.351	-45.272
-13.258	-41.831
-11.769	-37.331
-11.173	-35.477
-9.6335	-29.917
-8.4912	-25.681
-7.2001	-21.18
-5.4623	-15.091
-4.2705	-11.12
-3.476	-7.9428
-2.3339	-3.4418
-0.99314	1.9857
-0.099314	5.9572
0.84417	10.061
1.887	13.635
3.6746	20.121
4.8166	23.431
5.5616	25.814
6.8029	30.712
7.8458	34.683
8.7892	38.39
10.031	42.626
12.613	48.714
13.606	51.361
15.145	55.2
16.287	58.776
17.479	62.352
17.976	63.94
18.621	65.394
19.217	66.72
19.763	67.912
19.366	64.469
18.82	61.027
17.628	56.921
16.933	54.141
15.89	50.04
15.046	46.597
14.401	44.742
13.109	40.507
11.073	34.418
9.5341	28.991
7.3988	22.504
6.1575	18.4
5.3132	14.827
4.1214	10.458
2.8801	5.8247
1.9863	2.118
0.79451	-3.1771
-0.89383	-10.59
-2.7808	-18.136
-4.618	-24.49
-6.1575	-30.05
-7.4485	-34.948
-9.7328	-42.493
-11.272	-47.26
-12.762	-52.024
-14.003	-55.071
-15.99	-60.23
-17.777	-64.865
-18.82	-67.645
-19.366	-69.367
-18.82	-65.261
-18.522	-62.748
-17.678	-58.642
-16.486	-54.274
-15.493	-50.832
-14.152	-46.731
-13.109	-43.817
-12.116	-40.64
-10.527	-35.213
-9.0376	-29.255
-7.6472	-24.225
-6.4056	-19.062
-5.6111	-16.018
-4.2207	-10.326
-3.178	-6.2219
-1.9863	-1.3238
-0.54623	4.3685
0.19863	7.413
1.2911	11.649
2.2842	15.753
3.5753	21.18
6.7534	30.712
10.428	41.699
12.464	48.981
14.251	53.612
16.883	60.101
17.827	62.352
18.025	62.881
18.572	64.069
19.316	65.261
20.21	66.587
18.572	59.834
16.585	52.82
16.039	50.703
14.549	46.068
13.258	41.831
11.52	36.139
8.8885	26.079
7.2995	21.18
5.9588	16.547
4.1712	10.326
2.9296	6.0893
1.0925	-0.66191
-0.049657	-5.8247
-1.4401	-11.914
-2.9794	-18.533
-4.0719	-22.769
-5.8595	-28.461
-7.4485	-33.889
-8.1437	-36.272
-10.378	-44.082
-11.371	-46.597
-14.251	-54.141
-15.195	-56.659
-16.883	-61.422
-18.323	-65.661
-19.614	-69.896
-19.962	-70.954
-20.161	-71.484
-19.316	-64.202
-18.472	-60.76
-17.429	-56.921
-16.138	-52.82
-13.953	-45.934
-12.514	-40.905
-11.57	-37.331
-10.08	-32.83
-8.9383	-28.858
-7.796	-24.754
-6.7534	-20.386
-5.4125	-16.282
-4.4193	-12.84
-3.6746	-10.326
-2.9296	-7.2809
-1.9366	-2.78
-0.59588	2.9123
0.3476	7.2809
0.94348	9.7958
1.6387	12.973
2.5325	16.415
3.5255	19.592
6.7036	29.52
7.8953	32.697
8.4912	34.551
10.428	38.919
12.166	43.949
13.457	47.789
13.854	49.11
15.344	53.483
16.536	57.321
18.174	62.352
19.912	68.704
20.608	70.292
21.799	72.542
22.544	73.601
23.339	74.001
24.282	74.13
25.524	74.13
26.467	74.13
27.61	74.13
28.453	73.339
29.098	72.147
29.248	70.559
29.05	67.378
28.801	63.277
28.702	60.101
28.204	56.921
27.61	54.141
27.112	52.024
26.17	48.581
25.524	46.597
24.183	43.023
22.494	38.919
19.912	33.756
16.585	26.608
14.351	21.445
12.712	17.739
10.974	14.032
9.2362	10.061
7.5974	5.8247
6.0582	2.3828
4.5187	-0.52949
0.24828	-9.6637
-1.4897	-13.238
-2.8801	-17.606
-4.4193	-22.372
-5.5616	-26.74
-7.4981	-33.624
-8.8885	-38.39
-10.229	-42.758
-11.52	-46.201
-12.911	-50.302
-14.847	-56.263
-16.486	-60.364
-18.174	-64.999
-19.863	-69.762
-20.657	-71.484
-22.544	-74.397
-23.786	-75.718
-26.518	-75.718
-28.801	-75.852
-30.091	-76.119
-31.234	-76.514
-31.73	-76.514
-31.483	-73.468
-31.036	-70.425
-30.091	-64.999
-29.347	-61.16
-28.603	-57.98
-27.361	-53.745
-26.467	-51.099
-24.878	-46.464
-24.133	-44.347
-22.743	-41.169
-22.047	-39.448
-20.061	-34.154
-18.82	-31.109
-16.536	-25.284
-14.698	-20.519
-11.818	-14.694
-9.2857	-9.0019
-7.0513	-3.9714
-4.8664	0.26475
-2.1849	6.4865
0.29794	11.649
2.0856	15.62
5.2139	22.901
7.2499	28.461
9.1864	33.492
10.825	37.463
12.414	41.037
13.159	42.89
14.351	45.672
15.394	48.052
16.585	50.703
17.777	53.082
18.522	54.67
19.515	56.921
21.203	60.364
22.594	62.881
23.934	64.999
24.878	66.32
26.218	67.779
27.658	68.837
29.197	69.896
29.644	70.158
29.893	70.292
29.248	67.645
28.651	63.01
28.204	60.631
27.31	57.321
26.467	54.408
25.077	49.11
23.239	43.552
21.551	38.654
20.707	36.536
18.82	31.241
15.84	24.49
13.308	18.665
11.918	15.62
10.18	11.781
7.6967	5.2949
6.0084	0.92665
4.6678	-2.2504
1.9366	-7.0158
-0.099314	-11.385
-1.9863	-16.282
-4.4691	-22.372
-6.8029	-27.402
-8.7396	-31.638
-10.825	-36.801
-12.96	-42.096
-13.705	-43.949
-16.734	-51.494
-17.678	-54.012
-18.721	-56.392
-20.061	-59.172
-21.65	-62.085
-22.792	-64.069
-23.786	-65.79
-24.928	-67.779
-26.218	-69.629
-27.46	-70.821
-28.951	-72.542
-29.842	-73.468
-30.737	-74.264
-31.234	-74.531
-30.737	-70.292
-29.695	-66.32
-28.801	-62.748
-27.112	-55.467
-25.921	-50.302
-24.63	-45.934
-22.047	-39.052
-18.423	-28.858
-16.585	-23.299
-12.911	-15.62
-10.08	-10.193
-7.8953	-4.8981
-6.1077	-1.7209
-4.2207	2.3828
-2.1849	7.0158
-0.64554	10.855
1.3904	15.488
3.5255	19.989
6.2568	27.534
8.7396	34.021
10.378	37.595
13.01	42.493
14.748	46.201
16.536	50.04
17.529	52.157
18.721	54.141
20.111	56.392
20.757	57.584
22.197	59.968
23.438	62.085
24.878	64.202
25.87	65.661
27.46	67.645
28.504	68.704
28.849	69.367
28.354	62.881
27.958	59.968
26.863	54.141
26.467	52.157
25.624	49.244
24.431	45.405
22.197	39.184
20.409	35.477
18.621	31.506
16.933	27.402
15.791	24.754
13.258	19.062
10.577	12.179
8.9383	9.0019
6.8527	4.633
5.7602	2.2504
2.6815	-3.9714
0.14897	-9.0019
-3.0289	-17.077
-7.9946	-28.064
-10.329	-34.021
-12.017	-38.919
-12.96	-41.699
-14.847	-46.993
-16.337	-51.099
-19.763	-58.776
-21.353	-61.289
-22.643	-63.411
-23.885	-65.79
-25.027	-68.174
-26.02	-70.158
-27.112	-71.751
-28.255	-72.938
-29.197	-73.468
-29.743	-73.734
-30.142	-74.13
-30.34	-72.013
-30.34	-70.158
-30.289	-67.645
-30.091	-65.261
-29.842	-63.54
-28.999	-60.101
-27.856	-56.525
-26.665	-52.553
-25.573	-49.244
-23.835	-44.347
-21.849	-38.919
-19.962	-34.154
-17.678	-28.064
-14.798	-20.783
-13.01	-17.209
-11.272	-13.502
-9.4348	-9.134
-7.3988	-4.2361
-6.1575	-1.1914
-4.2705	3.1771
-2.731	5.8247
-0.49657	10.855
0.59588	12.973
2.7808	17.606
5.9588	25.549
8.2926	31.638
10.477	37.066
12.563	41.302
15.543	47.127
16.387	48.714
17.678	50.965
19.019	53.483
21.353	57.188
24.084	61.556
25.87	64.336
26.965	65.924
28.405	67.249
29.545	68.441
29.893	68.971
30.19	69.233
30.538	69.629
30.538	69.629
29.497	64.732
28.255	61.289
27.511	58.909
26.317	54.804
25.87	53.349
24.779	49.64
23.537	45.801
22.743	43.42
21.253	39.316
19.813	35.345
18.721	32.962
16.983	28.461
16.089	25.946
14.45	21.445
13.01	18.268
11.868	15.753
10.13	12.047
8.2926	8.0749
6.952	5.2949
5.065	0.66191
2.8303	-4.8981
1.1918	-8.34
-0.84417	-12.84
-1.9366	-15.488
-4.1712	-21.313
-8.7396	-32.565
-10.627	-36.801
-12.96	-42.626
-15.245	-48.319
-17.678	-53.483
-18.87	-55.2
-19.614	-56.525
-21.402	-59.701
-22.246	-61.027
-23.488	-63.54
-24.381	-65.394
-25.822	-67.512
-27.064	-68.308
-27.907	-68.57
-29.248	-70.029
-29.794	-70.425
-30.836	-70.688
-31.283	-70.158
-30.886	-66.72
-30.19	-63.673
-29.347	-60.101
-27.907	-55.729
-26.218	-49.773
-24.183	-43.949
-19.565	-32.035
-18.075	-28.461
-15.443	-21.975
-12.911	-16.282
-11.371	-13.238
-9.385	-9.0019
-8.1437	-5.8247
-7.0015	-3.5742
-4.9159	1.7209
-2.2345	7.2809
-0.84417	10.458
1.887	15.488
4.5187	22.504
5.8595	26.079
7.6967	30.844
9.1864	34.418
11.52	39.448
13.606	43.817
15.692	48.052
17.33	50.703
19.714	54.804
21.501	57.851
23.885	61.027
25.771	63.144
27.262	64.732
29.497	65.528
31.135	66.057
32.873	66.453
34.76	66.849
36.101	67.249
38.186	67.645
39.675	68.174
40.767	68.441
39.627	65.394
38.384	62.219
37.292	58.38
35.405	52.553
34.364	48.714
33.17	43.949
31.582	38.257
30.391	34.021
28.801	29.255
27.559	26.475
25.672	22.637
23.835	19.327
22.892	17.739
20.806	14.561
20.061	13.106
17.181	9.5312
14.549	6.354
12.712	3.5742
11.073	1.7209
9.2857	-0.26475
6.4056	-3.9714
4.8166	-6.6191
2.6815	-10.193
1.3904	-12.047
-0.64554	-15.753
-2.3339	-19.062
-4.6678	-24.225
-5.9588	-27.8
-8.094	-31.771
-10.676	-36.934
-12.514	-41.964
-13.953	-45.672
-14.748	-47.393
-16.834	-51.89
-18.671	-55.467
-20.359	-58.509
-22.991	-62.481
-24.53	-64.598
-26.071	-66.587
-28.651	-69.233
-29.695	-69.762
-32.327	-71.35
-35.405	-73.072
-37.043	-73.339
-38.882	-73.468
-39.726	-73.468
-41.166	-73.339
-41.961	-73.072
-42.009	-73.072
-41.661	-69.1
-40.917	-63.673
-39.18	-56.263
-38.087	-52.687
-37.193	-49.907
-36.2	-46.993
-34.808	-43.552
-33.866	-40.64
-32.624	-37.331
-31.432	-34.021
-30.043	-30.579
-28.75	-27.534
-27.064	-23.828
-25.672	-21.842
-24.034	-19.062
-22.494	-16.018
-20.657	-12.444
-18.87	-9.6637
-17.181	-7.0158
-15.443	-4.633
-13.06	-1.8533
-10.676	1.1914
-8.7396	3.3094
-6.8527	5.6921
-5.0152	8.2074
-3.7241	9.9284
-2.8801	11.12
-1.3407	13.502
-0.14897	15.356
1.4401	18.136
2.3339	19.46
7.2995	28.858
9.2857	32.565
11.421	35.874
12.812	38.125
14.5	41.169
16.337	44.613
17.777	46.993
19.217	49.244
21.104	52.157
22.544	54.408
24.282	56.525
25.126	57.321
26.419	58.776
27.856	60.23
29.596	61.689
30.589	62.481
32.426	63.807
33.716	64.865
34.91	65.661
35.903	66.453
37.391	67.249
38.435	68.041
39.527	68.837
39.975	69.367
40.322	69.896
40.173	68.041
39.726	65.132
39.129	61.16
38.534	57.45
37.838	54.274
37.193	51.628
36.497	48.714
35.951	46.993
33.47	40.11
32.873	38.787
31.184	34.683
29.893	31.771
28.702	29.255
26.863	26.079
25.822	24.358
24.381	21.842
23.239	19.989
21.65	17.474
19.863	14.561
18.323	12.179
16.883	10.326
15.245	8.4721
14.152	7.413
12.762	5.56
11.173	3.4418
10.229	1.8533
8.9878	0
6.7036	-3.1771
5.7602	-4.633
4.8664	-5.8247
3.3767	-8.0749
2.2842	-9.7958
1.0428	-11.781
-1.0428	-15.091
-1.887	-16.547
-2.8801	-18.268
-7.2001	-27.534
-8.8389	-30.579
-11.173	-35.345
-13.01	-38.919
-15.99	-44.742
-17.976	-48.185
-19.217	-50.169
-21.104	-53.082
-22.445	-55.467
-23.835	-57.45
-26.119	-60.364
-27.31	-61.689
-28.651	-62.481
-29.992	-63.411
-32.177	-64.865
-33.917	-66.32
-35.108	-67.249
-36.647	-68.308
-37.937	-68.971
-39.129	-69.762
-39.875	-70.158
-40.023	-70.292
-39.627	-65.79
-39.378	-62.881
-39.129	-59.572
-38.832	-56.392
-38.583	-52.687
-38.186	-50.302
-37.343	-46.993
-36.299	-43.42
-35.009	-39.581
-33.767	-36.801
-32.624	-33.889
-31.384	-31.374
-29.893	-28.196
-28.951	-26.475
-27.658	-24.093
-26.665	-22.107
-24.431	-18.4
-23.09	-15.62
-20.657	-11.649
-18.82	-8.6047
-16.834	-6.0893
-13.159	-1.5885
-10.577	1.7209
-8.8389	4.2361
-6.1575	7.9428
-4.7671	10.061
-2.8303	12.708
0.099314	16.018
1.5394	18.003
4.5684	22.637
6.3561	25.946
12.166	36.272
13.656	39.184
15.344	42.096
17.082	44.613
18.621	46.731
20.359	48.714
21.65	50.436
23.438	52.82
25.822	55.6
27.211	57.321
28.999	59.043
31.135	61.027
32.327	62.085
35.504	64.732
37.043	65.661
38.583	66.72
39.279	67.378
38.435	59.834
38.186	58.38
37.64	55.2
36.845	50.965
36.101	47.789
35.357	44.742
34.163	40.11
33.122	37.066
32.327	35.345
30.637	31.374
29.596	29.255
27.808	26.079
24.878	21.578
23.289	19.062
21.353	16.15
19.565	13.767
18.572	12.444
17.181	10.855
15.99	9.5312
14.401	7.8102
12.514	5.2949
11.222	3.7066
9.6335	1.4561
7.8953	-1.1914
6.6043	-3.0447
5.4125	-4.8981
4.0221	-6.8837
2.4828	-9.2665
0.39726	-12.444
-0.79451	-14.164
-3.0289	-18.136
-5.2139	-25.02
-6.5547	-27.667
-7.4981	-29.388
-9.1369	-32.3
-10.18	-34.154
-11.57	-36.669
-13.159	-39.184
-14.897	-42.096
-16.834	-45.405
-17.777	-46.86
-20.856	-51.628
-21.849	-52.949
-23.239	-54.541
-24.282	-55.6
-25.524	-57.321
-26.764	-58.642
-27.709	-59.834
-28.849	-61.027
-29.992	-62.219
-31.135	-63.277
-32.525	-64.336
-36.149	-67.249
-37.391	-68.174
-38.435	-69.1
-39.924	-70.688
-40.668	-71.088
-41.016	-71.221
-39.975	-69.233
-39.228	-67.116
-38.484	-64.732
-37.838	-62.219
-37.292	-59.834
-36.548	-57.188
-35.801	-54.408
-35.057	-51.628
-34.511	-49.244
-33.815	-46.068
-32.972	-42.493
-32.426	-39.846
-31.681	-36.669
-30.737	-32.962
-29.098	-28.991
-28.354	-27.27
-27.262	-25.02
-25.474	-21.313
-23.984	-18.533
-21.948	-14.959
-20.012	-11.914
-17.628	-8.34
-15.294	-5.9572
-13.109	-3.5742
-11.818	-1.1914
-9.5341	2.3828
-7.3492	5.0302
-4.7671	8.2074
-1.7877	12.179
0.64554	15.62
2.2345	18.136
5.2139	22.901
7.1008	26.74
8.5905	29.785
10.329	33.094
12.017	37.198
13.457	39.448
15.94	42.89
17.628	45.009
20.558	48.581
21.75	50.169
23.984	52.553
26.02	55.333
28.453	58.509
29.842	59.701
32.675	62.748
34.709	64.865
36.548	66.191
37.589	66.982
38.931	67.512
38.136	61.818
36.896	56.392
36.101	53.216
35.156	48.981
33.866	43.817
32.923	40.11
32.078	37.331
30.688	33.227
28.801	29.123
27.211	25.417
25.624	22.372
23.835	19.195
21.998	16.415
20.608	14.297
18.721	11.12
16.983	8.7368
15.294	6.4865
13.358	4.3685
11.57	2.3828
9.4844	-0.13238
8.1933	-1.8533
6.4554	-4.2361
5.065	-6.0893
3.9228	-7.6781
1.6883	-11.517
0.099314	-14.032
-1.3407	-16.415
-3.9228	-21.048
-5.1643	-23.299
-6.2568	-25.549
-7.8953	-29.255
-8.9878	-31.374
-9.8816	-33.227
-12.613	-38.257
-14.103	-40.375
-16.337	-44.082
-17.827	-46.201
-20.012	-49.377
-21.849	-51.761
-23.636	-54.274
-25.87	-57.054
-26.965	-58.247
-30.589	-62.352
-32.177	-64.202
-33.866	-65.394
-35.801	-66.453
-36.845	-67.116
-37.689	-67.779
-39.03	-68.57
-39.675	-68.971
-39.428	-65.261
-38.981	-62.748
-38.732	-61.027
-38.186	-58.776
-37.541	-56.263
-36.497	-51.89
-36.149	-49.511
-35.603	-47.26
-34.511	-43.685
-33.716	-41.037
-32.276	-36.801
-31.234	-33.492
-29.944	-29.917
-28.849	-27.534
-26.518	-21.975
-23.736	-16.68
-21.7	-13.9
-18.025	-9.0019
-16.089	-6.2219
-14.847	-4.1037
-12.96	-1.5885
-11.421	0.39714
-9.2857	3.0447
-7.1008	6.2219
-5.4623	8.7368
-4.5684	9.7958
-3.1283	11.517
-2.0359	12.973
-0.39726	14.959
1.3904	17.474
2.8303	19.857
4.9657	23.563
5.9091	25.284
7.8953	29.785
11.322	35.08
14.748	41.169
15.89	42.758
17.231	44.347
18.423	45.934
20.21	48.185
21.303	49.64
22.345	50.832
23.339	52.157
24.779	54.012
26.02	55.467
27.31	57.054
28.504	58.38
29.794	59.305
31.184	59.968
32.525	60.631
33.518	61.16
34.958	61.556
36.449	61.818
37.937	62.352
38.832	62.614
40.47	62.881
41.811	63.277
42.804	63.54
44.046	63.94
44.988	64.336
45.834	64.732
47.422	65.394
47.968	65.661
47.92	62.219
47.869	60.23
47.572	55.862
47.422	53.745
46.33	49.11
45.733	46.86
44.691	43.817
44.046	42.228
43.152	39.978
42.357	37.86
41.811	36.272
40.569	33.094
39.774	31.241
38.435	27.8
37.49	25.814
36.548	23.96
35.009	20.783
34.016	19.062
32.624	17.077
30.836	15.091
28.849	12.708
27.31	10.855
25.771	9.5312
24.133	8.0749
22.594	5.4274
21.253	3.9714
19.019	0.92665
18.472	0.26475
16.734	-1.7209
15.692	-2.9123
14.251	-4.2361
12.613	-5.8247
10.527	-7.5456
9.2362	-8.7368
7.3988	-10.458
6.0084	-11.517
4.0719	-12.973
2.4828	-14.297
1.0925	-15.753
-0.14897	-16.944
-2.0359	-18.93
-5.7602	-23.828
-6.8527	-27.27
-8.8885	-31.506
-10.527	-34.683
-11.818	-37.463
-13.209	-39.846
-15.394	-43.155
-17.181	-45.801
-18.373	-47.656
-19.515	-49.64
-21.998	-53.082
-23.835	-55.333
-25.375	-57.188
-27.262	-58.909
-28.204	-59.834
-29.098	-60.631
-30.241	-61.16
-31.234	-61.556
-32.675	-62.219
-33.221	-62.481
-34.214	-62.881
-35.057	-63.144
-36.548	-63.673
-37.689	-64.069
-39.03	-64.598
-39.675	-64.865
-41.661	-65.528
-43.152	-65.79
-44.493	-65.79
-46.33	-66.057
-47.572	-66.057
-49.111	-66.057
-50.599	-65.661
-51.643	-64.865
-51.643	-64.865
-51.592	-62.085
-51.346	-59.172
-50.698	-55.333
-50.302	-53.082
-49.657	-49.907
-49.06	-47.789
-47.92	-44.479
-47.224	-42.361
-46.627	-40.64
-45.784	-38.257
-44.592	-35.477
-44.094	-34.418
-42.753	-31.638
-41.661	-29.123
-40.221	-25.814
-39.428	-23.96
-37.788	-20.121
-37.193	-18.93
-36.149	-16.944
-35.654	-16.282
-33.815	-14.164
-32.377	-11.781
-30.19	-9.134
-28.006	-7.9428
-25.176	-5.1628
-23.339	-2.9123
-21.353	-0.79428
-19.466	0.92665
-17.579	2.6475
-15.89	4.3685
-11.62	8.8693
-8.4912	12.179
-5.8595	14.694
-3.476	17.077
-1.6387	19.46
0.44691	22.24
2.6815	25.417
5.0152	28.329
7.5479	30.976
10.428	34.418
11.918	36.404
14.351	40.243
15.94	42.493
18.472	46.201
19.813	47.923
21.104	49.244
22.892	50.569
24.828	51.761
26.317	52.553
28.057	53.483
29.248	53.879
30.937	54.67
32.774	55.333
33.866	55.862
35.405	56.659
36.944	56.921
38.484	57.45
40.767	58.38
41.811	58.909
43.251	59.572
44.94	59.968
46.479	60.497
47.92	61.027
49.159	61.289
50.8	61.818
50.947	61.689
49.558	58.247
48.367	55.729
47.572	53.483
45.982	47.522
45.138	45.143
44.293	42.626
43.35	39.448
42.108	35.61
41.214	33.094
39.774	29.123
38.534	26.475
36.794	22.637
36.05	21.71
34.163	19.195
31.88	16.282
30.289	14.164
28.9	12.444
27.361	10.458
25.921	9.0019
24.133	7.5456
23.19	6.8837
21.104	4.633
19.813	3.0447
18.274	0.79428
17.132	-0.39714
16.039	-1.7209
14.649	-3.5742
13.06	-4.8981
10.974	-6.7512
10.031	-7.5456
7.6967	-9.6637
5.5118	-11.781
4.7173	-12.444
3.3269	-13.9
1.9366	-15.62
0.64554	-17.341
-1.4897	-20.254
-3.178	-22.769
-4.4691	-24.49
-6.8527	-27.667
-8.7892	-29.785
-9.9314	-31.109
-12.116	-34.154
-14.798	-37.727
-16.834	-40.64
-18.423	-42.89
-19.565	-44.479
-21.65	-48.052
-23.14	-49.377
-24.828	-51.099
-27.31	-53.745
-29.446	-55.467
-31.085	-56.792
-33.269	-57.851
-35.108	-58.776
-36.746	-59.305
-38.384	-59.834
-41.166	-61.422
-43.647	-62.881
-45.237	-63.411
-47.272	-64.069
-48.466	-64.069
-49.111	-64.202
-49.408	-64.336
-48.961	-59.043
-48.664	-54.274
-48.067	-49.511
-47.521	-46.464
-46.627	-42.493
-45.486	-37.993
-44.94	-36.007
-43.995	-32.83
-43.002	-29.917
-42.108	-27.402
-40.023	-22.637
-37.889	-18.798
-36.647	-16.547
-34.61	-13.502
-32.822	-11.252
-30.886	-8.6047
-28.552	-5.8247
-26.518	-3.3094
-24.779	-0.79428
-21.7	2.78
-18.919	5.9572
-16.635	8.0749
-13.854	10.855
-11.967	12.576
-9.4348	15.091
-6.6043	17.341
-4.1214	19.062
-2.2842	20.651
-0.39726	22.637
0.94348	23.96
2.9296	26.211
4.6678	28.461
6.2568	30.447
7.6967	32.168
10.726	36.404
12.762	39.184
15.99	43.685
18.572	46.597
20.558	48.581
21.998	49.907
24.084	52.157
26.716	54.67
29.149	56.263
30.043	56.792
31.78	57.45
32.923	57.98
35.654	59.172
37.343	59.701
38.534	59.968
40.521	60.631
42.456	61.027
44.493	61.422
46.876	61.818
47.821	61.818
48.019	61.818
47.422	57.98
46.777	55.6
45.933	51.761
45.634	50.832
44.79	46.993
44.293	45.272
43.5	41.964
43.101	40.11
42.108	36.139
41.415	34.021
40.47	31.241
39.279	28.196
37.49	24.225
35.504	21.18
33.767	19.062
31.631	16.812
29.893	14.694
28.255	13.238
24.58	8.8693
23.736	7.8102
21.899	5.9572
20.806	4.8981
19.565	3.5742
17.429	1.3238
16.486	0.66191
15.245	-0.26475
13.308	-2.5152
11.769	-4.3685
10.477	-5.9572
8.7396	-8.34
7.4981	-9.7958
5.4623	-12.311
4.4193	-13.635
3.0787	-15.223
1.8373	-16.812
0.74485	-18.003
-1.3407	-20.254
-2.1849	-21.313
-4.3698	-24.49
-5.2636	-25.549
-7.2995	-28.064
-8.7396	-29.653
-9.7328	-30.712
-11.719	-33.094
-13.258	-34.948
-15.245	-37.595
-17.38	-40.507
-18.572	-42.228
-20.111	-44.613
-21.402	-46.201
-24.183	-48.714
-26.419	-50.302
-29.842	-52.42
-31.283	-53.483
-32.873	-54.541
-35.357	-55.862
-38.435	-56.921
-40.668	-57.851
-41.961	-58.38
-43.947	-59.439
-45.387	-59.701
-46.926	-59.701
-47.671	-59.701
-50.005	-60.364
-50.947	-60.497
-51.046	-60.497
-49.507	-55.2
-48.466	-50.832
-47.572	-47.26
-46.678	-43.287
-45.684	-39.316
-44.841	-36.139
-44.244	-33.756
-42.804	-29.388
-41.661	-26.608
-39.428	-22.504
-37.343	-18.798
-35.306	-15.488
-34.364	-13.635
-33.371	-11.914
-31.93	-9.6637
-30.985	-8.0749
-28.552	-5.4274
-26.815	-3.3094
-25.126	-1.1914
-23.041	1.059
-20.707	3.4418
-19.168	5.1628
-17.38	7.1484
-14.996	9.2665
-13.06	11.12
-10.329	13.767
-7.6472	16.547
-5.6609	18.268
-3.2774	20.121
-0.64554	22.637
0.64554	23.96
2.3339	26.079
4.9159	29.52
7.0513	32.565
8.9878	34.815
10.428	36.536
13.109	39.316
15.94	42.493
18.274	45.934
21.501	49.907
23.835	52.291
25.723	54.141
27.163	55.333
28.951	56.129
30.49	56.392
32.774	57.054
34.115	57.851
36.497	58.38
39.825	59.043
41.712	59.439
43.449	59.968
45.237	60.497
47.173	61.289
49.408	62.481
50.005	62.881
48.565	58.509
46.876	53.483
46.231	51.494
45.286	48.452
43.152	42.361
42.159	38.919
40.47	33.756
38.583	29.255
37.193	26.079
36.05	23.563
34.313	20.121
32.923	17.739
29.992	14.164
28.204	12.311
25.425	9.0019
23.587	7.1484
22.494	6.354
20.26	4.633
18.174	2.9123
16.337	1.1914
15.294	0.39714
13.556	-1.1914
11.918	-3.0447
9.7823	-5.6921
7.8953	-8.2074
6.1575	-10.326
5.1145	-11.517
3.8732	-13.106
2.6317	-14.561
1.6387	-15.488
0	-17.209
-0.99314	-18.268
-2.731	-20.121
-3.9726	-21.975
-5.9588	-24.887
-7.2499	-26.343
-9.1369	-28.594
-11.222	-31.109
-13.755	-35.213
-15.294	-37.595
-17.032	-39.978
-19.515	-43.155
-21.65	-45.801
-23.289	-47.26
-25.226	-48.848
-27.013	-50.302
-30.391	-52.553
-34.958	-55.333
-37.937	-56.792
-40.521	-57.98
-43.2	-59.172
-46.38	-59.572
-49.906	-60.23
-50.8	-60.497
-51.643	-60.631
-50.104	-52.157
-48.913	-47.26
-47.173	-41.037
-46.032	-37.331
-44.442	-33.492
-42.357	-28.594
-40.569	-24.887
-38.235	-20.783
-36.497	-17.606
-33.668	-13.37
-31.582	-10.326
-31.631	-10.326
-31.184	-9.2665
-29.545	-7.0158
-29.296	-6.6191
-28.354	-5.6921
-27.709	-4.7656
-26.17	-3.0447
-24.332	-1.1914
-23.09	0
-21.551	1.4561
-20.856	2.2504
-19.217	4.1037
-17.479	5.6921
-15.791	7.5456
-13.656	9.5312
-12.166	11.12
-10.627	12.708
-9.5837	13.635
-7.9451	15.223
-6.3063	16.547
-5.2139	17.341
-4.4193	17.739
-2.9794	18.533
-1.6387	19.195
-0.64554	19.724
-0.19863	19.857
