"Atalay and Penzien, 1975, Spec. 10"	
1623	
0	0
0.14418	3.2379
0.14418	4.015
0.14418	4.7923
0.14418	5.8282
0.14418	5.6988
0.48059	7.9005
0.8651	9.4547
1.2015	11.656
1.586	13.988
2.2588	17.485
2.6914	21.5
2.9317	24.867
3.0759	25.903
3.7488	29.4
4.3734	32.768
4.9982	36.394
5.6231	40.409
6.0076	42.74
6.6805	45.721
7.209	48.439
7.8339	51.161
8.4587	54.528
8.6027	55.302
8.8913	55.822
9.1796	56.209
9.4679	56.601
9.6121	56.73
9.6121	53.879
9.6121	51.027
9.5641	48.826
9.5641	47.923
9.5159	45.979
9.2756	44.165
8.747	41.963
7.257	37.042
8.1222	38.078
6.9207	32.897
6.1999	29.659
5.6711	26.68
4.9502	22.925
4.3254	19.686
3.8928	17.226
3.3162	13.34
2.9797	11.398
1.9705	5.1806
1.2015	1.6837
0.52868	-1.9428
-0.14418	-5.6988
-1.4899	-12.693
-2.6434	-18.65
-3.4122	-24.09
-3.8448	-27.587
-4.2294	-30.566
-5.0945	-35.358
-5.8153	-38.984
-6.4402	-42.093
-7.161	-45.85
-7.8339	-48.697
-8.651	-50.769
-9.0833	-50.125
-9.1796	-47.66
-8.8913	-44.036
-8.3144	-39.762
-7.7859	-36.265
-7.0168	-31.991
-6.2479	-27.846
-5.527	-23.572
-5.0945	-20.723
-4.3254	-15.283
-3.6525	-11.527
-2.7874	-6.217
-2.1147	-2.5903
-1.586	0.25903
-0.8651	4.7923
-0.19224	8.2893
0.43254	11.656
1.9705	20.593
3.0759	26.162
3.7005	29.53
4.6619	34.452
5.3348	37.689
5.8153	40.28
6.2479	42.223
6.9207	44.424
7.5456	46.624
8.3144	50.382
8.699	51.935
9.5641	54.657
9.6121	54.915
9.0353	50.382
8.4587	47.144
8.0742	45.072
7.209	40.409
6.7285	37.56
6.2959	34.193
5.6711	30.566
4.9022	26.292
4.4696	23.572
3.9891	20.982
3.5565	17.873
3.1239	14.895
2.5954	11.268
1.4899	4.533
0.28837	-1.9428
-0.28837	-5.6988
-0.7209	-8.4187
-2.4991	-18.78
-3.4122	-23.702
-3.9411	-26.939
-4.3734	-29.271
-4.9502	-31.861
-5.4308	-34.063
-6.1516	-37.042
-6.9687	-40.28
-7.6416	-43.129
-8.0742	-45.072
-8.3624	-46.495
-8.9873	-49.088
-9.1316	-49.088
-8.699	-43.388
-8.5067	-41.186
-8.2664	-39.244
-7.9781	-36.653
-7.6896	-34.581
-7.257	-31.473
-6.4402	-27.199
-5.1905	-20.982
-4.1331	-15.412
-3.2682	-10.62
-2.0185	-3.3674
-1.2496	1.5542
-0.33642	7.3823
0.8651	13.211
1.5379	17.096
2.7394	22.666
3.7005	27.587
4.4696	33.156
4.9022	35.358
5.575	39.114
6.3919	41.963
7.4013	44.685
8.1702	46.757
8.4587	47.144
7.9781	42.093
7.209	37.689
5.8153	30.696
4.5176	23.96
3.4122	16.967
2.7394	12.175
1.5379	5.31
0.67285	-0.38855
0.19224	-3.497
-0.62479	-9.9729
-1.7302	-15.672
-2.7874	-20.723
-3.7968	-25.515
-4.9982	-30.955
-5.6231	-33.674
-6.0556	-35.876
-6.7765	-38.855
-7.4973	-41.834
-8.3144	-45.201
-8.9393	-48.052
-8.747	-44.814
-8.2664	-40.798
-7.7859	-37.689
-7.257	-34.322
-6.8727	-31.602
-6.1999	-26.68
-5.527	-22.536
-4.8059	-18.521
-4.0851	-14.506
-3.4602	-11.009
-2.8357	-8.03
-2.3069	-5.1806
-1.6821	-1.2952
-0.91316	3.2379
-0.48059	5.5693
0.14418	9.0664
0.91316	12.433
1.6821	15.801
2.4991	19.557
3.7488	25.774
4.3734	28.623
5.0945	31.991
5.6711	35.229
6.4402	38.596
6.9207	40.28
7.3533	41.704
7.7859	42.74
7.0648	37.819
6.0556	31.732
5.6231	29.53
4.9982	25.385
4.2774	21.5
3.7005	18.262
3.0277	14.376
2.0666	8.6776
1.1054	2.9789
0.2403	-2.0723
-0.67285	-7.5118
-1.3457	-11.009
-2.6434	-19.298
-3.5085	-23.831
-4.3734	-28.494
-4.7099	-30.048
-5.527	-33.933
-6.3919	-38.207
-7.4973	-43.129
-8.5067	-47.144
-9.3718	-50.125
-8.795	-43.259
-7.7376	-36.394
-6.6805	-29.919
-6.0076	-25.774
-5.3348	-21.759
-4.7579	-18.65
-2.9797	-8.9365
-2.3069	-4.9217
-0.81702	2.8494
0.28837	9.0664
1.2496	14.118
2.6914	22.666
3.7488	27.199
5.2385	33.674
5.9113	36.524
6.7765	40.28
8.6027	47.923
8.9393	49.604
9.7081	52.455
10.766	56.209
11.727	57.766
13.649	63.206
14.226	64.887
14.899	66.702
15.475	67.868
16.148	69.033
16.485	69.678
17.013	70.585
17.638	71.364
18.119	71.884
18.695	72.658
18.984	73.178
19.416	73.823
19.897	75.118
20.281	76.933
19.753	74.86
19.08	70.977
18.599	67.61
17.975	63.722
17.206	59.319
16.581	56.467
15.523	52.455
14.61	49.346
13.553	44.943
12.304	39.114
11.054	35.358
9.8044	32.12
8.1702	27.069
5.7191	18.132
5.2868	16.449
4.2294	12.045
2.7394	5.8282
1.4418	0.51806
0	-5.4399
-2.1147	-16.708
-2.7874	-20.205
-3.9891	-27.069
-5.0945	-32.379
-6.4402	-38.726
-8.0261	-44.943
-9.0833	-48.826
-10.381	-52.584
-11.486	-55.951
-12.688	-59.319
-13.841	-62.428
-14.899	-65.666
-16.293	-68.775
-17.638	-71.751
-18.551	-73.952
-19.513	-75.251
-20.281	-75.767
-20.041	-72.787
-19.32	-67.347
-18.263	-61.907
-16.869	-56.338
-15.86	-52.326
-15.139	-49.217
-14.226	-46.108
-12.736	-41.057
-11.967	-38.467
-10.093	-32.379
-9.2276	-28.623
-8.2184	-24.479
-6.9687	-19.169
-5.8153	-14.376
-4.3254	-8.807
-2.9797	-3.2379
-1.9224	0.90664
-1.0573	4.274
-0.2403	7.5118
0.57673	11.268
1.586	15.153
3.7968	24.997
4.9502	28.882
5.9596	32.638
6.8245	35.617
8.0261	38.726
8.9393	41.575
9.4198	43.129
10.141	45.85
10.958	48.959
11.534	51.161
12.159	52.713
13.409	56.338
14.082	58.024
14.755	59.577
15.668	61.52
16.1	62.815
16.533	63.851
17.061	65.145
17.734	66.831
18.551	68.646
19.032	69.811
19.224	71.364
19.513	72.271
19.993	73.823
20.33	75.251
20.233	72.013
19.945	69.42
19.801	68.513
19.368	66.311
18.743	63.464
18.167	60.484
17.59	58.153
16.869	55.435
15.812	51.548
14.851	48.31
14.13	45.33
13.457	43
11.054	34.84
10.814	34.322
8.5067	27.717
6.7285	21.888
5.6231	17.744
3.9891	12.433
2.9317	6.3464
2.0185	2.4608
0.96121	-2.2018
0.28837	-5.1806
-0.48059	-9.0664
-0.91316	-11.398
-1.3937	-13.47
-3.22	-21.241
-3.6525	-24.22
-4.3254	-27.328
-5.0462	-29.919
-5.9113	-32.768
-6.6805	-35.487
-7.7859	-38.855
-8.6027	-41.575
-9.1796	-43.906
-9.7561	-46.108
-10.333	-48.31
-10.814	-49.862
-11.342	-51.548
-11.823	-52.971
-12.592	-55.044
-13.12	-56.601
-13.793	-58.54
-14.418	-60.097
-15.187	-61.907
-16.196	-64.5
-16.485	-65.274
-17.302	-67.476
-18.263	-70.327
-18.695	-71.622
-19.224	-73.178
-18.84	-67.476
-17.734	-61.778
-17.109	-58.669
-16.485	-55.435
-14.514	-48.181
-13.601	-44.295
-12.592	-40.28
-11.486	-36.265
-10.573	-32.638
-9.5159	-28.753
-8.747	-25.903
-7.3533	-20.723
-6.1999	-16.449
-4.0851	-8.6776
-3.172	-4.6624
-2.3069	-0.77711
-1.4418	3.6265
-0.62479	7.2529
0.19224	11.138
1.0093	15.153
2.0185	19.686
2.7394	23.183
3.6045	26.292
4.3734	28.494
6.6805	35.487
8.5067	40.927
9.7561	45.072
10.333	47.015
11.246	49.217
12.4	52.326
12.784	53.363
13.649	55.693
14.61	57.637
14.899	58.411
15.475	59.706
18.167	67.347
18.84	68.646
19.609	70.714
20.089	71.884
20.474	73.05
20.762	73.823
20.33	71.106
19.705	67.476
19.32	65.666
18.695	62.944
17.782	59.19
17.109	56.209
16.437	53.621
15.571	50.511
14.562	47.402
13.985	45.072
13.265	42.611
12.352	38.984
11.102	35.229
10.477	33.545
9.7561	31.473
8.3144	26.939
7.6416	24.479
6.8727	21.37
5.8153	17.485
4.9982	14.506
4.0851	10.62
3.3642	7.7711
2.6914	4.7923
2.3069	3.3674
1.0093	-1.9428
0.2403	-4.6624
-0.62479	-8.4187
-1.8743	-13.599
-2.9797	-18.262
-3.6525	-21.37
-4.5656	-25.515
-6.1036	-31.473
-7.209	-35.617
-7.7859	-37.819
-8.8913	-41.834
-10.093	-46.108
-11.342	-49.862
-12.736	-53.1
-13.793	-55.822
-14.562	-57.895
-15.475	-60.355
-16.485	-63.464
-16.965	-65.537
-17.927	-68.904
-18.311	-70.714
-18.888	-72.4
-18.936	-72.529
-19.224	-72.658
-18.695	-68.126
-18.215	-65.795
-17.686	-62.428
-16.581	-56.601
-16.052	-54.008
-15.091	-49.996
-13.985	-46.108
-12.304	-39.632
-10.525	-34.452
-9.8044	-32.12
-9.0353	-29.4
-8.3144	-26.422
-7.7859	-23.96
-6.8727	-20.723
-5.8633	-16.449
-4.7579	-11.527
-3.6045	-6.217
-2.5471	-1.9428
-1.2496	3.6265
-0.2403	8.03
0.76896	12.822
2.355	20.463
3.22	23.443
4.4216	27.328
5.4788	30.566
6.3919	33.027
7.3533	35.876
9.9004	41.963
10.766	44.424
11.486	47.273
12.063	49.217
12.736	51.419
13.697	54.528
14.61	56.859
15.235	58.282
16.148	61.004
17.302	64.242
17.927	66.053
18.551	67.997
19.945	72.916
20.185	73.823
20.33	73.952
19.753	69.678
19.08	65.408
18.551	62.944
17.83	59.706
17.254	57.117
16.581	54.137
15.475	50.382
14.706	48.31
13.937	45.33
12.736	41.057
11.583	37.301
10.67	33.933
9.9004	31.343
8.699	27.458
7.7859	24.867
7.161	22.536
5.6231	16.578
4.9982	14.118
4.1331	10.879
2.6434	5.9577
1.2976	0.25903
0.81702	-1.8132
-0.19224	-6.4758
-1.2976	-11.527
-2.1147	-15.801
-2.9797	-20.205
-3.4122	-22.536
-3.7488	-24.22
-4.9022	-28.494
-6.1516	-32.509
-7.113	-35.747
-7.7376	-37.819
-8.5067	-40.669
-8.9873	-42.223
-10.093	-46.108
-12.4	-52.842
-13.409	-56.08
-14.755	-60.097
-16.437	-65.145
-16.965	-66.96
-17.302	-68.646
-17.686	-70.456
-18.071	-71.622
-18.888	-73.05
-18.743	-70.848
-18.551	-68.775
-18.359	-66.573
-18.167	-64.5
-17.686	-60.355
-16.917	-56.859
-16.341	-54.657
-15.427	-50.511
-14.803	-47.402
-14.274	-44.685
-13.072	-40.409
-12.207	-37.689
-10.621	-33.156
-9.4679	-29.919
-8.6027	-27.199
-7.4013	-22.666
-5.6231	-15.412
-4.7579	-12.045
-3.8928	-8.5482
-2.5954	-3.1084
-1.3457	2.4608
0.67285	11.656
1.3937	14.765
3.3642	22.666
5.575	29.53
7.9781	37.042
8.3624	38.467
9.1316	41.186
10.285	45.201
11.294	48.439
13.313	54.915
14.226	57.504
16.1	62.17
18.215	67.347
19.224	69.94
19.657	70.585
20.041	71.364
20.426	72.271
20.81	73.178
21.243	74.086
21.723	74.731
22.012	75.38
22.444	76.288
22.636	76.675
23.213	77.453
23.886	77.969
24.126	77.969
24.607	77.969
25.039	77.969
25.471	77.969
25.761	77.84
26.817	77.32
27.203	77.191
27.683	76.933
28.212	76.417
28.499	76.025
28.981	75.118
29.461	74.215
29.51	73.178
29.51	72.4
29.51	69.811
29.461	68.904
29.268	67.218
29.075	65.795
28.788	63.722
28.837	64.5
28.26	61.133
27.874	58.932
26.914	55.435
26.434	53.363
25.905	51.161
25.568	49.604
24.607	45.721
23.79	42.611
23.309	40.927
22.396	38.078
21.723	36.912
20.522	34.063
19.561	31.861
18.263	29.4
16.437	25.903
15.427	23.96
12.832	18.132
11.823	15.801
10.189	11.786
8.747	8.4187
7.209	5.0511
6.0556	2.4608
4.4696	-1.5542
3.3162	-4.4036
1.9224	-8.5482
0.57673	-12.433
-0.14418	-14.376
-2.355	-21.629
-3.7488	-26.68
-4.9502	-30.696
-6.2479	-35.099
-7.257	-38.207
-8.3144	-41.834
-9.3718	-45.072
-10.766	-49.733
-11.967	-53.879
-13.457	-58.024
-14.61	-61.004
-15.812	-63.851
-16.725	-65.795
-18.023	-68.384
-19.705	-71.106
-20.714	-72.529
-21.531	-73.436
-21.819	-73.823
-22.684	-74.086
-23.886	-74.086
-24.847	-74.086
-25.664	-74.215
-26.579	-74.602
-27.539	-74.86
-28.547	-75.38
-29.558	-75.638
-30.373	-75.638
-30.518	-75.638
-30.518	-74.344
-29.655	-70.714
-28.499	-66.96
-27.922	-64.5
-26.386	-57.504
-25.664	-54.528
-24.847	-51.419
-23.982	-48.439
-23.309	-46.366
-22.252	-42.87
-20.762	-38.596
-19.897	-36.265
-18.792	-33.674
-18.215	-32.379
-17.061	-29.789
-16.052	-27.199
-15.139	-24.867
-13.793	-21.5
-12.832	-19.039
-12.255	-17.355
-11.583	-15.412
-11.006	-13.988
-9.3238	-10.879
-8.3624	-8.807
-7.9299	-7.7711
-7.0648	-6.0871
-6.1516	-3.8855
-5.2868	-2.0723
-4.2774	0.12952
-3.22	2.5903
-1.5379	6.7347
-0.62479	9.0664
0.096121	11.786
1.7782	17.615
2.0666	18.65
3.1239	23.831
3.6045	25.515
4.3734	27.717
4.9022	29.271
5.4788	30.955
6.3439	33.156
6.9207	34.97
7.7859	37.171
8.747	39.503
9.1316	40.409
9.5641	41.186
11.342	44.556
13.553	49.346
16.196	54.915
19.224	60.355
21.243	63.073
23.79	65.924
26.144	68.646
27.922	70.327
29.413	71.884
29.558	73.823
29.075	73.952
28.547	72.916
27.732	69.94
27.155	66.96
26.241	61.778
25.519	57.246
24.655	51.548
24.174	47.923
23.934	45.459
23.261	42.611
22.492	40.15
21.579	37.56
19.849	33.415
19.224	32.12
17.734	29.142
16.485	26.292
14.755	22.795
13.649	19.946
12.159	15.931
10.718	12.563
8.843	8.2893
6.8727	3.6265
4.9502	-0.25903
0.62479	-11.527
-0.52868	-15.412
-2.2108	-21.241
-2.9317	-23.572
-3.8448	-26.551
-4.9022	-29.789
-5.9113	-33.156
-6.5362	-35.229
-7.5456	-38.337
-9.1316	-42.482
-9.9484	-44.295
-11.631	-47.66
-13.985	-51.935
-16.1	-55.693
-18.743	-60.355
-20.762	-64.242
-21.819	-66.053
-22.588	-67.218
-23.742	-69.162
-25.136	-70.848
-26.192	-72.271
-27.203	-73.178
-28.115	-73.823
-29.124	-74.602
-29.797	-75.118
-29.797	-75.118
-29.51	-71.751
-29.268	-68.646
-28.933	-65.408
-28.451	-61.907
-28.019	-58.669
-27.297	-54.528
-26.337	-50.511
-25.088	-46.624
-23.982	-43.388
-22.54	-40.021
-21.099	-36.653
-18.84	-32.25
-15.86	-24.867
-14.562	-22.018
-12.64	-18.262
-11.054	-14.895
-8.1222	-8.5482
-6.6805	-5.0511
-4.0371	1.2952
-2.7874	4.6624
-1.0573	9.3252
0.28837	13.34
3.1239	21.759
5.0945	27.587
9.0833	37.689
10.381	40.15
11.342	41.963
13.697	47.273
15.379	50.382
17.302	54.008
18.695	56.467
20.858	59.319
22.492	61.262
24.415	63.464
25.857	65.274
27.442	66.96
28.499	68.255
29.558	70.585
28.115	62.815
27.346	59.19
26.192	54.528
25.712	52.584
24.415	47.273
23.213	43.518
22.348	40.798
21.099	37.301
20.185	35.099
18.936	32.25
17.975	30.048
16.821	27.846
15.475	25.126
13.841	22.147
12.352	18.909
11.006	15.672
9.5641	12.045
7.3533	5.9577
6.3919	3.2379
4.5656	-1.1656
3.7005	-3.1084
2.6914	-5.6988
1.4418	-9.0664
0.2403	-12.304
-0.52868	-14.506
-3.3642	-21.759
-4.7099	-26.422
-5.4788	-28.882
-6.5842	-32.509
-7.7376	-36.006
-9.0353	-39.632
-10.862	-44.036
-12.015	-46.757
-12.544	-47.923
-14.226	-51.677
-16.004	-55.044
-17.013	-57.117
-18.023	-58.669
-19.032	-60.097
-19.849	-61.391
-21.051	-62.944
-22.348	-64.242
-23.598	-65.924
-24.415	-67.089
-25.809	-69.162
-27.01	-70.714
-28.164	-71.751
-29.413	-72.787
-28.885	-68.513
-27.97	-64.887
-27.49	-61.133
-26.53	-56.338
-25.761	-52.197
-24.991	-47.66
-24.318	-45.201
-23.261	-42.352
-21.771	-39.503
-20.474	-36.524
-18.888	-33.027
-17.638	-30.436
-16.004	-27.199
-13.841	-22.536
-13.024	-20.463
-11.198	-15.153
-8.0261	-7.7711
-5.9596	-2.5903
-5.0462	0
-3.2682	4.015
-1.9705	7.5118
-0.96121	10.75
0.28837	15.153
2.2108	21.37
2.9317	23.831
5.1425	29.659
6.2479	31.732
9.1796	37.56
13.409	44.943
14.995	48.052
16.341	50.511
17.927	53.621
20.233	57.375
22.444	60.355
24.847	63.335
26.769	65.666
28.595	67.997
29.317	68.775
29.748	69.162
28.981	63.722
28.164	59.448
27.155	54.528
26.144	49.733
25.328	46.108
23.886	40.798
22.684	37.301
21.579	34.193
20.666	32.638
19.128	29.659
17.157	25.644
15.812	22.925
13.985	18.909
12.352	15.283
11.438	13.34
10.141	11.138
8.747	8.1594
7.161	4.6624
5.9113	1.8132
4.5656	-0.90664
2.9797	-4.6624
2.1147	-6.994
1.0573	-9.8434
-0.19224	-13.599
-0.76896	-15.024
-1.2015	-16.06
-4.6139	-26.422
-6.3439	-31.084
-8.4104	-36.265
-9.9967	-40.28
-11.198	-43
-12.111	-45.33
-13.937	-49.604
-15.86	-53.621
-17.446	-56.601
-19.176	-59.319
-20.666	-61.391
-21.435	-62.428
-22.396	-63.722
-23.982	-66.053
-25.039	-67.218
-27.635	-70.848
-28.451	-72.013
-29.124	-73.05
-28.499	-65.924
-28.164	-62.041
-27.874	-58.54
-27.297	-55.044
-26.866	-52.842
-26.434	-50.125
-25.423	-47.015
-23.934	-43.518
-22.829	-40.669
-21.819	-38.337
-19.897	-34.193
-18.695	-31.343
-17.061	-28.105
-16.1	-25.644
-14.899	-22.925
-12.255	-17.096
-8.8913	-9.9729
-7.5936	-7.2529
-5.9113	-3.2379
-3.7488	1.6837
-2.5471	4.7923
-0.81702	9.5841
0.33642	13.211
1.6341	17.226
2.8357	21.111
5.8153	29.4
7.4493	33.027
8.9393	36.394
9.7081	37.949
11.294	40.927
12.063	42.352
13.265	44.685
14.995	48.31
16.533	51.29
17.927	53.75
19.416	56.601
20.233	58.282
21.867	60.871
22.636	62.17
24.751	65.145
25.616	66.053
26.53	66.444
27.155	66.444
28.164	66.182
29.797	66.182
30.566	65.924
33.307	65.666
35.71	65.408
36.766	65.016
38.303	64.242
38.88	63.851
39.794	63.206
40.081	62.944
39.987	59.061
39.362	54.915
38.545	51.29
37.775	48.568
37.054	45.979
36.815	45.072
36.238	42.74
34.989	39.891
31.575	29.4
30.277	26.422
29.317	24.479
28.212	22.406
27.01	19.816
25.568	16.967
24.799	15.542
23.213	13.081
21.675	10.879
19.801	8.1594
18.215	6.0871
16.196	3.2379
14.322	0.38855
12.88	-1.9428
11.198	-5.0511
8.4587	-9.714
7.3533	-11.527
6.3439	-13.081
5.1905	-15.024
3.9411	-16.967
2.4511	-19.428
1.2496	-21.37
-0.096121	-24.349
-1.9224	-27.976
-3.0759	-30.177
-4.5656	-33.027
-6.0556	-35.747
-10.67	-44.424
-13.793	-50.511
-15.427	-53.75
-17.206	-56.988
-18.936	-59.319
-21.675	-62.041
-24.415	-64.371
-25.954	-65.016
-27.683	-65.924
-29.606	-66.831
-33.017	-69.291
-34.026	-68.646
-36.286	-68.255
-36.766	-66.831
-37.678	-64.109
-38.016	-62.944
-38.064	-58.282
-38.064	-54.786
-37.871	-52.197
-37.247	-49.088
-36.286	-44.943
-35.42	-41.575
-34.171	-37.042
-32.634	-32.638
-31.432	-29.4
-29.413	-24.867
-27.49	-21.37
-25.088	-17.873
-22.204	-14.376
-18.888	-9.714
-15.668	-4.6624
-8.9873	7.3823
-5.3348	12.045
0.52868	21.888
0.91316	22.795
3.2682	27.199
6.3919	31.732
10.237	38.855
11.438	41.446
13.457	45.721
14.514	47.794
15.764	49.996
17.254	52.713
18.599	55.302
21.243	59.968
22.396	61.778
23.982	64.109
25.857	65.666
28.357	65.795
30.95	66.053
32.921	65.924
34.508	65.408
35.662	65.016
36.815	64.5
37.823	63.98
38.88	63.464
40.035	63.073
40.035	59.968
38.641	51.935
36.96	45.721
35.085	39.632
33.642	35.487
32.009	31.084
29.03	24.349
26.866	19.428
24.847	15.542
22.06	11.268
19.368	7.7711
13.313	-0.38855
11.102	-4.1446
9.2756	-7.2529
8.0261	-9.4547
5.575	-13.988
3.8448	-17.226
1.3937	-22.147
0.048059	-24.608
-2.355	-29.53
-3.9891	-32.509
-5.6231	-35.358
-8.3144	-38.855
-12.063	-44.685
-16.917	-50.769
-19.08	-52.455
-22.396	-56.338
-24.511	-57.246
-27.203	-58.282
-29.942	-59.839
-32.393	-60.226
-35.852	-61.004
-38.303	-61.133
-36.863	-49.475
-36.286	-46.757
-34.602	-40.021
-33.884	-37.171
-32.393	-32.12
-31.336	-28.364
-29.748	-23.572
-27.922	-18.65
-26.434	-15.412
-24.655	-11.009
-23.117	-8.1594
-21.195	-5.31
-17.206	0.38855
-15.62	2.7199
-13.793	5.0511
-11.823	7.3823
-10.141	9.5841
-8.5547	11.786
-6.5842	14.118
-5.0462	15.931
-3.3642	18.003
-1.2496	20.463
1.1054	23.702
3.5085	27.717
5.4788	30.825
6.6805	32.768
10.285	39.244
13.361	43.777
14.947	45.592
16.677	47.402
18.215	48.959
21.291	52.326
24.366	54.266
28.499	56.73
29.845	57.117
31.671	57.375
33.114	57.504
34.651	57.766
35.949	57.766
36.766	57.895
37.823	57.895
38.928	57.895
39.073	54.266
38.832	50.898
38.496	46.757
38.113	43.388
36.67	34.063
35.949	31.343
34.844	27.587
33.932	24.867
32.2	19.816
29.99	14.506
28.885	12.563
26.434	8.4187
24.943	6.3464
22.877	3.6265
21.147	1.6837
19.561	-0.51806
17.398	-3.8855
15.571	-6.8646
13.649	-9.8434
11.294	-13.47
8.2184	-17.873
6.5842	-19.946
4.5176	-22.666
3.5085	-24.09
1.2976	-27.328
-0.096121	-29.4
-1.8743	-31.861
-4.2774	-34.84
-5.1425	-35.876
-11.967	-43.259
-14.995	-46.624
-17.542	-48.052
-19.945	-49.088
-21.483	-50.254
-23.117	-51.548
-24.751	-52.584
-26.192	-53.363
-28.499	-54.266
-30.566	-55.044
-31.526	-55.173
-34.699	-56.209
-36.766	-56.601
-37.823	-56.601
-37.584	-51.161
-37.102	-48.052
-36.429	-45.072
-35.517	-41.575
-33.498	-36.006
-31.961	-32.12
-30.373	-27.717
-28.837	-24.738
-26.241	-20.463
-23.502	-16.319
-20.81	-13.081
-17.254	-7.6417
-15.283	-4.274
-13.745	-1.8132
-10.621	3.756
-7.4493	8.2893
-6.1036	10.361
-4.0371	13.988
-1.5379	18.521
0.096121	21.629
1.3937	23.572
2.1147	24.738
4.7099	28.235
8.3144	32.638
9.6121	34.452
11.871	37.171
14.178	40.28
15.956	42.482
18.311	44.943
21.291	47.402
24.078	49.475
25.616	50.511
28.019	51.935
29.99	52.584
32.634	53.621
34.651	54.399
37.102	54.657
38.448	54.657
38.786	54.399
38.161	46.366
37.584	42.223
37.198	39.503
36.429	34.581
35.852	31.732
35.133	29.012
34.602	27.458
33.546	24.738
31.72	20.723
29.893	17.355
25.664	10.75
23.79	8.03
21.771	4.9217
19.657	1.2952
18.119	-1.2952
15.427	-5.9577
14.082	-8.2893
12.448	-9.8434
10.718	-12.045
8.9873	-14.118
6.9687	-17.096
5.575	-18.909
4.2294	-20.463
2.2108	-23.443
1.1054	-25.126
-0.096121	-27.069
-1.2976	-28.753
-2.7394	-30.825
-4.3734	-33.027
-5.7673	-34.84
-8.2664	-38.078
-9.6121	-39.632
-10.766	-40.927
-12.111	-42.223
-14.514	-45.85
-18.695	-48.697
-21.195	-50.254
-22.925	-50.64
-24.895	-51.806
-26.962	-52.842
-28.019	-53.363
-30.711	-54.266
-32.586	-54.657
-34.171	-54.786
-35.179	-54.786
-36.67	-54.915
-37.44	-55.044
-38.593	-55.302
-38.928	-55.302
-38.88	-49.604
-38.641	-45.979
-38.448	-40.28
-37.92	-36.783
-37.102	-34.063
-35.613	-30.696
-34.267	-27.328
-32.441	-23.572
-30.711	-20.982
-29.51	-19.169
-27.539	-15.672
-25.471	-12.693
-23.742	-9.8434
-21.627	-6.4758
-18.888	-3.1084
-18.359	-2.4608
-15.86	0.90664
-13.841	3.497
-12.111	5.5693
-9.2276	9.0664
-6.3439	13.599
-2.8357	18.78
-0.67285	21.629
0.8651	23.702
1.9705	25.256
4.8059	28.623
7.5936	31.602
9.3718	33.545
10.525	34.71
13.265	37.301
17.302	40.927
18.888	42.223
21.243	44.036
23.117	44.943
25.905	45.85
28.115	46.624
31.095	47.531
33.642	48.697
35.179	49.475
37.775	50.254
40.035	50.769
41.572	50.769
43.927	50.511
46.139	49.217
47.196	48.439
48.252	47.144
49.406	45.979
49.647	45.459
49.406	42.223
48.781	38.467
47.434	32.897
45.608	26.68
43.83	20.723
41.765	15.672
39.362	11.138
36.429	6.3464
34.315	3.6265
30.95	-0.90664
26.962	-6.217
23.598	-10.879
17.157	-18.65
14.466	-21.5
9.4198	-26.422
6.5362	-29.142
3.2682	-31.732
1.0573	-33.545
-1.4899	-35.876
-3.6045	-37.689
-7.3053	-40.669
-9.1796	-42.093
-11.102	-43.647
-13.169	-45.072
-15.523	-46.495
-17.879	-47.923
-19.513	-48.568
-21.483	-49.088
-23.886	-49.733
-25.809	-50.254
-29.172	-51.027
-32.009	-51.548
-33.353	-51.935
-35.997	-52.713
-37.727	-52.971
-39.649	-52.971
-41.62	-52.971
-43.495	-52.455
-45.514	-51.29
-47.869	-49.475
-49.55	-47.66
-50.51	-45.33
-50.462	-42.74
-50.03	-39.244
-49.215	-34.97
-47.483	-30.436
-44.745	-22.536
-43.063	-17.615
-41.14	-13.47
-38.448	-8.807
-36.67	-6.217
-35.037	-3.8855
-32.824	-0.51806
-30.518	2.5903
-26.241	8.1594
-24.751	11.138
-22.925	12.822
-21.243	14.247
-18.936	16.319
-13.841	20.334
-10.814	22.925
-6.7765	26.292
-3.0277	29.012
1.2976	31.473
3.6045	32.768
7.161	34.71
10.477	36.912
13.697	39.891
15.379	41.057
16.581	41.963
18.599	42.87
21.339	44.295
23.934	45.072
26.817	45.85
29.797	46.495
33.307	47.144
35.804	47.531
38.928	47.531
40.564	47.273
42.822	47.015
44.359	46.624
45.753	46.108
47.147	44.685
47.531	44.036
48.059	43.129
48.301	41.704
48.397	40.409
48.494	38.726
48.494	36.135
48.252	32.379
48.011	29.919
47.579	26.68
47.341	24.349
47.147	22.536
46.571	19.557
45.466	16.578
42.101	10.491
40.706	8.5482
39.121	6.7347
37.63	4.7923
35.949	2.3313
34.554	0.25903
32.441	-2.3313
31.095	-4.015
29.124	-6.217
27.683	-8.1594
25.954	-10.361
21.483	-16.06
18.936	-18.909
15.812	-21.888
13.553	-23.96
9.9484	-27.199
7.6416	-29.012
5.8153	-30.436
3.3642	-32.25
1.3457	-33.674
-0.52868	-34.97
-3.0759	-36.394
-5.2868	-37.56
-8.1702	-38.855
-10.141	-39.762
-11.919	-40.409
-14.61	-41.446
-15.908	-41.963
-17.398	-42.352
-19.368	-42.74
-21.531	-42.87
-22.973	-43
-26.434	-43.259
-28.788	-43.906
-30.808	-44.814
-33.787	-45.33
-35.949	-45.33
-38.545	-44.943
-40.178	-44.295
-42.629	-43.647
-44.503	-42.611
-47.003	-40.798
-48.781	-38.984
-49.934	-37.042
-50.127	-34.063
-49.357	-26.81
-48.636	-23.443
-46.33	-17.485
-45.128	-12.952
-43.157	-9.3252
-41.524	-5.9577
-39.411	-0.90664
-37.488	2.5903
-35.9	5.1806
-32.151	9.9729
-29.893	12.952
-26.721	17.096
-24.607	19.686
-21.723	23.183
-19.849	24.997
-16.725	27.458
-14.803	28.753
-11.727	30.436
-10.093	31.213
-7.4013	32.509
-5.6231	33.156
-2.8357	34.322
-0.62479	35.099
2.0185	36.006
4.8059	37.689
6.3439	38.337
9.4198	39.373
11.967	40.669
13.937	41.316
16.821	41.834
19.272	42.352
22.732	42.87
25.28	42.87
27.49	42.87
29.797	42.87
32.586	43.129
36.142	43.518
38.064	43.518
40.564	43.259
43.688	43.259
46.233	43.129
47.051	42.223
47.676	41.057
48.59	38.337
48.877	36.653
48.974	34.322
48.349	29.271
46.426	22.666
43.543	13.988
42.197	10.232
40.996	7.3823
36.815	-1.4247
35.42	-3.8855
32.634	-8.2893
27.874	-13.988
25.039	-17.355
23.021	-19.946
21.339	-21.888
18.647	-24.479
16.341	-26.162
13.505	-28.235
11.583	-29.53
9.0833	-30.955
5.8153	-32.509
3.3162	-33.545
0.096121	-34.84
-3.0277	-36.006
-5.4308	-36.394
-7.3053	-36.653
-9.9967	-36.912
-12.88	-37.819
-15.86	-38.337
-18.359	-39.114
-21.243	-39.762
-24.03	-39.891
-26.769	-40.021
-29.413	-39.891
-32.009	-38.984
-34.026	-37.819
-38.064	-35.617
-40.516	-33.286
-42.342	-31.991
-44.12	-30.436
-45.56	-28.623
-46.906	-26.033
-47.821	-23.702
-48.542	-21.5
-48.781	-19.169
-48.732	-14.506
-48.542	-11.268
-47.772	-7.7711
-47.244	-5.6988
-46.474	-2.9789
-45.946	-0.77711
-45.369	1.4247
-45.032	3.1084
-44.359	5.0511
-43.688	6.8646
-42.052	10.62
-41.14	12.433
-40.371	14.118
-39.649	15.542
-38.593	18.003
-37.343	19.946
-35.852	22.147
-34.989	23.183
-33.642	24.608
-32.057	26.162
-30.277	27.846
-28.357	30.177
-25.471	32.897
-24.366	33.804
-22.636	34.84
-21.675	35.229
-20.137	35.747
-18.743	35.747
-17.83	35.747
-15.908	35.358
-14.755	35.099
-13.265	34.452
-12.207	33.286
-10.91	31.343
-9.4679	29.271
-8.1222	27.328
-7.113	25.126
-5.8633	22.925
-5.0462	21.241
-3.9411	18.65
-3.22	16.578
-1.586	12.304
-0.48059	9.9729
0	8.6776
0.57673	7.1235
0.91316	6.217
