"Azizinamini et al., 1988, Spec. NC-4"	
652	
0	0
0.34953	29.036
0.52431	47.567
0.81559	63.633
1.0486	77.84
1.3982	96.993
1.7477	114.29
2.039	129.12
2.3303	143.94
2.6797	160
2.9129	176.07
3.1458	190.89
3.6119	212.52
3.9614	228.58
4.3109	245.88
4.6606	262.56
4.8936	274.29
5.1849	288.5
5.5344	304.56
5.8839	322.48
6.2918	339.78
6.4666	343.48
6.8743	356.46
7.2238	366.34
7.5151	374.37
7.2238	356.46
7.2238	348.43
7.2238	338.54
7.2238	331.13
6.7577	315.07
6.2334	292.83
5.7673	271.82
5.3015	250.2
4.777	223.02
4.3109	206.34
3.8451	187.8
3.4953	171.12
3.0295	148.88
2.7963	140.85
2.505	128.5
2.2138	114.91
1.8642	95.757
1.6895	88.342
1.3982	72.898
1.0486	54.363
0.58257	31.507
0.17477	10.502
0	-19.769
-0.4078	-45.717
-1.1069	-75.367
-1.3982	-92.665
-1.6895	-108.11
-1.9225	-124.17
-2.505	-153.21
-2.7963	-174.21
-3.4371	-211.9
-3.9614	-245.88
-4.6022	-273.06
-5.1265	-296.53
-6.0005	-326.8
-6.5829	-346.57
-7.2822	-367.58
-7.6317	-376.84
-7.3403	-350.28
-6.9327	-326.19
-6.4666	-302.71
-5.9421	-279.85
-5.4178	-256.38
-5.0101	-234.14
-4.5441	-215.6
-4.1946	-198.31
-3.7866	-179.16
-3.4371	-157.53
-3.0295	-136.53
-2.5634	-116.14
-2.1555	-99.462
-1.6312	-78.458
-1.2234	-64.247
-0.81559	-47.567
-0.34953	-27.8
-0.058257	-6.7957
0.058257	8.0313
0.4078	27.182
0.87386	49.422
1.4564	74.753
1.9225	98.225
2.3885	119.85
2.7963	139.62
3.4953	194.6
3.9614	215.6
4.3109	234.14
4.7188	250.82
5.0101	264.41
5.3015	279.85
5.7092	297.15
6.1752	320.01
6.5829	336.07
7.6898	365.11
8.2141	382.4
8.8549	398.47
9.6124	416.38
10.486	441.71
11.768	459.61
12.7	474.47
13.283	483.1
15.089	483.1
15.962	483.1
15.554	459.61
15.263	442.95
14.972	428.12
14.564	412.68
14.098	394.76
13.923	382.4
13.457	362.64
12.991	340.4
12.875	336.07
11.826	309.51
11.011	290.36
10.253	272.44
9.5542	256.38
8.9134	240.32
6.8161	179.16
5.651	140.24
4.7188	111.2
3.6119	74.753
3.2624	61.778
2.7381	47.567
2.272	30.271
1.6895	9.2665
1.3399	-0.61778
0.87386	-19.769
0	-54.982
-0.29129	-75.985
-0.69908	-94.52
-1.1651	-114.29
-1.6312	-133.44
-2.3303	-174.83
-3.1458	-210.66
-3.6703	-237.84
-4.4859	-275.53
-5.3597	-314.45
-6.7577	-358.93
-7.3985	-376.23
-7.923	-390.44
-8.7386	-410.2
-9.4958	-427.5
-10.078	-438
-11.185	-447.87
-12.991	-463.35
-14.389	-475.09
-16.021	-489.28
-15.904	-471.35
-15.904	-456.54
-15.729	-444.8
-15.496	-434.92
-15.03	-417
-14.739	-405.88
-13.69	-377.46
-12.875	-353.99
-12.117	-332.98
-11.593	-316.92
-10.777	-293.44
-10.02	-273.06
-9.1463	-250.82
-8.3889	-227.34
-7.7483	-207.57
-6.6995	-177.3
-5.8257	-150.74
-5.1849	-129.73
-4.3693	-104.4
-3.6119	-80.927
-3.0295	-58.073
-2.272	-34.596
-1.2817	-4.3244
-0.46606	17.298
0.17477	43.244
0.75733	64.247
1.3399	88.342
2.0973	114.91
2.7963	141.47
3.4371	163.09
3.9032	182.24
4.5441	206.96
5.4178	232.28
6.2918	253.91
7.1656	272.44
7.9812	292.21
9.0881	319.39
9.7871	340.4
11.011	364.49
12.059	384.26
13.05	403.41
13.923	421.32
15.147	445.42
14.739	420.71
14.273	401.56
13.923	384.88
13.516	370.67
13.108	353.99
12.817	342.87
11.185	301.48
10.545	284.18
9.5542	258.23
7.3403	196.45
6.2334	162.48
5.2431	133.44
4.4275	107.49
3.2624	76.603
2.4468	51.895
1.6895	26.564
0.99037	7.4135
-0.058257	-24.093
-0.69908	-50.04
-1.4564	-76.603
-2.2138	-106.26
-3.3205	-144.56
-3.7866	-162.48
-5.0101	-201.4
-6.7577	-244.64
-7.5151	-266.26
-8.2725	-287.88
-8.8549	-305.8
-9.4376	-321.86
-10.545	-349.66
-11.535	-370.05
-12.467	-391.67
-13.399	-411.44
-14.273	-428.74
-15.205	-447.29
-15.788	-457.17
-15.205	-425.65
-14.797	-407.73
-13.283	-364.49
-12.583	-339.78
-11.185	-302.09
-10.02	-271.82
-9.0297	-242.79
-8.1559	-220.55
-7.923	-211.28
-7.1074	-184.72
-6.0005	-155.68
-5.1849	-127.26
-4.3693	-105.02
-3.3205	-74.753
-2.4468	-51.277
-1.806	-30.889
-1.1651	-10.502
-0.58257	5.56
0.58257	49.422
0.99037	69.193
1.3982	91.433
1.9807	112.44
2.5634	132.82
3.2624	154.44
3.9032	177.92
4.4275	192.13
5.1849	212.52
5.8257	229.81
6.4666	244.02
7.2238	261.32
7.8646	276.76
8.4473	288.5
9.6705	318.16
10.37	334.84
11.302	355.22
12.409	374.37
13.457	394.14
14.331	408.97
16.72	442.95
18.642	449.11
20.681	457.79
22.138	463.35
23.594	468.91
23.011	444.18
22.487	420.71
22.021	399.7
21.439	379.32
20.914	357.08
20.506	339.16
20.157	324.95
18.584	290.97
16.428	239.7
15.38	218.08
14.448	197.69
13.69	179.16
11.011	115.52
8.5054	68.575
7.3985	48.803
6.6413	35.213
5.9421	20.387
5.1265	2.4711
4.3109	-11.12
3.4371	-30.889
1.6895	-72.28
0.9321	-92.047
0.058257	-113.05
-0.9321	-139.62
-1.6312	-160.62
-2.7381	-188.42
-3.6703	-208.81
-4.6022	-231.05
-5.5926	-257
-6.4666	-279.24
-7.4569	-302.71
-8.4473	-326.19
-8.9134	-336.69
-11.127	-365.72
-12.292	-386.73
-13.341	-407.12
-15.089	-438
-17.419	-451.61
-19.341	-462.73
-21.497	-475.09
-23.245	-483.1
-23.186	-466.42
-23.07	-446.67
-22.895	-436.15
-22.196	-410.82
-20.973	-370.05
-19.982	-335.45
-18.409	-306.42
-16.137	-259.47
-14.04	-214.99
-12.059	-177.3
-10.311	-137.15
-8.2725	-96.375
-6.5829	-62.397
-5.0683	-30.271
-3.7285	-3.0889
-2.1555	25.947
-0.69908	54.363
0.64082	80.927
2.272	114.29
3.7285	149.5
5.651	189.66
7.3403	225.49
8.0978	240.93
9.1463	257
11.71	298.39
13.224	322.48
14.156	336.69
16.254	363.25
17.768	381.79
19.05	395.38
20.39	409.59
21.439	420.09
22.662	430.59
23.128	434.3
21.846	394.14
21.322	369.43
20.798	347.19
20.332	328.66
19.516	310.12
18.351	286.03
16.895	252.05
15.554	223.64
14.389	197.69
13.457	174.83
11.943	139.62
9.3795	90.197
7.6317	60.542
6.35	38.302
5.3015	20.387
4.4275	5.56
3.8451	-2.4711
2.971	-32.742
2.039	-62.397
1.1651	-87.105
0.11651	-114.29
-0.64082	-135.29
-2.039	-158.77
-3.379	-177.3
-4.5441	-202.63
-6.35	-235.99
-8.5054	-269.97
-10.603	-300.86
-11.651	-320.01
-12.583	-334.22
-13.283	-344.1
-14.797	-363.25
-16.195	-380.55
-17.186	-392.91
-18.293	-407.12
-19.05	-418.24
-20.565	-433.06
-22.021	-446.67
-23.303	-457.79
-22.662	-439.24
-22.196	-418.24
-21.613	-399.08
-20.856	-377.46
-19.924	-349.66
-19.167	-331.13
-18.001	-305.8
-16.953	-285.41
-15.263	-250.2
-14.389	-227.34
-13.108	-201.4
-12.117	-180.39
-11.127	-158.77
-8.7968	-109.96
-6.1752	-57.455
-2.6797	13.591
-0.4078	56.218
0.75733	87.723
4.8936	168.04
6.6413	199.54
9.9619	251.44
11.535	274.29
12.642	290.36
14.506	315.68
15.438	329.89
17.011	345.34
18.759	364.49
20.332	382.4
21.73	397.85
23.245	412.68
25.109	417
27.615	425.65
31.227	436.77
31.168	399.08
30.759	363.87
30.526	337.31
29.187	307.04
27.556	273.68
25.865	237.23
23.885	197.69
21.846	154.44
19.866	115.52
17.652	77.84
15.729	48.185
14.098	21.622
12.817	0.61778
11.768	-14.209
10.719	-27.182
9.1463	-45.098
7.8646	-61.778
6.1171	-84.637
4.1946	-109.35
1.2817	-150.12
-0.99037	-182.24
-2.7381	-205.72
-4.4275	-230.43
-6.0005	-255.14
-7.3985	-275.53
-8.9134	-298.39
-10.37	-319.39
-11.476	-334.22
-14.448	-362.02
-16.079	-379.93
-17.419	-394.76
-18.409	-405.88
-20.623	-417.62
-23.944	-438
-26.215	-442.95
-28.43	-446.05
-31.283	-450.36
-30.643	-418.85
-29.535	-381.17
-28.547	-342.87
-27.846	-324.33
-26.274	-291.59
-24.759	-262.56
-22.837	-223.64
-21.497	-198.92
-19.108	-156.3
-17.885	-134.68
-14.506	-83.4
-12.117	-45.717
-9.6705	-10.502
-8.3307	7.4135
-6.0005	38.302
-3.3205	75.985
-1.9807	96.375
0.058257	122.32
1.4564	139.62
4.4275	174.21
6.9327	203.87
9.3795	231.05
11.768	255.76
13.283	271.2
17.069	308.27
19.167	328.66
22.429	353.99
25.865	379.93
28.661	393.52
30.818	403.41
29.886	357.08
28.72	331.75
27.323	303.33
25.865	271.82
24.468	240.32
23.303	215.6
21.322	173.6
19.691	137.76
18.642	115.52
16.836	84.637
14.681	51.895
11.418	3.0889
9.3795	-22.24
6.6995	-63.015
4.6606	-96.375
3.0295	-122.32
1.3399	-145.18
-0.46606	-167.42
-1.806	-181.01
-2.6797	-190.28
-4.6606	-213.75
-7.1656	-242.79
-9.2045	-266.26
-11.418	-290.36
-13.224	-308.27
-15.38	-326.19
-18.234	-346.57
-21.089	-366.34
-23.477	-383.02
-26.157	-396
-29.594	-408.35
-31.341	-417
-30.993	-395.38
-30.526	-368.2
-30.061	-342.87
-29.129	-319.39
-26.624	-272.44
-24.701	-229.2
-21.38	-169.89
-19.225	-128.5
-17.768	-101.93
-15.38	-67.957
-13.108	-35.831
-9.321	16.68
-6.4082	54.982
-3.5537	90.197
-1.3982	116.14
0.58257	135.29
2.272	153.21
5.2431	182.24
6.7577	200.78
8.7968	221.16
10.777	239.7
12.933	259.47
15.322	280.47
17.535	300.24
19.458	316.92
20.973	331.13
23.245	341.63
27.729	363.25
30.409	374.99
32.042	379.93
35.885	384.88
38.623	385.49
38.158	349.04
37.518	316.92
36.645	283.56
35.42	257
33.498	219.93
31.516	180.39
30.002	149.5
28.197	112.44
24.468	58.073
21.089	11.738
18.875	-14.827
15.962	-46.335
13.399	-74.753
11.127	-99.462
10.428	-107.49
6.8161	-137.76
2.1555	-179.16
-0.99037	-204.48
-4.5441	-236.61
-7.8646	-266.88
-12.758	-305.8
-17.127	-337.92
-20.798	-364.49
-23.303	-383.02
-25.982	-390.44
-29.129	-390.44
-33.439	-387.96
-35.07	-382.4
-37.226	-387.96
-39.324	-390.44
-38.74	-355.22
-38.509	-334.84
-36.294	-290.97
-34.021	-246.49
-31.692	-201.4
-29.769	-163.71
-27.264	-113.67
-23.769	-74.753
-19.4	-25.329
-15.788	16.062
-12.583	51.895
-9.8453	82.782
-7.8646	107.49
-2.8547	147.65
1.3982	179.16
4.3693	203.25
6.7577	223.64
13.05	256.38
16.37	274.91
19.05	291.59
22.662	310.74
24.06	318.16
26.624	326.8
30.119	339.16
31.984	342.87
34.953	345.96
37.051	349.04
38.974	349.66
37.749	325.57
36.002	290.97
34.138	252.67
32.332	216.22
29.421	152.59
27.556	114.29
25.517	68.575
23.594	29.036
22.021	0
19.341	-30.271
16.545	-61.16
13.923	-89.578
11.884	-109.35
6.9908	-145.18
4.2527	-165.56
1.3399	-187.19
-1.6895	-207.57
-4.9517	-227.96
-7.1656	-241.55
-10.894	-263.79
-14.448	-284.8
-15.613	-294.68
-18.759	-309.51
-21.846	-323.72
-23.827	-331.75
-27.089	-341.01
-29.362	-346.57
-30.935	-350.9
-34.138	-349.04
-36.645	-345.96
-39.032	-343.48
-39.032	-320.63
-38.974	-301.48
-37.983	-276.76
-36.411	-243.4
-35.187	-211.28
-32.449	-166.18
-30.467	-131.59
-28.603	-104.4
-26.099	-71.662
-24.06	-42.627
-22.254	-16.68
-21.089	0
