Hakim_Kono 2002 Column D1N60																													
1021																													
-0.010589384	-0.12328432																												
0.164264161	27.49212668																												
0.39899567	41.4851175																												
0.58656412	55.53094171																												
0.763296584	66.10718922																												
0.987844833	77.9686338																												
1.200261879	89.56330824																												
1.404713402	98.54765757																												
1.531445034	104.4402333																												
1.403308223	46.71425805																												
1.230847636	33.85335656																												
1.041381791	20.33759986																												
0.856915421	7.369126108																												
0.692337294	-2.68144914																												
0.467921824	-21.04507476
0.218453738	-32.85074003
0.073688924	-44.40827697
-0.120944697	-56.3495383
-0.330635595	-68.45418053
-0.545345336	-79.31380985
-0.725125895	-88.06589797
-0.940712737	-97.20239128
-1.142724103	-106.5930303
-1.345501472	-114.0375258
-1.492504957	-118.6154823
-1.397983159	-69.55607976
-1.207920807	-53.57387553
-0.997263529	-40.14649527
-0.780300928	-25.56194305
-0.582515866	-11.83275251
-0.417660111	-1.65367686
-0.222793951	9.759807627
-0.035183141	21.91381026
0.146615808	34.19808456
0.241463154	39.81582297
0.354154394	47.02369937
0.56372052	59.54669001
0.768293186	71.93310035
0.97280205	85.00467708
1.17806558	97.18922417
1.359675088	106.6889574
1.517126087	114.1661213
1.266485208	51.05577982
0.964402577	31.29926367
0.680168992	11.42999686
0.375131904	-6.084322262
0.068705001	-27.29268077
-0.222837597	-44.60807315
-0.553075323	-64.85825183
-0.837761051	-82.08767776
-1.152435974	-99.39586551
-1.455131949	-113.8519402
-1.627142673	-114.8706628
-1.411883107	-64.88201809
-1.169791469	-49.82857832
-0.952158191	-33.57713727
-0.760157969	-20.93226506
-0.587404814	-9.709955877
-0.442491501	-1.321211276
-0.227753119	12.22995626
-0.152826914	16.50702444
-0.023036977	25.04833917
0.161610484	37.22951593
0.349193371	46.35856748
0.404064114	49.41705234
0.56373128	61.1751288
0.768262961	74.25646487
0.985651099	85.42838382
1.195115929	96.58758902
1.339668881	105.7566828
1.579810209	117.8259499
1.809062874	125.0355152
1.99352148	134.5377368
2.194889288	141.6697908
2.397066028	147.7992977
2.594256173	152.6861244
2.793401987	157.0344499
3.030333849	160.7444559
3.199539534	161.7970902
2.833250292	100.4707812
2.591356691	87.89526021
2.387222508	77.51228802
2.180955684	66.50398297
1.97885676	56.40793286
1.779551035	45.46375351
1.567413714	33.92698653
1.383005701	23.68451189
1.198580032	13.08861636
1.074009887	7.042531548
0.869616368	-2.032952242
0.675152596	-14.70071426
0.470712929	-26.67761308
0.261220164	-37.97056076
0.073703725	-48.56262681
-0.128781092	-59.22818744
-0.333358512	-70.23497655
-0.538046192	-80.74924251
-0.715651911	-89.44382796
-0.955379767	-101.1893804
-1.160252416	-109.8400054
-1.325053148	-117.7256565
-1.540019894	-126.5713097
-1.752834483	-134.7774623
-1.932719069	-140.4333595
-2.132796541	-146.775763
-2.352776294	-152.3201139
-2.591596777	-154.9996821
-2.738731519	-160.3017652
-2.969691176	-165.4705803
-3.149898702	-168.4731933
-3.232852016	-166.3704278
-3.044742725	-120.2720846
-2.801333942	-103.3881616
-2.596090829	-93.22212259
-2.393912857	-83.8159944
-2.180915377	-73.88279014
-1.957926432	-62.94964282
-1.725065299	-52.54510761
-1.520052607	-42.68394735
-1.345187969	-33.89716158
-1.137393684	-23.70551248
-0.942537311	-13.06688923
-0.807638491	-6.01919726
-0.657852121	-1.001488759
-0.420158685	12.57287517
-0.223381888	22.87622689
-0.005860501	31.89573663
0.15874943	41.0836575
0.386228604	53.4208702
0.585785871	63.71011917
0.775307142	72.78815675
0.9797946	81.71140358
1.19209927	92.4240006
1.366602389	98.81597436
1.593794349	107.947243
1.8130129	116.5709433
2.007386452	123.4032882
2.197475156	130.4953199
2.416626248	138.0524791
2.583078667	143.9663126
2.824989101	149.3571716
3.009203305	156.8848542
3.175563847	161.0814367
3.039996959	113.6847345
2.834979153	101.506405
2.643699393	91.65409733
2.421821937	81.07480272
2.214726558	70.91177961
2.00639282	60.6494163
1.794288649	50.98140874
1.582172909	40.28634526
1.377870263	31.70447154
1.183523935	21.5729119
0.989140747	11.44400328
0.824618917	2.200952931
0.704960042	-0.267322317
0.472737868	-14.16862567
0.248312264	-26.08860339
0.075886841	-34.18565608
-0.10159234	-41.47774951
-0.346121134	-55.2016678
-0.538639911	-64.02513664
-0.728340319	-72.7586553
-0.953019627	-83.23210837
-1.165741627	-91.31477
-1.328477246	-98.86239074
-1.535460376	-106.8859149
-1.740241837	-115.2516281
-1.788145231	-113.9908733
-1.928144953	-121.0385717
-2.151028274	-129.2895041
-2.348095482	-136.6768898
-2.533971859	-142.8924508
-2.749119638	-149.4939919
-2.95423053	-156.2823921
-3.10719958	-159.7961557
-2.980176565	-113.1326894
-2.727003035	-97.84980614
-2.42171879	-83.88722764
-2.110708645	-70.00248618
-1.812875091	-56.32041275
-1.53581324	-42.89191539
-1.233056539	-28.12065028
-0.923276252	-12.83791751
-0.650641815	-1.28058925
-0.328099442	15.74178475
-0.023740787	31.44575715
0.268584856	43.79584351
0.58286733	60.40653127
0.89786916	74.98784627
1.204120591	88.57502544
1.501131674	100.9668208
1.810074894	112.6744984
2.121907561	122.6201454
2.405804085	134.0252764
2.732437979	144.0429949
3.0041549	153.6812886
3.315735074	163.2029637
3.611561234	169.6327335
3.898117899	174.5439505
4.19668142	178.7629089
4.495974547	181.3438982
4.837118995	184.5217845
5.143336899	185.5254029
5.449316905	185.6579898
5.758315298	185.5217499
6.072232732	184.5110035
6.223463745	177.2724897
6.052851078	134.8445432
5.779187972	122.4375956
5.490269568	111.7159771
5.182103305	101.1587814
4.885977314	91.31055366
4.572005778	80.93868961
4.271749939	71.11653705
3.975509383	61.31532723
3.661316004	51.1096515
3.370741129	41.5360985
3.076322708	31.38568075
2.772837041	20.54134332
2.474190386	9.971193555
2.200391166	2.433817994
2.170509856	2.620948583
1.861786157	-11.35766941
1.567094298	-23.3392275
1.273160599	-34.40574985
0.961312909	-46.34388394
0.669326717	-58.13302273
0.368067687	-69.45821318
0.055162818	-80.74105774
-0.254130843	-91.96538433
-0.551408454	-102.0706085
-0.863770212	-112.2891031
-1.173390791	-122.6533944
-1.465953759	-131.3343008
-1.755713258	-140.7930224
-2.038493956	-149.1453495
-2.358498177	-158.3842078
-2.656438171	-166.1244045
-2.96657556	-173.0153871
-3.277595859	-178.270475
-3.570638058	-182.0412781
-3.904845722	-184.1631029
-4.503564276	-186.2078439
-4.827834561	-188.082029
-5.115400729	-184.516061
-5.449734558	-181.4505322
-5.710731316	-176.929121
-6.021616004	-176.9332482
-6.22489828	-173.7952247
-6.03969908	-126.0387416
-5.745426734	-112.8638698
-5.456488475	-103.5921024
-5.139833644	-93.94262215
-4.838251762	-84.792501
-4.522612774	-74.94357061
-4.231294834	-66.40424475
-3.932951773	-57.85396891
-3.612684788	-48.01555506
-3.306571296	-39.05061114
-3.011426078	-29.90859471
-2.690565322	-20.49649748
-2.40047022	-12.35689108
-2.112662243	-3.971626511
-1.812811327	4.012038425
-1.528082904	13.23968137
-1.212555522	23.48999853
-0.887277301	32.63120395
-0.640487195	39.14623508
-0.540697661	40.80712109
-0.293463674	50.59205202
-0.003331475	58.96919044
0.317940979	68.70424029
0.612114227	77.31842671
0.911224962	85.03383559
1.228915638	93.09168345
1.507967714	100.4196479
1.809702977	107.6218392
2.115511741	115.0641837
2.395175427	121.3471524
2.696727289	128.5204103
2.99038853	135.0019491
3.333757417	141.3581067
3.623166058	147.8042717
3.921609088	153.9068893
4.214978091	158.7330012
4.473581663	163.1065562
4.819478019	168.2342673
5.080807636	178.2846812
5.207947178	170.445806
5.451423697	174.6575823
5.737482216	176.8599176
6.045389764	178.3123763
6.292383498	177.733418
6.059523895	131.9609426
5.778441708	119.6079386
5.485325529	110.2496873
5.181411154	100.6346482
4.893306958	91.87182944
4.577343873	82.60142236
4.274260851	74.02894356
3.944215873	65.2507636
3.656998974	56.36649343
3.062393267	39.01048036
2.758995598	30.26749789
2.447601291	21.31823023
2.170970581	13.13333916
1.877292727	3.710177682
1.59067151	-1.650466841
1.2470297	-12.81033428
0.953155557	-22.13373768
0.656278367	-30.83347072
0.377244864	-38.02119352
0.050338405	-47.90737378
-0.261717732	-56.01386963
-0.568919693	-63.74261702
-0.874015301	-71.59632566
-1.163454594	-78.85266929
-1.430899019	-84.68232625
-1.768302984	-92.76781976
-2.057966988	-99.40229598
-2.360634749	-106.3449062
-2.67631511	-112.8561305
-2.971137858	-119.339917
-3.294129878	-125.8165449
-3.585025951	-131.3797286
-3.875294936	-137.0012566
-4.173355571	-142.5614046
-4.456515305	-147.2695765
-4.789850168	-152.2726773
-5.091209087	-156.4321036
-5.394638421	-160.4191576
-5.685346871	-163.5770627
-5.981598976	-165.622408
-6.228088162	-166.8763596
-6.032276607	-121.2014882
-5.519984328	-100.8988865
-5.029911516	-86.34994666
-4.526105083	-71.66063637
-3.996777009	-57.48503187
-3.493572528	-42.84747393
-2.984660253	-28.91974553
-2.486869122	-14.96885231
-1.991366116	-3.25320651
-1.496815247	12.51277849
-0.989553037	26.42648554
-0.481994275	39.50371819
0.002588469	53.47139742
0.461353933	66.19109115
1.007447498	79.41023214
1.518473826	91.56617725
1.991486134	102.406606
2.495101086	113.2335039
3.000629573	123.9526515
3.471068387	133.2044492
4.001101033	143.3499536
4.483353835	151.4710289
5.00593174	160.1772689
5.560177532	166.1824109
5.995131688	171.4855603
6.527029907	174.4958148
7.032996557	175.8737355
7.499117892	176.4574875
7.613162286	176.4729789
7.878606554	168.0117613
8.042021194	173.219549
8.066580767	160.6686021
8.515492411	175.5343818
8.977785525	174.0865289
9.403836085	172.8342836
9.03489434	116.8973041
8.519424525	102.2495159
8.037976644	90.04431978
7.554455195	78.44204684
7.035121761	67.34014192
6.511539464	53.81691201
6.054232593	43.48891719
5.55528653	32.09553902
5.031146976	20.5639387
4.522010617	7.760139732
4.032340251	-0.237336129
3.505691801	-13.11570834
3.044702237	-23.23268318
2.540540406	-33.39901345
2.009570722	-46.04184449
1.519042783	-55.86263897
1.013394726	-66.32763904
0.514643077	-76.99123727
0.07126483	-85.54212777
-0.447885437	-95.53372225
-0.989377693	-105.4445929
-1.45621905	-113.4837268
-1.946135681	-122.1318134
-2.453362266	-130.4774499
-2.973834901	-138.9521579
-3.466557847	-146.2766376
-3.969493281	-153.2517528
-4.463628393	-159.5201542
-4.978720871	-164.9035288
-5.492194265	-169.2632217
-5.971925185	-171.8883185
-6.484030985	-173.7280743
-7.005593763	-174.6048518
-7.480106707	-174.7694425
-8.027462662	-173.7795599
-8.497138985	-173.8627189
-8.996900688	-172.0374896
-9.397454312	-171.2985585
-9.04890077	-114.2501878
-8.554529823	-99.42935479
-8.023204339	-86.19348361
-7.545240907	-74.73168521
-7.00238968	-62.79417484
-6.497124452	-51.53193183
-6.019994973	-40.51049832
-5.515137097	-29.59628922
-5.011534136	-19.32383308
-4.499252154	-7.974668986
-4.016150089	-0.113925195
-3.475285197	11.05965634
-2.999725363	21.08724784
-2.929804407	17.38856911
-2.486264574	30.43204939
-1.961033699	40.64601123
-1.483778935	49.69469838
-0.998898404	58.18383325
-0.474610879	67.66753688
0.029778084	75.6265711
0.490319444	83.13106948
0.999119108	91.12219945
1.516790577	99.08666838
1.993392757	105.5061128
2.510580037	111.9256641
3.003686469	119.4868269
3.476736903	125.3862055
3.999321914	131.5019516
4.478328011	137.5607271
4.992641354	142.8425666
5.512657727	147.7036268
6.009762755	152.1757257
6.48796659	156.188642
6.989452414	158.7548495
7.477924151	162.6108605
7.979031272	164.0039762
8.478978187	165.3643726
8.994326714	165.1934312
9.409533123	165.1480661
9.039954026	113.8538046
8.511382536	98.86658609
8.015305448	86.65097732
7.528284002	75.39326239
7.023001161	64.24778204
6.508896455	53.51921832
6.030021862	42.82009969
5.508380311	31.39740142
5.014460714	21.35587981
4.545049554	11.96399624
4.028261621	4.117905043
3.523630204	-8.38824525
3.021160164	-18.11295903
2.501391187	-27.88561701
2.033413448	-33.22145511
1.495474878	-44.77013228
1.026917713	-53.82623076
0.481646866	-63.51970842
0.000803043	-70.17612797
-0.455453796	-78.49472711
-0.974561958	-86.51487471
-1.466070718	-93.30677117
-1.955625913	-100.2416014
-2.477456129	-107.6513842
-2.99248148	-114.2532508
-3.469838555	-120.4170557
-3.983097006	-126.4032201
-4.458118973	-131.9545132
-4.948168914	-137.2138258
-5.49034551	-141.3243492
-5.97958214	-146.9209975
-6.478292676	-150.9111082
-6.985155291	-154.754498
-7.48527587	-157.6802199
-7.94955203	-159.4030103
-8.499245931	-161.0553412
-8.982044869	-162.0253129
-9.416638151	-163.3000284
-9.046361356	-108.4298827
-8.539929397	-93.9469232
-8.018105665	-81.30399392
-7.523015452	-69.82735348
-6.997514654	-58.27522547
-6.487885926	-47.5092994
-5.960676505	-37.66557941
-5.513568807	-25.94235265
-4.984196565	-15.16752048
-4.535322717	-7.201544763
-3.982193858	3.677620556
-3.476573475	13.42406957
-2.983170094	22.54600971
-2.474994198	31.43574733
-1.953047446	41.59176403
-1.488926736	49.48610133
-0.996591351	57.66634177
-0.480468487	65.82302739
0.003828642	73.59463175
0.496847865	81.01786642
0.987615875	88.48989443
1.515903806	95.77632362
1.99715471	102.299115
2.497146781	108.9483403
3.002179745	115.039585
3.526667545	119.6432409
4.004301982	126.6413882
4.466124882	131.8583452
4.998745666	137.2763908
5.512740476	142.1340059
6.004450713	146.3214056
6.488270978	150.3638806
6.999431438	154.1430375
7.168003365	152.4771805
7.477654824	156.6223009
8.010711702	159.1453906
8.477707758	160.9950612
8.973294575	161.7006784
9.465704826	160.8450079
9.999070728	161.937874
10.4691315	161.394837
10.98240445	160.0273386
11.50034861	157.9620899
11.96671477	155.6970252
12.45919468	154.1024346
11.9942745	99.32691736
11.51432569	86.12660963
11.00192349	74.72145821
10.51701951	64.57995232
9.987704413	53.73501349
9.477726809	44.0227181
8.999898994	34.12485395
8.479673153	24.56184141
7.924874276	12.93126745
7.521354317	9.814597652
6.966090394	-1.604139729
6.475114311	-9.502617804
6.006763364	-16.41084267
1.000115208	-85.26544347
0.496972579	-91.95994713
0.006607286	-97.30418911
-0.447008184	-102.6274116
-1.000659525	-107.9557097
-1.48176295	-113.7718774
-1.966046613	-118.6941052
-2.47746121	-123.7147562
-2.979147733	-128.6585069
-3.464065171	-133.0945054
-3.992200938	-137.3037731
-4.475364731	-141.6661907
-4.98812989	-145.5671712
-5.503774029	-149.3224285
-5.982884818	-152.5030227
-6.471140416	-155.2191033
-6.989882201	-158.120242
-7.473720092	-159.7683754
-7.977640752	-160.6088372
-8.52928366	-161.4473144
-8.984007065	-162.331583
-9.497898603	-161.5826728
-10.01850764	-160.3944585
-10.48257392	-159.6338683
-10.99060823	-156.9377472
-11.52585054	-154.5034032
-11.9679771	-152.5176213
-12.48518776	-149.5255382
-12.0395388	-92.09012459
-11.53950874	-79.40165766
-11.01301608	-67.51620456
-10.52741904	-57.01916183
-10.00918674	-46.77769303
-9.498246514	-37.39044609
-9.015010321	-27.65678161
-8.495028162	-18.03641645
-8.022607311	-11.51031806
-7.515360926	-1.142733092
-6.990911592	6.437128815
-6.487188706	14.5979677
-5.988091841	20.59833923
-5.536656926	27.63544341
-5.401168868	28.52448696
-4.900247701	34.75034485
-4.505156726	43.29706007
-3.984869959	50.29353102
-3.464849755	56.76734385
-3.005483538	61.60764018
-2.457993678	68.49860445
-1.953202118	74.10029132
-1.484080217	79.05118718
-0.987168805	83.94753799
-0.463455768	89.38798521
0.00932616	93.69721786
0.507714246	98.45282536
1.008881317	102.8615362
1.551605536	106.0620101
2.492139072	115.2301889
3.013503395	119.4169549
3.476102955	122.8860689
3.992953354	126.4791345
4.462768625	129.9597858
5.01090906	133.6162238
5.517303544	136.6610912
5.983007318	139.2301804
6.513575366	142.0174522
7.004748204	144.2731953
7.459963784	146.5093253
7.95977024	148.0321546
8.476447344	150.0658887
8.971930786	152.3085998
9.494452708	151.9596123
9.973129775	151.5352603
10.44652996	151.749123
10.95287473	151.3375281
11.45873815	150.4593055
11.92871568	148.475368
12.43483584	147.6897857
12.00535886	92.72124643
11.49471997	80.7727159
10.99589911	69.67015456
10.52555062	60.28930987
9.999359571	49.82712433
9.496729641	40.58777314
9.014901331	31.34354027
8.480537214	21.4951768
8.010144496	15.19447011
7.838962991	11.35714787
7.504793213	5.989570604
6.989904117	-3.022499808
6.492234274	-10.62678404
6.008736175	-18.02862312
5.500909656	-24.91311404
5.019990686	-29.70130475
4.484130799	-38.34872316
4.007595282	-44.50282919
3.484166211	-51.01239765
3.02715113	-56.3129931
2.515412176	-62.06185549
1.985757447	-67.78728546
1.526101594	-72.33768131
1.016700152	-77.58210469
0.531215156	-82.74945921
0.021306151	-87.52230546
-0.461890988	-92.36203541
-0.989868506	-96.46372974
-1.496216273	-100.7661038
-2.455952962	-108.6950863
-2.970008944	-112.530507
-3.481445112	-115.4866334
-3.973713924	-119.8562293
-4.456193663	-123.0963684
-4.943211758	-126.2187816
-5.512208933	-129.3577941
-5.956101332	-132.4213849
-6.482153316	-134.9868593
-6.985329428	-137.7270696
-7.972757073	-141.7277673
-8.494069891	-143.5455594
-8.982956217	-144.8293807
-9.504010442	-145.9597919
-9.993218687	-146.080198
-10.45974595	-145.6173127
-11.022628	-146.3088135
-11.6204751	-143.5930438
-12.04701626	-144.098815
-12.49613194	-141.5015631
-12.02896205	-82.25656349
-11.50845757	-70.17853423
-11.00244558	-58.70732362
-10.50346041	-48.34641049
-9.985750772	-38.0289443
-9.504060737	-28.60608489
-8.996074594	-19.29827192
-8.524311161	-12.33493258
-7.967571786	-1.187639281
-7.498282905	5.736509582
-6.462817665	21.63001373
-5.989315396	27.24093033
-5.434311042	35.26455381
-4.968697261	42.98817576
-4.479613171	49.27599927
-3.95907811	55.51057231
-3.454613015	61.08759069
-2.984216052	66.18586504
-2.475486111	72.03273263
-1.947187352	77.46487477
-1.470121233	81.78763417
-0.968899053	86.50764131
-0.491084392	91.68659122
-0.411328997	85.22882732
0.498011611	99.94313457
1.045099514	103.4031139
1.527872935	108.4546437
1.975620462	111.519816
2.487367891	115.2806238
3.034104881	118.92656
3.481475344	121.9525909
3.98304345	124.8639789
4.459796173	128.2130224
4.992653571	131.1287005
5.535247765	134.056296
5.999663409	136.2835093
6.477598683	138.1749141
6.999525781	140.7001773
7.477822256	143.1105078
7.96958079	143.9583666
8.471683512	145.9816763
8.961331308	147.0790472
9.460278094	147.4231214
9.970189619	148.0702658
10.45578578	148.0044269
10.9684181	147.0968708
11.47369558	146.7120417
11.96063272	144.9516973
12.42817922	143.3611458
12.953952	140.992379
13.43597585	139.2151903
13.93843375	137.092274
14.44844265	134.6103817
14.90803955	132.0539757
15.38782836	127.9661067
15.87633466	126.0390631
16.3601537	122.8667837
16.85106703	119.7575769
17.34687706	115.0702704
17.81259332	112.6568924
18.35090344	108.9960489
18.59120188	106.6637309
18.34437457	63.2204696
17.87336521	47.82906875
17.12584487	32.62473935
16.80939249	25.40251195
16.3888422	19.8487759
15.85324114	9.144035587
15.35992624	0.70849534
14.90966307	-7.078208121
14.40162067	-15.29064295
13.84275286	-23.72591321
13.39004144	-29.94097408
12.87829997	-36.50817906
12.37104437	-42.95105277
11.89295592	-49.02979604
11.40317222	-54.53816125
10.90334022	-59.74854641
10.41512253	-64.97610432
9.921972795	-69.838494
9.413876311	-74.29908669
8.912562474	-78.49014667
8.399303652	-82.54325296
7.896007053	-86.58051655
7.419095725	-90.29040428
6.915758269	-94.07046454
6.438467867	-97.61454066
5.945934062	-100.654035
5.466127311	-103.8014943
4.933674019	-107.2207872
4.44858882	-110.3297964
3.951480806	-113.1699635
3.45311265	-115.6622338
2.972310998	-118.2348899
2.451671763	-120.8604078
1.96662636	-123.3067063
1.482335753	-125.2363547
0.97107824	-127.7605739
0.474350833	-130.3133845
-0.022431203	-132.6046048
-0.525405366	-135.7193335
-1.009747511	-136.3887768
-1.524247558	-138.8869795
-1.992328392	-140.7606985
-2.50219782	-142.9574226
-2.995315968	-144.6642017
-3.502002495	-146.1732754
-3.554322486	-130.4499378
-4.015252802	-149.0787399
-4.491021686	-149.311662
-5.012235169	-150.4251957
-5.559191484	-151.6344857
-6.005982316	-153.3509562
-6.538596668	-154.9887855
-7.008666678	-155.4602667
-7.480881654	-154.4892483
-7.982234796	-154.6643501
-8.48965235	-154.2356169
-8.980060793	-153.416735
-9.477886439	-152.8048892
-9.987955514	-150.9139726
-10.46887322	-149.1295248
-10.96946353	-146.6452745
-11.48292435	-145.1713025
-11.96839044	-142.7418241
-12.49026628	-139.6512708
-13.00888866	-138.1434395
-13.50778415	-135.1391482
-13.97690266	-131.7076508
-14.49110987	-128.2876406
-14.96834372	-124.2081116
-15.45612526	-121.4404381
-15.95829719	-118.059222
-16.46823336	-115.1091563
-17.01000042	-111.5439732
-17.50071324	-108.302312
-17.89877134	-101.3694906
-18.47055895	-100.0662919
-18.72645733	-96.08138335
-18.50436151	-52.50831647
-18.00895658	-31.78692357
-17.49561614	-21.19112421
-17.39523994	-19.78477153
-16.94706455	-9.741744145
-16.48921388	-0.828028411
-15.94423326	8.019815643
-15.42369849	18.55217071
-14.95803296	25.78842284
-14.43946083	34.06095411
-13.93299139	41.32639204
-13.44165005	47.69143996
-12.95236077	53.49360887
-12.4486582	59.08725925
-11.94864461	65.03949101
-11.42017649	70.31195944
-10.90457551	75.61357184
-10.43099942	79.79764918
-9.908047145	82.67510559
-9.427440885	88.19940917
-8.936664726	91.69472077
-8.415527608	95.62252585
-7.912595315	99.350179
-7.446217324	101.8472797
-6.923515331	104.9769243
-6.402878691	107.7123013
-5.950468165	109.9572284
-5.42652654	112.281685
-4.926745841	114.8360666
-4.432956721	116.8072309
-3.902169347	118.5781749
-3.404602215	119.6853836
-2.895895179	121.7929776
-2.402292093	123.8180835
-1.893040041	125.0851873
-1.415611123	126.7590204
-0.91474504	127.7462162
-0.425004014	128.7511135
0.059854525	130.1877302
0.573240495	132.4098273
1.017716781	131.259824
1.536172443	133.3805735
2.019929028	134.4362595
2.513885142	135.2031964
3.017118561	135.8210603
3.458067172	135.284302
3.995728125	137.2059089
4.493278404	137.9783434
4.988513728	138.3776464
5.510679315	138.7569716
5.983163421	139.1542999
6.543514249	137.5640205
7.00733977	139.9104754
7.458897075	139.8432417
7.949502679	138.3957763
8.460573717	139.3727578
8.942862455	139.073041
9.464293017	138.4837144
9.954241565	137.469385
10.43414856	136.6327788
10.95220262	135.0584084
11.42389579	133.6735662
11.89476982	132.0653495
12.40165533	129.0037648
12.91518054	127.8827465
13.39447575	125.9831256
13.87846749	122.6459878
14.41396402	120.0735758
14.87911006	117.12396
15.38110337	116.3554057
15.86381117	112.8183592
16.32881019	110.7743959
16.815313	106.5554371
17.31702035	103.2657394
17.78330491	99.93521138
18.28527103	96.86400879
18.56447798	94.07684957
18.30395128	47.61967244
17.73848358	27.41498909
17.36429218	23.96451731
16.815008	11.36157257
16.35748136	3.541507811
15.80852509	-5.77794148
15.34583562	-13.88720725
14.84073573	-21.61256526
14.34786013	-28.75812415
13.84291327	-36.26181898
13.36429695	-42.15115072
12.86701918	-47.96020941
12.37082049	-53.54740311
11.88488867	-58.76651581
11.37128932	-64.11859415
10.8721702	-68.75373192
10.37028316	-71.84454268
9.898562491	-94.05558504
9.39691136	-81.06628403
8.902237211	-84.73851394
8.387241026	-88.43996905
7.892207489	-91.80756355
7.428670666	-94.5276053
6.928176086	-97.46378678
6.425797936	-100.7571469
5.950796227	-102.848856
5.46806464	-105.2413275
4.939555632	-107.7897107
4.448187361	-110.2579966
3.951792897	-112.1075595
3.447253378	-113.8708223
2.996824548	-115.5893706
2.460388752	-117.1479165
1.95057817	-118.6700744
1.499497771	-119.6249486
0.98003561	-121.0223311
0.461945619	-122.5238678
0.003509831	-123.6660671
-0.499794286	-124.911197
-1.002759483	-125.5190689
-1.496563451	-127.0359611
-1.95747409	-127.445944
-2.496865491	-127.8801152
-3.000639914	-129.8446969
-3.45534701	-129.8272772
-3.974392246	-130.2402228
-4.454381494	-130.8183846
-4.956083995	-131.1550583
-5.4759214	-131.2902938
-5.95544462	-131.2377905
-6.445994124	-131.8611361
-6.991149643	-131.1496233
-7.431323287	-131.44545
-7.947456763	-130.6017246
-8.445628716	-130.1507934
-8.947013363	-128.9244272
-9.42363509	-128.2272815
-9.939241551	-126.5559386
-10.41760808	-125.2041195
-10.9011556	-122.8186247
-11.43692679	-120.7160226
-11.89989657	-119.037508
-12.4136017	-116.5615691
-12.92397444	-113.8799911
-13.40363307	-110.6730391
-13.91192656	-108.0603107
-14.38777087	-104.0937853
-14.89981223	-101.9119741
-15.38365226	-98.70719014
-15.92602592	-96.59446008
-16.4124355	-93.11966763
-16.91511714	-89.89163287
-16.94078872	-69.56557798
-17.42868316	-85.13590628
-17.92450782	-81.99957616
-18.4342899	-77.72758128
-18.6282778	-71.99077758
-18.34539976	-27.60984413
-17.92739044	-9.349021737
-17.38711845	2.376751963
-16.87774843	12.02296151
-16.38837596	21.03100687
-15.86788144	30.26356698
-15.37013919	38.75407744
-14.8951714	45.87061315
-14.38804645	53.88352461
-13.86941839	60.60991511
-13.38443099	66.78197408
-12.87934496	72.60859376
-12.38057543	77.64784986
-11.87694832	83.16872998
-11.3810838	88.03744371
-10.86388743	92.71340352
-10.37712917	96.95544633
-9.88238888	100.8483502
-9.39845425	103.4795786
-8.886381567	107.9056183
-8.356677339	111.0119167
-7.854636329	113.7463149
-7.365965976	116.79835
-6.879415651	118.6844942
-6.344677685	121.6244053
-5.893128577	123.6783409
-5.404565315	126.2347957
-4.864285552	127.5919777
-4.386631928	129.3769824
-3.903855881	131.3318602
-3.376596506	132.7880469
-2.897425403	134.0317394
-2.404038452	135.6277507
-1.874125132	135.998457
-1.41459516	137.6688438
-0.906277212	138.1250674
-0.427689968	137.7710908
0.062953697	139.2478789
0.55857413	141.2397799
1.036788699	140.1152462
1.565351666	140.3300779
2.017761796	141.3507156
2.562156655	139.8184205
3.051074524	141.3729989
3.517513442	141.5374306
4.021055046	141.188202
4.476584608	140.9410755
5.001458492	140.6493367
5.50134412	140.176899
5.987773574	139.7080906
6.463077664	138.5515204
6.988461196	137.4714568
7.448853962	136.5042197
7.965723408	134.2842476
8.451278257	133.3291861
8.911422812	132.2151296
9.403044789	129.8160974
9.926291513	126.993833
	
	
	
	
	
	
	
	
	
	
	
	
	
	











































































































































































































































































































































































































































































																										
																										
																										
																										
																										
																										
																										
