Hakim_Kono 2002 Column L1N6B																															
751																															
0.013	-2.745																														
0.013	-2.745																														
0.013	-0.142																														
0.011	51.513																														
0.086	108.664																														
0.259	163.370																														
0.469	220.130																														
0.679	271.716																														
0.755	297.976																														
0.832	315.756																														
1.063	369.179																														
1.272	422.933																														
1.502	475.964																														
1.713	505.223																														
1.961	557.522		
2.190	609.036		
2.478	661.498		
2.765	713.655		
2.992	729.850		
3.030	673.436		
3.008	617.594		
2.858	562.549		
2.665	508.977		
2.491	456.872		
2.300	400.021		
2.107	338.076		
1.914	287.896		
1.743	233.603		
1.513	169.168		
1.281	104.355		
1.108	51.829		
0.892	6.068		
0.643	-55.293		
0.455	-108.026		
0.207	-165.760		
-0.063	-220.169		
-0.327	-272.237		
-0.610	-323.667		
-0.914	-374.927		
-1.217	-425.762		
-1.559	-478.419		
-1.880	-530.825		
-2.302	-581.357		
-2.877	-625.418		
-3.041	-566.764		
-3.004	-509.476		
-2.718	-437.126		
-2.391	-357.183		
-2.103	-280.447		
-1.832	-212.818		
-1.607	-152.806		
-1.340	-87.763		
-1.131	-32.485		
-0.862	18.551		
-0.635	83.669		
-0.406	151.363		
-0.120	224.099		
0.166	298.644		
0.454	365.809		
0.681	423.581		
0.968	483.868		
1.235	543.358		
1.462	594.151		
1.763	656.095		
2.105	707.646		
2.426	760.620		
2.842	814.203		
3.013	829.457		
3.055	771.296		
3.000	720.293		
2.791	662.798		
2.558	604.674		
2.369	552.663		
2.138	496.608		
1.905	439.571		
1.720	381.687		
1.431	306.010		
1.198	251.880		
1.015	194.044		
0.780	138.387		
0.609	87.488		
0.372	36.204		
0.276	8.872		
0.060	-43.473		
-0.170	-107.086		
-0.438	-169.603		
-0.707	-233.113		
-1.009	-294.394		
-1.256	-345.534		
-1.580	-402.975		
-1.935	-458.820		
-2.297	-517.012		
-2.677	-571.742		
-3.017	-511.110		
-2.841	-469.261		
-2.606	-416.211		
-2.287	-338.810		
-2.268	-327.227		
-2.067	-276.929		
-1.800	-213.404		
-1.630	-167.898		
-1.514	-137.724		
-1.324	-87.083		
-1.096	-35.947		
-1.097	-36.665		
-1.001	-9.044		
-0.963	-3.250		
-0.963	-3.226		
-0.736	62.566		
-0.503	123.717		
-0.219	194.538		
0.009	258.253		
0.279	325.155		
0.544	382.461		
0.753	435.120		
1.000	493.173		
1.248	550.925		
1.551	606.284		
1.876	663.411		
2.198	720.210		
2.538	775.339		
2.883	826.898		
3.392	864.993		
3.774	915.332		
4.291	966.389		
4.803	1004.618		
5.321	1007.479		
5.824	996.480		
6.169	941.753		
6.095	887.864		
5.885	836.339		
5.616	782.679		
5.367	732.313		
5.098	676.795		
4.851	625.649		
4.563	569.868		
4.316	517.242		
4.067	462.103		
3.798	408.864		
3.529	354.442		
3.243	295.002		
2.994	240.271		
2.769	186.513		
2.537	134.995		
2.267	81.663		
2.010	31.214		
1.870	3.874		
1.601	-53.732		
1.334	-112.847		
0.951	-172.406		
0.571	-232.376		
0.190	-293.015		
-0.209	-351.699		
-0.606	-408.962		
-1.026	-468.016		
-1.442	-527.003		
-1.898	-585.925		
-2.395	-642.935		
-2.846	-696.701		
-3.382	-746.610		
-3.892	-768.976		
-4.143	-752.314		
-4.646	-792.972		
-5.153	-815.951		
-5.667	-826.894		
-6.086	-776.751		
-6.093	-723.212		
-5.822	-669.573		
-5.537	-613.386		
-5.269	-559.603		
-4.985	-506.031		
-4.703	-450.205		
-4.437	-396.992		
-4.152	-341.963		
-3.823	-281.795		
-3.577	-231.466		
-3.291	-177.926		
-3.001	-120.943		
-2.731	-70.215		
-2.425	-13.421		
-2.141	37.116		
-1.870	90.450		
-1.603	142.246		
-1.301	204.234		
-0.825	265.982		
-0.486	318.620		
-0.126	371.992		
0.257	425.213		
0.714	463.198		
0.953	514.974		
1.353	570.367		
1.753	625.072		
2.189	678.549		
2.607	730.646		
3.061	785.143		
3.539	837.702		
4.034	889.206		
4.544	943.525		
5.062	980.215		
5.576	1015.846		
6.016	965.668		
5.865	912.044		
5.821	912.638		
5.623	856.826		
5.318	799.249		
5.015	743.198		
4.749	692.477		
4.478	642.467		
4.190	588.907		
3.906	536.794		
3.622	480.387		
3.333	428.633		
3.055	369.620		
2.782	318.561		
2.458	258.455		
2.166	204.107		
1.817	144.419		
1.527	90.130		
1.276	47.030		
0.885	-3.747		
0.561	-59.745		
0.026	-137.952		
-0.487	-209.192		
-1.039	-282.499		
-1.553	-338.342		
-2.061	-402.525		
-2.596	-467.541		
-3.115	-528.761		
-3.630	-584.211		
-4.166	-639.988		
-4.680	-691.693		
-5.237	-738.645		
-5.744	-739.789		
-5.634	-587.867		
-5.133	-496.172		
-4.618	-396.171		
-4.107	-296.241		
-3.594	-202.822		
-3.079	-109.422		
-2.571	-20.820		
-2.054	77.998		
-1.405	184.525		
-0.888	257.287		
-0.336	334.696		
0.195	408.450		
0.730	479.652		
1.303	556.229		
1.816	621.270		
2.353	685.200		
2.889	747.201		
3.403	805.989		
3.956	863.559		
4.486	920.177		
5.044	974.735		
5.556	1015.519		
5.842	1030.463		
5.978	1037.872		
6.073	1043.775		
6.585	1073.123		
7.103	1076.051		
7.642	1102.805		
8.160	1114.931		
8.676	1135.331		
8.170	895.537		
7.649	799.608		
7.076	699.719		
6.546	612.349		
6.026	527.971		
5.475	438.828		
4.972	363.103		
4.435	276.760		
3.934	213.327		
3.412	144.169		
2.892	82.021		
2.357	18.577		
1.726	-57.408		
1.151	-127.809		
0.635	-189.479		
0.045	-254.951		
-0.521	-319.369		
-1.086	-381.274		
-1.654	-441.362		
-2.260	-505.310		
-2.808	-558.432		
-3.342	-609.430		
-3.875	-660.468		
-4.467	-710.911		
-5.058	-759.559		
-5.573	-796.612		
-6.102	-829.965		
-6.711	-856.430		
-7.226	-873.547		
-7.814	-887.639		
-8.381	-898.644		
-8.887	-889.740		
-8.501	-707.232		
-7.957	-574.558		
-7.439	-492.198		
-6.884	-401.594		
-6.350	-311.981		
-5.815	-227.162		
-5.274	-145.905		
-4.758	-64.308		
-4.206	-6.711		
-3.562	70.305		
-3.050	131.254		
-2.477	191.747		
-1.906	257.326		
-1.298	326.074		
-0.785	381.502		
-0.251	437.299		
0.282	492.278		
0.793	544.381		
1.344	598.627		
1.921	650.677		
2.435	696.259		
2.950	743.371		
3.464	787.011		
3.998	829.248		
4.587	877.447		
5.105	918.629		
5.620	955.682		
6.132	992.004		
6.643	1026.830		
7.179	1054.646		
7.693	1080.710		
8.247	1101.844		
8.759	1099.745		
9.058	1072.504		
8.510	953.586		
8.449	944.120		
7.932	865.406		
7.379	779.975		
6.865	696.161		
6.363	623.737		
5.805	537.917		
5.229	452.840		
4.674	369.921		
4.137	293.139		
3.624	243.952		
3.034	178.069		
2.524	120.140		
1.967	67.294		
1.438	10.239		
0.901	-46.207		
0.343	-107.510		
-0.267	-171.473		
-0.820	-225.783		
-1.388	-281.042		
-1.962	-334.833		
-2.473	-385.166		
-3.025	-436.101		
-3.616	-486.924		
-4.225	-537.580		
-4.835	-586.048		
-5.444	-634.331		
-6.110	-680.853		
-6.662	-713.799		
-7.176	-741.256		
-7.686	-750.776		
-8.195	-780.417		
-8.710	-801.356		
-9.029	-792.543		
-8.393	-640.232		
-7.817	-546.289		
-7.283	-460.727		
-6.691	-369.130		
-6.140	-282.189		
-5.565	-192.251		
-4.971	-104.250		
-4.382	-16.230		
-3.871	24.455		
-3.280	95.497		
-2.594	174.757		
-1.945	245.293		
-1.279	316.408		
-0.575	388.550		
0.172	461.446		
0.890	533.121		
1.634	603.352		
2.145	649.575		
2.663	694.752		
3.424	760.850		
3.938	803.388		
4.450	844.909		
4.967	884.849		
5.481	924.085		
5.995	961.498		
6.509	994.544		
7.079	1027.719		
7.581	1002.708		
8.104	1065.598		
8.653	1093.003		
9.185	1120.084		
9.701	1140.935		
10.219	1141.672		
10.734	1144.305		
11.240	1146.586		
11.760	1169.285		
11.236	958.170		
10.695	884.591		
10.166	802.632		
9.663	731.575		
9.162	658.990		
8.643	583.382		
8.107	512.235		
7.535	436.392		
7.015	369.814		
6.481	327.737		
5.908	272.351		
5.300	213.643		
4.787	164.446		
4.151	107.800		
3.584	57.408		
3.058	15.447		
2.487	-42.999		
1.928	-86.298		
1.334	-141.919		
0.796	-191.049		
0.194	-241.025		
-0.388	-291.575		
-1.002	-339.788		
-1.543	-387.326		
-2.176	-434.776		
-2.799	-483.229		
-3.336	-521.767		
-3.865	-559.801		
-4.415	-597.844		
-4.966	-635.975		
-5.553	-673.468		
-6.123	-710.747		
-6.773	-747.804		
-7.437	-783.683		
-7.947	-809.306		
-8.478	-833.082		
-9.025	-854.472		
-9.573	-870.101		
-10.082	-880.760		
-10.687	-890.269		
-11.233	-897.356		
-11.738	-881.754		
-11.183	-636.048		
-10.668	-557.490		
-10.135	-479.350		
-9.618	-405.773		
-9.070	-329.835		
-8.505	-247.347		
-7.989	-177.856		
-7.453	-113.903		
-6.941	-69.068		
-6.428	-23.472		
-5.897	23.043		
-5.365	68.465		
-4.847	121.432		
-4.315	170.542		
-3.798	216.794		
-3.283	261.239		
-2.766	307.197		
-2.214	353.324		
-1.712	393.404		
-1.156	441.480		
-0.604	485.827		
-0.088	526.203		
0.445	566.501		
0.958	605.035		
1.472	643.591		
2.005	681.378		
2.538	718.747		
3.053	753.897		
3.586	789.083		
4.100	819.935		
4.633	854.020		
5.187	886.862		
5.702	916.208		
6.216	944.832		
6.753	973.050		
7.285	1000.416		
7.816	1027.485		
8.328	1050.614		
8.845	1048.291		
9.358	1080.157		
9.872	1100.348		
10.385	1117.585		
10.885	1132.205		
11.421	1146.484		
11.931	1158.064		
11.404	971.614		
10.879	902.891		
10.304	819.249		
9.785	750.499		
9.252	672.785		
8.691	598.630		
8.176	528.510		
7.653	461.912		
7.136	399.147		
6.568	357.813		
6.067	314.752		
5.493	267.374		
4.902	211.404		
4.329	160.248		
3.757	112.306		
3.238	71.963		
2.718	32.997		
2.203	-0.316		
1.628	-49.991		
1.051	-100.904		
0.528	-146.293		
-0.010	-186.639		
-0.517	-226.597		
-1.053	-267.316		
-1.606	-306.782		
-2.189	-351.708		
-2.782	-392.243		
-3.376	-432.666		
-3.903	-466.435		
-4.440	-500.157		
-4.991	-533.389		
-5.542	-566.303		
-6.116	-599.521		
-6.661	-631.995		
-7.171	-658.076		
-7.757	-690.142		
-8.349	-719.967		
-8.852	-728.681		
-9.363	-753.538		
-9.895	-778.082		
-10.440	-798.746		
-10.990	-816.160		
-11.497	-816.928		
-12.004	-825.962		
-11.464	-640.846		
-10.947	-565.029		
-10.377	-480.759		
-9.825	-403.766		
-9.312	-333.450		
-8.779	-258.234		
-8.207	-184.505		
-7.673	-118.732		
-7.142	-71.634		
-6.621	-23.848		
-6.496	-25.629		
-6.464	-26.966		
-6.336	-31.535		
-6.197	-36.589		
-6.062	-41.253		
-5.939	-47.775		
-5.623	-56.258		
-5.261	-64.940		
-4.746	-80.686		
-4.133	-47.305		
-3.632	-23.760		
-3.148	-4.022		
-3.124	3.584		
-3.397	9.347		
-3.516	12.147		
-3.562	13.254		
-3.564	13.239		
-3.013	157.639		
-2.483	230.330		
-1.949	303.443		
-1.431	369.260		
-0.779	432.028		
-0.251	474.231		
0.284	517.127		
0.818	561.942		
1.367	606.941		
1.938	651.507		
2.529	695.700		
3.096	737.638		
3.709	778.891		
4.299	818.551		
4.889	857.941		
5.521	895.855		
6.148	932.842		
6.778	968.588		
7.314	996.369		
7.852	1023.135		
8.405	1049.492		
8.956	1075.047		
9.550	1099.060		
10.139	1122.296		
10.789	1143.575		
11.420	1161.880		
11.994	1167.275		
12.531	1173.786		
13.043	1180.271		
13.595	1188.107		
14.111	1192.732		
14.244	1193.826		
14.417	1195.503		
14.952	1199.724		
15.461	1174.099		
15.978	1180.513		
16.496	1190.413		
17.049	1197.429		
17.554	1194.732		
17.810	1178.211		
17.829	1176.746		
18.332	1166.631		
18.847	1180.779		
19.363	1191.927		
19.897	1197.709		
20.444	1200.095		
20.949	1172.699		
21.455	1177.392		
21.987	1191.083		
22.521	1198.575		
23.055	1201.319		
23.558	1175.040		
24.059	1179.482		
23.551	1030.616		
23.012	960.087		
22.509	898.646		
22.009	834.492		
21.505	773.485		
20.951	704.969		
20.438	668.579		
19.831	580.194		
19.160	518.956		
18.585	476.604		
17.989	434.275		
17.433	396.145		
16.899	359.624		
16.363	324.473		
15.828	290.430		
15.288	257.829		
14.731	224.197		
14.215	191.191		
13.697	160.058		
13.178	132.211		
12.678	105.392		
12.123	75.792		
11.508	45.220		
10.992	17.786		
10.490	-3.294		
9.980	-21.815		
9.299	-59.678		
8.665	-100.503		
8.034	-135.663		
7.363	-170.471		
6.681	-205.833		
6.166	-233.305		
5.635	-261.375		
5.063	-289.416		
4.495	-316.631		
3.945	-342.961		
3.397	-368.866		
2.800	-394.693		
2.230	-420.530		
1.658	-446.802		
1.090	-472.937		
0.486	-500.850		
-0.123	-528.093		
-0.734	-555.262		
-1.322	-581.033		
-1.929	-606.385		
-2.536	-632.531		
-4.591	-714.857		
-6.832	-793.765		
-8.999	-856.879		
-11.247	-898.570		
-13.373	-918.675		
-15.616	-923.179		
-17.774	-912.697		
-19.797	-858.240		
-21.837	-876.714		
-23.856	-833.338		
-21.827	-443.365		
-19.777	-202.355		
-17.710	-59.948		
-15.674	64.817		
-13.568	190.014		
-11.287	314.224		
-9.121	421.092		
-6.819	526.312		
-4.659	616.563		
-2.451	699.241		
-0.272	775.367		
1.964	846.783		
4.240	915.158		
6.443	973.795		
8.568	1024.005		
10.675	1070.709		
12.745	1115.229		
14.884	1153.659		
16.889	1149.396		
18.927	1158.775		
20.940	1181.180		
22.951	1182.335		
20.924	699.674		
18.840	500.087		
16.770	367.300		
14.685	247.083		
12.666	142.017		
10.634	46.191		
8.627	-20.350		
6.458	-135.847		
4.302	-227.955		
2.073	-314.302		
0.029	-384.078		
-2.127	-452.492		
-4.401	-519.891		
-6.423	-577.260		
-8.520	-633.280		
-10.676	-686.625		
-12.829	-731.793		
-14.838	-751.225		
-16.867	-779.387		
-18.904	-773.346		
-20.997	-818.559		
-23.140	-830.068		
-23.333	-615.375		
-23.333	-615.383		
-21.985	-437.198		
-21.737	-406.630		
-19.698	-175.941		
-17.679	-44.824		
-15.626	74.065		
-13.391	209.414		
-11.265	319.739		
-9.119	421.920		
-6.896	521.534		
-4.614	615.901		
-2.470	699.517		
-0.408	769.259		
1.696	833.873		
3.858	895.668		
6.057	953.234		
8.223	1008.811		
10.466	1059.623		
12.647	1104.131		
14.912	1144.209		
17.317	1176.798		
19.489	1194.204		
21.787	1200.601		
23.850	1200.934		
25.909	1196.288		
28.167	1182.463		
30.169	1103.754		
32.241	1125.668		
34.245	1125.266		
36.249	1084.406		
35.248	796.332		
35.247	796.861		
33.192	565.362		
31.191	403.597		
29.184	284.026		
27.066	175.347		
24.903	74.623		
22.886	-7.965		
4.854	-53.097		
