"Benzoni and Priestley 1994,specimen nr.1"	
2337	
0	-5.008448
0	-5.044032
0	-4.768256
0.0127	-4.510272
0.01524	-4.372384
0.02286	-3.6375744
0.02667	-3.6500288
0.03048	-3.9613888
0.03556	-3.687392
0.04064	-3.8991168
0.04318	-3.9738432
0.04826	-3.6500288
0.0508	-3.6500288
0.05588	-3.749664
0.16002	3.04688
0.20574	7.530464
0.24003	12.263136
0.26035	16.893504
0.2794	21.835232
0.29718	26.318816
0.32131	30.71344
0.34036	35.357152
0.30734	30.700096
0.29845	29.218912
0.26162	24.214912
0.2413	19.77136
0.21082	15.287776
0.18669	10.568448
0.14986	6.022592
0.12954	1.605728
0.09779	-3.438304
0.07493	-8.033088
0.06604	-12.36544
0.04826	-17.222656
0.02667	-21.990912
0.01524	-26.670208
-0.00254	-31.429568
0.02286	-35.886464
0.0127	-40.530176
-0.00762	-44.83584
-0.01905	-49.50624
-0.03302	-50.4848
-0.00889	-45.72544
0.01651	-41.18848
0.03556	-36.71824
0.08255	-26.247648
0.11557	-18.850624
0.15494	-12.27648
0.20066	-6.987808
0.22606	-2.04608
0.20828	1.988256
0.13208	-0.787296
0.20574	4.243392
0.254	9.238496
0.27051	13.52192
0.27686	18.201216
0.2921	24.77536
0.30988	29.521376
0.32766	34.236256
0.33655	39.23136
0.34417	43.5904
0.35179	48.97248
0.36576	55.42208
0.38354	60.4928
0.40005	68.67712
0.42164	73.21408
0.44577	77.75104
0.47879	85.8464
0.50292	92.65184
0.51689	98.16736
0.52705	103.01568
0.53848	108.88704
0.57785	115.38112
0.60325	122.0976
0.61722	127.34624
0.63881	131.8832
0.64643	135.97536
0.64643	131.61632
0.62865	126.90144
0.60706	121.25248
0.58547	115.4256
0.54737	109.91008
0.51689	103.94976
0.4826	97.32224
0.4572	91.71776
0.4191	87.04736
0.3937	80.86464
0.37846	75.616
0.35179	70.67872
0.3302	65.02976
0.30861	60.31488
0.31877	55.6
0.30099	50.17344
0.28321	45.28064
0.27051	39.98752
0.25781	35.232608
0.24384	30.566656
0.26162	35.232608
0.27813	39.72064
0.26289	33.902656
0.2413	28.471648
0.22225	23.75232
0.20701	19.210912
0.20193	14.491584
0.18923	9.661056
0.16764	5.052928
0.1651	0.582688
0.15494	-2.728848
0.12065	-7.210208
0.09652	-11.867264
0.07874	-16.475392
0.06604	-20.967872
0.0508	-25.402528
0.03175	-30.081824
0.01651	-34.801152
0.00889	-39.60944
0	-44.52448
-0.01016	-49.32832
-0.02159	-54.08768
-0.03429	-58.80256
-0.04191	-63.69536
-0.0508	-67.74304
-0.0635	-73.03616
-0.08636	-78.19584
-0.10287	-83.4
-0.11684	-88.64864
-0.12573	-93.31904
-0.14732	-98.03392
-0.17018	-102.65984
-0.1905	-107.28576
-0.2159	-112.04512
-0.24003	-116.62656
-0.25781	-121.25248
-0.27686	-125.8784
-0.30099	-130.3264
-0.32385	-134.81888
-0.35687	-139.35584
-0.37465	-141.84672
-0.37338	-137.48768
-0.36576	-132.81728
-0.33274	-127.25728
-0.30353	-122.05312
-0.28575	-117.24928
-0.26416	-112.00064
-0.24638	-107.46368
-0.22606	-102.57088
-0.19558	-97.32224
-0.17145	-91.71776
-0.14478	-87.1808
-0.12319	-82.46592
-0.10922	-78.0624
-0.07874	-72.54688
-0.0508	-67.1648
-0.03048	-61.42688
0.00508	-55.95584
0.03048	-49.72864
0.0635	-43.394688
0.08128	-37.292032
0.09906	-31.256096
0.12446	-25.402528
0.14478	-20.024896
0.16256	-15.16768
0.18669	-10.870912
0.20193	-5.640064
0.20701	-1.13424
0.21844	3.073568
0.21844	8.041984
0.23114	12.983712
0.25019	19.184224
0.25781	22.560256
0.27178	28.324864
0.28067	32.808448
0.29464	37.71904
0.31369	43.05664
0.33528	48.83904
0.35179	54.7104
0.37592	60.84864
0.39116	66.9424
0.40386	73.1696
0.43688	79.48576
0.46355	85.71296
0.48133	91.80672
0.508	97.72256
0.52578	103.77184
0.54737	110.088
0.58674	116.40416
0.59944	122.00864
0.61214	127.47968
0.635	133.12864
0.65151	138.7776
0.68199	144.29312
0.71247	149.58624
0.72644	154.70144
0.75819	159.59424
0.78867	164.48704
0.81153	169.33536
0.84074	174.49504
0.86614	171.38144
0.8636	166.88896
0.84455	162.08512
0.82931	157.6816
0.80137	153.18912
0.78105	148.5632
0.74803	143.93728
0.72136	138.91104
0.70739	134.1072
0.66802	129.25888
0.64262	124.41056
0.61214	119.78464
0.59563	115.15872
0.56261	110.22144
0.52832	105.15072
0.51181	100.56928
0.48387	95.80992
0.46609	91.22848
0.43815	86.42464
0.40386	81.48736
0.38862	76.55008
0.37592	71.56832
0.35179	67.20928
0.33909	62.67232
0.32131	58.13536
0.30099	53.46496
0.28575	48.88352
0.27559	44.39104
0.26797	39.5872
0.25527	34.87232
0.25146	30.041792
0.24257	25.362496
0.22479	20.652064
0.2159	15.861568
0.20574	11.266784
0.19177	6.698688
0.17399	2.126144
0.15367	-2.366336
0.11684	-6.898848
0.1016	-11.355744
0.08763	-15.963872
0.08382	-20.4608
0.07747	-25.313568
0.07366	-29.699296
0.06604	-34.974624
0.04699	-39.858528
0.02032	-45.10272
0.00254	-50.35136
-0.02667	-55.1552
-0.04191	-59.73664
-0.05588	-64.40704
-0.08128	-69.29984
-0.10287	-74.01472
-0.11684	-78.81856
-0.13081	-83.57792
-0.15748	-88.24832
-0.1778	-92.82976
-0.19304	-97.4112
-0.21717	-102.25952
-0.23495	-106.9744
-0.25146	-112.04512
-0.26416	-116.76
-0.27813	-121.47488
-0.29718	-125.92288
-0.31623	-130.41536
-0.34671	-134.95232
-0.37338	-139.53376
-0.38735	-144.1152
-0.40767	-148.47424
-0.43307	-152.87776
-0.49403	-157.54816
-0.5207	-161.99616
-0.56134	-166.5776
-0.61087	-171.0256
-0.63881	-171.42592
-0.64135	-166.97792
-0.62611	-161.06208
-0.60706	-156.43616
-0.57404	-151.49888
-0.54737	-145.76096
-0.51816	-140.28992
-0.49911	-135.30816
-0.46482	-130.37088
-0.42291	-125.38912
-0.40259	-120.58528
-0.38227	-115.82592
-0.36195	-111.02208
-0.31623	-106.12928
-0.29083	-101.14752
-0.26416	-96.0768
-0.23749	-90.65024
-0.19304	-83.35552
-0.16256	-77.70656
-0.12827	-72.45792
-0.10795	-67.43168
-0.07874	-62.76128
-0.05207	-58.35776
-0.02032	-51.90816
0.01651	-45.90336
0.05461	-40.218816
0.07493	-34.912352
0.09271	-29.82384
0.12065	-24.806496
0.14097	-20.273984
0.1651	-15.866016
0.19304	-11.12
0.20574	-6.62752
0.21971	-2.206208
0.2286	2.250688
0.25908	6.970016
0.25019	11.489184
0.25273	16.373088
0.26797	21.514976
0.27813	26.670208
0.29591	32.04784
0.31623	37.05184
0.33909	42.74528
0.3556	47.3712
0.37592	52.264
0.38862	57.24576
0.40005	62.09408
0.4318	67.03136
0.45847	72.01312
0.47371	77.35072
0.4953	82.37696
0.51181	87.35872
0.52578	91.8512
0.54864	97.4112
0.57785	101.72576
0.59182	106.26272
0.60452	111.06656
0.62103	115.51456
0.64643	120.22944
0.66929	124.7664
0.70739	129.25888
0.71882	133.84032
0.73406	138.3328
0.76327	142.86976
0.78486	147.54016
0.80391	152.16608
0.83058	156.48064
0.84836	161.24
0.88646	166.08832
0.91059	170.75872
0.94742	175.11776
0.9652	175.9184
0.96647	171.42592
0.93599	166.88896
0.91186	162.352
0.89027	156.88096
0.8509	151.72128
0.83185	147.18432
0.80264	142.20256
0.77597	136.9984
0.73533	131.57184
0.7112	126.14528
0.66421	120.3184
0.62738	114.35808
0.59944	108.39776
0.56515	103.14912
0.52705	97.94496
0.50546	93.1856
0.46863	86.46912
0.4318	80.15296
0.39624	74.45952
0.37973	69.3888
0.34925	63.20608
0.33147	57.95744
0.31115	53.28704
0.28956	48.21632
0.27686	43.10112
0.27432	38.6976
0.27305	34.076128
0.26797	29.55696
0.25781	25.051136
0.24511	20.580896
0.23495	16.03504
0.21844	11.65376
0.18923	6.858816
0.15494	2.103904
0.13462	-2.406368
0.09017	-6.885504
0.06985	-11.85392
0.04826	-16.586592
0.01905	-21.755168
0	-26.794752
-0.02794	-31.451808
-0.04572	-37.180832
-0.05842	-42.683008
-0.07366	-47.94944
-0.09271	-53.99872
-0.10287	-58.62464
-0.11303	-63.29504
-0.12065	-68.09888
-0.12319	-72.23552
-0.12065	-76.81696
-0.127	-81.26496
-0.15875	-85.75744
-0.18542	-90.5168
-0.20701	-95.00928
-0.22987	-99.6352
-0.254	-104.79488
-0.27305	-109.24288
-0.30226	-114.58048
-0.33909	-119.74016
-0.37846	-125.07776
-0.39243	-129.57024
-0.41402	-134.28512
-0.43688	-138.95552
-0.48895	-143.53696
-0.51181	-148.25184
-0.52705	-152.7888
-0.55626	-157.54816
-0.5842	-162.1296
-0.61976	-166.62208
-0.64897	-171.73728
-0.67437	-176.09632
-0.75057	-180.27744
-0.78486	-184.94784
-0.8128	-189.52928
-0.8255	-189.57376
-0.83185	-185.08128
-0.83439	-180.54432
-0.81788	-175.4736
-0.80264	-170.44736
-0.77724	-165.37664
-0.7493	-159.50528
-0.69469	-153.72288
-0.66802	-147.49568
-0.63246	-141.0016
-0.58547	-134.24064
-0.54229	-127.47968
-0.52197	-122.89824
-0.49657	-118.3168
-0.44577	-113.82432
-0.42164	-109.28736
-0.40005	-104.61696
-0.35814	-97.94496
-0.31877	-93.45248
-0.29083	-88.91552
-0.254	-82.24352
-0.22479	-77.52864
-0.19304	-72.99168
-0.16256	-68.41024
-0.13589	-63.69536
-0.10668	-58.80256
-0.06604	-52.97568
-0.04318	-48.0384
-0.00254	-42.287136
0.02413	-37.776864
0.05969	-31.20272
0.08128	-24.855424
0.11557	-18.788352
0.14097	-13.161632
0.17399	-8.068672
0.19177	-3.2888512
0.20193	1.17872
0.22225	5.724576
0.21844	10.332704
0.2286	15.425664
0.24257	21.052384
0.25908	26.42112
0.27305	32.07008
0.2921	36.891712
0.31496	41.90016
0.33401	47.19328
0.35941	52.9312
0.37592	58.40224
0.38735	63.51744
0.40005	67.96544
0.4318	72.99168
0.45212	77.66208
0.49911	87.6256
0.51435	92.38496
0.54864	97.1888
0.58039	101.77024
0.59563	106.17376
0.62611	110.62176
0.67056	115.4256
0.70358	120.00704
0.73025	125.12224
0.77216	129.79264
0.79375	134.37408
0.82042	138.82208
0.83566	143.84832
0.86614	148.51872
0.88519	153.32256
0.90424	158.03744
0.92964	162.352
0.96266	167.15584
0.98933	171.87072
1.01727	175.4736
1.01346	170.71424
0.98933	165.77696
0.9652	160.3504
0.94107	155.4576
0.90551	150.69824
0.88392	145.98336
0.83947	140.69024
0.81788	136.1088
0.78232	130.94912
0.75438	126.41216
0.71247	121.4304
0.69215	116.40416
0.64008	111.28896
0.60833	106.35168
0.58293	101.14752
0.54737	96.21024
0.51181	91.4064
0.48768	86.55808
0.45847	81.53184
0.43053	76.81696
0.38989	71.8352
0.37211	67.03136
0.35687	62.36096
0.32893	57.51264
0.30861	52.9312
0.28321	47.72704
0.26416	42.83424
0.25527	37.71904
0.24003	33.017504
0.22606	28.160288
0.20574	23.267488
0.19431	18.761664
0.18288	13.83328
0.17272	9.323008
0.16129	4.879456
0.14224	0.284672
0.01524	-22.426816
-0.12065	-44.52448
-0.21717	-67.87648
-0.32512	-93.6304
-0.42799	-117.02688
-0.54356	-140.7792
-0.67437	-159.86112
-0.80264	-176.1408
-0.91948	-190.3744
-0.81788	-167.42272
-0.6858	-146.07232
-0.55245	-126.45664
-0.42291	-107.73056
-0.29083	-88.78208
-0.16256	-69.78912
-0.02921	-47.90496
0.09271	-24.704192
0.19431	-2.393024
0.25019	21.003456
0.34163	44.12416
0.44069	67.6096
0.54102	90.60576
0.65278	113.29056
0.77597	135.84192
0.889	158.1264
1.01727	180.3664
1.14554	195.97888
1.24587	203.76288
1.14046	180.90016
1.01346	161.28448
0.88646	141.40192
0.75819	121.96416
0.63119	105.4176
0.50165	85.53504
0.36957	63.69536
0.26543	40.83264
0.19558	18.263488
0.11938	-3.9862976
0.04826	-26.51008
-0.02413	-49.68416
-0.13589	-72.99168
-0.24384	-95.72096
-0.37846	-114.35808
-0.50673	-132.328
-0.63754	-151.232
-0.76835	-168.66816
-0.89916	-188.19488
-1.02362	-203.45152
-1.15189	-215.5056
-1.22555	-218.8416
-1.14554	-194.46656
-1.01473	-174.8064
-0.87503	-155.36864
-0.74422	-136.776
-0.60833	-119.16192
-0.46863	-101.94816
-0.34036	-85.13472
-0.20828	-66.45312
-0.07874	-47.68256
0.05207	-26.559008
0.17272	-3.9115712
0.24638	19.024096
0.32893	41.85568
0.43307	64.9408
0.53213	87.22528
0.64643	109.50976
0.77851	132.15008
0.90932	154.92384
1.03886	175.82944
1.17094	196.29024
1.30175	215.2832
1.42875	230.09504
1.55702	244.01728
1.60655	246.81952
1.55448	224.1792
1.41859	203.2736
1.28778	185.30368
1.15443	166.8
1.01981	149.27488
0.88773	130.63776
0.75438	113.424
0.6223	97.4112
0.49657	79.08544
0.36703	57.29024
0.26035	33.689152
0.18161	11.413568
0.06731	-10.599584
-0.05715	-33.008608
-0.14351	-56.08928
-0.23114	-79.93056
-0.32131	-102.83776
-0.45085	-123.12064
-0.5842	-136.9984
-0.71882	-153.32256
-0.84836	-169.06848
-0.97663	-183.39104
-1.1049	-199.18144
-1.23317	-213.7264
-1.36271	-227.15936
-1.49225	-237.16736
-1.61925	-243.9728
-1.74752	-249.71072
-1.87706	-256.02688
-2.00533	-261.45344
-2.00914	-260.74176
-1.95072	-238.10144
-1.81991	-220.13152
-1.68402	-203.58496
-1.5494	-188.68416
-1.41732	-173.07168
-1.28016	-159.10496
-1.15824	-147.85152
-1.02997	-135.35264
-0.9017	-122.58688
-0.77089	-108.66464
-0.64262	-96.69952
-0.51181	-82.9552
-0.38227	-69.07744
-0.25527	-54.79936
-0.127	-39.18688
0.00127	-22.66256
-0.12954	-24.557408
-0.27686	-32.385888
-0.4064	-38.16384
-0.53594	-43.221216
-0.40767	-35.76192
-0.2794	-29.659264
-0.1524	-23.445408
-0.08001	-20.158336
-0.08128	-20.385184
-0.08128	-20.77216
0.09779	1.627968
0.1651	25.037792
0.27686	48.57216
0.38608	72.19104
0.52324	96.0768
0.66548	119.29536
0.81788	141.4464
0.98679	164.88736
1.16967	186.46016
1.35636	209.58976
1.53543	231.91872
1.75387	246.06336
1.62687	223.24512
1.47066	200.11552
1.27	177.11936
1.09347	154.83488
0.89535	132.46144
0.6985	110.13248
0.50546	87.80352
0.35814	65.07424
0.25654	42.74528
0.18034	20.354048
0.08128	-2.006048
-0.02159	-24.579648
-0.11684	-47.28224
-0.23495	-70.056
-0.39624	-92.7408
-0.56388	-114.7584
-0.79375	-137.2208
-1.01473	-159.63872
-1.23825	-181.83424
-1.45923	-204.1632
-1.69926	-226.6256
-1.92786	-248.91008
-2.1082	-262.29856
-2.02438	-239.92512
-1.8288	-216.66208
-1.61925	-194.24416
-1.41986	-171.9152
-1.14808	-146.73952
-0.89662	-124.36608
-0.62103	-99.05696
-0.39878	-75.97184
-0.19939	-52.264
-0.05588	-29.325664
0.04572	-6.351744
0.10033	15.937184
0.21336	38.2528
0.32639	60.89312
0.45974	83.80032
0.60071	106.04032
0.77978	128.5472
0.96266	150.83168
1.15443	173.38304
1.3589	196.20128
1.54178	218.75264
1.74879	241.17056
1.9939	263.58848
2.39141	285.784
2.41681	282.8928
2.28092	259.80768
2.09296	235.87744
1.90119	213.37056
1.7018	190.5968
1.49352	168.3568
1.25095	144.69344
1.00584	122.27552
0.76708	99.23488
0.56007	76.86144
0.37338	53.86528
0.26416	31.051488
0.17907	8.375584
0.0508	-14.082368
-0.06223	-36.558112
-0.16002	-59.6032
-0.31496	-81.70976
-0.52451	-104.79488
-0.75692	-127.92448
-0.98933	-150.47584
-1.23698	-173.64992
-1.4859	-196.73504
-1.73609	-219.64224
-1.9812	-242.37152
-2.25044	-264.16672
-2.39141	-272.30656
-2.24409	-248.8656
-2.05486	-226.53664
-1.84023	-204.69696
-1.60909	-182.10112
-1.3589	-158.70464
-1.06299	-133.84032
-0.78867	-110.84416
-0.51181	-86.20224
-0.27051	-62.58336
-0.09652	-39.271392
0.04191	-16.684448
0.10922	5.253088
0.22479	29.032096
0.34544	52.17504
0.48768	75.26016
0.64643	98.65664
0.83312	121.25248
1.03378	143.6704
1.27	165.86592
1.5113	188.1504
1.74625	210.65728
1.97358	232.76384
2.19837	255.22624
2.39649	273.72992
2.25679	251.26752
2.05232	228.49376
1.85547	205.85344
1.63068	183.16864
1.39827	160.39488
1.15189	137.13184
0.90551	114.536
0.64262	89.36032
0.44577	67.43168
0.27305	44.56896
0.17907	21.835232
0.09017	-0.80064
-0.05207	-23.125152
-0.13716	-45.94784
-0.26416	-69.52224
-0.42926	-92.20704
-0.65278	-114.89184
-0.90805	-138.02144
-1.15824	-160.61728
-1.43256	-183.0352
-1.69799	-206.69856
-1.94564	-228.76064
-2.20726	-250.91168
-2.49301	-274.4416
-2.32918	-250.33344
-2.11201	-225.2912
-1.86309	-201.44992
-1.62052	-179.032
-1.34747	-155.59104
-1.07696	-132.68384
-0.81407	-110.66624
-0.53721	-85.93536
-0.28829	-60.9376
-0.08636	-35.859776
0.03048	-13.69984
0.09271	9.18512
0.22225	34.98352
0.35433	59.87008
0.51435	84.7344
0.69215	108.13088
0.89027	130.81568
1.13157	156.1248
1.38557	181.07808
1.63957	206.25376
1.89992	231.87424
2.12598	254.82592
2.34061	277.42176
2.53746	285.07232
2.41554	261.85376
2.21742	238.50176
2.0066	215.5056
1.76911	191.57536
1.5494	168.62368
1.30556	146.29472
1.03505	122.80928
0.77343	100.16896
0.53594	77.08384
0.33909	53.95424
0.22225	31.011456
0.12573	8.74032
0.02159	-13.49968
-0.09906	-36.233408
-0.20701	-58.09088
-0.36957	-81.04256
-0.57404	-104.3056
-0.82169	-127.25728
-1.06807	-149.4528
-1.34112	-172.71584
-1.59639	-194.19968
-1.86055	-216.92896
-2.13233	-239.43584
-2.3876	-261.67584
-2.39522	-262.6544
-2.26441	-240.192
-2.05105	-217.41824
-1.81991	-194.42208
-1.56972	-171.78176
-1.30556	-148.7856
-1.01219	-125.61152
-0.73152	-102.88224
-0.47498	-80.15296
-0.26416	-57.33472
-0.08636	-35.001312
0.03175	-12.6768
0.14986	10.159232
0.25019	33.057536
0.381	56.53408
0.54737	79.66368
0.69977	102.03712
0.90551	124.58848
1.12776	147.27328
1.37668	169.51328
1.62306	191.84224
1.87452	214.1712
2.10185	236.94496
2.3368	259.096
2.55778	281.60288
2.8067	303.97632
3.23977	326.30528
3.65252	327.55072
3.53695	304.2432
3.3147	280.57984
3.08864	258.11744
2.86258	235.92192
2.60985	213.63744
2.3368	191.0416
2.04216	168.5792
1.74879	145.93888
1.42875	123.25408
1.12522	100.7472
0.82677	77.79552
0.57531	55.02176
0.36703	32.110112
0.25527	9.7856
0.11938	-12.641216
-0.00381	-35.299328
-0.1397	-58.13536
-0.31242	-81.176
-0.54483	-104.03872
-0.8001	-126.3232
-1.06807	-149.09696
-1.33731	-171.73728
-1.61036	-194.3776
-1.87706	-217.01792
-2.13868	-239.25792
-2.3876	-262.12064
-2.68986	-284.84992
-3.15595	-307.04544
-3.71475	-319.5888
-3.5941	-294.63552
-3.38328	-271.68384
-3.14198	-248.33184
-2.88544	-225.11328
-2.5654	-198.33632
-2.20726	-171.82624
-1.91262	-151.81024
-1.57353	-129.39232
-1.20142	-104.26112
-0.86741	-81.48736
-0.55753	-57.91296
-0.29972	-35.437216
-0.12065	-12.392128
0.01397	10.145888
0.15621	34.547616
0.3175	57.24576
0.50292	80.24192
0.71247	103.54944
0.97409	127.70208
1.24333	149.27488
1.53162	171.64832
1.85547	194.42208
2.16281	216.79552
2.4638	239.12448
2.74955	261.89824
3.05943	284.18272
3.37058	306.37824
3.56616	319.54432
3.43281	295.3472
3.20294	271.1056
2.96418	247.79808
2.72542	225.64704
2.41681	202.6064
2.1082	179.65472
1.79832	157.32576
1.49479	134.50752
1.17094	111.82272
0.85471	87.04736
0.54737	61.64928
0.30734	37.203072
0.14986	14.504928
0.07493	-6.676448
-0.13081	-30.095168
-0.25654	-52.97568
-0.39751	-76.81696
-0.65024	-99.50176
-1.27762	-145.49408
-1.62687	-169.4688
-1.96723	-193.53248
-2.29362	-217.15136
-2.62255	-240.77024
-2.93243	-263.63296
-3.28168	-285.91744
-3.61188	-305.8
-3.43281	-281.02464
-3.19151	-256.56064
-2.88671	-228.49376
-2.57175	-202.25056
-2.20726	-175.38464
-1.75641	-145.09376
-1.35509	-119.2064
-0.98806	-95.05376
-0.65659	-71.8352
-0.38227	-49.77312
-0.14351	-27.804448
0.0254	-5.902496
0.12319	17.316064
0.26162	39.54272
0.41783	61.8272
0.60706	84.42304
0.83693	107.06336
1.10871	129.48128
1.40335	151.6768
1.72085	174.18368
2.02692	196.6016
2.33807	219.10848
2.63652	241.39296
2.9464	263.67744
3.21183	285.96192
3.51282	308.29088
3.57632	314.20672
3.46202	291.65536
3.24612	267.72512
2.99593	243.88384
2.68732	216.79552
2.37871	193.88832
2.0701	171.15904
1.74879	147.76256
1.41732	124.94432
1.10744	102.57088
0.78867	78.81856
0.50292	55.46656
0.2794	32.110112
0.13589	10.083616
0.01524	-11.916192
-0.14605	-35.285984
-0.26416	-57.11232
-0.46355	-79.44128
-0.73533	-102.0816
-1.04775	-125.30016
-1.36271	-147.54016
-1.7145	-169.82464
-2.03073	-192.06464
-2.37363	-214.52704
-2.68605	-236.856
-3.01117	-259.27392
-3.29184	-281.64736
-3.60299	-301.84128
-3.56743	-278.48928
-3.35534	-254.91488
-3.09753	-231.38496
-2.83591	-208.6112
-2.54127	-184.8144
-2.17551	-159.41632
-1.79324	-134.41856
-1.38684	-109.06496
-0.98298	-84.02272
-0.60452	-58.31328
-0.30988	-35.1392
-0.06096	-11.333504
0.05969	11.128896
0.20574	34.214016
0.37846	56.53408
0.59817	81.26496
0.83185	103.72736
1.11633	127.03488
1.44653	150.87616
1.778	174.22816
2.10439	197.22432
2.43586	220.48736
2.73685	244.28416
3.048	267.94752
3.33375	291.83328
3.63474	314.82944
3.95859	337.33632
4.74472	347.70016
4.64693	324.4816
4.42214	301.66336
4.15798	276.84352
3.91541	254.51456
3.65506	231.87424
3.33883	209.056
3.01625	186.01536
2.66446	163.19712
2.25933	139.75616
1.85293	116.44864
1.45669	93.36352
1.08204	70.7232
0.71882	47.46016
0.42418	24.837632
0.19304	2.686592
-0.0127	-19.673504
-0.18923	-42.273792
-0.38862	-64.89632
-0.68707	-87.89248
-1.03251	-110.7552
-1.40208	-133.70688
-1.74752	-156.65856
-2.10185	-179.6992
-2.4384	-202.29504
-2.76352	-224.97984
-3.08356	-248.55424
-3.40741	-271.41696
-3.75539	-293.87936
-4.28498	-316.16384
-4.76758	-327.3728
-4.7117	-303.62048
-4.46405	-279.20096
-4.15671	-251.40096
-3.80746	-224.22368
-3.4417	-197.7136
-3.05054	-172.44896
-2.65938	-149.2304
-2.2352	-126.14528
-1.79324	-103.77184
-1.36906	-81.57632
-0.9906	-58.84704
-0.635	-36.509184
-0.32385	-14.184672
-0.12573	8.375584
0.08509	31.438464
0.33655	54.39904
0.59055	76.63904
0.91313	99.27936
1.29413	121.25248
1.64846	143.6704
2.00787	165.95488
2.39522	188.77312
2.73304	211.32448
3.10769	234.09824
3.44932	256.6496
3.79984	279.06752
4.13512	301.30752
4.54152	323.68096
4.71678	332.44352
4.572	308.9136
4.32816	285.5616
4.07289	262.92128
3.80873	240.05856
3.50139	216.03936
3.13436	190.24096
2.75082	166.93344
2.35458	143.75936
1.93167	120.40736
1.48844	96.21024
1.0922	73.392
0.70485	48.83904
0.381	26.256544
0.09906	3.918688
-0.13843	-18.107808
-0.33147	-41.29968
-0.52705	-65.11872
-0.83058	-88.38176
-1.21031	-111.15552
-1.60401	-134.19616
-2.00406	-157.0144
-2.39014	-179.9216
-2.77749	-202.56192
-3.16357	-224.89088
-3.53568	-247.44224
-3.91033	-269.86016
-4.32435	-291.96672
-4.74853	-313.45056
-4.57327	-289.60928
-4.32308	-267.05792
-4.05003	-243.88384
-3.72237	-219.19744
-3.38963	-196.02336
-3.03403	-173.2496
-2.64795	-151.0096
-2.2225	-128.14688
-1.78562	-105.4176
-1.35001	-82.11008
-0.95885	-58.4912
-0.59309	-35.285984
-0.26924	-12.267584
-0.05969	10.048032
0.16002	33.079776
0.4064	56.75648
0.84582	93.09664
1.21158	116.93792
1.60274	140.60128
1.99136	163.59744
2.34315	185.61504
2.70891	208.03296
3.08864	230.31744
3.45313	252.69088
3.80238	275.01984
4.1402	297.3488
4.49707	319.72224
4.74599	334.08928
4.65836	311.1376
4.43865	289.07552
4.1783	266.16832
3.91287	243.528
3.61315	220.3984
3.27279	197.09088
2.93624	174.45056
2.55016	151.40992
2.14503	128.63616
1.72847	105.81792
1.29286	83.08864
0.90932	60.22592
0.57023	37.314272
0.27686	14.691744
0.0635	-7.27248
-0.13843	-29.921696
-0.32766	-53.02016
-0.69469	-80.64224
-1.06426	-103.54944
-1.45542	-126.14528
-1.8542	-148.96352
-2.25044	-171.6928
-2.64414	-194.3776
-3.02133	-217.19584
-3.39598	-240.01408
-3.76936	-262.29856
-4.15163	-285.16128
-4.55422	-307.71264
-4.81076	-319.76672
-4.75742	-294.72448
-4.51485	-272.03968
-4.24688	-249.57728
-3.92557	-224.71296
-3.56743	-200.33792
-3.19913	-177.56416
-2.80543	-154.25664
-2.37998	-131.61632
-1.91262	-108.48672
-1.46812	-85.80192
-1.04648	-62.9392
-0.66675	-40.628032
-0.32131	-18.28128
-0.01524	4.132192
0.19304	27.328512
0.42418	50.12896
0.68326	72.7248
0.99949	94.92032
1.39319	117.60512
1.76657	139.8896
2.16535	162.75232
2.54381	185.65952
2.91465	208.12192
3.27914	230.89568
3.64871	253.80288
3.9878	276.2208
4.32816	298.59424
4.67487	320.9232
5.05079	343.29664
5.76072	365.49216
7.17423	376.47872
7.12089	353.52704
6.87197	328.9296
6.59765	304.33216
6.29793	281.1136
5.98551	256.60512
5.60324	230.27296
5.25653	207.67712
4.86537	184.68096
4.43611	161.95168
3.91922	136.73152
3.37439	111.55584
2.86893	88.55968
2.3622	66.14176
1.82245	42.74528
1.25222	19.895904
0.60452	-1.921536
-0.00889	-25.251296
-0.29718	-49.95104
-0.59309	-74.10368
-1.00203	-97.6336
-1.42875	-120.58528
-1.83388	-143.04768
-2.25552	-164.84288
-2.66827	-186.86048
-3.06324	-209.18944
-3.46837	-231.60736
-3.88747	-254.06976
-4.2926	-276.62112
-4.70408	-298.77216
-5.22224	-321.1456
-6.03123	-343.47456
-7.16788	-356.952
-7.0866	-331.42048
-6.79069	-304.99936
-6.49859	-282.27008
-6.14426	-256.78304
-5.73151	-230.00608
-5.32384	-206.29824
-4.8768	-181.96768
-4.40436	-158.52672
-3.85445	-133.84032
-3.29565	-110.62176
-2.73558	-87.26976
-2.23774	-65.29664
-1.68148	-42.83424
-1.11252	-20.634272
-0.5207	1.716928
-0.22606	24.490688
0.26416	47.5936
0.70993	69.87808
1.17348	93.1856
1.62687	116.27072
2.10058	139.75616
2.56921	162.97472
3.01371	185.4816
3.45186	207.81056
3.90398	231.20704
4.36499	253.9808
4.826	276.53216
5.31368	298.86112
5.83819	321.10112
6.41731	343.1632
7.14883	361.6224
6.9977	338.22592
6.72846	314.78496
6.45414	291.52192
6.14045	267.59168
5.81533	243.39456
5.45973	220.6208
5.08635	197.58016
4.69265	175.56256
4.2418	153.10016
3.77317	130.50432
3.2385	107.33024
2.6797	83.93376
2.13614	60.75968
1.58877	37.71904
0.99822	15.336704
0.23114	-6.912192
-0.33147	-36.571456
-0.67818	-58.89152
-1.09982	-82.11008
-1.53035	-104.528
-2.01803	-127.47968
-2.5019	-150.43136
-2.96545	-172.98272
-3.429	-195.712
-3.92049	-218.48576
-4.4196	-241.39296
-4.9276	-264.03328
-5.47751	-286.98496
-6.0198	-309.75872
-6.65099	-331.99872
-7.14883	-342.0512
-6.95833	-317.45376
-6.65099	-292.76736
-6.32841	-269.59328
-5.969	-245.92992
-5.588	-222.93376
-5.20065	-200.96064
-4.7371	-177.38624
-4.24688	-154.74592
-3.73888	-132.5504
-3.18897	-109.8656
-2.62255	-86.86944
-2.10058	-64.76288
-1.58623	-42.184832
-1.06934	-19.74912
-0.50927	2.361888
-0.07874	25.08672
0.53848	54.79936
1.00203	77.35072
1.46177	100.08
1.93167	122.36448
2.39903	144.87136
2.8575	167.2448
3.29946	189.79616
3.77063	212.08064
4.20624	234.45408
4.67106	256.73856
5.13207	279.02304
5.62229	301.39648
6.1468	323.68096
6.81863	345.96544
7.13994	355.79552
6.99008	333.1552
6.73862	310.64832
6.4516	287.42976
6.16331	264.25568
5.84073	241.17056
5.49275	218.35232
5.09778	195.00032
4.67106	171.73728
4.21132	149.008
3.71602	126.14528
3.17627	103.54944
2.64922	80.90912
2.09931	58.44672
1.55194	35.793056
0.94742	13.259488
0.14605	-9.091712
-0.35179	-31.82544
-0.71882	-55.73344
-1.12649	-79.04096
-1.5494	-101.90368
-2.03581	-124.36608
-2.54381	-147.54016
-3.02006	-170.31392
-3.49758	-192.95424
-4.00304	-216.1728
-4.51612	-239.48032
-5.07238	-261.89824
-5.62991	-284.36064
-6.20776	-306.6896
-6.84911	-329.01856
-7.14629	-338.22592
-7.00532	-314.4736
-6.71195	-289.87616
-6.37794	-266.03488
-6.02996	-242.50496
-5.63626	-219.15296
-5.21081	-196.02336
-4.75615	-173.73888
-4.27736	-151.18752
-3.76047	-128.63616
-3.21818	-105.68448
-2.68859	-83.44448
-2.14503	-60.58176
-1.6129	-37.790208
-1.07696	-15.216608
-0.47244	7.281376
-0.03048	30.60224
0.45466	53.46496
0.92456	75.74944
1.40081	98.16736
1.89103	121.6528
2.38379	144.7824
2.86639	167.82304
3.33248	190.50784
3.78333	213.45952
4.26212	236.4112
4.72821	259.14048
5.22986	282.18112
5.71246	304.82144
6.23443	327.41728
6.78688	350.14656
7.47776	372.9648
9.56818	384.48512
9.50468	362.11168
9.24433	339.42688
8.95477	315.89696
8.65759	293.47904
8.33374	270.61632
7.98322	247.35328
7.59079	224.31264
7.17423	201.89472
6.72084	178.8096
6.21411	155.76896
5.66293	132.9952
5.08381	110.5328
4.49326	88.20384
3.8608	65.65248
3.15849	43.23456
2.39649	20.829984
1.39192	-1.619072
0.13081	-24.183776
-0.45339	-47.19328
-0.99568	-69.47776
-1.4986	-92.38496
-1.99517	-115.24768
-2.51333	-138.19936
-2.99085	-161.19552
-3.47472	-183.96928
-4.00685	-206.65408
-4.52755	-228.93856
-5.07873	-251.9792
-5.62864	-274.93088
-6.21411	-297.21536
-6.82498	-319.45536
-7.52856	-342.0512
-9.27989	-364.2912
-9.67613	-363.00128
-9.62279	-340.67232
-9.34847	-317.76512
-9.04875	-295.21376
-8.68172	-271.41696
-8.29183	-247.62016
-7.88035	-224.75744
-7.43839	-202.47296
-6.94182	-179.2544
-6.41223	-156.52512
-5.80771	-133.39552
-5.16763	-111.06656
-4.51739	-88.2928
-3.87096	-65.34112
-3.18389	-42.669664
-2.43459	-20.011552
-1.36906	2.31296
-0.70104	25.037792
0.02794	47.3712
0.69342	70.45632
1.29667	93.8528
1.82626	116.40416
2.36474	139.04448
2.91719	162.1296
3.46837	185.17024
3.99288	207.54368
4.57962	230.31744
5.16382	253.00224
5.72262	275.73152
6.32206	298.2384
6.99262	320.65632
7.74573	342.98528
8.57758	365.44768
9.6012	376.3008
9.43102	353.66048
9.15924	330.97568
8.85698	308.024
8.53694	284.53856
8.18134	261.14208
7.80034	238.27936
7.39902	215.2832
6.95706	192.46496
6.46557	169.73568
5.95376	147.13984
5.40639	124.81088
4.80695	102.17056
4.18719	79.8416
3.50393	57.02336
2.80289	34.685504
1.96342	12.401024
0.54991	-10.012448
-0.36703	-32.42592
-1.01727	-55.24416
-1.6002	-77.6176
-2.17297	-100.12448
-2.72542	-123.07616
-3.25628	-145.53856
-3.80365	-168.3568
-4.37261	-191.13056
-4.97332	-213.59296
-5.57911	-236.50016
-6.22935	-259.096
-6.90753	-281.60288
-7.62254	-304.15424
-8.39851	-326.61664
-9.54532	-347.12192
-9.33069	-323.3696
-9.01065	-299.52832
-8.66394	-276.08736
-8.29818	-253.536
-7.88035	-229.91712
-7.43204	-206.92096
-6.93293	-183.52448
-6.38429	-160.17248
-5.77469	-136.3312
-5.10794	-112.89024
-4.45135	-89.89408
-3.77698	-66.14176
-3.11912	-43.416928
-2.36982	-19.846976
-1.32207	2.651008
-0.58928	25.745024
0.51435	60.80416
1.11125	83.35552
1.69926	106.92992
2.23266	129.4368
2.79146	152.21056
3.34391	175.0288
3.8735	197.4912
4.43357	220.176
5.00761	243.03872
5.58292	265.768
6.17855	288.05248
6.8453	310.95968
7.59587	333.6
8.40486	355.97344
9.3218	378.56928
9.56437	373.98784
9.48055	351.74784
9.2202	328.88512
8.91159	304.95488
8.58647	281.51392
8.24611	258.91808
7.86638	236.50016
7.47522	213.9488
7.0358	191.44192
6.56336	168.3568
6.0325	145.31616
5.45592	123.03168
4.84251	99.94656
4.18338	77.08384
3.4925	54.44352
2.73939	32.034496
1.90754	9.723328
0.43307	-12.627872
-0.49657	-35.237056
-1.13538	-58.4912
-1.72593	-81.176
-2.27203	-103.6384
-2.83337	-126.41216
-3.3782	-148.69664
-3.94335	-171.248
-4.52374	-194.19968
-5.12699	-217.01792
-5.7658	-240.05856
-6.41604	-262.83232
-7.09422	-285.5616
-7.7978	-308.06848
-8.60679	-330.7088
-9.55929	-347.43328
-9.41705	-325.1488
-9.13892	-302.73088
-8.80745	-279.60128
-8.43915	-256.38272
-8.04672	-234.00928
-7.61746	-211.23552
-7.12978	-188.19488
-6.60273	-165.86592
-6.02488	-143.58144
-5.36194	-120.67424
-4.66725	-97.98944
-3.99161	-75.48256
-3.29946	-52.97568
-2.68224	-30.108512
-1.8796	-7.810688
-0.94234	15.003104
-0.09017	37.54112
0.59436	60.2704
1.21666	82.9552
1.78054	105.23968
2.32918	127.70208
2.88036	150.38688
3.47599	173.38304
4.0386	196.11232
4.59613	218.75264
5.19557	241.5264
5.78358	264.2112
6.40715	286.98496
7.09041	309.66976
7.82955	332.08768
8.67156	354.59456
9.59485	377.1904
11.52652	399.51936
14.1224	396.7616
14.0335	374.5216
13.7668	350.36896
13.4493	326.7056
13.1064	303.62048
12.7635	279.60128
12.36599	255.0928
11.95959	232.23008
11.52652	209.45632
11.04773	186.99392
10.47496	162.66336
9.83869	138.3328
9.12622	114.71392
8.35406	90.91712
7.51205	67.6096
6.54812	44.7024
5.3848	21.163584
3.75031	-0.560448
1.48336	-23.498784
0.00635	-46.12576
-1.17729	-68.67712
-2.06248	-91.53984
-2.78511	-115.47008
-3.40868	-139.35584
-4.00558	-163.19712
-4.56311	-186.63808
-5.15112	-209.99008
-5.77342	-232.80832
-6.49224	-256.47168
-7.25043	-279.86816
-8.04926	-303.1312
-8.94588	-326.30528
-9.98347	-349.03456
-11.80846	-371.27456
-15.0241	-392.93632
-18.034	-386.35328
-17.9832	-364.0688
-17.6276	-339.96064
-17.2593	-315.94144
-16.8783	-292.9008
-16.4465	-269.45984
-15.9893	-246.68608
-15.4432	-222.57792
-14.8463	-198.46976
-14.2113	-175.20672
-13.5509	-151.8992
-12.8651	-129.52576
-12.06881	-107.10784
-11.18997	-84.7344
-10.12698	-61.42688
-8.9154	-38.89776
-7.41807	-16.137344
-4.9657	6.636416
-3.37185	29.321216
-1.53416	52.0416
-0.16637	75.26016
0.82423	97.72256
1.65608	120.71872
2.40665	143.13664
3.12674	165.37664
4.37642	203.80736
5.14604	226.89248
5.94868	249.93312
6.83895	273.24064
7.80161	295.61408
8.90905	318.20992
10.13079	341.20608
11.43381	363.57952
14.1097	385.81952
14.1605	384.5296
14.0716	361.97824
13.7541	336.98048
13.4112	312.96128
13.081	290.232
12.69619	266.12384
12.28979	243.70592
11.83259	220.35392
11.34999	197.31328
10.82294	174.40608
10.28192	151.4544
9.65581	128.14688
8.93318	105.1952
8.13689	82.33248
7.24281	59.46976
6.223	36.82944
5.00507	14.202464
2.91465	-8.304416
0.54737	-30.55776
-1.25476	-55.46656
-2.55016	-78.19584
-3.39598	-100.92512
-4.04749	-123.60992
-4.66979	-146.07232
-5.38988	-168.93504
-6.16585	-191.4864
-7.01167	-214.21568
-7.92861	-236.90048
-8.90778	-259.3184
-9.95426	-281.91424
-11.24077	-304.55456
-12.65936	-327.23936
-14.2875	-343.74144
-14.1097	-320.0336
-13.7414	-296.0144
-13.335	-272.39552
-12.8905	-248.24288
-12.38758	-223.82336
-11.85799	-201.44992
-11.24331	-177.78656
-10.59815	-155.41312
-9.86155	-132.95072
-9.05383	-110.22144
-8.2296	-87.53664
-7.42442	-64.76288
-6.50367	-41.775616
-5.38099	-19.001856
-3.7846	3.336
-2.21361	25.758368
-0.69215	48.12736
0.45339	70.58976
1.3589	92.9632
2.11709	115.8704
2.86385	138.68864
3.6068	161.86272
4.34848	184.54752
5.07492	206.832
5.87121	229.87264
6.71703	252.91328
7.6073	275.42016
8.62203	298.2384
9.75868	320.96768
10.98931	343.47456
12.32789	366.11488
14.1478	379.68128
14.0335	357.35232
13.7668	333.28864
13.4366	309.66976
13.081	285.3392
12.69619	262.38752
12.28979	239.61376
11.81989	216.03936
11.33983	193.2656
10.8077	169.51328
10.22731	145.8944
9.56056	122.94272
8.81126	99.4128
8.01116	76.9504
7.09168	54.0432
6.02742	31.474048
4.70154	8.76256
2.31902	-13.575296
0.1651	-35.886464
-1.45542	-58.84704
-2.63525	-81.6208
-3.40487	-104.21664
-4.03098	-127.03488
-4.66852	-149.58624
-5.40766	-172.71584
-6.19506	-195.35616
-7.08025	-218.35232
-7.97941	-240.72576
-8.99541	-263.27712
-10.05078	-285.784
-11.3665	-308.33536
-13.1191	-330.75328
-14.2113	-343.29664
-14.0843	-320.9232
-13.7033	-296.72608
-13.3096	-273.50752
-12.8524	-247.7536
-12.34694	-223.24512
-11.81354	-200.16
-11.20394	-176.808
-10.54354	-154.30112
-9.78916	-131.03808
-8.94207	-107.864
-8.07339	-85.09024
-7.16026	-62.36096
-6.18617	-39.9208
-4.9784	-17.631872
-3.59537	4.955072
-1.94056	27.26624
-0.42418	49.5952
0.31877	47.86048
0.65532	70.2784
1.31064	92.5184
1.98628	114.84736
2.7178	137.39872
3.49758	159.77216
4.24053	182.23456
5.13334	204.78592
5.97408	227.33728
6.87705	249.66624
7.7978	272.2176
8.84936	294.54656
9.9568	316.78656
11.22172	339.11552
12.67079	361.4
14.5796	383.81792
17.7546	399.29696
19.0881	396.67264
19.0754	374.43264
18.8468	351.92576
18.5039	329.5968
18.1864	307.17888
17.8054	284.76096
17.4244	262.47648
16.9799	240.14752
16.51	217.86304
16.002	195.53408
15.4432	173.2496
14.859	150.83168
14.1732	128.1024
13.3223	105.59552
12.42949	82.9552
11.41476	60.67072
10.21588	38.11936
8.71728	15.72368
6.13283	-6.525216
3.38455	-28.912
0.98679	-51.50784
-0.98171	-74.10368
-2.50825	-96.38816
-3.51282	-118.85056
-4.28879	-141.40192
-5.04698	-163.81984
-5.84454	-186.10432
-6.71195	-208.52224
-7.64032	-231.02912
-8.66775	-253.66944
-9.76757	-276.13184
-11.03884	-298.63872
-12.50061	-321.05664
-14.1605	-343.29664
-16.1417	-365.53664
-19.1516	-378.79168
-19.0373	-356.5072
-18.7325	-333.51104
-18.3642	-310.55936
-17.9578	-287.96352
-17.4879	-264.56704
-16.9672	-241.70432
-16.4338	-218.57472
-15.8369	-195.9344
-15.2273	-172.62688
-14.5161	-149.6752
-13.7287	-126.85696
-12.8524	-104.03872
-11.88974	-81.13152
-10.79881	-58.66912
-9.46912	-35.997664
-7.88289	-13.748768
-5.27431	8.76256
-2.64541	31.011456
-0.29591	56.0448
1.16078	79.21888
2.24663	101.81472
3.18897	124.81088
4.02209	147.18432
4.88569	169.60224
5.75437	191.88672
6.65988	214.43808
7.61365	237.0784
8.70331	259.94112
9.96442	282.27008
11.34618	304.9104
12.8016	327.32832
14.5161	349.47936
16.637	371.94176
19.1008	383.06176
18.9865	360.5104
18.6563	336.0464
18.288	311.84928
17.8689	285.73952
17.4117	260.03008
16.9545	235.56608
16.4846	213.54848
15.9385	190.19648
15.3416	167.73408
14.6685	144.96032
13.9065	122.67584
13.0556	100.03552
12.13739	78.10688
11.09853	55.77792
9.89203	33.40448
8.45439	10.706336
5.70357	-11.52032
2.88925	-33.8048
0.49022	-56.44512
-1.54051	-78.7296
-3.02768	-101.59232
-4.0386	-124.36608
-4.90347	-146.73952
-5.75564	-169.64672
-6.64083	-191.9312
-7.60095	-215.19424
-8.66521	-238.05696
-9.80059	-260.4304
-11.03249	-282.71488
-12.53998	-305.39968
-14.1986	-327.77312
-16.002	-349.92416
-18.1864	-372.43104
-19.2405	-372.78688
-19.0119	-347.34432
-18.6309	-324.43712
-18.1864	-299.30592
-17.6784	-272.17312
-17.1831	-248.91008
-16.637	-225.15776
-16.0528	-201.85024
-15.367	-177.51968
-14.6177	-153.58944
-13.843	-131.39392
-13.0175	-109.24288
-12.07135	-86.46912
-10.97534	-63.73984
-9.8679	-41.29968
-8.5217	-18.841728
-5.85343	3.807488
-3.36931	26.207616
-0.89281	48.928
0.762	71.21248
1.95199	93.71936
2.98069	116.76
3.89763	140.20096
4.77774	163.10816
5.70611	186.23776
6.6802	210.03456
7.71271	234.09824
9.1059	256.60512
10.27557	279.15648
11.57224	301.5744
13.1064	323.76992
14.8971	346.18784
16.9418	368.87264
19.1897	377.10144
19.0881	354.81696
18.7833	331.50944
18.4404	307.93504
18.0594	285.25024
17.6911	263.27712
17.2212	240.23648
16.764	217.19584
16.256	194.28864
15.6845	171.248
15.0368	147.98496
14.3383	125.16672
13.5128	102.17056
12.55649	78.90752
11.45032	54.97728
10.20826	32.568256
8.65124	10.20816
5.79755	-12.067424
2.95402	-34.543168
0.46101	-57.1568
-1.56591	-79.8416
-3.10007	-103.37152
-4.14147	-125.38912
-5.00634	-148.25184
-5.88391	-171.64832
-6.80974	-194.77792
-7.75335	-217.2848
-8.84682	-241.03712
-10.04697	-263.85536
-11.42873	-286.76256
-13.0048	-309.62528
-14.7574	-332.13216
-16.6624	-354.63904
-19.0373	-376.56768
-20.0279	-372.69792
-19.9644	-350.36896
-19.5834	-327.3728
-19.1643	-303.7984
-18.7452	-281.20256
-18.2372	-257.89504
-17.6911	-234.32064
-17.145	-211.9472
-16.4973	-188.50624
-15.8496	-166.08832
-15.0749	-143.09216
-14.1732	-120.22944
-13.2334	-97.67808
-12.31265	-75.03776
-11.23061	-52.79776
-9.85012	-30.731232
-8.03656	-8.442304
-5.32384	14.091264
-2.26695	36.282336
-0.04318	58.7136
1.36398	81.53184
2.4892	103.99424
3.50393	127.2128
4.3942	149.76416
5.31749	172.22656
6.29793	194.73344
7.38759	217.0624
8.39216	239.3024
9.61644	261.58688
11.0236	284.04928
12.59459	306.55616
14.3256	328.97408
16.256	351.43648
18.6436	373.76544
21.844	394.76
23.8887	391.37952
23.8125	368.7392
23.5077	346.09888
23.1521	322.30208
22.7711	298.63872
22.352	274.97536
21.9202	252.91328
21.4249	229.42784
20.8915	205.89792
20.3327	183.83584
19.7104	161.24
18.9738	137.71008
18.1737	115.82592
17.2085	92.5184
16.1417	69.87808
14.8717	46.83744
13.3604	24.103712
11.3411	1.988256
8.16102	-18.677152
4.96443	-40.76592
2.08915	-63.1616
-0.3683	-85.66848
-2.16154	-108.7536
-3.63982	-131.57184
-4.93522	-155.0128
-6.04266	-177.4752
-7.11327	-200.16
-8.19023	-222.44448
-9.39927	-245.48512
-10.74801	-268.4368
-12.24915	-291.21056
-14.0208	-313.8064
-15.9639	-336.2688
-18.3388	-358.64224
-21.5265	-380.5264
-23.7871	-384.88544
-23.7871	-374.12128
-23.5077	-350.45792
-23.0759	-325.1488
-22.5298	-295.5696
-21.9456	-266.88
-21.3487	-240.72576
-20.7645	-218.30784
-20.1168	-194.64448
-19.4056	-171.29248
-18.6436	-149.49728
-17.7292	-126.27872
-16.637	-102.65984
-15.4051	-79.66368
-14.0716	-57.1568
-12.20216	-31.367296
-10.26287	-8.74032
-7.43712	13.85552
-4.20497	34.262944
-1.44653	56.4896
0.63754	79.44128
2.25044	103.14912
3.4925	125.70048
4.59613	148.91904
5.62483	171.29248
6.73354	194.6
7.88543	217.55168
9.11987	240.32544
10.52068	263.01024
12.18819	285.51712
14.0208	307.66816
16.5481	330.0416
19.1008	352.45952
22.3012	369.27296
24.3205	359.88768
24.7904	337.69216
24.511	314.96288
24.1554	291.61088
23.7744	268.48128
23.3045	244.90688
22.7965	222.31104
22.2123	198.91456
21.6027	175.9184
20.9169	153.0112
20.1549	129.92608
19.2786	107.24128
18.3134	84.7344
17.3101	61.73824
16.0528	38.74208
14.5161	16.608832
11.73099	-5.653408
8.50011	-26.149792
5.6642	-48.66112
3.30835	-71.47936
1.56083	-94.03072
0.2286	-117.2048
-0.85471	-139.8896
-1.94945	-162.70784
-3.06832	-185.12576
-4.27101	-207.944
-5.55498	-230.89568
-6.88721	-253.71392
-8.28675	-275.86496
-10.00506	-298.14944
-11.96467	-320.87872
-13.97	-343.1632
-16.383	-365.53664
-19.2405	-387.6432
-22.4409	-404.27872
-24.003	-400.89824
-23.9522	-378.56928
-23.495	-351.43648
-23.0632	-328.21792
-22.5806	-304.42112
-22.0472	-278.80064
-21.4503	-253.93632
-20.7772	-228.4048
-20.066	-203.496
-19.3167	-180.27744
-18.4531	-157.05888
-17.4498	-134.552
-16.3068	-112.00064
-15.0241	-90.11648
-13.5255	-67.6096
-11.81735	-45.3696
-10.0584	-22.253344
-6.87578	-0.240192
-3.64236	17.70304
-0.36195	37.189728
2.53619	59.95904
4.48183	82.37696
5.98297	104.79488
7.23138	127.52416
8.41629	150.52032
9.61898	173.29408
10.90041	196.55712
12.27709	219.37536
13.8176	242.50496
15.6083	265.1008
18.8087	283.60448
21.971	262.12064
23.3426	240.23648
23.3299	240.28096
23.0251	218.08544
22.5933	195.17824
22.0599	172.67136
21.4503	150.12
20.7518	127.52416
19.939	104.9728
19.0881	82.15456
18.161	59.46976
17.1704	37.078528
16.0401	14.665056
13.8557	-7.908544
11.48461	-30.44656
9.61263	-53.06464
8.00227	-75.57152
6.64083	-98.5232
5.46227	-121.34144
4.32562	-143.58144
3.17754	-166.04384
1.91897	-188.77312
0.62865	-211.10208
-0.87503	-233.38656
-2.45491	-255.67104
-4.26847	-278.08896
-6.37413	-300.37344
-8.76554	-322.61344
-11.33475	-344.9424
-14.4145	-367.36032
-17.5895	-386.88704
-20.7645	-402.18816
-23.9522	-412.1072
-24.0665	-410.23904
-24.1427	-388.088
-23.8125	-363.71296
-23.3426	-337.95904
-22.8219	-311.89376
-22.2885	-287.51872
-21.6662	-261.40896
-21.0693	-238.8576
-20.3962	-215.99488
-19.6977	-193.53248
-18.8849	-170.18048
-17.9705	-148.16288
-16.8021	-125.07776
-15.5194	-102.83776
-13.9319	-80.7312
-12.19327	-58.2688
-9.99871	-35.837536
-6.87578	-13.686496
-3.69062	2.575392
-0.49657	16.270784
2.68732	35.646272
5.85724	55.55552
8.11276	77.79552
9.86917	100.08
11.33983	122.36448
13.0175	144.7824
15.0749	167.28928
17.1831	189.57376
19.0754	211.81376
22.2758	227.42624
24.2697	205.09728
24.3205	198.06944
24.13	175.20672
23.622	152.5664
22.987	130.104
22.2123	107.50816
21.3741	84.91232
20.3962	62.36096
19.4183	39.32032
18.3769	17.267136
17.1069	-4.794944
14.9479	-27.630976
13.0175	-49.86208
11.47572	-72.14656
10.09142	-94.47552
8.7122	-116.9824
7.27964	-139.40032
5.8293	-161.6848
4.36372	-184.32512
2.7051	-206.832
0.80137	-229.2944
-1.18745	-251.66784
-3.29819	-273.95232
-5.84581	-296.32576
-8.57758	-318.65472
-11.58367	-341.1616
-14.7066	-363.35712
-17.8943	-382.61696
-21.082	-399.47488
-24.257	-411.75136
-27.4574	-418.37888
-28.8036	-405.6576
-28.956	-383.32864
-28.5623	-359.6208
-28.067	-333.77792
-27.5463	-309.31392
-26.9748	-284.62752
-26.3525	-260.16352
-25.6794	-236.4112
-24.9682	-213.9488
-24.1935	-191.39744
-23.2918	-168.84608
-22.225	-146.51712
-20.8534	-123.52096
-19.2532	-100.88064
-17.399	-78.41824
-14.8717	-56.08928
-11.69543	-37.00736
-8.45058	-17.983264
-5.25145	-11.333504
-2.03454	-5.008448
1.1049	3.073568
4.33705	15.710336
7.56031	31.812096
10.7569	50.2624
13.6779	72.54688
15.6591	94.83136
17.4752	117.4272
20.1295	121.03008
19.6977	98.65664
19.1262	75.88288
18.4404	53.55392
17.6276	31.00256
16.6878	8.42896
15.5067	-14.135744
13.589	-36.5848
11.87069	-59.46976
10.40511	-81.79872
8.90778	-104.17216
7.25932	-126.72352
5.51053	-148.96352
3.67919	-171.07008
1.39446	-193.53248
-1.77165	-215.77248
-4.95046	-234.89888
-8.11276	-254.51456
-11.30681	-274.39712
-14.5161	-295.48064
-17.6911	-317.09792
-20.8915	-338.53728
-24.0665	-360.11008
-27.2542	-375.72256
-30.1625	-375.23328
-30.2641	-352.2816
-29.7688	-327.1504
-29.2862	-303.30912
-28.6766	-276.93248
-28.0035	-250.8672
-27.2669	-225.38016
-26.5176	-201.36096
-25.654	-177.43072
-24.6253	-153.81184
-23.368	-131.39392
-21.7678	-108.7536
-19.6342	-86.20224
-17.1577	-64.09568
-13.8811	-41.38864
-10.65657	-32.434816
-7.51078	-30.508832
-4.31038	-33.15984
-1.12649	-24.094816
2.04597	-13.050432
5.22351	4.216704
8.18515	20.963424
7.8486	-1.472288
6.76783	-23.81904
5.40512	-46.52608
4.17195	-68.98848
2.99212	-91.13952
1.6637	-113.69088
0.18288	-136.3312
-1.65989	-159.06048
-4.85648	-177.34176
-8.04926	-195.84544
-11.26363	-214.97184
-14.478	-235.25472
-17.653	-257.80608
-20.4978	-280.224
-23.2918	-302.6864
-25.9334	-324.9264
-28.6131	-347.3888
-31.5468	-369.71776
-32.5628	-368.60576
-32.5247	-346.45472
-32.131	-321.90176
-31.6357	-298.50528
-31.1531	-276.04288
-30.5562	-253.04672
-29.9212	-230.71776
-29.2354	-208.21088
-28.448	-185.74848
-27.5463	-163.15264
-26.4287	-140.73472
-24.9301	-118.40576
-23.2791	-95.89888
-21.2217	-73.56992
-18.0721	-51.24096
-14.8844	-43.283488
-11.65225	-38.648672
-8.46709	-35.152544
-5.26669	-33.306624
-2.08153	-25.424768
-0.47625	-24.33056
-0.47498	-25.189024
-1.10109	-2.853392
