74386
54703
22673
1.8085e+05
77350
2.1882e+05
2.0413e+05
1.3689e+05
1.0178e+05
75812
1.398e+05
2.3265e+05
31159
31876
1.2108e+05
2.0786e+05
1.8246e+05
42760
44793
40309
35214
20510
18949
52013
58278
38425
37227
18438
16241
21554
25772
1.6411e+05
73947
62571
52748
73462
34009
3.7821e+05
2.7287e+05
1.926e+05
44339
37631
6781.8
75845
54012
61444
61449
58628
1.5829e+05
32222
1.0954e+05
1.6304e+05
53525
79545
45560
81660
56400
35685
1.2473e+05
32767
19924
37858
58115
97761
18695
43932
17269
61643
18882
37440
1.6724e+05
3.4463e+05
8072.3
1001
616.78
3514.8
6012.2
944.35
3039.6
5489.3
6792.6
7239.2
16014
4042.2
1067.8
7182.8
4553
17959
21541
6410.8
8517.2
4049.7
6921.3
23419
5996.2
8638.1
1438.2
3074.3
5092.1
5003.6
5311.9
37962
44020
43292
17337
33209
33332
14691
33345
30534
42828
3.0115e+05
91200
1.0641e+05
52170
2519.8
2.6169e+05
30791
86816
1.3772e+05
72549
1.4322e+07
4112.8
4079.7
6353.6
17027
19229
14048
15561
17133
22998
16927
12336
23152
63326
59141
81170
68591
34237
44440
36016
41504
94093
92885
1.2485e+05
89715
97009
73308
73872
56871
2.4978e+05
2.3179e+05
2.4036e+05
2.2813e+05
1.0767e+05
37892
1497
7714.3
62243
20309
3.8161e+05
3.2454e+05
1.3553e+06
13081
14929
27461
23778
18140
29583
63188
4358.1
4423.6
5400.4
33374
33427
33374
2.9764e+05
3.5306e+05
1.2069e+05
1.0824e+05
4.6632e+05
2.1401e+05
7.1569e+05
63901
83904
80578
79241
1.6147e+05
1.2585e+05
82616
56555
58089
54063
66318
4.9418e+05
2.1982e+06
9.213e+05
1.8021e+05
4.4367e+05
7.0866e+05
6.3577e+05
1.0465e+06
89421
13932
84576
17397
42889
25232
33421
33213
25164
24853
39685
39339
22505
22453
20234
19838
16047
16245
8165.6
7759.2
16408
20128
21359
13101
84685
12885
3.4322e+05
4.6151e+05
4.6996e+05
4.7464e+05
5.1677e+05
4.7547e+05
4.7209e+05
5.2478e+05
5.9847e+05
44959
43462
38384
44679
45599
52331
63425
56277
29424
12557
57143
57088
48700
19287
1.0646e+05
2023.2
7137.4
79801
1.0233e+05
1.0523e+05
96429
21624
20182
8155.2
9568.7
4445
34013
82582
1.2284e+05
6266.1
4140.3
37540
29410
36591
32704
2.0975e+05
51375
1.6709e+05
1.3583e+05
1.6647e+05
53640
3.9701e+05
1.6118e+05
2.7919e+05
1.702e+05
3.2553e+05
3.2106e+05
3.3138e+05
3.2207e+05
3.599e+05
1.4744e+05
1.0575e+05
90561
44966
41000
1.3578e+05
71909
1.2248e+05
1.0165e+05
1.1384e+05
3.9654e+05
4.1772e+05
4.3645e+05
17605
32834
12658
47418
7430.3
7756.6
6901.9
55717
22953
18681
1.0461e+07
82424
37946
77719
19411
85866
17689
24804
14662
5.067e+05
4.6139e+05
2.1655e+05
3.6414e+05
1.6753e+05
1.511e+05
66583
59705
5.0228e+05
5.6479e+05
9.2059e+05
4554.6
20365
48872
64668
45781
1.1627e+05
1.1446e+05
74319
1.0945e+05
1.4669e+05
2.7221e+05
2.5873e+05
1.8446e+05
2.8932e+05
10009
22674
5514.8
12183
16463
8075.4
15652
14277
22195
23727
19470
8403.3
8466
9276.1
2.406e+05
32227
2.7367e+05
9.0539e+05
2.5267e+05
1.3344e+06
46888
34032
87287
37904
25891
23675
1.26e+05
2.6578e+05
2.8209e+05
4.6561e+05
4.7527e+05
2.2369e+05
21397
1.3766e+05
9117.1
8846.9
12854
17081
27767
31354
32975
36157
32751
32427
43802
48058
13591
16745
1.0631e+05
1.0828e+05
73180
35830
1.5588e+05
1.425e+05
84585
87668
1.1519e+05
93104
460.81
810.43
1138.1
3256.8
217.76
1082.5
3072.9
4850.7
1658
1468.4
2834
273.01
