Galeota 1996 Specimen BB2	
3011	
0	1.368495
0.04	2.47212
0.09	4.127557
0.15	5.341545
0.17	6.489315
0.22	7.615015
0.28	9.00558
0.36	10.48444
0.41	11.7205
0.44	12.97863
0.48	14.17054
0.54	15.29624
0.58	16.55437
0.63	17.68007
0.7	18.87199
0.71	19.97561
0.77	21.12338
0.82	22.35944
0.87	23.48514
0.92	25.00814
0.97	26.2442
1.03	27.63477
1.08	28.82668
1.13	29.97445
1.18	31.12222
1.22	32.31414
1.27	33.46191
1.32	34.65382
1.37	36.00025
1.42	37.30252
1.49	38.86967
1.56	40.4589
1.61	41.56252
1.67	43.17381
1.74	44.82925
1.78	45.95494
1.86	47.61038
1.93	49.28789
2.01	50.94335
2.07	52.13525
2.13	53.26095
2.16	54.36455
2.21	55.60065
2.26	56.70425
2.32	57.9403
2.36	59.0881
2.43	60.30205
2.49	61.494
2.57	62.73005
2.61	63.8778
2.66	65.0035
2.71	66.2175
2.79	67.4094
2.86	68.5572
2.9	69.79325
2.97	70.89685
3.02	72.13295
3.09	73.2807
3.17	74.4947
3.23	75.6866
3.29	76.8123
3.36	78.0263
3.41	79.17405
3.52	80.8295
3.6	82.0214
3.66	83.12505
3.76	84.6922
3.82	85.83995
3.94	87.4071
4.01	88.51075
4.12	90.03375
4.22	91.62295
4.32	93.14595
4.42	94.6248
4.53	96.1478
4.65	97.64875
4.74	99.0393
4.85	100.5182
4.97	101.9088
5.08	103.2773
5.19	104.6898
5.31	106.0363
5.41	107.3827
5.52	108.685
5.63	109.9211
5.74	111.1792
5.86	112.4373
5.99	113.6071
6.09	114.799
6.23	115.991
6.32	117.1387
6.44	118.2866
6.54	119.4122
6.66	120.5158
6.82	121.8844
6.98	123.2529
7.14	124.5993
7.3	125.8794
7.47	127.1817
7.62	128.4619
7.78	129.7642
7.94	131.1548
8.09	132.3688
8.26	133.6048
8.41	134.863
8.56	136.1431
8.73	137.3571
8.89	138.6595
9.04	140.0058
9.19	141.1537
9.35	142.4339
9.52	143.692
9.67	144.9722
9.82	146.2083
10	147.4884
10.12	148.7908
10.28	150.1151
10.44	151.3512
10.59	152.6093
10.73	153.8895
10.88	155.1918
11.03	156.4057
11.18	157.5977
11.34	158.8116
11.49	160.0036
11.62	161.2838
11.78	162.5419
11.91	163.7117
12.06	164.9257
12.41	166.2722
12.54	167.4199
12.71	168.656
12.84	169.8258
12.98	170.9957
13.12	172.2097
13.26	173.3353
13.43	174.5935
13.59	175.7633
13.75	177.0656
13.86	178.1692
14.05	179.5377
14.2	180.8179
14.37	181.9877
14.53	183.2238
14.71	184.4599
14.87	183.3342
14.9	182.2085
15.05	183.3121
15.22	184.7689
15.36	186.2478
15.5	187.4838
15.63	188.6758
15.83	190.0663
16.03	191.2582
16.22	192.3618
16.47	193.5096
16.69	194.7898
17.07	193.0461
17.12	191.7659
17.15	190.6181
17.18	189.4924
17.27	187.0203
17.46	182.5616
17.48	181.4359
17.53	180.0233
17.48	178.5665
17.39	177.3746
17.28	175.7854
17.14	174.1079
17.01	172.629
16.89	171.0177
16.74	169.3844
16.61	167.7068
16.47	166.1176
16.34	164.4843
16.2	162.8289
16.06	161.0851
15.91	159.4959
15.77	157.9066
15.64	156.1409
15.49	154.5517
15.35	152.8962
15.2	151.2408
15.07	149.7399
14.93	148.0623
14.79	146.429
14.65	144.8618
14.52	143.2726
14.37	141.7496
14.22	140.0941
14.09	138.4828
13.95	136.9819
13.81	135.3927
13.66	133.8035
13.53	132.1702
13.39	130.7354
13.25	129.0137
13.11	127.579
12.98	126.034
12.83	124.4447
12.7	122.8776
12.56	121.3546
12.42	119.8537
12.27	118.3528
12.15	116.7856
11.99	115.1964
11.85	113.6513
11.71	112.1724
11.57	110.6715
11.44	109.0602
11.3	107.5814
11.16	106.1467
11.02	104.5353
10.89	103.1227
10.75	101.5115
10.61	100.0988
10.47	98.5537
10.33	97.119
10.2	95.5739
10.06	94.18335
9.91	92.59415
9.78	91.1153
9.66	89.68055
9.53	88.15755
9.38	86.63455
9.23	85.2219
9.09	83.721
8.97	82.2642
8.81	80.9178
8.68	79.41685
8.53	78.0925
8.41	76.67985
8.26	75.17895
8.11	73.8325
7.98	72.3978
7.84	70.89685
7.71	69.46215
7.59	68.0716
7.44	66.6369
7.31	65.22425
7.19	63.83365
7.04	62.42105
6.91	60.96425
6.79	59.4633
6.66	58.1169
6.54	56.61595
6.39	55.1592
6.27	53.87895
6.17	52.37805
6.02	50.9654
5.92	49.64105
5.78	48.16219
5.68	46.85992
5.58	45.35899
5.46	44.07878
5.36	42.79858
5.22	41.3418
5.15	40.21609
5.02	38.8476
4.92	37.21423
4.81	35.97818
4.72	34.63175
4.6	33.43984
4.51	32.09341
4.38	30.32762
4.29	29.06948
4.2	27.87757
4.13	26.77394
4.02	25.27301
3.91	24.14731
3.84	22.93332
3.72	21.52069
3.64	20.28463
3.54	19.07064
3.48	17.94494
3.37	16.7751
3.29	15.6494
3.2	14.39127
3.13	13.19936
3.07	11.78671
2.96	10.44029
2.88	9.27045
2.78	7.924025
2.69	6.489315
2.6	5.12082
2.51	3.5316
2.43	2.273468
2.36	0.9049725
2.27	-0.2427975
2.2	-1.41264
2.1	-2.6487
2	-3.995122
1.89	-5.518125
1.83	-6.71004
1.77	-7.924025
1.69	-9.138015
1.63	-10.50651
1.56	-11.69843
1.45	-13.0007
1.38	-14.28091
1.3	-15.56111
1.22	-16.92961
1.12	-18.18774
1.05	-19.57831
0.97	-20.81437
0.87	-22.20494
0.79	-23.52929
0.7	-24.80949
0.63	-26.20006
0.52	-27.54648
0.43	-28.84875
0.34	-30.2614
0.28	-31.5416
0.18	-32.97631
0.08	-34.32274
-0.02	-35.60294
-0.1	-37.03765
-0.19	-38.2075
-0.28	-39.68636
-0.35	-40.92242
-0.44	-42.29091
-0.54	-43.61526
-0.65	-45.00583
-0.74	-46.26396
-0.82	-47.69867
-0.92	-48.93473
-1.01	-50.34735
-1.09	-51.6276
-1.18	-53.08435
-1.29	-54.3425
-1.38	-55.6227
-1.5	-56.8367
-1.57	-58.2052
-1.68	-59.5737
-1.76	-60.9201
-1.86	-62.2003
-1.97	-63.5688
-2.05	-64.849
-2.17	-66.26165
-2.27	-67.4977
-2.35	-68.8883
-2.47	-70.1464
-2.55	-71.47075
-2.67	-72.77305
-2.78	-74.03115
-2.88	-75.42175
-2.99	-76.70195
-3.08	-77.89385
-3.17	-79.17405
-3.29	-80.47635
-3.39	-81.66825
-3.51	-82.86015
-3.62	-84.14035
-3.74	-85.37645
-3.84	-86.48005
-3.93	-87.69405
-4.06	-88.90805
-4.18	-90.0558
-4.28	-91.2477
-4.4	-92.4617
-4.56	-94.20545
-4.73	-95.9271
-4.9	-97.6046
-5.07	-99.3042
-5.41	-100.7609
-5.58	-102.3502
-5.7	-103.4979
-5.82	-104.6236
-6.02	-106.1908
-6.17	-107.7579
-6.39	-109.3472
-6.57	-110.8923
-6.76	-112.4594
-6.92	-113.9603
-7.1	-115.4833
-7.29	-116.9181
-7.49	-118.3969
-7.69	-119.8757
-7.88	-121.3767
-8.05	-122.8556
-8.26	-124.2461
-8.44	-125.5925
-8.61	-127.0051
-8.83	-128.4399
-9.02	-129.8304
-9.22	-131.2431
-9.4	-132.6337
-9.58	-133.8918
-9.79	-135.0175
-9.99	-136.2536
-10.24	-137.6662
-10.46	-138.9684
-10.67	-140.1824
-10.86	-141.4406
-11.06	-142.6546
-11.23	-143.9568
-11.44	-145.2812
-11.64	-146.4069
-11.82	-147.5547
-12.06	-148.7025
-12.25	-149.9827
-12.43	-151.1745
-12.62	-152.3665
-12.83	-153.5143
-13.03	-154.7503
-13.23	-156.0968
-13.4	-157.3107
-13.58	-158.6572
-13.78	-159.849
-14.05	-161.3721
-14.24	-162.5198
-14.43	-163.7338
-14.63	-164.9919
-14.83	-166.1176
-14.99	-167.2654
-15.21	-168.4794
-15.45	-169.7596
-15.69	-170.9073
-15.94	-172.3862
-16.21	-173.6885
-16.37	-174.8142
-16.69	-176.0944
-16.91	-177.507
-17.22	-178.6769
-17.72	-177.9926
-18.28	-176.4917
-18.59	-177.9043
-18.72	-176.7566
-18.71	-175.653
-18.59	-174.3286
-18.46	-172.8939
-18.37	-171.5034
-18.25	-170.2231
-18.15	-168.9429
-18.03	-167.7068
-17.9	-166.4928
-17.76	-165.3009
-17.65	-163.9987
-17.54	-162.7847
-17.44	-161.5045
-17.32	-160.2464
-17.19	-159.0323
-17.07	-157.7742
-16.99	-156.6044
-16.87	-155.3463
-16.74	-154.1764
-16.64	-153.0066
-16.52	-151.8367
-16.38	-150.6006
-16.29	-149.4971
-16.16	-148.2389
-16.03	-147.0912
-15.89	-145.8772
-15.79	-144.7073
-15.69	-143.4933
-15.59	-142.3676
-15.45	-141.1978
-15.34	-140.028
-15.24	-138.9023
-15.11	-137.7545
-14.98	-136.6067
-14.89	-135.459
-14.77	-134.3333
-14.65	-133.1634
-14.55	-132.0598
-14.44	-130.8678
-14.31	-129.7422
-14.2	-128.5502
-14.08	-127.4025
-13.96	-126.2767
-13.82	-125.0848
-13.7	-123.9592
-13.57	-122.4141
-13.44	-121.2222
-13.33	-120.0744
-13.22	-118.9267
-13.09	-117.823
-12.95	-116.6973
-12.81	-115.086
-12.7	-113.9603
-12.59	-112.8346
-12.46	-111.731
-12.29	-110.0976
-12.17	-108.9057
-12.03	-107.78
-11.87	-106.1908
-11.71	-104.5574
-11.51	-102.8799
-11.35	-101.3128
-11.19	-99.6794
-11.05	-98.5537
-10.96	-97.4501
-10.79	-95.905
-10.61	-94.24955
-10.5	-93.1239
-10.39	-92.02025
-10.22	-90.51935
-10.06	-88.81975
-9.87	-87.38505
-9.77	-86.2814
-9.56	-84.8246
-9.37	-83.3899
-9.21	-81.91105
-9.04	-80.2556
-8.88	-78.77675
-8.71	-77.1213
-8.6	-76.0177
-8.41	-74.4947
-8.27	-72.83925
-8.16	-71.71355
-7.98	-70.25675
-7.88	-69.13105
-7.75	-68.02745
-7.59	-66.3941
-7.44	-64.849
-7.29	-63.19355
-7.11	-61.60435
-6.94	-59.92685
-6.79	-58.3597
-6.62	-56.925
-6.49	-55.64475
-6.36	-53.96725
-6.2	-52.5546
-6.1	-51.451
-5.95	-49.81763
-5.79	-48.3167
-5.63	-46.66127
-5.49	-45.11619
-5.33	-43.48283
-5.17	-41.91568
-5.03	-40.3706
-4.85	-38.64895
-4.71	-37.12595
-4.57	-35.49258
-4.42	-33.90336
-4.32	-32.77766
-4.15	-31.25466
-4.02	-29.57715
-3.87	-28.07622
-3.73	-26.42078
-3.59	-24.80949
-3.5	-23.68379
-3.35	-22.11665
-3.22	-20.39499
-3.07	-18.73956
-2.9	-17.19448
-2.83	-16.06878
-2.7	-14.39127
-2.57	-12.89034
-2.48	-11.76464
-2.33	-10.1975
-2.22	-8.608275
-2.11	-7.107345
-1.98	-5.56227
-1.9	-4.458645
-1.76	-2.869425
-1.65	-1.302277
-1.52	0.08829
-1.42	1.567147
-1.26	2.803207
-1.16	4.083413
-1.08	5.73885
-1.02	6.86455
-0.9	8.47584
-0.77	10.02092
-0.68	11.56599
-0.56	13.13314
-0.42	14.58992
-0.36	15.71562
-0.26	16.90754
-0.15	18.09945
-0.07	19.31344
0	20.5495
0.08	21.74142
0.2	22.88918
0.29	24.05902
0.35	25.27301
0.44	26.66358
0.54	28.01
0.63	29.35642
0.73	30.63663
0.82	31.93891
0.93	33.19704
1.01	34.54346
1.11	35.77952
1.19	36.88315
1.27	38.05299
1.36	39.22283
1.46	40.4589
1.58	41.76117
1.68	43.15173
1.76	44.47609
1.87	45.86665
1.98	47.19101
2.11	48.60365
2.21	49.88385
2.32	51.3848
2.44	52.70915
2.55	54.0997
2.69	55.42405
2.78	56.8146
2.92	58.1831
3.01	59.5737
3.14	60.89805
3.27	62.2886
3.37	63.5688
3.52	65.0035
3.66	66.26165
3.75	67.63015
3.88	68.91035
4	70.25675
4.15	71.62525
4.27	72.8172
4.42	74.11945
4.53	75.8632
4.64	77.5407
4.75	78.86505
4.89	80.0349
5.03	81.35925
5.14	82.48495
5.28	83.8093
5.41	84.9129
5.53	86.1269
5.67	87.38505
5.8	88.599
5.93	89.76885
6.08	90.89455
6.19	92.1527
6.41	93.87435
6.54	95.0442
6.68	96.1478
6.8	97.31765
6.93	98.4875
7.06	99.6132
7.21	100.7609
7.32	101.8867
7.46	103.0124
7.6	104.116
7.73	105.2417
7.87	106.3453
8.01	107.493
8.21	109.1264
8.34	110.23
8.48	111.3558
8.69	112.945
8.8	114.1369
9	115.6599
9.14	116.7856
9.34	118.419
9.54	120.0303
9.75	121.5974
9.95	123.1866
10.09	124.3344
10.28	125.8794
10.47	127.4246
10.62	129.0137
10.75	130.1395
10.96	131.817
11.16	133.3841
11.36	134.9512
11.57	136.5625
11.77	138.1297
11.99	139.6527
12.18	141.1537
12.4	142.7428
12.59	144.31
12.79	145.8109
12.99	147.4001
13.19	148.9011
13.4	150.5123
13.6	152.0354
13.82	153.5363
14.01	155.1697
14.19	156.6485
14.4	158.1494
14.63	159.7387
14.84	161.2175
15.05	162.7626
15.22	164.1974
15.45	165.6983
15.64	167.1329
15.87	168.7222
16.04	170.0466
16.27	171.5034
16.47	172.8719
16.7	174.2624
16.85	175.5205
17.13	176.8448
17.27	178.1913
17.56	179.4274
17.77	180.5751
17.96	181.767
18.25	182.959
18.48	184.1067
18.77	185.4752
19.11	186.7554
19.4	187.8811
19.96	184.8793
20.32	186.2919
20.52	187.7045
20.85	188.8744
21.19	190.1987
21.57	191.3465
22.09	192.6267
22.46	193.8407
22.96	194.7677
23.46	195.0988
24.06	194.0394
24.62	193.5979
25.16	193.1785
25.71	192.5164
26.22	191.7218
26.74	190.9271
27.3	190.2428
27.81	189.6028
28.36	188.8302
28.93	188.1019
29.49	187.3293
30	186.5126
30.54	185.6077
31.05	184.8572
31.57	183.9964
32.09	183.2459
32.44	181.7229
32.5	180.6192
33.04	181.0828
33.25	179.9129
33.78	179.2728
34.21	177.0435
34.23	178.3237
34.8	178.3237
34.93	176.9993
34.98	175.8737
35.27	174.1962
35.23	172.9822
35.11	171.4151
34.98	169.9803
34.85	168.5456
34.72	167.2213
34.59	165.8086
34.47	164.4401
34.34	163.1158
34.22	161.7473
34.09	160.3788
33.96	159.0323
33.84	157.7301
33.7	156.4057
33.58	155.1035
33.45	153.757
33.32	152.4547
33.19	151.1966
33.06	149.8723
32.94	148.5479
32.81	147.3118
32.68	145.9875
32.56	144.7294
32.43	143.4491
32.29	142.1248
32.17	140.9329
32.05	139.6969
31.91	138.3946
31.79	137.1364
31.66	135.9004
31.53	134.6422
31.4	133.362
31.27	132.1481
31.14	130.9561
31.03	129.6539
30.89	128.4619
30.76	127.2479
30.64	126.0119
30.5	124.82
30.37	123.5398
30.25	122.392
30.13	121.156
30	119.9199
29.87	118.728
29.74	117.514
29.61	116.3221
29.48	115.086
29.36	113.9824
29.23	112.7684
29.11	111.5544
28.98	110.4287
28.84	109.2589
28.72	108.0669
28.59	106.853
28.46	105.7272
28.33	104.6016
28.21	103.4097
28.08	102.2398
27.89	100.5182
27.75	99.39245
27.63	98.2447
27.5	97.119
27.37	95.94915
27.18	94.3158
27.06	93.14595
26.85	91.4905
26.66	89.8792
26.53	88.7535
26.34	87.1864
26.14	85.5751
25.94	84.07415
25.8	82.70565
25.6	81.44755
25.4	80.0128
25.21	78.5781
25.01	77.1213
24.81	75.5983
24.61	74.1636
24.42	72.68475
24.22	71.1838
24.02	69.7491
23.83	68.2923
23.63	66.8797
23.44	65.4229
23.24	63.9882
23.03	62.5093
22.86	61.11875
22.66	59.75025
22.47	58.2714
22.27	56.9029
22.09	55.5565
21.88	54.12175
21.7	52.8195
21.51	51.451
21.32	50.12665
21.14	48.69194
20.94	47.38966
20.76	46.04324
20.59	44.74096
20.41	43.37246
20.19	41.87153
20.04	40.76791
19.85	39.28905
19.67	37.9647
19.47	36.46377
19.29	35.13942
19.11	33.72678
18.93	32.29207
18.78	31.10015
18.6	29.88617
18.44	28.6501
18.28	27.39197
18.12	26.11176
17.95	24.83156
17.78	23.5955
17.62	22.33737
17.42	21.10131
17.29	19.86525
17.12	18.60711
16.98	17.43727
16.81	16.26744
16.67	15.14174
16.46	13.59666
16.3	12.22816
16.18	11.10247
16.01	9.822265
15.89	8.674495
15.67	7.305995
15.53	6.202375
15.41	5.09875
15.3	3.995122
15.15	2.582483
14.98	1.41264
14.81	0.132435
14.63	-1.125697
14.47	-2.405902
14.32	-3.61989
14.17	-4.745587
14.01	-5.871285
13.84	-7.173565
13.65	-8.696565
13.42	-10.26371
13.2	-11.98537
12.96	-13.59666
12.8	-14.72236
12.53	-16.75303
12.29	-18.12152
12.13	-19.26929
11.97	-20.46121
11.71	-22.09457
11.55	-23.1982
11.38	-24.30182
11.12	-25.97933
10.92	-27.14918
10.66	-28.69425
10.48	-29.81995
10.3	-30.94564
10.03	-32.44658
9.85	-33.61641
9.63	-34.80833
9.43	-35.9561
9.22	-37.0818
9	-38.2075
8.79	-39.33319
8.56	-40.43682
8.26	-41.9819
8.02	-43.08552
7.71	-44.74096
7.37	-46.33017
7.04	-47.9194
6.72	-49.53069
6.37	-51.1199
6.04	-52.665
5.72	-54.21005
5.48	-55.3137
5.14	-56.8146
4.8	-58.29345
4.46	-59.77235
4.11	-61.29535
3.78	-62.7742
3.43	-64.2972
3.09	-65.75395
2.74	-67.277
2.39	-68.82205
2.06	-70.27885
1.71	-71.846
1.37	-73.369
1.02	-74.8699
0.69	-76.4812
0.35	-78.04835
0.01	-79.6817
-0.32	-81.293
-0.67	-82.9264
-0.98	-84.6039
-1.21	-85.7296
-1.43	-86.8553
-1.64	-87.981
-1.88	-89.15085
-2.09	-90.34275
-2.33	-91.46845
-2.54	-92.68245
-2.75	-93.8302
-2.94	-95.0442
-3.19	-96.3023
-3.38	-97.4501
-3.59	-98.7303
-3.81	-99.9443
-4	-101.1582
-4.2	-102.3723
-4.43	-103.6525
-4.65	-104.9106
-4.85	-106.1908
-5.07	-107.4048
-5.27	-108.6629
-5.46	-109.9652
-5.68	-111.2454
-5.92	-112.4815
-6.13	-113.8058
-6.32	-115.0418
-6.52	-116.3883
-6.72	-117.6685
-6.92	-118.9487
-7.17	-120.2289
-7.35	-121.5312
-7.58	-122.8556
-7.79	-124.1357
-8.01	-125.438
-8.2	-126.7403
-8.43	-128.0205
-8.61	-129.3007
-8.84	-130.625
-9.01	-131.8832
-9.26	-133.1634
-9.44	-134.4436
-9.68	-135.7018
-9.87	-137.004
-10.08	-138.2842
-10.28	-139.4982
-10.53	-140.7784
-10.71	-142.0365
-10.91	-143.2726
-11.15	-144.4866
-11.37	-145.7668
-11.59	-146.8925
-11.8	-148.1506
-12.01	-149.3646
-12.24	-150.5786
-12.44	-151.7043
-12.68	-152.8521
-12.89	-154.0219
-13.1	-155.1255
-13.31	-156.2954
-13.56	-157.4211
-13.79	-158.5247
-13.97	-159.6504
-14.33	-161.2838
-14.67	-162.873
-15	-164.4622
-15.35	-166.0514
-15.69	-167.5524
-15.99	-169.0753
-16.37	-170.5101
-16.73	-171.9448
-17.04	-173.225
-17.39	-174.3728
-17.72	-175.4764
-18.05	-176.6904
-18.45	-177.8161
-18.79	-178.9639
-19.19	-180.1778
-19.6	-181.3698
-20.14	-182.5616
-20.64	-183.5549
-21.17	-184.2612
-21.67	-184.9234
-21.9	-183.7757
-22.3	-185.1221
-22.67	-186.2698
-23.02	-185.0558
-23.21	-183.5108
-23.72	-184.0626
-24.17	-185.2324
-24.7	-185.9829
-25.25	-186.4023
-25.82	-186.8878
-26.33	-187.1969
-26.87	-187.1306
-27.37	-187.1086
-27.89	-186.932
-28.45	-186.6671
-28.97	-186.4906
-29.51	-186.1374
-30.01	-185.7621
-30.55	-185.3869
-31.07	-184.9896
-31.58	-184.7027
-32.09	-184.3275
-32.67	-183.8418
-33.18	-183.3562
-33.71	-182.672
-34.23	-182.076
-34.74	-181.6788
-35.24	-181.2814
-35.77	-180.5531
-35.88	-179.3391
-35.94	-178.1913
-36.02	-177.0876
-36.54	-176.5579
-36.41	-174.3286
-36.21	-172.2538
-35.99	-170.201
-35.78	-168.2587
-35.58	-166.4487
-35.44	-165.1243
-35.3	-164.0208
-35.07	-161.968
-34.88	-159.9153
-34.64	-157.8846
-34.43	-155.9202
-34.19	-153.9998
-33.96	-152.1016
-33.73	-150.2917
-33.56	-148.4375
-33.34	-146.6497
-33.11	-144.7735
-32.91	-143.0077
-32.7	-141.1978
-32.5	-139.4099
-32.24	-137.5999
-32.07	-135.8342
-31.83	-134.0683
-31.65	-132.3026
-31.44	-130.5809
-31.24	-128.8372
-31.02	-127.0493
-30.78	-125.3056
-30.57	-123.606
-30.35	-121.8844
-30.15	-120.1627
-29.93	-118.4852
-29.74	-116.7414
-29.52	-115.0418
-29.31	-113.3423
-29.06	-111.6427
-28.88	-109.9652
-28.67	-108.2877
-28.46	-106.6322
-28.25	-104.9989
-28.05	-103.3435
-27.79	-101.6659
-27.59	-100.0988
-27.4	-98.4213
-27.19	-96.7879
-26.95	-95.24285
-26.74	-93.60945
-26.53	-92.0644
-26.33	-90.49725
-26.07	-89.0846
-25.9	-87.6499
-25.65	-86.25935
-25.43	-84.9129
-25.21	-83.4782
-24.98	-82.06555
-24.75	-80.54255
-24.57	-78.9754
-24.32	-77.4524
-24.1	-75.9294
-23.92	-74.4064
-23.67	-72.8613
-23.49	-71.3383
-23.29	-69.8374
-23.08	-68.35855
-22.88	-66.8576
-22.63	-65.4229
-22.44	-64.01025
-22.21	-62.55345
-22.03	-61.1629
-21.8	-59.83855
-21.59	-58.5142
-21.34	-57.18985
-21.12	-55.84345
-20.96	-54.5632
-20.71	-53.2168
-20.5	-51.8704
-20.29	-50.59015
-20.1	-49.26582
-19.85	-47.94147
-19.67	-46.59504
-19.45	-45.33691
-19.22	-44.01257
-19.01	-42.71029
-18.81	-41.38594
-18.58	-40.1278
-18.4	-38.80346
-18.19	-37.45703
-17.98	-36.15475
-17.76	-34.87455
-17.56	-33.63849
-17.34	-32.22585
-17.16	-30.92357
-16.94	-29.59922
-16.74	-28.31902
-16.53	-26.99467
-16.3	-25.71446
-16.13	-24.36804
-15.92	-22.99954
-15.67	-21.4324
-15.45	-19.86525
-15.21	-18.34225
-14.97	-16.7751
-14.74	-15.2521
-14.51	-13.7291
-14.28	-12.20609
-14.05	-10.72723
-13.83	-9.226305
-13.58	-7.76952
-13.39	-6.29066
-13.17	-4.833878
-12.93	-3.332947
-12.73	-1.898235
-12.48	-0.52974
-12.28	0.8166825
-12.02	2.339685
-11.78	3.774398
-11.58	4.988385
-11.4	6.687965
-11.2	8.21097
-10.99	9.7119
-10.78	11.14661
-10.57	12.51511
-10.36	13.7291
-10.12	15.2521
-9.84	16.44401
-9.65	17.56971
-9.44	19.29136
-9.27	20.46121
-9.1	21.5869
-8.87	22.7126
-8.73	23.8383
-8.51	25.18472
-8.29	26.487
-8.03	28.07622
-7.82	29.22399
-7.57	30.87943
-7.36	32.07134
-7.16	33.26326
-6.91	34.69797
-6.64	36.22097
-6.35	37.65569
-6.08	39.11247
-5.78	40.74583
-5.48	42.26883
-5.15	43.90221
-4.83	45.5135
-4.52	47.08065
-4.2	48.62571
-3.87	50.2591
-3.54	51.8704
-3.23	53.3713
-2.88	54.96055
-2.57	56.52765
-2.24	58.1169
-1.9	59.6399
-1.56	61.27325
-1.22	62.8625
-0.87	64.3855
-0.56	66.10715
-0.2	67.69635
0.15	69.30765
0.47	70.941
0.82	72.6185
1.13	74.2519
1.47	75.7749
1.79	77.34205
2.09	78.95335
2.41	80.54255
2.73	82.0214
3.04	83.6989
3.37	85.1557
3.66	86.78905
3.98	88.40035
4.29	89.94545
4.62	91.6009
4.92	93.07975
5.24	94.6469
5.56	96.1699
5.87	97.7591
6.19	99.3704
6.5	100.8493
6.81	102.3502
7.15	103.9394
7.42	105.3741
7.73	106.8089
7.98	108.0007
8.22	109.59
8.56	111.0247
8.86	112.5918
9.19	114.0928
9.52	115.5496
9.84	116.9843
10.17	118.3528
10.49	119.7875
10.82	121.156
11.14	122.5907
11.47	123.8708
11.8	125.2615
12.12	126.63
12.45	127.9322
12.79	129.1462
13.1	130.625
13.43	131.7949
13.76	133.1414
14.09	134.3994
14.43	135.5251
14.77	136.8274
15.11	138.0193
15.44	139.2334
15.78	140.359
16.11	141.5289
16.45	142.6546
16.79	143.7582
17.3	145.3695
17.66	146.4731
18.17	147.9961
18.68	149.4971
19.2	150.998
19.74	152.4547
20.26	153.8895
20.78	155.1918
21.32	156.4498
21.85	157.7963
22.39	158.8779
22.92	160.0918
23.46	161.2617
24.01	162.3212
24.55	163.3365
25.09	164.3077
25.65	165.2348
26.21	166.0514
26.75	166.8019
27.31	167.6185
27.88	168.369
28.46	168.965
29.01	169.5609
29.57	170.1127
30.2	170.5322
30.76	170.6866
31.31	170.9957
31.89	171.106
32.5	170.9957
33.1	170.7308
33.69	170.6866
34.26	170.4218
34.83	170.3555
35.35	169.0533
35.51	167.7731
35.54	165.632
35.42	163.9766
35.26	162.2329
35.11	160.5112
34.95	158.8558
34.79	157.2003
34.62	155.6111
34.46	154.0219
34.31	152.4547
34.16	150.9097
34.01	149.3646
33.85	147.7754
33.69	146.2524
33.54	144.7294
33.38	143.2285
33.22	141.7054
33.08	140.2045
32.91	138.6373
32.76	137.1806
32.61	135.6355
32.45	134.1788
32.29	132.744
32.14	131.2431
31.99	129.8084
31.83	128.2854
31.67	126.7844
31.52	125.438
31.36	123.915
31.2	122.5023
31.06	121.0456
30.9	119.6992
30.75	118.2424
30.59	116.7635
30.44	115.3288
30.28	113.9603
30.12	112.5918
29.96	111.1792
29.81	109.8549
29.65	108.376
29.49	107.0295
29.35	105.5948
29.19	104.2705
29.03	102.924
28.87	101.5555
28.72	100.165
28.56	98.7965
28.41	97.49425
28.26	96.19195
28.11	94.91175
27.95	93.63155
27.79	92.28515
27.64	90.96075
27.49	89.7247
27.33	88.51075
27.17	87.2305
27.01	86.01655
26.86	84.7584
26.7	83.61065
26.54	82.48495
26.37	81.293
26.22	80.1673
26.05	79.0637
25.74	76.8123
25.58	75.70865
25.43	74.583
25.27	73.47935
25.11	72.3757
24.79	70.19055
24.62	69.06485
24.46	67.93915
24.31	66.83555
23.99	64.73865
23.68	62.57555
23.37	60.4566
23.07	58.38175
22.74	56.30695
22.44	54.2542
22.13	52.3118
21.83	50.28115
21.53	48.20634
21.23	46.24189
20.93	44.36573
20.67	42.55578
20.41	40.76791
20.17	39.11247
19.94	37.56739
19.69	35.82367
19.38	33.90336
19.1	31.93891
18.84	30.19518
18.58	28.42938
18.31	26.57529
18.05	24.89778
17.82	23.37477
17.65	22.16079
17.41	20.90265
17.21	19.22515
16.98	17.72422
16.79	16.57645
16.59	15.0093
16.35	13.59666
16.18	12.13988
15.99	10.72723
15.8	9.29252
15.62	8.078535
15.38	6.401025
15.11	4.613153
14.94	3.332947
14.74	1.94238
14.57	0.838755
14.36	-0.4635225
14.14	-1.986525
13.95	-3.244658
13.76	-4.458645
13.55	-5.82714
13.33	-7.26185
13.11	-8.74071
12.88	-10.21957
12.63	-11.76464
12.37	-13.35386
12.11	-15.0093
11.85	-16.68681
11.6	-18.18774
11.33	-19.84318
11.04	-21.4324
10.79	-22.9554
10.5	-24.61084
10.21	-26.22213
9.91	-27.72306
9.63	-29.44472
9.33	-30.96772
9.04	-32.53487
8.74	-34.10202
8.46	-35.58087
8.15	-37.12595
7.87	-38.67102
7.52	-40.06159
7.22	-41.51837
6.9	-42.93101
6.59	-44.25536
6.28	-45.75629
5.95	-47.16893
5.63	-48.53743
5.31	-49.97214
5.01	-51.34065
4.69	-52.665
4.37	-54.0335
4.03	-55.3799
3.71	-56.7484
3.39	-58.0286
3.06	-59.3309
2.71	-60.63315
2.36	-62.3548
1.89	-63.8778
1.56	-65.158
1.22	-66.48235
0.66	-67.9833
0.32	-69.4401
0	-70.8748
-0.34	-72.3095
-0.63	-73.678
-0.98	-75.09065
-1.32	-76.52535
-1.65	-77.96005
-1.97	-79.3948
-2.28	-80.8295
-2.59	-82.22005
-2.93	-83.6327
-3.24	-85.0674
-3.56	-86.5904
-3.87	-88.00305
-4.2	-89.4157
-4.51	-90.96075
-4.83	-92.3734
-5.14	-93.8964
-5.48	-95.33115
-5.82	-96.83205
-6.12	-98.333
-6.42	-99.78975
-6.76	-101.2245
-7.11	-102.8578
-7.4	-104.2263
-7.74	-105.6832
-8.05	-107.2282
-8.38	-108.685
-8.68	-110.1418
-9	-111.6427
-9.32	-113.0774
-9.64	-114.5783
-9.96	-116.0572
-10.3	-117.3816
-10.62	-118.8604
-10.92	-120.3172
-11.26	-121.6857
-11.58	-123.1204
-11.92	-124.5551
-12.27	-125.8132
-12.6	-127.3142
-12.92	-128.6385
-13.26	-129.9629
-13.56	-131.4196
-13.92	-132.6337
-14.25	-133.9801
-14.58	-135.3044
-14.9	-136.4742
-15.26	-137.8207
-15.59	-139.0347
-15.92	-140.2266
-16.28	-141.4626
-16.64	-142.6987
-16.97	-143.8465
-17.33	-145.0605
-17.68	-146.1862
-18.2	-147.7754
-18.57	-148.9673
-19.08	-150.5565
-19.62	-152.1458
-20.16	-153.6908
-20.7	-155.2579
-21.26	-156.6264
-21.8	-158.0391
-22.34	-159.4076
-22.9	-160.754
-23.46	-162.0343
-24	-163.2703
-24.55	-164.4401
-25.11	-165.61
-25.71	-166.6474
-26.3	-167.6848
-26.86	-168.6339
-27.45	-169.5389
-28.05	-170.488
-28.6	-171.2605
-29.25	-172.0331
-29.84	-172.6732
-30.44	-173.3574
-31.01	-173.7988
-31.67	-174.3286
-32.27	-174.7039
-32.86	-174.8584
-33.46	-175.0791
-34.02	-175.2336
-34.55	-175.3219
-35.09	-175.2778
-35.67	-175.2556
-36.22	-175.1673
-36.78	-174.8804
-37.19	-173.4457
-37.25	-172.2097
-37.19	-169.8038
-37.04	-168.5898
-36.9	-167.3096
-36.8	-166.1397
-36.65	-164.8595
-36.51	-163.7117
-36.36	-162.5639
-36.27	-161.3058
-36.13	-160.1581
-36.01	-159.0103
-35.87	-157.9066
-35.75	-156.7368
-35.63	-155.5449
-35.49	-154.4192
-35.36	-153.2273
-35.1	-150.9759
-34.98	-149.8723
-34.84	-148.7466
-34.72	-147.6429
-34.56	-146.4952
-34.42	-145.3474
-34.32	-144.2438
-34.04	-142.0586
-33.92	-140.9329
-33.67	-138.8139
-33.54	-137.6882
-33.28	-135.5473
-33.14	-134.4215
-32.84	-132.1702
-32.61	-130.1395
-32.32	-128.0205
-32.22	-126.8948
-31.95	-124.7538
-31.71	-122.7231
-31.55	-121.5753
-31.29	-119.5005
-31.03	-117.4477
-30.76	-115.3951
-30.66	-114.2914
-30.35	-112.2607
-30.1	-110.2742
-29.96	-109.1485
-29.73	-107.1179
-29.48	-105.1313
-29.23	-103.1668
-28.96	-101.1582
-28.67	-99.1276
-28.41	-97.1411
-28.13	-95.30905
-27.99	-94.05095
-27.72	-92.1527
-27.53	-90.43105
-27.25	-88.5328
-26.94	-86.72285
-26.7	-85.04535
-26.4	-83.3237
-26.18	-81.5358
-25.9	-79.77
-25.59	-77.9159
-25.39	-76.0177
-25.11	-74.11945
-24.86	-72.28745
-24.58	-70.4775
-24.36	-68.6896
-24.07	-66.8797
-23.83	-65.06975
-23.57	-63.28185
-23.33	-61.5823
-23.05	-59.8827
-22.8	-58.1831
-22.52	-56.61595
-22.27	-55.02675
-22.01	-53.4596
-21.72	-51.8704
-21.48	-50.28115
-21.22	-48.71401
-20.92	-47.10271
-20.7	-45.57971
-20.44	-44.03463
-20.18	-42.42334
-19.92	-40.85619
-19.65	-39.33319
-19.39	-37.74398
-19.12	-36.15475
-18.88	-34.58761
-18.59	-33.08668
-18.34	-31.49746
-18.1	-29.99652
-17.8	-28.4073
-17.57	-26.95053
-17.32	-25.36131
-17.09	-23.8383
-16.84	-22.35944
-16.57	-20.74815
-16.29	-19.20308
-16.02	-17.658
-15.83	-16.06878
-15.57	-14.5237
-15.32	-12.97863
-15.08	-11.41148
-14.83	-9.844335
-14.58	-8.321335
-14.35	-6.86455
-14.09	-5.31947
-13.84	-3.928905
-13.65	-2.405902
-13.4	-0.8608275
-13.19	0.573885
-12.96	1.876163
-12.67	3.00186
-12.53	4.4145
-12.3	6.025795
-12.07	7.548795
-11.84	9.18216
-11.62	10.63894
-11.39	12.07366
-11.16	13.55252
-10.98	14.67821
-10.73	16.11292
-10.53	17.21655
-10.3	18.62919
-10.06	20.3067
-9.88	21.69727
-9.61	23.17612
-9.38	24.50047
-9.13	26.04555
-8.94	27.17125
-8.77	28.34109
-8.56	29.57715
-8.33	30.83529
-8.11	32.15963
-7.87	33.66056
-7.57	35.36015
-7.25	37.19216
-6.91	38.91382
-6.58	40.72377
-6.23	42.622
-5.86	44.52023
-5.47	46.41847
-5.09	48.33878
-4.73	50.237
-4.33	52.06905
-3.97	53.96725
-3.57	55.88755
-3.19	57.74165
-2.79	59.66195
-2.39	61.5602
-2.01	63.45845
-1.61	65.29045
-1.22	67.23285
-0.83	69.1752
-0.43	71.13965
-0.04	73.0379
0.36	75.02445
0.76	76.9668
1.15	78.9092
1.55	80.8295
1.95	82.79395
2.35	84.7584
2.74	86.72285
3.14	88.64315
3.52	90.6076
3.9	92.50585
4.31	94.42615
4.71	96.34645
5.1	98.2447
5.5	100.143
5.9	101.997
6.31	103.807
6.69	105.661
7.09	107.5152
7.48	109.2589
7.86	110.9806
8.23	112.6139
8.59	114.2473
8.94	116.1234
9.34	117.8009
9.75	119.5446
10.17	121.2001
10.57	122.8556
11	124.5109
11.42	126.0781
11.84	127.557
12.24	129.1021
12.71	130.6913
13.13	132.1702
13.72	134.2449
14.14	135.6797
14.56	137.004
14.99	138.3504
15.42	139.6747
15.83	140.9991
16.26	142.1911
16.7	143.4491
17.12	144.597
17.74	146.1862
18.37	147.7533
18.81	148.9011
19.27	150.0488
19.94	151.6381
20.61	153.139
21.29	154.5075
21.96	155.9422
22.65	157.2666
23.33	158.4364
24.02	159.6062
24.7	160.754
25.41	161.8356
26.1	162.7847
26.81	163.6234
27.51	164.5063
28.23	165.1906
28.95	165.8307
29.68	166.3604
30.4	166.8681
31.12	167.2213
31.62	167.4199
32.29	167.5524
33.04	167.8393
33.54	167.8393
34.06	167.8393
34.61	167.8613
35.14	167.5302
35.44	165.7424
35.49	164.4622
35.7	162.1004
35.59	160.7319
35.46	159.3414
35.32	157.7963
35.17	156.2292
35.01	154.5075
34.83	152.6755
34.64	150.8656
34.44	148.8349
34.22	146.6276
34	144.31
33.75	142.0365
33.52	139.8293
33.29	137.5338
33.06	135.3265
32.83	133.1192
32.6	130.8899
32.37	128.6606
32.14	126.4975
31.9	124.3123
31.66	122.1934
31.43	120.0524
31.2	117.9113
30.97	115.8365
30.75	113.7396
30.51	111.6427
30.29	109.5016
30.03	107.2282
29.82	105.4404
29.59	103.4097
29.36	101.3569
29.13	99.3042
28.9	97.2735
28.67	95.24285
28.44	93.30045
28.21	91.336
27.98	89.3495
27.73	87.4733
27.52	85.6413
27.28	83.76515
27.06	81.91105
26.82	80.1232
26.58	78.31325
26.35	76.5033
26.11	74.84785
25.86	73.2145
25.63	71.6032
25.4	69.94775
25.17	68.2923
24.94	66.7031
24.7	65.06975
24.47	63.4805
24.25	61.8692
23.99	60.28
23.76	58.6908
23.52	57.1457
23.3	55.6227
23.08	54.12175
22.84	52.62085
22.62	51.07575
22.4	49.53069
22.18	48.14012
21.94	46.66127
21.71	45.20448
21.5	43.76977
21.29	42.42334
21.1	41.20936
20.93	39.92915
20.74	38.71516
20.58	37.58947
20.41	36.46377
20.19	35.0732
19.98	33.57227
19.76	32.13756
19.55	30.76907
19.34	29.48886
19.15	28.23073
18.95	26.95053
18.75	25.58203
18.56	24.36804
18.39	23.22027
18.12	21.41032
17.87	19.93147
17.64	18.32018
17.43	16.97375
17.26	15.84805
17.05	14.61199
16.8	12.80205
16.51	10.79345
16.23	8.80693
16.03	7.615015
15.85	6.312735
15.52	4.14963
15.2	2.008598
14.92	0.2869425
14.7	-1.191915
14.39	-3.156368
14.05	-5.20911
13.69	-7.460505
13.5	-8.696565
13.3	-9.88848
13.09	-11.16868
12.9	-12.38267
12.68	-13.7291
12.47	-15.07552
12.26	-16.17914
12.03	-17.59178
11.79	-18.87199
11.58	-20.17426
11.34	-21.56483
11.12	-22.80089
10.87	-24.10317
10.64	-25.38338
10.41	-26.70773
10.17	-28.01
9.91	-29.31228
9.67	-30.59249
9.42	-31.87269
9.19	-33.19704
8.93	-34.4331
8.67	-35.69123
8.42	-36.90522
8.18	-38.14128
7.9	-39.33319
7.65	-40.54718
7.4	-41.76117
7.12	-42.93101
6.88	-44.16707
6.61	-45.35899
6.36	-46.57298
6.07	-47.72075
5.81	-48.89059
5.54	-50.06045
5.28	-51.23025
4.73	-53.4596
4.45	-54.6515
3.92	-56.85875
3.37	-59.02185
2.83	-61.11875
2.54	-62.2665
1.98	-64.3855
1.42	-66.5486
0.86	-68.60135
0.31	-70.632
-0.24	-72.75095
-0.81	-74.8258
-1.07	-75.9294
-1.68	-78.4236
-2.18	-80.07905
-2.46	-81.27095
-3.01	-83.412
-3.58	-85.5751
-3.85	-86.72285
-4.37	-88.8639
-4.67	-89.9675
-4.94	-91.1153
-5.48	-93.3446
-5.74	-94.44825
-6.03	-95.5739
-6.57	-97.80325
-7.13	-100.0325
-7.41	-101.1582
-7.67	-102.3281
-8.24	-104.5353
-8.79	-106.7868
-9.31	-108.9278
-9.62	-110.0535
-9.88	-111.1792
-10.17	-112.3049
-10.69	-114.5122
-11.25	-116.6311
-11.83	-118.7942
-12.38	-120.9131
-12.94	-123.01
-13.52	-125.0407
-14.06	-127.0935
-14.65	-129.08
-15.22	-131.0444
-15.79	-132.9868
-16.35	-134.8851
-16.97	-136.695
-17.54	-138.4828
-18.15	-140.2487
-18.77	-141.882
-19.36	-143.6257
-19.96	-145.237
-20.56	-146.738
-21.16	-148.2831
-21.77	-149.7399
-22.41	-151.1745
-23.02	-152.4769
-23.67	-153.9115
-24.3	-155.1697
-24.88	-156.3837
-25.55	-157.5314
-26.18	-158.7013
-26.83	-159.7608
-27.47	-160.8203
-28.09	-161.7693
-28.78	-162.6743
-29.43	-163.5572
-30.11	-164.3297
-30.8	-164.9919
-31.46	-165.6762
-32.13	-166.3383
-32.85	-166.8019
-33.53	-167.3096
-34.22	-167.6848
-34.91	-167.9496
-35.55	-167.9938
-36.09	-167.7289
-36.76	-167.9496
-37.26	-166.9564
-37.38	-165.7424
-37.31	-163.5793
-36.95	-160.5333
-36.62	-157.5756
-36.36	-155.3904
-36.23	-154.1102
-36.09	-152.8962
-35.9	-151.2628
-35.72	-149.6074
-35.51	-147.8637
-35.31	-145.8772
-35.06	-143.8465
-34.83	-141.7937
-34.58	-139.6969
-34.32	-137.6662
-34.08	-135.6134
-33.83	-133.6048
-33.58	-131.6183
-33.29	-129.6098
-33.09	-127.579
-32.84	-125.6146
-32.61	-123.7163
-32.36	-121.6857
-32.11	-119.8316
-31.83	-117.823
-31.61	-115.9469
-31.34	-113.9824
-31.14	-112.0842
-30.88	-110.1859
-30.65	-108.2877
-30.42	-106.4115
-30.16	-104.5133
-29.89	-102.7033
-29.66	-100.8493
-29.41	-98.9731
-29.18	-97.22935
-28.89	-95.30905
-28.64	-93.54325
-28.43	-91.71125
-28.17	-89.9896
-27.94	-88.24585
-27.68	-86.48005
-27.43	-84.8467
-27.17	-83.2354
-26.91	-81.66825
-26.62	-80.14525
-26.38	-78.55605
-26.13	-76.79025
-25.88	-75.09065
-25.67	-73.369
-25.39	-71.62525
-25.14	-69.94775
-24.92	-68.2261
-24.72	-66.57065
-24.48	-64.89315
-24.24	-63.2598
-23.99	-61.5823
-23.74	-59.9489
-23.51	-58.448
-23.26	-56.85875
-23	-55.3799
-22.77	-53.9231
-22.5	-52.4884
-22.25	-51.00955
-22.03	-49.59691
-21.77	-48.09598
-21.53	-46.70541
-21.29	-45.35899
-21.05	-43.79184
-20.77	-42.42334
-20.56	-40.96656
-20.32	-39.55392
-20.03	-38.07506
-19.82	-36.68449
-19.57	-35.20564
-19.32	-33.77092
-19.09	-32.44658
-18.83	-31.01186
-18.58	-29.533
-18.34	-28.14244
-18.13	-26.7298
-17.86	-25.38338
-17.63	-23.99281
-17.38	-22.5581
-17.17	-21.23375
-16.9	-19.79903
-16.67	-18.40846
-16.44	-16.97375
-16.18	-15.49489
-15.96	-14.1264
-15.73	-12.69169
-15.49	-11.3232
-15.28	-9.9547
-15.04	-8.519985
-14.82	-7.107345
-14.56	-5.73885
-14.35	-4.458645
-14.15	-3.156368
-13.94	-1.743727
-13.71	-0.44145
-13.49	0.9491175
-13.29	2.11896
-12.95	3.61989
-12.77	4.94424
-12.43	7.438435
-12.21	8.80693
-11.99	10.30786
-11.81	11.58806
-11.59	12.91241
-11.39	14.17054
-11.22	15.36246
-10.96	16.59852
-10.71	18.01116
-10.48	19.24722
-10.15	21.65312
-9.98	22.77882
-9.71	24.21354
-9.46	25.80276
-9.21	27.32575
-9.02	28.51767
-8.79	29.73166
-8.45	31.89476
-8.06	34.10202
-7.84	35.40429
-7.58	36.72864
-7.33	38.09713
-7.06	39.44356
-6.8	40.81205
-6.55	42.22469
-6.26	43.59319
-6.01	45.04998
-5.75	46.3964
-5.46	47.83111
-5.18	49.24375
-4.9	50.6343
-4.61	52.06905
-4.32	53.4375
-4.05	54.8281
-3.76	56.15245
-3.48	57.5651
-3.18	58.95565
-2.89	60.3462
-2.6	61.67055
-2.31	63.06115
-2.01	64.42965
-1.72	65.86435
-1.43	67.21075
-1.14	68.57925
-0.84	69.94775
-0.55	71.29415
-0.24	72.68475
0.05	74.03115
0.35	75.39965
0.64	76.8123
0.99	78.1146
1.29	79.77
1.57	81.09435
1.88	82.5291
2.18	83.8976
2.49	85.244
2.74	86.48005
3.02	87.67195
3.33	89.04045
3.61	90.3869
3.9	91.77745
4.2	93.05765
4.52	94.4041
4.78	95.7505
5.09	97.0528
5.38	98.333
5.68	99.6794
5.98	100.9817
6.28	102.2619
6.59	103.5201
6.89	104.7561
7.19	106.0142
7.48	107.2061
7.76	108.4422
8.03	109.6562
8.32	110.826
8.9	113.0554
9.16	114.3797
9.47	115.6158
9.78	116.8739
10.08	118.0437
10.38	119.2356
10.7	120.3834
11.3	122.5686
11.93	124.7317
12.55	126.7844
12.87	127.888
13.49	129.8746
14.11	131.817
14.74	133.7152
15.36	135.481
15.98	137.1143
16.61	138.7036
17.22	140.2708
17.86	141.9262
18.52	143.4713
19.18	144.9722
19.84	146.3849
20.52	147.7754
21.18	149.166
21.84	150.3137
22.52	151.5277
23.2	152.7197
23.88	153.8453
24.56	154.8386
25.25	155.6994
25.96	156.6044
26.64	157.5094
27.35	158.304
28.05	158.9882
28.76	159.5842
29.46	160.2242
30.15	160.7319
30.85	161.1072
31.58	161.5045
32.33	161.7914
33.06	162.0343
33.76	161.8577
34.22	160.2242
34.73	160.2684
35.17	158.9882
35.58	160.136
35.61	158.8999
35.64	156.0526
35.41	153.6246
35.15	150.9759
34.89	148.4375
34.63	145.9213
34.38	143.3609
34.12	140.8226
33.87	138.3063
33.62	135.9225
33.37	133.4945
33.11	131.1548
32.86	128.6827
32.61	126.2989
32.36	123.9812
32.11	121.6636
31.86	119.2798
31.61	116.9622
31.35	114.7108
31.11	112.4153
30.84	110.1638
30.6	107.9345
30.35	105.7272
30.1	103.4759
29.83	101.2024
29.59	99.08345
29.33	96.8762
29.09	94.691
28.84	92.57205
28.59	90.40895
28.35	88.3783
28.08	86.23725
27.83	84.2949
27.58	82.15385
27.33	80.1894
27.08	78.1808
26.81	76.1501
26.56	74.2519
26.27	72.04465
25.92	69.6608
25.55	67.1004
25.16	64.54
24.78	61.93545
24.4	59.3309
24.03	56.8367
23.66	54.3425
23.29	51.8483
22.92	49.4424
22.54	47.01442
22.18	44.65267
21.84	42.42334
21.52	40.43682
21.22	38.40615
20.94	36.57413
20.59	34.38895
20.24	32.04927
19.9	29.81995
19.57	27.74513
19.24	25.64824
18.93	23.66172
18.7	22.16079
18.51	21.0351
18.32	19.9094
18.13	18.60711
17.96	17.43727
17.64	15.29624
17.37	14.1264
17.06	11.69843
16.8	9.932625
16.56	8.343405
16.18	5.871285
15.83	3.686107
15.59	2.11896
15.36	0.6842475
15.01	-1.346423
14.81	-2.670773
14.57	-4.14963
14.31	-5.73885
14.04	-7.39429
13.76	-9.138015
13.45	-10.90382
13.13	-12.71376
12.81	-14.58992
12.5	-16.44401
12.17	-18.27603
11.84	-20.15219
11.51	-22.02835
11.14	-23.72794
10.79	-25.73653
10.44	-27.63477
10.08	-29.533
9.73	-31.38709
9.37	-33.28533
9.01	-35.09528
8.63	-36.90522
8.27	-38.67102
7.87	-40.48096
7.5	-42.26883
7.11	-44.03463
6.73	-45.75629
6.35	-47.50002
5.96	-49.15546
5.56	-50.8771
5.17	-52.5546
4.77	-54.21005
4.37	-55.84345
3.99	-57.43265
3.58	-59.02185
3.19	-60.54485
2.79	-62.1341
2.37	-63.6571
1.97	-65.22425
1.57	-66.7914
1.15	-68.2923
0.74	-69.8153
0.33	-71.2721
-0.08	-72.75095
-0.47	-74.20775
-0.9	-75.70865
-1.3	-77.23165
-1.72	-78.7326
-2.11	-80.29975
-2.53	-81.75655
-2.93	-83.25745
-3.36	-84.8246
-3.76	-86.3476
-4.16	-87.8706
-4.55	-89.43775
-4.95	-91.027
-5.34	-92.5279
-5.74	-94.073
-6.15	-95.61805
-6.54	-97.1411
-6.94	-98.7082
-7.36	-100.2533
-7.75	-101.8204
-8.16	-103.3876
-8.56	-104.9106
-8.97	-106.4336
-9.41	-107.9566
-9.79	-109.4576
-10.2	-110.9364
-10.67	-113.0112
-11.07	-114.2031
-11.48	-115.682
-11.91	-117.1167
-12.32	-118.5956
-12.72	-120.0965
-13.07	-121.3104
-13.47	-122.701
-13.88	-124.0916
-14.28	-125.438
-14.72	-126.8065
-15.15	-128.153
-15.56	-129.4993
-15.98	-130.8237
-16.41	-132.1481
-16.83	-133.3841
-17.25	-134.6643
-17.69	-135.79
-18.12	-137.004
-18.54	-138.1297
-18.98	-139.2775
-19.4	-140.3811
-20.26	-142.5222
-21.14	-144.619
-22.04	-146.5835
-22.88	-148.5258
-23.8	-150.2696
-24.73	-151.9913
-25.58	-153.5363
-26.08	-154.2867
-26.95	-155.6994
-27.9	-157.09
-28.82	-158.326
-29.75	-159.4297
-30.7	-160.4671
-31.65	-161.3721
-32.61	-162.1225
-33.57	-162.8067
-34.07	-163.1158
-35.02	-163.4248
-35.64	-163.0937
-36.28	-162.8509
-36.82	-162.5198
-37.15	-161.1513
-37.11	-158.8558
-36.81	-155.876
-36.43	-152.7417
-36.07	-149.6074
-35.69	-146.5835
-35.38	-143.6037
-35.05	-140.6018
-34.69	-137.6662
-34.34	-134.7305
-33.98	-131.8391
-33.62	-128.9696
-33.25	-126.1002
-32.9	-123.2308
-32.56	-120.3834
-32.19	-117.5802
-31.82	-114.799
-31.51	-112.0842
-31.12	-109.3472
-30.79	-106.5881
-30.43	-103.9174
-30.1	-101.2686
-29.71	-98.5758
-29.37	-95.9271
-29.01	-93.30045
-28.64	-90.7842
-28.27	-88.17965
-27.9	-85.6192
-27.57	-83.19125
-27.19	-80.8957
-26.84	-78.6443
-26.42	-76.37085
-26.13	-73.89875
-25.76	-71.40455
-25.42	-68.9324
-25.06	-66.48235
-24.7	-64.03235
-24.35	-61.6485
-24	-59.2426
-23.66	-56.9029
-23.29	-54.62945
-22.97	-52.37805
-22.6	-50.21495
-22.24	-48.16219
-21.86	-46.06531
-21.53	-44.03463
-21.16	-41.91568
-20.77	-39.86293
-20.45	-37.76605
-20.1	-35.77952
-19.74	-33.68264
-19.37	-31.62989
-19.03	-29.59922
-18.67	-27.54648
-18.33	-25.53788
-17.99	-23.50721
-17.64	-21.54276
-17.29	-19.57831
-16.92	-17.52556
-16.59	-15.49489
-16.24	-13.46422
-15.89	-11.4777
-15.56	-9.469105
-15.19	-7.50465
-14.88	-5.540195
-14.58	-3.641963
-14.25	-1.721655
-13.93	0.1986525
-13.63	1.964453
-13.43	3.068078
-13.18	4.436573
-12.71	7.39429
-12.4	9.44703
-12.11	11.54392
-11.79	13.4863
-11.5	15.20795
-11.31	16.35572
-11.04	17.70214
-10.79	19.13686
-10.41	21.89592
-10.17	23.30856
-9.88	24.56669
-9.68	25.93519
-9.25	28.4956
-9	30.19518
-8.7	31.74026
-8.42	33.35154
-8.13	35.13942
-7.77	37.10387
-7.42	39.06833
-7.03	41.05485
-6.65	43.10759
-6.26	45.13826
-5.86	47.21308
-5.45	49.24375
-5.06	51.2965
-4.65	53.283
-4.23	55.3137
-3.84	57.34435
-3.42	59.37505
-3.01	61.36155
-2.56	63.326
-2.15	65.3346
-1.74	67.3211
-1.3	69.2856
-0.87	71.29415
-0.44	73.25865
0	75.2231
0.39	77.1213
0.83	79.08575
1.27	81.02815
1.7	82.9926
2.11	84.86875
2.55	86.72285
2.98	88.64315
3.39	90.5414
3.82	92.41755
4.25	94.24955
4.71	96.0816
5.13	97.89155
5.55	99.7015
5.99	101.4452
6.39	103.211
6.82	104.9768
7.24	106.6984
7.67	108.3539
8.09	109.9652
8.51	111.6207
8.94	113.1878
9.37	114.9094
9.8	116.4986
10.22	118.1982
10.67	119.7654
11.11	121.3546
11.55	122.8776
12.01	124.3785
12.45	125.725
12.88	127.0051
13.33	128.3516
13.75	129.5876
14.19	130.7133
14.61	131.9274
15.07	133.0972
15.5	134.2449
15.94	135.3707
16.37	136.4964
16.84	137.7324
17.29	138.8581
18.24	140.9108
19.15	142.8753
20.13	144.7956
21.02	146.451
21.97	147.9961
22.85	149.3646
23.72	150.6448
24.59	151.8808
25.49	152.9404
26.41	153.9557
27.32	154.7944
28.27	155.5891
29.12	156.2292
30.04	156.7148
30.94	157.2003
31.84	157.5094
32.77	157.6638
33.68	157.7301
34.61	157.7963
35.51	157.6197
36.4	157.4431
37.34	157.1341
38.23	156.7589
39.1	156.2071
39.89	155.6994
40.65	155.2359
41.34	154.64
42	154.2647
42.66	153.8895
43.3	153.5584
43.93	152.9845
44.53	152.4989
45.07	152.0354
45.8	151.307
46.48	150.7773
47.17	150.2917
48.01	149.6516
48.68	149.2101
49.34	148.6142
50	148.1286
50.67	147.6429
51.32	147.1573
51.99	146.6497
52.66	146.1199
53.34	145.5681
53.96	144.8839
54.25	143.7802
54.3	142.5663
54.34	141.3523
54.69	142.5442
55.21	141.882
55.76	142.8753
55.8	141.0654
55.8	139.6747
55.62	137.291
55.4	135.1057
55.17	132.9868
54.96	130.7354
54.7	128.3074
54.36	125.1069
53.98	121.5091
53.6	117.9113
53.23	114.4901
52.86	111.0247
52.48	107.5593
52.1	104.2484
51.72	100.8934
51.35	97.56045
50.98	94.3158
50.6	91.0049
50.22	87.76025
49.85	84.53765
49.47	81.35925
49.1	78.247
48.72	75.17895
48.35	72.155
47.99	69.2635
47.61	66.34995
47.24	63.45845
46.86	60.6111
46.49	57.82995
46.12	55.2254
45.73	52.7533
45.37	50.28115
44.99	47.85318
44.63	45.44727
44.27	43.10759
43.92	40.74583
43.6	38.69309
43.31	36.75071
43.04	34.94077
42.72	32.88802
42.38	30.70285
42.05	28.58389
41.72	26.487
41.4	24.50047
41.12	22.84504
40.89	21.41032
40.5	19.181
40.33	18.03323
40.05	16.22329
39.81	14.7665
39.46	12.62547
39.25	11.16868
39	9.491175
38.79	8.12268
38.45	6.11408
38.18	4.282065
37.96	2.869425
37.72	1.41264
37.37	-0.662175
37.15	-1.964453
36.91	-3.377093
36.65	-4.811805
36.37	-6.35688
36.1	-8.05646
35.79	-9.80019
35.47	-11.54392
35.15	-13.35386
34.82	-15.09759
34.49	-16.84132
34.16	-18.69541
33.83	-20.43913
33.49	-22.27115
33.15	-24.05902
32.8	-25.89104
32.42	-27.70098
32.05	-29.57715
31.67	-31.38709
31.3	-33.13082
30.93	-34.89662
30.54	-36.68449
30.15	-38.42823
29.77	-40.14988
29.37	-41.82739
29	-43.41661
28.6	-45.13826
28.18	-46.81578
27.79	-48.38292
27.4	-49.99421
26.98	-51.6055
26.58	-53.1285
26.16	-54.6515
25.75	-56.15245
25.29	-57.60925
24.87	-59.02185
24.46	-60.4566
24.04	-61.803
23.59	-63.1053
23.14	-64.40755
22.7	-65.68775
22.26	-66.9459
21.81	-68.1599
21.36	-69.30765
20.92	-70.4775
20.47	-71.6032
19.56	-73.81045
18.64	-75.8411
17.71	-77.82765
16.79	-79.7921
15.85	-81.60205
14.93	-83.412
13.98	-85.0895
13.04	-86.78905
12.1	-88.3783
11.13	-89.9896
10.18	-91.5788
9.24	-93.14595
8.31	-94.66895
7.34	-96.1478
6.39	-97.73705
5.48	-99.3042
4.53	-100.8934
3.57	-102.5047
2.66	-104.1601
1.71	-105.8376
0.76	-107.5814
-0.15	-109.4576
-1.08	-111.3116
-1.97	-113.1657
-2.9	-115.1081
-3.77	-117.1609
-4.71	-119.1032
-5.58	-121.156
-6.51	-123.2308
-7.36	-125.2835
-8.26	-127.3363
-9.14	-129.3448
-10.03	-131.3314
-10.92	-133.2737
-11.77	-135.0837
-12.67	-136.9378
-13.55	-138.7478
-14.47	-140.3811
-15.37	-142.0586
-16.26	-143.5374
-17.2	-144.9942
-18.11	-146.429
-19.03	-147.6871
-19.95	-148.8569
-20.84	-149.8943
-21.78	-150.9317
-22.29	-151.3291
-23.2	-152.1458
-24.06	-152.7417
-24.92	-153.3156
-25.8	-153.8895
-26.72	-154.375
-27.23	-154.5075
-28.18	-154.8165
-29.21	-155.0814
-30.16	-154.7503
-31.08	-154.4413
-31.94	-154.1102
-32.91	-153.5804
-33.86	-152.9404
-34.77	-152.3002
-35.72	-151.6822
-36.27	-151.3291
-37.18	-150.6448
-37.7	-150.3358
-38.6	-149.4971
-39.46	-148.8349
-40.29	-148.0844
-41.16	-147.334
-42.05	-146.5614
-42.9	-145.7227
-43.76	-144.7735
-44.61	-143.9127
-45.5	-142.8974
-46.37	-141.9924
-47.24	-140.9329
-48.12	-140.028
-48.98	-139.1671
-49.8	-138.2842
-50.67	-137.3571
-51.53	-136.4081
-52.39	-135.5693
-53.22	-134.7968
-54.13	-133.958
-54.95	-133.2076
-55.74	-132.4792
-56.24	-132.1039
-57	-131.3976
-57.67	-130.2498
-57.77	-128.7047
-57.87	-127.3804
-57.94	-126.2547
-57.99	-124.7758
-57.98	-123.3411
-58.03	-121.8402
-57.84	-120.3834
-57.66	-118.9267
-57.46	-117.3595
-57.18	-115.2405
-56.78	-112.5918
-56.43	-109.8327
-56.07	-107.1179
-55.74	-104.4691
-55.4	-101.8425
-55.06	-99.23795
-54.7	-96.58925
-54.36	-94.02885
-54	-91.4905
-53.6	-88.90805
-53.3	-86.4359
-52.94	-83.98585
-52.6	-81.51375
-52.25	-79.08575
-51.87	-76.6357
-51.5	-74.2519
-51.15	-71.95635
-50.79	-69.79325
-50.42	-67.47565
-50.08	-65.13595
-49.75	-62.79625
-49.44	-60.4566
-49.08	-58.13895
-48.72	-55.90965
-48.38	-53.56995
-48.02	-51.2744
-47.67	-49.00095
-47.36	-46.72748
-47.03	-44.47609
-46.66	-42.24677
-46.32	-40.08366
-45.96	-37.89848
-45.6	-35.77952
-45.3	-33.66056
-44.94	-31.56367
-44.56	-29.59922
-44.22	-27.63477
-43.87	-25.73653
-43.51	-23.86037
-43.15	-21.96214
-42.81	-20.0639
-42.46	-17.94494
-42.13	-16.24536
-41.78	-14.32505
-41.4	-12.38267
-41.03	-10.41822
-40.71	-8.47584
-40.32	-6.511385
-39.95	-4.59108
-39.61	-2.670773
-39.29	-0.8608275
-38.93	0.9932625
-38.59	2.759063
-38.29	3.862688
-38.19	5.2974
-38.03	7.52672
-37.78	10.1975
-37.45	12.73583
-37.22	14.65614
-37.01	16.35572
-36.81	17.81251
-36.45	19.46795
-36.14	22.09457
-35.93	23.61757
-35.64	25.11851
-35.47	26.42078
-35.02	29.02534
-34.76	30.50419
-34.48	32.13756
-34.2	33.74885
-33.86	35.66916
-33.5	37.65569
-33.1	39.62014
-32.75	41.56252
-32.34	43.63734
-31.99	45.73422
-31.58	47.83111
-31.13	49.86178
-30.73	51.8483
-30.26	53.8569
-29.9	55.90965
-29.47	57.8079
-29.01	59.75025
-28.59	61.7147
-28.1	63.61295
-27.64	65.4229
-27.25	67.23285
-26.78	69.06485
-26.3	70.8086
-25.85	72.53025
-25.36	74.2298
-24.92	75.8411
-24.46	77.43035
-23.98	78.99745
-23.5	80.54255
-23.03	82.0435
-22.54	83.3899
-22.13	84.8246
-21.61	86.1269
-21.16	87.45125
-20.69	88.6873
-20.22	89.9675
-19.74	91.1815
-19.28	92.43965
-18.84	93.56535
-18.37	94.7131
-17.88	95.905
-17.38	96.9645
-16.48	99.1055
-15.53	101.1141
-14.57	103.0786
-13.66	104.8885
-12.76	106.6322
-11.86	108.1553
-11.39	109.3472
-10.44	111.2454
-9.46	112.967
-8.5	114.6225
-7.51	116.1675
-6.5	117.7126
-5.56	119.1694
-4.6	120.5379
-3.63	122.0168
-2.65	123.2529
-1.7	124.5331
-0.73	125.747
-0.22	126.343
0.77	127.4687
1.75	128.4619
2.7	129.4332
3.2	129.8525
4.21	130.6913
4.74	131.0665
5.72	131.7728
6.22	132.0598
6.72	132.4571
7.29	132.744
8.25	133.2517
8.76	133.4945
9.27	133.7152
9.79	133.8918
10.3	134.0463
10.82	134.1788
11.34	134.3112
12.37	134.5319
12.88	134.554
13.41	134.5319
13.92	134.576
14.45	134.5319
14.95	134.4657
15.49	134.3112
16.01	134.267
16.56	134.1566
17.07	133.958
17.63	133.8697
18.17	133.649
18.69	133.4945
19.22	133.2958
19.78	133.1192
20.31	132.9206
20.85	132.7661
21.4	132.5233
21.95	132.2805
22.47	132.0818
23.02	131.8391
23.57	131.5963
24.15	131.4638
24.82	130.3161
25.54	128.6165
26.13	127.7115
26.72	127.4025
27.36	126.4975
28.01	125.2615
28.59	124.9745
29.29	123.4073
29.89	122.8556
30.57	121.2001
31.13	120.582
31.81	119.5888
32.5	118.4631
33.06	118.3969
33.65	118.1761
34.19	117.9555
34.86	116.9843
36.32	111.6207
36.9	111.3337
37.44	111.3779
38.09	110.7157
38.84	108.3539
39.41	107.9125
39.93	107.9787
40.51	107.9787
41.18	106.8751
42.06	103.3655
42.91	99.7677
43.73	96.21405
44.56	92.9473
45.11	92.5279
45.61	92.96935
46.15	93.4329
46.65	93.85225
47.17	94.11715
47.92	93.8964
48.5	93.4991
48.83	91.9982
49.34	88.00305
49.84	84.22865
50.1	83.01465
50.97	79.8583
51.46	78.53395
51.68	77.3641
51.72	76.2384
51.94	74.3181
52.01	73.2145
52.41	74.6492
52.75	75.9294
53.42	76.28255
53.78	71.8239
54.01	69.96985
54.25	68.5351
54.77	67.5639
