Galeota 1996 Specimen BB4	
3118	
0.09	1.619
0.16	2.655
0.24	4.273
0.31	5.957
0.39	7.381
0.46	8.676
0.53	10.165
0.6	11.784
0.7	13.338
0.78	14.697
0.86	15.733
0.96	17.87
1.03	19.1
1.14	21.496
1.24	22.791
1.34	25.251
1.41	26.87
1.51	28.165
1.61	30.625
1.71	32.179
1.79	33.733
1.86	35.222
1.94	36.517
2.02	37.876
2.11	39.171
2.2	40.79
2.29	42.15
2.39	44.092
2.54	46.293
2.63	47.912
2.73	49.466
2.83	51.149
2.92	52.574
3.04	53.998
3.13	55.358
3.22	56.782
3.31	58.271
3.4	59.437
3.54	61.638
3.64	63.127
3.74	64.94
3.84	66.429
3.94	68.048
4.04	69.408
4.14	71.091
4.25	72.71
4.35	74.005
4.46	75.688
4.56	77.112
4.66	78.407
4.77	80.156
4.87	81.515
4.97	83.004
5.07	84.105
5.23	86.177
5.38	87.99
5.49	89.479
5.58	90.839
5.74	92.652
5.85	94.076
6	95.889
6.16	97.637
6.27	99.061
6.43	100.615
6.58	102.558
6.75	104.306
6.91	105.924
7.07	107.802
7.23	109.615
7.4	111.428
7.51	112.593
7.73	114.795
7.91	116.09
8.01	117.385
8.18	119.133
8.41	120.169
8.58	121.917
8.75	123.471
8.92	125.154
9.05	127.485
9.31	128.715
9.49	130.075
9.72	131.37
9.89	132.924
10.12	134.542
10.29	136.031
10.47	137.197
10.71	138.686
10.94	140.434
11.18	142.182
11.42	143.607
11.65	144.966
11.83	146.391
12.12	147.945
12.36	149.369
12.66	151.182
12.9	152.671
13.14	153.966
13.44	155.714
13.74	157.462
13.98	158.887
14.28	160.376
14.52	161.736
14.76	163.03
15.11	164.649
15.41	166.591
15.71	167.951
16.01	169.311
16.24	170.8
16.6	172.224
16.9	173.778
17.21	175.009
17.86	172.807
18.5	173.649
19.22	172.16
19.45	170.606
19.5	169.57
19.4	168.599
19.29	167.304
19.16	166.009
19.05	164.584
18.93	163.289
18.81	161.995
18.69	160.7
18.56	159.469
18.45	158.239
18.33	156.815
18.17	155.261
18.05	154.031
17.93	152.477
17.78	151.052
17.61	149.499
17.48	148.204
17.32	146.261
17.13	144.448
17.01	143.348
16.81	141.341
16.68	139.981
16.49	138.103
16.36	136.873
16.18	134.736
16.05	133.765
15.86	131.693
15.67	130.01
15.53	128.521
15.35	126.708
15.17	125.154
15.04	123.794
14.92	122.241
14.73	120.492
14.6	119.133
14.41	117.449
14.28	115.895
14.09	114.277
13.97	113.047
13.77	110.975
13.6	109.032
13.41	107.219
13.21	105.406
13.09	104.112
12.9	102.299
12.77	101.004
12.59	98.997
12.4	97.572
12.19	95.954
12	94.464
11.86	93.105
11.67	91.357
11.5	89.479
11.35	87.99
11.13	85.983
10.92	84.235
10.78	82.227
10.64	81.062
10.5	79.573
10.35	77.566
10.2	76.53
10.06	74.911
9.85	72.969
9.71	71.156
9.57	70.185
9.43	68.501
9.29	66.947
9.08	65.199
8.93	63.322
8.76	61.444
8.57	59.372
8.39	57.559
8.21	55.617
8.04	53.804
7.85	51.797
7.67	49.854
7.5	48.171
7.32	46.034
7.15	44.286
6.98	42.15
6.8	40.402
6.65	38.394
6.48	36.581
6.32	34.769
6.16	33.02
6.01	31.272
5.85	29.459
5.71	27.776
5.57	26.352
5.43	24.539
5.3	23.114
5.17	21.69
5.03	20.201
4.91	18.647
4.78	17.158
4.63	15.345
4.48	13.791
4.29	11.525
4.13	9.323
3.99	8.029
3.88	6.28
3.77	5.05
3.62	3.496
3.51	2.072
3.36	0.453
3.22	-1.295
3.11	-2.59
2.97	-4.467
2.87	-5.762
2.76	-7.057
2.64	-8.546
2.53	-10.165
2.41	-11.46
2.3	-13.079
2.18	-14.438
2.06	-16.122
1.93	-17.481
1.81	-19.489
1.67	-21.042
1.54	-22.596
1.41	-24.28
1.28	-26.157
1.16	-27.841
1.02	-29.718
0.88	-31.467
0.75	-33.02
0.61	-34.833
0.46	-36.258
0.33	-38.006
0.21	-39.56
0.08	-40.919
-0.06	-42.473
-0.18	-43.898
-0.31	-45.775
-0.44	-46.941
-0.64	-48.948
-0.77	-50.113
-0.89	-51.538
-1.02	-53.092
-1.15	-54.451
-1.27	-56.07
-1.4	-57.43
-1.53	-59.178
-1.67	-60.602
-1.86	-62.48
-1.99	-64.034
-2.12	-65.393
-2.28	-66.818
-2.52	-68.825
-2.66	-70.055
-2.8	-71.544
-2.94	-72.839
-3.09	-74.199
-3.3	-76.595
-3.44	-77.501
-3.59	-79.12
-3.74	-80.803
-3.88	-82.163
-4.09	-83.911
-4.23	-85.465
-4.37	-86.889
-4.55	-88.184
-4.72	-89.932
-4.85	-91.098
-5.04	-92.846
-5.21	-94.4
-5.39	-95.954
-5.57	-97.507
-5.7	-98.932
-5.88	-100.486
-6.06	-102.104
-6.24	-103.464
-6.43	-105.018
-6.56	-106.248
-6.74	-107.867
-6.97	-109.485
-7.16	-110.975
-7.35	-112.529
-7.54	-114.018
-7.77	-115.442
-7.97	-116.802
-8.16	-118.291
-8.35	-119.392
-8.54	-120.751
-8.73	-122.241
-8.97	-123.6
-9.22	-125.154
-9.47	-126.643
-9.71	-128.003
-9.91	-129.363
-10.1	-130.852
-10.4	-132.082
-10.6	-133.636
-10.85	-134.931
-11.15	-136.42
-11.45	-137.844
-11.71	-139.333
-12.02	-141.082
-12.39	-142.636
-12.68	-144.189
-13.03	-145.679
-13.35	-147.103
-13.6	-148.592
-13.93	-149.887
-14.3	-151.311
-14.7	-152.865
-15.09	-153.966
-15.4	-155.52
-15.71	-156.621
-16.02	-158.175
-16.38	-159.534
-16.7	-161.023
-17.09	-162.512
-17.43	-163.743
-17.83	-165.167
-18.38	-166.527
-18.88	-167.886
-19.57	-166.527
-20.15	-167.692
-20.7	-168.987
-21.14	-169.44
-21.58	-169.699
-22	-171.383
-22.54	-172.937
-22.99	-172.807
-23.11	-170.994
-23.01	-168.987
-22.85	-167.627
-22.69	-165.879
-22.52	-164.325
-22.36	-162.836
-22.19	-161.023
-21.97	-159.469
-21.81	-157.98
-21.64	-156.621
-21.48	-155.002
-21.31	-153.707
-21.14	-152.347
-20.98	-150.664
-20.8	-149.434
-20.64	-147.815
-20.46	-146.585
-20.3	-145.484
-20.14	-143.542
-19.9	-142.182
-19.74	-140.887
-19.57	-139.074
-19.34	-137.521
-19.12	-135.772
-18.89	-134.283
-18.72	-132.859
-18.55	-131.111
-18.38	-130.01
-18.16	-128.068
-17.99	-126.708
-17.76	-124.766
-17.54	-123.406
-17.37	-121.787
-17.19	-120.492
-17	-119.327
-16.8	-117.32
-16.61	-115.831
-16.42	-114.341
-16.22	-113.176
-16.02	-111.234
-15.84	-110.133
-15.64	-108.579
-15.45	-106.831
-15.26	-105.666
-15.07	-104.112
-14.88	-102.169
-14.69	-101.263
-14.49	-99.515
-14.3	-97.831
-14.11	-96.536
-13.85	-94.853
-13.66	-93.299
-13.47	-91.421
-13.29	-90.191
-13.09	-88.767
-12.88	-87.019
-12.66	-85.076
-12.45	-83.522
-12.25	-81.968
-12.03	-80.544
-11.89	-79.314
-11.68	-77.501
-11.47	-76.141
-11.27	-74.199
-11.05	-72.839
-10.92	-71.35
-10.71	-69.731
-10.49	-68.242
-10.29	-66.688
-10.06	-65.264
-9.84	-63.84
-9.63	-62.221
-9.42	-60.861
-9.21	-59.178
-9	-57.559
-8.78	-56.07
-8.5	-53.998
-8.29	-52.768
-8.08	-51.408
-7.95	-50.113
-7.74	-48.495
-7.54	-46.876
-7.35	-44.934
-7.15	-43.25
-6.97	-41.437
-6.77	-39.56
-6.59	-37.876
-6.46	-36.517
-6.27	-34.704
-6.15	-33.409
-5.95	-31.596
-5.82	-30.172
-5.63	-28.294
-5.5	-26.934
-5.31	-24.992
-5.18	-23.438
-5	-21.496
-4.87	-20.33
-4.74	-18.776
-4.55	-16.834
-4.37	-14.892
-4.19	-13.208
-4.07	-11.719
-3.89	-9.906
-3.72	-8.029
-3.55	-6.41
-3.38	-4.597
-3.27	-3.302
-3.08	-2.007
-2.91	-0.388
-2.82	1.295
-2.67	2.849
-2.51	4.726
-2.36	6.475
-2.18	8.158
-2.06	9.712
-1.84	11.331
-1.71	12.625
-1.58	13.985
-1.45	15.345
-1.3	17.093
-1.16	19.035
-1	20.913
-0.89	22.143
-0.73	23.956
-0.57	25.575
-0.41	27.711
-0.25	29.459
-0.13	30.754
0.04	32.438
0.16	33.733
0.28	35.222
0.4	36.517
0.6	38.394
0.73	40.078
0.87	41.243
1.01	42.991
1.15	44.286
1.3	45.84
1.45	47.394
1.6	48.948
1.76	50.696
1.92	52.121
2.08	54.128
2.25	55.552
2.41	57.43
2.57	58.919
2.74	60.538
2.9	62.35
3.08	63.581
3.25	65.588
3.41	67.206
3.57	68.76
3.74	70.508
3.91	71.609
4.09	73.616
4.26	75.105
4.42	76.4
4.6	77.954
4.76	79.184
4.94	80.868
5.16	82.616
5.34	84.17
5.52	85.335
5.7	86.889
5.88	88.443
6.07	89.932
6.34	91.81
6.52	93.299
6.7	94.594
6.97	96.666
7.17	97.896
7.34	99.644
7.54	100.68
7.82	102.817
8	103.917
8.21	105.277
8.47	107.414
8.75	109.227
9.03	110.78
9.31	112.593
9.59	114.6
9.77	115.831
10.05	117.903
10.34	119.586
10.64	121.269
10.94	123.341
11.24	124.895
11.43	126.32
11.63	127.226
11.93	129.427
12.23	131.175
12.53	132.924
12.82	134.866
13.13	136.096
13.32	137.65
13.62	139.398
13.92	141.211
14.22	142.7
14.51	144.448
14.82	146.197
15.12	147.815
15.33	149.045
15.63	150.47
15.93	152.283
16.23	153.966
16.54	155.455
16.84	156.815
17.16	158.563
17.89	158.822
18.21	160.376
18.64	162.254
19.07	163.743
19.65	165.102
20.2	166.851
20.65	166.203
20.74	163.484
20.86	157.916
21.33	159.275
21.72	161.023
22.21	162.642
22.71	164.131
23.25	165.556
23.77	166.591
24.31	167.563
24.87	168.534
25.44	169.052
26.01	169.635
26.57	170.217
27.12	170.8
27.7	171.059
28.28	171.188
28.86	171.447
29.46	171.512
30.05	171.188
30.66	170.088
31.45	168.534
32.07	167.563
32.72	166.656
33.38	165.426
34.05	164.39
34.92	163.289
35.79	162.124
36.39	160.7
37.28	159.146
38.03	157.721
38.94	156.426
39.45	155.067
39.54	153.966
39.68	152.606
40.15	152.412
40.01	151.052
39.85	149.175
39.68	147.945
39.51	146.391
39.34	144.902
39.16	143.283
39	141.794
38.81	140.499
38.63	139.074
38.45	137.391
38.3	135.772
38.13	134.672
37.95	133.118
37.79	131.629
37.61	130.075
37.44	128.456
37.26	127.161
37.09	125.866
36.92	124.312
36.75	123.017
36.57	121.464
36.41	120.039
36.22	118.615
36.06	117.255
35.89	115.701
35.71	114.406
35.52	113.176
35.37	111.816
35.19	110.327
35.01	108.773
34.85	107.737
34.66	105.989
34.5	104.63
34.22	102.622
34.07	101.069
33.8	99.191
33.61	97.702
33.46	96.213
33.19	94.594
33.02	93.04
32.85	91.551
32.58	89.738
32.42	88.443
32.14	86.177
31.97	85.076
31.72	82.875
31.53	81.386
31.34	80.026
31.15	78.602
30.87	76.465
30.68	75.041
30.41	72.969
30.23	71.803
30.03	70.055
29.85	68.76
29.57	66.883
29.39	65.199
29.12	63.192
28.93	61.897
28.65	59.825
28.36	58.271
28.18	56.782
27.91	54.775
27.72	53.415
27.45	51.667
27.26	50.372
26.98	48.495
26.8	47.394
26.53	45.193
26.26	43.445
25.99	41.437
25.72	39.689
25.54	38.394
25.29	36.646
25.1	35.287
24.85	33.668
24.59	32.179
24.32	30.431
24.07	28.618
23.82	27.258
23.57	25.51
23.33	24.15
23.11	22.661
22.87	20.913
22.57	19.23
22.29	17.805
22.06	16.251
21.83	14.697
21.55	13.273
21.35	11.784
21.1	10.618
20.83	8.935
20.56	7.511
20.32	6.021
19.91	3.95
19.61	2.655
19.32	1.36
18.97	-0.583
18.67	-1.813
18.37	-3.237
18.09	-5.05
17.76	-6.604
17.45	-8.611
16.9	-10.554
16.56	-11.913
16.3	-13.532
15.96	-15.086
15.73	-16.445
15.38	-18.582
15.14	-20.136
14.76	-22.208
14.44	-23.438
14.23	-24.992
13.94	-26.157
13.62	-27.841
13.33	-29.654
13.01	-31.013
12.77	-32.308
12.46	-33.797
12.09	-35.675
11.78	-36.97
11.23	-38.589
10.92	-40.143
10.62	-41.373
10.31	-42.927
10	-44.351
9.68	-45.84
9.31	-47.588
8.93	-49.142
8.55	-50.437
8.24	-51.603
7.86	-53.351
7.54	-54.71
7.16	-56.2
6.77	-57.818
6.39	-59.113
6.07	-60.473
5.49	-61.509
5.18	-62.868
4.93	-64.228
4.62	-65.588
4.3	-66.688
4.03	-68.242
3.71	-69.731
3.31	-71.35
2.93	-72.839
2.6	-74.264
2.29	-76.141
1.91	-77.307
1.59	-78.861
1.27	-80.35
0.96	-81.58
0.65	-83.069
0.33	-84.429
0.02	-85.983
-0.29	-87.537
-0.6	-88.961
-0.9	-90.385
-1.39	-91.875
-1.69	-93.299
-1.93	-94.788
-2.23	-96.277
-2.47	-97.831
-2.76	-99.191
-3.07	-100.615
-3.31	-102.169
-3.6	-103.464
-3.91	-104.953
-4.14	-106.313
-4.43	-107.867
-4.74	-109.227
-4.98	-110.457
-5.28	-111.816
-5.52	-113.435
-5.82	-114.665
-6.11	-116.284
-6.41	-117.644
-6.71	-119.197
-7.25	-120.428
-7.54	-121.982
-7.83	-123.406
-8.06	-124.895
-8.36	-126.255
-8.65	-127.744
-8.94	-129.104
-9.23	-130.399
-9.53	-131.952
-9.83	-133.183
-10.12	-134.672
-10.42	-136.031
-10.77	-137.521
-11.13	-138.945
-11.46	-140.693
-11.94	-141.535
-12.25	-142.7
-12.55	-144.384
-12.89	-145.938
-13.24	-147.232
-13.62	-148.851
-13.98	-150.017
-14.4	-151.7
-14.76	-153.124
-15.12	-154.225
-15.55	-155.908
-15.92	-157.268
-16.34	-158.304
-16.77	-160.117
-17.27	-161.088
-17.7	-162.577
-17.83	-161.282
-18.25	-163.03
-18.68	-164.196
-19.17	-165.944
-19.61	-167.174
-20.1	-168.34
-20.64	-169.376
-21.2	-170.347
-21.72	-171.188
-22.31	-172.03
-22.76	-171.447
-23.31	-172.289
-23.84	-172.937
-24.37	-173.39
-24.92	-173.843
-25.41	-173.714
-25.85	-172.483
-26.39	-173.584
-26.97	-174.037
-27.49	-174.296
-28.08	-172.483
-28.57	-172.613
-29.09	-173.196
-29.6	-173.066
-30.12	-173.584
-30.67	-173.39
-31.2	-173.26
-31.75	-173.39
-32.31	-173.196
-32.88	-172.613
-33.44	-171.901
-33.98	-170.8
-34.55	-170.8
-35.13	-170.606
-35.75	-170.153
-36.36	-169.699
-36.56	-168.275
-37.05	-167.951
-37.61	-167.692
-38.19	-167.627
-38.71	-167.174
-39.23	-166.397
-39.75	-166.268
-40.28	-165.685
-40.47	-164.39
-40.93	-164.325
-41.39	-163.937
-41.87	-163.743
-42.27	-163.225
-42.67	-162.772
-43.08	-162.383
-43.46	-161.865
-43.81	-161.541
-43.98	-159.923
-44.32	-159.858
-44.37	-158.563
-44.77	-158.369
-44.97	-156.426
-44.76	-154.614
-44.55	-152.801
-44.32	-151.052
-44.11	-149.304
-43.92	-147.75
-43.69	-146.391
-43.49	-144.643
-43.23	-142.894
-42.72	-139.269
-42.51	-137.521
-42.28	-136.031
-42.08	-134.672
-41.86	-132.924
-41.65	-131.564
-41.43	-130.075
-41.21	-128.65
-40.99	-126.902
-40.71	-125.219
-40.53	-123.859
-40.34	-122.435
-40.08	-120.881
-39.81	-119.003
-39.62	-117.838
-39.36	-115.636
-39.1	-114.277
-38.91	-112.723
-38.67	-111.234
-38.39	-109.421
-38.05	-107.025
-37.78	-105.601
-37.58	-104.306
-37.33	-102.558
-37.06	-100.939
-36.78	-99.191
-36.51	-97.443
-36.25	-95.889
-35.98	-94.076
-35.8	-92.846
-35.54	-91.033
-35.27	-89.738
-35	-87.86
-34.75	-86.112
-34.48	-84.429
-34.21	-82.422
-33.94	-81.256
-33.75	-80.026
-33.48	-78.213
-33.22	-76.853
-32.95	-75.041
-32.59	-73.098
-32.32	-71.739
-32.04	-70.185
-31.67	-68.178
-31.3	-66.235
-31.02	-64.94
-30.74	-63.386
-30.38	-61.638
-30.01	-59.955
-29.72	-58.53
-29.45	-57.3
-29.17	-55.876
-28.89	-54.646
-28.63	-52.638
-28.35	-51.214
-28.07	-49.79
-27.79	-48.301
-27.52	-46.941
-27.25	-45.387
-26.98	-43.768
-26.71	-42.344
-26.42	-40.531
-26.15	-38.912
-25.87	-37.423
-25.59	-36.064
-25.32	-34.251
-25.04	-33.15
-24.72	-31.467
-24.36	-29.654
-24.09	-28.1
-23.8	-26.805
-23.52	-25.251
-23.24	-23.697
-22.96	-22.208
-22.67	-20.783
-22.4	-19.294
-22.11	-17.87
-21.83	-16.445
-21.47	-15.086
-21.18	-13.273
-20.82	-11.331
-20.54	-10.23
-20.27	-8.676
-19.91	-6.669
-19.54	-5.374
-19.18	-3.561
-18.76	-2.201
-18.47	-0.583
-17.98	-0.842
-17.75	0.906
-17.51	2.655
-17.15	4.597
-16.8	5.568
-16.49	6.928
-16.16	8.87
-15.79	10.618
-15.31	11.913
-14.83	13.079
-14.52	14.438
-14.26	15.928
-14	17.287
-13.67	18.776
-13.41	20.201
-13.06	21.69
-12.69	23.309
-12.33	25.057
-11.97	26.416
-11.6	27.776
-11.25	29.459
-10.88	30.819
-10.52	32.438
-10.14	33.992
-9.66	35.74
-9.26	37.294
-8.77	38.848
-8.38	40.596
-8.07	41.826
-7.66	43.186
-7.24	44.804
-6.83	46.293
-6.42	47.653
-6.11	49.013
-5.69	50.308
-5.27	51.862
-4.86	53.804
-4.44	55.228
-4.01	56.717
-3.7	57.818
-3.28	59.243
-2.97	60.538
-2.54	62.091
-2.23	63.192
-1.91	64.876
-1.49	66.753
-1.19	67.983
-0.64	69.537
-0.31	70.832
0.1	72.386
0.42	74.264
0.73	75.559
1.16	77.112
1.58	78.731
1.9	80.026
2.31	81.127
2.63	82.81
3.01	84.17
3.42	85.335
3.73	86.889
4.06	88.119
4.49	89.673
4.92	91.486
5.36	92.781
5.79	94.335
6.12	96.018
6.55	97.313
6.99	99.191
7.42	100.615
7.87	101.975
8.2	103.27
8.63	104.565
9.07	106.119
9.4	107.478
9.83	108.644
10.29	110.327
10.71	111.946
11.16	113.176
11.61	114.795
12.16	115.831
12.61	117.061
12.94	118.485
13.39	119.91
13.94	121.205
14.39	122.564
14.96	123.859
15.52	125.478
16.09	126.773
16.55	128.327
17.11	129.233
17.57	130.657
18.14	131.434
18.72	132.924
19.29	133.765
19.88	135.319
20.44	136.226
21.03	137.521
21.6	138.297
22.18	139.139
22.77	140.434
23.35	141.146
23.93	142.312
24.52	142.959
25.11	143.866
25.7	144.513
26.28	145.29
26.87	146.002
27.47	146.52
28.07	147.491
28.66	147.621
29.25	148.074
29.86	148.398
30.46	149.045
31.09	149.369
31.69	149.369
32.3	150.017
32.94	150.146
33.56	149.952
34.18	150.405
34.78	151.247
35.41	150.664
36.04	151.117
36.66	151.052
37.3	150.729
37.93	150.923
38.59	150.211
39.23	150.405
39.72	148.916
39.79	147.75
39.92	146.067
39.69	143.736
39.46	142.247
39.26	139.851
38.95	137.521
38.81	136.096
38.49	133.765
38.36	132.341
38.13	130.722
37.93	128.974
37.7	127.614
37.48	125.802
37.27	123.6
37.05	121.917
36.85	120.233
36.62	118.679
36.41	116.543
36.19	114.924
35.98	113.629
35.76	111.493
35.54	110.327
35.34	107.867
35.11	106.378
34.9	104.824
34.68	103.399
34.46	101.457
34.24	99.903
34.02	98.349
33.81	96.536
33.59	94.529
33.39	92.781
33.15	90.903
32.86	89.738
32.73	87.731
32.51	86.112
32.3	84.688
32.08	82.94
31.87	81.127
31.64	79.573
31.44	78.148
31.22	76.271
31.01	74.911
30.79	72.969
30.58	71.544
30.36	70.185
30.14	68.501
29.94	66.883
29.72	65.199
29.51	63.581
29.17	61.379
28.97	59.761
28.76	58.336
28.54	57.106
28.33	55.228
28.12	53.869
27.92	52.444
27.7	50.89
27.38	48.818
27.17	47.135
26.95	45.646
26.63	43.833
26.33	41.632
26.12	40.078
25.82	38.265
25.62	37.035
25.42	35.481
25.1	33.538
24.82	31.726
24.52	29.524
24.22	28.1
23.94	26.157
23.66	24.15
23.39	22.855
23.1	21.431
22.93	20.007
22.62	18.258
22.36	17.093
22.11	15.345
21.86	14.05
21.61	12.431
21.32	10.942
21	9.518
20.74	8.029
20.45	6.863
20.14	5.18
19.84	3.755
19.54	2.655
19.13	1.165
18.86	-0.647
18.49	-1.554
18.15	-3.237
17.84	-4.856
17.53	-6.863
17.18	-8.676
16.58	-9.323
16.3	-10.877
15.93	-12.561
15.56	-14.309
15.26	-15.733
14.99	-17.093
14.71	-18.388
14.42	-19.942
14.14	-21.172
13.95	-22.855
13.55	-24.539
13.26	-25.898
12.69	-27.258
12.4	-29.2
12.1	-30.754
11.69	-32.826
11.4	-34.056
11.09	-35.805
10.68	-37.488
10.3	-38.589
9.8	-40.143
9.51	-41.632
9.2	-42.991
8.79	-44.739
8.49	-46.034
8.18	-47.653
7.78	-49.336
7.36	-50.696
6.77	-52.185
6.48	-53.351
6.17	-54.71
5.76	-56.07
5.45	-57.365
5.03	-59.113
4.45	-60.084
4.13	-61.573
3.83	-62.933
3.52	-64.293
3.1	-66.17
2.68	-67.595
2.26	-69.149
1.83	-71.026
1.23	-71.544
0.92	-72.645
0.61	-74.264
0.29	-75.494
-0.14	-76.853
-0.46	-78.343
-0.89	-80.156
-1.32	-81.709
-1.84	-81.968
-2.25	-83.781
-2.57	-84.882
-3	-86.824
-3.42	-88.378
-3.86	-89.997
-4.28	-91.486
-4.78	-92.069
-5.1	-93.493
-5.53	-95.047
-5.96	-96.731
-6.38	-97.961
-6.71	-99.256
-7.15	-100.81
-7.65	-101.263
-8.07	-102.946
-8.4	-104.047
-8.72	-105.406
-9.15	-107.025
-9.58	-108.709
-10.13	-110.327
-10.66	-110.716
-10.98	-111.881
-11.41	-113.435
-11.85	-114.989
-12.29	-116.349
-12.74	-117.773
-13.2	-119.327
-13.71	-119.327
-14.04	-120.751
-14.49	-122.241
-14.93	-123.6
-15.38	-124.895
-15.83	-126.19
-16.35	-126.19
-16.79	-127.55
-17.25	-129.298
-17.7	-130.657
-18.27	-132.276
-18.8	-131.952
-19.35	-133.571
-19.82	-135.06
-20.39	-136.42
-20.98	-137.974
-21.5	-137.326
-22.07	-139.074
-22.64	-140.693
-23.23	-141.794
-23.82	-143.024
-24.34	-142.571
-24.92	-144.189
-25.51	-145.484
-26.1	-146.585
-26.71	-147.362
-27.24	-147.103
-27.81	-148.398
-28.4	-149.304
-29.01	-150.211
-29.53	-149.887
-30.14	-150.858
-30.75	-151.959
-31.35	-152.801
-31.89	-152.153
-32.49	-153.254
-32.97	-153.901
-33.57	-154.419
-34.13	-153.707
-34.74	-154.678
-35.24	-155.067
-35.73	-155.52
-36.25	-155.973
-36.78	-155.196
-37.28	-155.714
-37.89	-156.362
-38.42	-156.75
-38.98	-155.52
-39.57	-156.103
-40.08	-156.556
-40.59	-156.167
-41.1	-156.426
-41.66	-154.678
-42.12	-154.549
-42.58	-155.261
-43.11	-155.067
-43.61	-155.261
-44.12	-153.319
-44.16	-152.153
-44.22	-150.664
-44.55	-152.153
-44.6	-150.211
-44.35	-148.204
-44.11	-146.197
-43.88	-144.384
-43.66	-142.571
-43.43	-140.693
-43.21	-139.592
-42.99	-137.585
-42.77	-136.226
-42.55	-134.672
-42.35	-133.506
-42.15	-131.823
-41.95	-130.269
-41.73	-128.974
-41.54	-127.42
-41.33	-126.06
-41.03	-124.183
-40.82	-122.953
-40.64	-121.205
-40.44	-119.845
-40.13	-117.773
-39.82	-116.025
-39.65	-114.341
-39.35	-112.529
-39.13	-111.039
-38.85	-109.032
-38.63	-107.867
-38.34	-105.795
-38.13	-104.5
-37.94	-103.205
-37.75	-101.91
-37.54	-100.551
-37.25	-98.349
-36.95	-96.731
-36.75	-95.241
-36.43	-93.623
-36.25	-92.328
-35.95	-90.191
-35.74	-88.961
-35.44	-87.019
-35.14	-85.335
-34.94	-83.717
-34.64	-82.098
-34.45	-80.674
-34.14	-79.12
-33.93	-77.695
-33.63	-76.141
-33.44	-74.717
-33.14	-73.098
-32.93	-71.803
-32.63	-69.926
-32.31	-68.501
-32.02	-66.818
-31.71	-65.07
-31.38	-63.84
-31.08	-61.962
-30.78	-60.667
-30.57	-59.307
-30.25	-57.753
-29.94	-56.264
-29.62	-54.646
-29.32	-53.156
-29.12	-51.667
-28.82	-50.113
-28.51	-48.56
-28.21	-46.682
-27.9	-45.193
-27.7	-43.833
-27.39	-42.15
-27.18	-40.79
-26.87	-39.236
-26.55	-37.423
-26.24	-35.416
-25.93	-33.927
-25.61	-32.114
-25.3	-30.301
-24.98	-28.941
-24.78	-27.647
-24.47	-25.898
-24.15	-24.15
-23.84	-22.791
-23.52	-21.301
-23.2	-19.553
-22.88	-17.999
-22.57	-16.575
-22.27	-14.762
-21.95	-13.338
-21.64	-11.784
-21.34	-10.165
-20.92	-8.352
-20.61	-6.863
-20.31	-5.309
-19.9	-3.691
-19.4	-3.108
-19.01	-1.619
-18.72	-0.259
-18.2	1.165
-17.91	3.302
-17.6	4.726
-17.31	6.28
-17.01	7.705
-16.65	9.388
-16.26	11.136
-15.75	11.525
-15.53	12.82
-15.23	14.115
-14.97	15.669
-14.7	16.834
-14.42	18.323
-14.12	20.136
-13.8	21.755
-13.31	22.532
-13	24.215
-12.69	25.898
-12.38	27.258
-12.07	29.006
-11.76	30.56
-11.32	32.179
-11	33.603
-10.5	34.769
-10.17	36.258
-9.83	37.488
-9.49	39.171
-9.13	40.596
-8.77	42.085
-8.42	43.704
-7.9	44.675
-7.54	46.293
-7.17	48.042
-6.8	49.466
-6.43	50.89
-6.06	52.315
-5.53	53.156
-5.16	54.905
-4.79	56.459
-4.42	58.077
-4.04	59.372
-3.66	60.926
-3.16	62.739
-2.63	63.645
-2.26	65.199
-1.87	66.753
-1.49	68.242
-1.24	69.602
-0.85	70.897
-0.47	72.386
0.06	73.357
0.45	75.105
0.83	76.659
1.22	78.213
1.6	79.702
1.99	81.127
2.52	81.774
2.91	83.522
3.29	84.882
3.66	86.436
4.04	87.925
4.53	89.349
5.03	89.867
5.28	91.227
5.68	92.652
6.07	94.141
6.6	95.695
6.99	97.184
7.38	98.349
7.93	99.061
8.33	101.004
8.72	102.299
9.12	103.723
9.65	105.212
10.18	107.155
10.73	107.867
11.12	108.968
11.52	110.586
12.05	112.334
12.6	113.629
13.16	113.888
13.56	115.572
13.96	117.126
14.5	118.226
15.04	119.651
15.45	120.946
16	122.241
16.57	122.305
17.12	124.118
17.67	125.413
18.21	126.643
18.76	128.068
19.34	128.974
19.92	129.298
20.46	130.852
21.02	132.017
21.57	132.988
22.14	133.96
22.71	135.06
23.27	135.319
23.83	136.29
24.4	137.521
24.98	138.233
25.55	138.945
26.13	139.074
26.69	140.046
27.32	140.823
27.89	141.858
28.48	141.405
29.06	142.376
29.65	142.894
30.24	143.801
30.83	144.189
31.43	144.837
32.02	144.513
32.62	145.096
33.21	145.29
33.81	145.549
34.4	146.067
35.05	145.549
35.65	146.261
36.26	146.585
36.87	146.844
37.49	146.65
38.15	146.585
38.86	144.189
39.44	145.096
39.49	143.801
40.06	144.707
40.16	142.7
39.86	140.175
39.69	138.88
39.52	137.197
39.37	135.513
39.2	134.283
39.03	132.859
38.87	131.37
38.7	129.881
38.35	127.55
38.02	124.701
37.7	121.852
37.37	119.392
37.04	116.802
36.87	115.636
36.71	114.147
36.37	111.622
36.21	109.939
36.03	108.968
35.71	106.378
35.37	104.047
35.2	102.428
34.88	99.968
34.71	98.349
34.56	97.313
34.23	95.112
33.88	92.457
33.71	90.839
33.39	88.378
33.05	85.918
32.73	83.717
32.55	82.227
32.23	79.573
31.89	77.112
31.58	74.846
31.42	73.551
31.08	71.156
30.75	68.437
30.42	66.17
30.1	63.84
29.95	62.739
29.62	60.279
29.28	57.753
28.96	55.682
28.64	53.221
28.3	51.02
27.96	48.818
27.64	46.552
27.34	44.61
27.04	42.15
26.74	40.337
26.43	37.876
26.13	36.064
25.84	34.51
25.54	32.373
25.25	30.949
24.97	28.618
24.69	27.452
24.42	25.445
24.03	22.985
23.75	21.107
23.49	19.553
23.3	18.194
22.98	16.769
22.72	14.568
22.48	13.143
22.12	11.59
21.78	10.165
21.53	8.611
21.19	6.669
20.84	5.18
20.49	4.144
20.11	2.849
19.8	1.36
19.48	-0.259
19.04	-2.201
18.75	-3.95
18.14	-5.244
17.74	-6.669
17.34	-8.676
16.92	-10.359
16.5	-11.913
16.23	-13.338
15.81	-14.892
15.53	-16.769
15.25	-18.129
14.84	-19.877
14.42	-21.884
14.13	-23.438
13.7	-25.704
13.18	-26.352
12.89	-27.906
12.59	-29.459
12.3	-31.272
12.01	-32.761
11.71	-33.927
11.41	-35.869
10.96	-36.905
10.3	-38.718
10.01	-40.272
9.71	-41.567
9.41	-42.927
9.11	-44.351
8.66	-46.034
8.2	-47.783
7.68	-48.754
7.24	-50.761
6.79	-52.703
6.34	-54.192
5.88	-56.653
5.34	-56.847
4.89	-58.984
4.58	-60.279
4.13	-61.832
3.66	-63.581
3.35	-65.07
2.82	-65.329
2.51	-66.624
2.05	-68.437
1.74	-69.796
1.27	-71.609
0.8	-72.71
0.32	-75.105
-0.21	-75.235
-0.68	-77.566
-1.31	-79.961
-1.94	-82.357
-2.64	-82.875
-2.95	-83.976
-3.42	-85.788
-3.9	-87.083
-4.2	-88.767
-4.73	-89.285
-5.2	-91.616
-5.68	-92.975
-6.15	-94.4
-6.7	-95.5
-7.32	-97.961
-7.96	-99.385
-8.44	-101.069
-8.91	-102.622
-9.46	-102.817
-9.61	-104.306
-10.08	-105.148
-10.56	-106.831
-11.06	-108.579
-11.62	-108.385
-11.95	-109.874
-12.44	-112.075
-12.92	-113.435
-13.42	-114.924
-13.9	-116.025
-14.45	-116.737
-14.94	-118.032
-15.42	-119.456
-15.92	-121.399
-16.47	-120.492
-16.79	-122.629
-17.44	-123.989
-18.11	-125.737
-18.66	-125.866
-19.16	-127.096
-19.65	-129.104
-20.15	-130.204
-20.72	-130.01
-21.36	-131.629
-21.85	-132.924
-22.37	-134.478
-22.93	-133.506
-23.44	-134.931
-24.11	-136.938
-24.61	-137.844
-25.16	-137.974
-25.67	-139.139
-26.18	-140.434
-26.75	-139.916
-27.24	-141.017
-27.76	-141.6
-28.27	-142.894
-28.82	-142.636
-29.35	-143.801
-29.86	-144.707
-30.45	-144.578
-30.94	-145.031
-31.47	-146.197
-32	-146.585
-32.53	-147.815
-33.1	-147.362
-33.63	-148.333
-34.15	-149.045
-34.75	-147.75
-35.26	-148.592
-35.79	-149.304
-36.33	-150.793
-36.56	-149.11
-37.09	-149.758
-37.61	-150.146
-38.15	-151.57
-38.74	-150.664
-39.25	-151.052
-39.79	-150.858
-40.43	-150.017
-40.94	-150.599
-41.48	-151.959
-42.01	-151.57
-42.58	-150.793
-43.14	-150.988
-43.65	-151.311
-44.2	-151.959
-44.64	-149.887
-45.05	-148.786
-45.02	-145.679
-44.76	-143.801
-44.39	-141.276
-44.09	-138.686
-43.84	-137.067
-43.67	-135.708
-43.51	-134.283
-43.17	-131.952
-42.99	-130.722
-42.81	-129.427
-42.46	-126.967
-42.11	-124.636
-41.77	-122.435
-41.41	-119.845
-41.24	-118.226
-40.9	-116.543
-40.54	-113.888
-40.19	-111.363
-39.85	-109.227
-39.66	-107.932
-39.33	-105.795
-38.99	-103.27
-38.63	-101.004
-38.29	-98.997
-37.94	-96.407
-37.63	-94.982
-37.36	-93.04
-37.1	-91.227
-36.82	-89.414
-36.58	-87.86
-36.32	-86.371
-36.04	-84.235
-35.79	-82.81
-35.54	-80.997
-35.27	-79.443
-35.02	-77.76
-34.76	-76.206
-34.35	-74.134
-34.09	-72.451
-33.84	-71.026
-33.58	-69.343
-33.3	-67.724
-33.04	-66.235
-32.63	-64.228
-32.37	-62.739
-32.1	-61.573
-31.84	-60.084
-31.57	-58.725
-31.15	-56.653
-30.75	-54.646
-30.47	-53.156
-30.17	-51.797
-29.89	-50.502
-29.62	-48.301
-29.34	-46.941
-29.05	-45.322
-28.77	-43.898
-28.48	-42.279
-28.2	-40.337
-27.92	-38.718
-27.63	-36.905
-27.34	-35.222
-27.06	-33.862
-26.77	-32.308
-26.48	-30.56
-26.18	-29.006
-25.89	-27.193
-25.61	-25.898
-25.32	-24.409
-25.02	-22.402
-24.6	-20.524
-24.3	-19.035
-23.88	-16.64
-23.58	-15.215
-23.14	-13.014
-22.87	-11.784
-22.57	-10.359
-22.3	-8.87
-21.86	-6.928
-21.42	-4.597
-21.03	-3.043
-20.59	-1.554
-20.3	0
-19.84	-0.129
-19.55	1.619
-19.28	3.173
-19	4.403
-18.58	6.669
-18.18	8.417
-17.6	9.259
-17.37	10.813
-16.93	12.366
-16.41	14.179
-16.04	15.539
-15.77	16.64
-15.53	18.388
-15.27	19.877
-14.86	21.56
-14.38	22.337
-14.1	24.15
-13.83	25.51
-13.42	27.647
-13.01	29.654
-12.6	31.272
-12.1	32.114
-11.83	33.279
-11.55	35.028
-11.1	36.711
-10.8	38.394
-10.3	39.236
-10.01	40.725
-9.7	42.085
-9.22	44.545
-8.75	45.711
-8.23	46.941
-7.92	48.301
-7.6	50.049
-7.12	51.473
-6.6	52.574
-6.12	54.905
-5.63	56.782
-5.09	57.883
-4.62	59.761
-4.3	60.926
-3.97	62.48
-3.43	63.645
-2.96	65.134
-2.63	66.688
-2.13	68.696
-1.62	70.249
-1.1	71.091
-0.77	72.904
-0.43	74.264
0.08	75.947
0.6	76.659
1.1	78.925
1.61	80.674
1.95	82.357
2.47	82.94
2.81	84.17
3.31	86.242
3.83	87.796
4.36	88.249
4.7	90.191
5.2	91.875
5.71	93.428
6.24	94.205
6.58	96.148
7.07	97.119
7.55	98.22
8.08	99.191
8.42	100.81
8.94	102.558
9.47	103.982
10.01	104.565
10.53	106.119
10.88	107.608
11.41	109.032
11.95	109.68
12.48	111.816
13.02	112.982
13.56	113.435
14.08	114.989
14.62	116.478
15.15	117.838
15.71	117.903
16.07	119.456
16.6	120.751
17.18	120.816
17.71	122.37
18.24	123.665
18.79	124.895
19.35	125.025
19.72	126.449
20.26	127.873
21.02	128.197
21.38	129.298
21.93	130.528
22.48	130.981
23.06	131.37
23.61	132.729
24.16	133.571
24.74	134.736
25.28	134.024
25.86	135.384
26.44	136.485
27.02	135.967
27.58	137.326
28.14	138.233
28.72	137.521
29.29	138.815
29.86	139.851
30.44	140.175
31.01	140.499
31.59	141.405
32.16	141.082
32.73	141.988
33.32	142.506
33.92	141.729
34.47	142.247
35.16	142.7
35.83	142.376
36.4	142.636
37	142.894
37.58	143.283
38.21	142.441
38.86	142.506
39.51	142.441
39.79	140.952
39.84	139.722
40.37	140.952
40.5	139.787
40.33	138.621
40.19	137.067
40.02	135.319
39.86	134.413
39.53	131.564
39.39	130.01
39.23	128.456
38.89	126.449
38.58	123.6
38.43	122.241
38.11	120.298
37.95	118.679
37.78	117.255
37.62	115.701
37.3	113.888
37.14	112.334
36.82	109.421
36.5	107.478
36.34	106.119
36.18	104.63
35.87	102.558
35.54	99.709
35.22	97.313
34.9	95.241
34.72	93.299
34.4	91.292
34.08	89.026
33.93	87.342
33.61	85.141
33.28	83.004
33.12	81.127
32.81	79.12
32.48	76.853
32.32	75.494
32.01	73.163
31.69	70.897
31.54	69.408
31.22	67.336
30.9	65.329
30.75	63.775
30.43	61.509
30.12	59.372
29.82	57.106
29.5	54.516
29.19	52.703
28.86	50.243
28.71	48.883
28.4	47.265
28.08	45.128
27.95	43.704
27.65	42.02
27.34	40.078
27.03	37.876
26.72	36.064
26.45	33.862
26.15	32.373
25.87	30.431
25.58	28.553
25.31	26.74
25.03	24.798
24.76	23.309
24.49	21.949
24.23	20.007
24.03	18.776
23.8	17.481
23.58	16.122
23.22	13.985
22.98	12.561
22.65	10.683
22.39	9.582
22.05	7.575
21.7	6.021
21.34	4.662
20.96	3.302
20.59	1.942
20.34	0.388
19.96	-1.36
19.57	-2.849
18.94	-4.403
18.53	-6.41
18.12	-7.899
17.7	-9.582
17.28	-11.719
16.87	-13.532
16.45	-15.28
16.16	-16.834
15.75	-18.971
15.31	-20.848
15.01	-22.402
14.5	-23.179
14.2	-24.539
13.9	-25.963
13.6	-27.452
13.31	-28.941
12.86	-31.208
12.4	-33.15
11.87	-33.927
11.58	-35.869
11.27	-37.164
10.81	-38.977
10.36	-40.984
9.84	-42.085
9.54	-43.25
9.08	-45.646
8.62	-47.394
8.15	-49.142
7.68	-50.955
7.14	-51.667
6.83	-53.156
6.51	-54.257
6.19	-55.746
5.7	-57.753
5.22	-59.502
4.66	-60.279
4.34	-61.573
3.84	-63.386
3.36	-64.94
2.81	-65.717
2.48	-67.142
1.98	-68.954
1.5	-70.703
1.16	-72.192
0.6	-72.58
0.28	-73.94
-0.22	-75.818
-0.72	-77.048
-1.06	-78.796
-1.6	-79.508
-2.1	-81.127
-2.6	-82.81
-3.1	-84.429
-3.66	-85.335
-4.16	-87.019
-4.49	-88.119
-4.99	-89.997
-5.5	-91.68
-6.07	-92.393
-6.56	-94.141
-7.07	-95.695
-7.58	-97.184
-8.15	-97.637
-8.48	-98.997
-8.99	-100.356
-9.5	-102.169
-10.07	-102.558
-10.57	-103.917
-10.91	-105.601
-11.41	-107.025
-11.97	-107.608
-12.48	-109.227
-13	-110.586
-13.56	-111.169
-14.07	-112.982
-14.58	-114.082
-15.09	-116.025
-15.65	-116.284
-16.16	-117.903
-16.68	-119.392
-17.25	-119.456
-17.58	-120.881
-18.1	-122.046
-18.62	-123.212
-19.2	-123.6
-19.72	-125.089
-20.23	-126.514
-20.79	-126.514
-21.32	-127.42
-21.84	-128.909
-22.37	-130.399
-22.93	-130.204
-23.46	-131.629
-24	-132.859
-24.57	-132.665
-25.09	-134.283
-25.62	-135.384
-26.21	-134.866
-26.74	-136.226
-27.27	-137.262
-27.8	-138.168
-28.37	-138.168
-28.93	-138.88
-29.63	-140.628
-30.21	-140.628
-30.74	-141.47
-31.29	-142.376
-31.88	-141.923
-32.42	-142.83
-32.96	-143.607
-33.51	-144.384
-34.1	-143.542
-34.65	-144.643
-35.2	-145.29
-35.81	-144.707
-36.34	-145.808
-36.91	-146.261
-37.49	-145.938
-38.04	-146.779
-38.59	-147.297
-39.2	-146.844
-39.72	-147.491
-40.3	-147.686
-40.85	-147.103
-41.37	-147.75
-41.87	-148.204
-42.42	-147.103
-42.86	-145.743
-42.9	-144.578
-43.39	-145.743
-43.93	-146.65
-44.11	-144.578
-43.83	-141.923
-43.53	-139.592
-43.22	-137.391
-42.92	-135.06
-42.6	-132.665
-42.3	-130.852
-42	-128.197
-41.71	-126.255
-41.41	-124.248
-41.1	-121.982
-40.81	-120.104
-40.66	-118.744
-40.35	-116.802
-40.05	-114.795
-39.74	-112.788
-39.46	-110.975
-39.3	-109.615
-39.01	-107.478
-38.7	-105.795
-38.41	-103.594
-38.1	-101.91
-37.8	-99.45
-37.49	-97.831
-37.2	-95.824
-36.89	-93.752
-36.6	-92.069
-36.29	-89.867
-36	-88.184
-35.7	-85.918
-35.39	-84.17
-35.09	-82.227
-34.79	-80.22
-34.5	-78.666
-34.2	-76.595
-33.9	-74.911
-33.6	-72.904
-33.3	-71.285
-32.98	-69.343
-32.68	-67.336
-32.37	-65.847
-32.07	-63.84
-31.75	-62.48
-31.43	-60.732
-31.12	-59.372
-30.82	-57.818
-30.51	-55.811
-30.19	-54.516
-29.9	-52.897
-29.58	-51.538
-29.27	-49.984
-28.96	-47.847
-28.66	-46.552
-28.35	-44.351
-28.04	-42.732
-27.73	-40.466
-27.44	-38.912
-27.13	-37.229
-26.82	-35.157
-26.5	-33.474
-26.19	-31.596
-25.89	-30.042
-25.58	-28.1
-25.28	-26.352
-24.97	-24.733
-24.67	-22.855
-24.35	-21.625
-24.03	-19.748
-23.72	-18.129
-23.42	-16.381
-23.1	-14.827
-22.79	-13.532
-22.48	-11.654
-22.16	-10.1
-21.83	-8.223
-21.51	-6.863
-21.18	-5.244
-20.87	-3.691
-20.57	-2.137
-20.16	-0.712
-19.82	0.842
-19.25	2.007
-18.93	3.626
-18.61	5.309
-18.29	6.734
-17.98	8.287
-17.44	9.259
-17.18	10.424
-16.75	11.784
-16.25	13.726
-15.93	14.892
-15.59	16.704
-15.29	18.388
-14.93	20.395
-14.3	22.337
-13.91	23.956
-13.55	25.963
-13.19	27.711
-12.82	29.33
-12.21	31.208
-11.86	32.761
-11.49	34.769
-11.1	36.323
-10.49	38.265
-10.09	39.689
-9.69	41.826
-9.29	43.445
-8.64	44.998
-8.23	47.006
-7.77	48.56
-7.16	50.372
-6.73	52.121
-6.3	53.869
-5.65	55.617
-5.23	57.235
-4.76	58.789
-4.35	60.02
-3.93	61.832
-3.47	62.674
-3.04	64.228
-2.62	66.106
-2.15	66.883
-1.64	69.343
-1.1	71.285
-0.55	72.839
0.02	74.264
0.57	76.271
1.11	78.602
1.67	79.314
2.23	81.709
2.78	83.587
3.35	84.494
3.91	86.889
4.49	87.666
5.04	89.997
5.59	91.875
6.17	92.846
6.73	95.047
7.3	96.342
7.86	98.09
8.44	99.515
9	101.457
9.58	102.169
10.15	104.112
10.75	104.824
11.28	106.572
11.82	108.061
12.39	108.968
12.96	110.521
13.6	112.075
14.24	113.694
14.9	115.054
15.55	116.284
16.19	117.838
16.85	118.55
17.5	120.363
18.15	121.14
18.85	122.305
19.48	123.665
20.17	124.442
20.83	125.996
21.5	126.449
22.17	128.132
22.84	128.974
23.5	130.204
24.19	130.722
24.86	131.629
25.53	132.341
26.23	132.729
26.9	133.83
27.6	134.736
28.29	134.866
28.97	136.031
29.67	136.485
30.35	137.326
31.04	137.585
31.74	138.427
32.45	138.492
33.14	139.074
33.85	139.398
34.55	139.592
35.25	140.175
35.95	140.499
36.68	140.693
37.36	140.887
38.04	140.499
38.64	140.434
39.49	140.628
40.28	140.499
41.06	140.434
41.82	140.046
42.62	139.722
43.53	140.046
44.39	138.686
45.24	138.945
46.16	138.039
47.14	137.844
48.12	136.744
49.13	135.837
50.14	134.866
51.13	134.931
51.98	133.636
52.82	133.118
53.63	132.47
54.66	131.758
55.44	130.528
56.27	130.528
57.08	129.816
57.59	128.715
57.68	127.614
57.75	126.125
57.84	124.96
58.52	126.708
59.31	126.449
60.23	126.125
61.07	124.766
61.62	123.471
62.41	123.924
63.22	122.888
63.63	121.464
63.5	120.363
63.34	118.744
63.17	117.385
63.01	116.025
62.85	114.471
62.68	112.917
62.35	110.327
62.18	108.514
62.01	107.284
61.69	105.083
61.53	103.27
61.19	101.328
60.87	98.414
60.55	96.213
60.22	93.752
60.05	92.328
59.88	91.098
59.73	89.932
59.37	87.537
59.21	85.983
58.9	83.976
58.56	81.127
58.23	78.861
57.88	76.595
57.58	74.005
57.24	71.544
56.88	69.149
56.65	67.206
56.32	64.876
55.99	62.091
55.61	59.761
55.27	57.106
55.08	55.552
54.73	53.156
54.55	51.797
54.2	49.272
53.85	47.2
53.68	45.646
53.35	42.991
52.99	40.919
52.64	38.33
52.3	36.323
51.97	34.056
51.65	31.855
51.34	29.33
51	27.258
50.7	25.316
50.42	23.309
50.12	21.301
49.84	19.23
49.57	18.129
49.26	15.539
48.99	13.597
48.7	11.719
48.38	9.971
48.14	8.158
47.79	6.151
47.57	4.856
47.28	3.82
47.03	2.007
46.7	0.388
46.35	-1.101
46.03	-2.719
45.79	-4.144
45.38	-6.216
45.07	-7.77
44.77	-9.259
44.46	-10.877
44.17	-12.431
43.88	-13.985
43.57	-15.474
43.26	-17.481
42.77	-19.294
42.44	-21.172
41.91	-23.503
41.59	-24.992
41.09	-27.517
40.56	-29.459
40.19	-31.208
39.86	-32.567
39.5	-34.38
39.16	-35.61
38.83	-33.862
38.5	-35.934
37.89	-38.977
37.44	-40.725
36.86	-41.632
36.51	-43.38
36.15	-44.739
35.63	-46.941
35.1	-48.754
34.52	-49.79
34.16	-51.149
33.82	-52.509
33.29	-54.71
32.74	-56.523
32.13	-57.171
31.76	-58.725
31.4	-60.214
30.86	-61.638
30.49	-62.868
29.87	-63.71
29.5	-65.134
28.95	-66.818
28.37	-68.372
27.74	-68.825
27.16	-70.638
26.59	-72.386
26.02	-74.199
25.37	-74.393
24.98	-75.753
24.39	-77.112
23.82	-78.796
23.16	-79.12
22.36	-81.127
21.77	-82.616
21.17	-83.652
20.49	-84.105
19.89	-85.335
19.3	-86.76
18.63	-87.019
18.02	-88.314
17.41	-89.285
16.81	-90.839
16.14	-90.839
15.52	-92.328
14.91	-93.299
14.3	-94.594
13.63	-94.723
13.02	-95.824
12.4	-97.443
11.73	-97.054
11.12	-98.543
10.51	-100.033
9.89	-100.615
9.22	-101.392
8.42	-103.011
7.8	-103.658
7.13	-103.723
6.53	-105.212
5.93	-106.378
5.25	-106.248
4.65	-107.608
4.05	-108.709
3.38	-108.773
2.79	-110.521
2.19	-111.363
1.58	-112.723
0.92	-112.529
0.33	-113.888
-0.28	-115.248
-0.93	-115.183
-1.53	-116.543
-2.13	-117.579
-2.73	-118.744
-3.37	-118.679
-3.97	-120.233
-4.56	-121.593
-5.21	-121.205
-5.85	-123.212
-6.53	-124.053
-7.04	-124.248
-7.73	-125.802
-8.43	-127.161
-8.94	-126.514
-9.63	-128.262
-10.33	-129.427
-10.84	-129.427
-11.52	-131.046
-12.22	-131.823
-12.73	-131.823
-13.42	-132.924
-14.11	-134.154
-14.63	-134.218
-15.32	-135.384
-16.02	-136.485
-16.53	-136.161
-17.23	-137.521
-18.01	-137.78
-18.73	-139.139
-19.54	-139.592
-20.28	-140.823
-20.82	-141.341
-21.39	-140.887
-21.91	-141.6
-22.44	-142.376
-23	-142.441
-23.52	-143.153
-24.34	-143.736
-24.87	-144.254
-25.39	-144.902
-25.96	-145.096
-26.48	-145.031
-27.09	-145.29
-27.85	-145.938
-28.38	-146.65
-28.96	-145.938
-29.5	-147.297
-30.09	-146.197
-30.61	-147.491
-31.15	-147.297
-31.73	-147.491
-32.25	-147.362
-32.8	-148.139
-33.38	-147.491
-33.91	-148.851
-34.47	-148.139
-35.05	-148.592
-35.58	-148.398
-36.19	-148.204
-36.71	-148.139
-37.26	-148.916
-37.85	-148.139
-38.39	-148.851
-38.99	-149.045
-39.52	-147.945
-40.07	-149.045
-40.65	-147.686
-41.2	-148.592
-41.75	-148.139
-42.34	-147.686
-42.87	-147.945
-43.5	-147.686
-44	-147.297
-44.62	-146.909
-45.1	-146.779
-45.65	-146.585
-46.22	-146.002
-46.73	-146.132
-47.27	-145.225
-47.74	-144.902
-48.38	-143.736
-48.85	-143.801
-49.43	-142.571
-49.87	-142.441
-50.39	-142.7
-50.81	-141.47
-51.28	-141.6
-51.77	-141.729
-52.14	-140.369
-52.63	-140.499
-53.09	-140.369
-53.5	-139.398
-53.96	-139.592
-54.4	-138.492
-54.84	-138.686
-55.32	-138.815
-55.73	-137.585
-56.22	-137.326
-56.63	-136.808
-57.08	-137.326
-57.44	-137.326
-57.65	-135.708
-58.08	-136.29
-58.52	-136.614
-58.79	-135.125
-59.17	-134.736
-59.55	-134.931
-59.96	-133.83
-60.39	-134.283
-60.83	-133.377
-61.14	-133.377
-61.54	-133.053
-61.9	-132.47
-62.29	-132.017
-62.62	-131.823
-63.06	-131.823
-63.52	-130.463
-63.88	-130.075
-64.25	-130.075
-64.25	-128.715
-64.17	-126.06
-64.05	-123.794
-63.81	-122.046
-63.51	-119.456
-63.33	-118.097
-63.15	-116.349
-62.76	-113.435
-62.56	-112.27
-62.34	-110.068
-61.97	-107.608
-61.76	-105.86
-61.54	-104.5
-61.35	-103.14
-61.16	-101.263
-60.94	-100.162
-60.73	-98.414
-60.52	-96.601
-60.12	-93.946
-59.71	-91.098
-59.48	-89.414
-59.27	-88.119
-58.89	-85.011
-58.68	-83.781
-58.24	-80.803
-57.82	-77.501
-57.4	-74.911
-57.17	-73.357
-56.72	-71.026
-56.5	-69.084
-56.09	-66.818
-55.86	-65.329
-55.41	-62.156
-54.97	-59.631
-54.51	-56.912
-54.04	-54.516
-53.57	-51.991
-53.14	-49.984
-52.68	-47.783
-52.46	-46.099
-52	-43.639
-51.57	-40.984
-51.14	-38.265
-50.71	-35.869
-50.28	-33.474
-50.07	-31.726
-49.64	-29.071
-49.45	-27.452
-49.15	-25.834
-48.9	-24.344
-48.64	-22.791
-48.36	-21.042
-48.11	-19.424
-47.86	-17.87
-47.59	-16.187
-47.33	-14.568
-47.05	-12.884
-46.81	-11.072
-46.57	-9.777
-46.28	-8.029
-45.79	-5.05
-45.53	-3.691
-45.29	-2.137
-44.92	-0.647
-44.47	1.554
-43.99	4.403
-43.74	5.827
-43.24	8.482
-42.8	10.165
-42.39	12.043
-42.01	14.179
-41.67	15.151
-41.33	17.222
-40.92	19.1
-40.41	21.755
-39.88	24.215
-39.35	26.611
-38.82	29.265
-38.3	31.661
-37.74	34.38
-37.16	36.387
-36.58	38.848
-35.93	39.43
-35.34	42.15
-34.75	44.61
-34.14	46.552
-33.53	48.56
-32.9	50.696
-32.29	52.897
-31.66	54.516
-31.03	56.588
-30.4	58.53
-29.78	60.667
-29.14	61.832
-28.51	63.969
-27.83	65.199
-27.24	67.142
-26.61	69.084
-25.96	70.508
-25.36	72.192
-24.7	73.292
-24.07	75.3
-23.43	76.724
-22.79	77.954
-22.14	79.314
-21.51	80.415
-20.89	81.515
-20.24	82.875
-19.6	84.364
-18.97	85.335
-18.32	86.889
-17.68	87.731
-17.02	88.637
-16.37	89.932
-15.75	91.098
-15.07	91.68
-14.46	93.234
-13.81	93.687
-13.17	95.112
-12.51	96.148
-11.87	96.407
-11.23	97.766
-10.58	98.608
-9.92	99.32
-9.27	100.81
-8.64	101.522
-7.96	102.363
-7.32	103.464
-6.67	104.306
-5.98	104.824
-5.36	106.119
-4.71	106.766
-4.05	108.191
-3.4	108.773
-2.72	109.421
-2.07	110.586
-1.4	111.169
-0.73	111.946
-0.08	113.176
0.6	113.824
1.27	114.082
1.93	115.377
2.6	116.349
3.3	116.737
3.95	117.903
4.62	118.356
5.29	119.456
5.97	120.039
6.66	120.298
7.33	121.464
8.02	122.046
8.7	122.111
9.39	123.212
10.08	123.924
10.78	124.312
11.46	124.895
12.14	125.478
12.84	126.449
13.53	126.708
14.24	127.161
14.93	128.068
15.65	128.327
16.35	128.456
17.06	129.363
17.76	129.816
18.49	129.622
19.19	130.916
19.93	130.722
20.66	132.017
21.42	131.888
22.2	132.211
22.95	132.794
23.72	132.924
24.49	132.924
25.26	133.571
26.04	133.636
26.81	133.442
27.59	134.024
28.34	134.089
29.13	133.636
29.9	134.542
30.67	134.089
31.46	134.542
32.21	134.413
32.99	133.83
33.73	134.413
34.44	133.636
35.12	133.895
35.81	133.571
36.51	133.636
37.2	132.988
37.93	132.341
38.66	132.924
39.4	132.211
40.12	132.47
40.85	131.758
41.57	131.758
42.31	130.657
43.03	130.787
43.78	130.01
44.78	129.168
45.7	128.327
46.61	128.003
47.51	126.578
48.36	126.578
49.24	125.802
50.15	124.96
51.11	123.406
52.07	121.14
53.01	120.492
53.68	119.003
54.59	118.291
55.51	117.644
56.49	116.284
57.33	115.701
57.83	113.953
58.75	114.082
59.6	113.435
60.43	112.593
61.31	112.529
62.17	111.428
63.04	110.521
63.92	109.421
64.83	107.608
65.81	105.471
66.51	103.853
67.34	101.263
68.49	98.997
69.4	97.119
70.26	96.99
71.22	95.954
71.37	94.4
71.5	92.911
71.61	91.551
71.7	89.738
71.8	87.99
71.81	88.573
71.56	86.565
71.3	84.235
71.04	82.227
70.76	79.508
70.49	77.954
70.21	75.3
69.98	73.616
69.55	70.638
69.16	67.789
68.77	64.746
68.49	62.739
68.34	61.573
68.07	59.631
67.68	56.976
67.24	53.998
66.84	51.149
66.46	48.689
66.18	46.552
65.85	44.092
65.48	41.373
65.08	38.589
64.69	36.128
64.31	33.409
63.94	30.754
63.56	28.165
63.15	25.769
62.8	23.244
62.46	20.783
62.18	19.23
61.93	17.999
61.66	15.992
61.37	13.985
61.08	11.525
60.84	9.777
60.44	7.057
60.16	5.762
59.91	4.403
59.69	2.914
59.37	1.748
58.98	-0.129
58.7	-1.295
58.27	-4.662
57.96	-6.863
57.64	-9.064
57.31	-11.007
56.97	-13.208
56.6	-15.021
56.22	-17.093
55.87	-19.23
55.52	-21.301
55.13	-23.891
54.77	-25.963
54.4	-28.359
54.04	-30.56
53.65	-32.761
53.29	-34.769
52.92	-37.164
52.53	-39.236
52.15	-41.373
51.77	-43.38
51.4	-45.775
51.01	-47.783
50.63	-49.66
50.26	-51.408
49.86	-53.415
49.47	-55.358
49.1	-57.3
48.71	-58.854
48.31	-60.602
47.92	-62.609
47.53	-64.422
47.14	-65.782
46.74	-67.595
46.31	-69.278
45.92	-70.832
45.51	-72.645
45.1	-74.199
44.58	-73.681
44.09	-75.559
43.53	-77.112
43.18	-78.602
42.7	-80.35
42.12	-80.868
41.7	-82.551
41.34	-84.17
40.84	-85.659
40.33	-87.407
39.77	-87.666
39.35	-89.091
38.94	-90.515
38.55	-91.939
38.06	-93.299
37.23	-95.436
36.48	-98.09
35.73	-99.061
35.04	-101.198
34.23	-103.594
33.37	-104.5
32.6	-106.766
31.43	-108.126
30.64	-109.874
29.92	-111.622
29.12	-113.176
28.32	-113.629
27.54	-115.118
26.71	-116.025
25.95	-117.449
25.11	-119.003
24.37	-119.327
23.62	-120.881
22.46	-121.982
21.67	-123.341
20.87	-123.082
20.1	-124.895
19.27	-125.154
18.52	-126.255
17.7	-127.614
16.95	-127.809
16.06	-128.456
15.15	-130.01
14.17	-131.046
13.35	-131.499
12.55	-131.629
11.86	-132.729
11.14	-133.506
10.38	-133.83
9.5	-134.413
8.63	-136.031
7.77	-136.031
6.96	-136.938
6.1	-137.521
5.19	-137.132
4.38	-138.815
3.52	-138.492
2.66	-139.787
1.81	-139.398
0.98	-140.823
0.1	-140.823
-0.78	-141.146
-1.61	-142.182
-2.55	-141.794
-3.38	-142.636
-3.9	-142.182
-4.75	-143.153
-5.69	-142.83
-6.6	-144.254
-7.52	-143.801
-7.95	-142.182
-8.69	-142.571
-9.42	-144.125
-10.23	-143.995
-11.07	-143.801
-11.9	-144.837
-12.96	-143.153
-13.39	-141.794
-13.96	-143.348
-14.63	-143.477
-15.37	-143.542
-16.09	-143.93
-16.83	-143.024
-17.73	-142.894
-18.57	-143.93
-19.2	-143.089
-19.81	-143.283
-20.39	-142.441
-21.14	-142.441
-21.72	-141.988
-22.44	-142.053
-23.21	-140.823
-23.92	-141.47
-24.48	-140.24
-25.16	-140.175
-25.95	-139.916
-26.66	-139.592
-27.22	-138.88
-27.94	-138.686
-28.76	-137.715
-29.51	-137.391
-30.31	-136.226
-31.12	-136.226
-31.71	-134.672
-32.51	-134.218
-33.4	-132.859
-34.27	-131.758
-35.19	-130.269
-36.1	-129.168
-36.79	-126.449
-37.63	-124.442
-38.02	-122.759
-38.53	-119.651
-38.85	-117.903
-39.19	-115.831
-39.57	-112.982
-39.89	-110.716
-40.2	-108.773
-40.49	-107.478
-41.37	-100.615
-41.71	-97.184
-41.86	-95.824
-41.99	-94.529
-42.15	-92.975
-42.31	-91.616
-42.55	-89.932
-42.67	-88.443
-42.74	-87.278
-42.42	-85.335
-42.05	-83.199
-41.68	-81.062
-41.33	-79.055
-40.95	-77.048
-40.55	-74.846
-40.19	-73.033
-39.78	-70.832
-39.41	-68.954
-39.02	-66.947
-39.02	-66.947
