Galeota 1996 Specimen BB1	
2127	
0.2	3.625776
0.4	7.186806
0.52	9.258678
0.62	11.07157
0.86	13.92039
1.07	17.15769
1.11	18.19363
1.23	19.35905
1.35	22.27262
1.57	25.70416
1.67	27.77603
1.83	29.58892
2.01	32.95572
2.13	34.89809
2.28	37.35844
2.45	39.88354
2.6	42.66761
2.95	46.42288
3.07	48.62424
3.22	50.43713
3.55	54.38664
3.73	56.32902
3.89	58.40089
4.21	62.09142
4.37	63.9043
4.53	65.84668
4.91	69.47246
5.1	71.15585
5.24	73.09824
5.62	76.40028
5.82	77.88943
5.99	79.70232
6.34	83.13387
6.6	83.58709
6.77	85.39997
7.12	88.70202
7.32	90.45016
7.57	91.55084
7.94	95.04713
8.140001	96.47154
8.32	97.70171
8.729999	100.68
8.859999	102.1692
9.08	103.3994
9.47	106.2482
9.68	107.7373
9.899999	108.9028
10.32	111.4926
10.53	112.5933
10.69	113.6292
11.1	116.4781
11.32	117.514
11.5	118.7442
11.92	121.334
12.1	122.5642
12.53	124.8303
12.73	126.0605
12.93	127.2259
13.3	129.6862
13.53	130.5279
13.74	131.9523
14.12	134.2832
14.28	135.4486
14.55	136.873
14.93	139.0744
15.13	139.9809
15.52	142.3764
15.69	143.6066
16.14	145.2253
16.38	145.8727
16.8	147.2971
17	148.5921
17.43	150.146
17.58	151.4409
18.01	152.8653
18.23	153.5128
19	152.2826
19.42	152.6711
19.88	148.7216
19.47	144.3188
19.04	139.7866
18.71	137.5205
18.49	135.3191
18.28	132.9883
18	130.9164
17.49	126.19
17.17	123.1469
16.81	120.2981
16.52	117.3198
16.21	115.2479
15.93	113.1113
15.71	110.9099
15.44	108.838
15.15	106.5719
14.88	104.5648
14.68	102.3634
14.4	100.0973
14.14	98.02544
13.91	95.75933
13.66	93.62272
13.4	91.55084
13.1	89.54372
12.87	87.27761
12.62	85.14099
12.34	82.93963
12.11	80.86775
11.87	78.60165
11.56	76.65926
11.31	74.52264
11.08	72.32128
10.84	70.24941
10.54	68.17754
10.32	66.17041
10.02	64.09854
9.83	61.96192
9.57	60.01954
9.3	58.01242
8.810001	54.06291
8.560001	52.12053
8.33	49.98391
8.09	48.04153
7.86	45.90491
7.64	43.96254
7.37	41.82592
7.14	39.81879
6.9	37.81166
6.67	35.80454
6.24	32.24351
6.03	30.17164
5.81	28.42349
5.4	24.86246
5.23	23.11432
5.06	22.01364
4.78	19.87702
4.63	18.12888
4.42	16.51023
4.11	12.88445
3.98	11.46004
3.85	10.81258
3.59	7.963758
3.4	5.697648
3.28	5.114934
3.08	3.107808
2.83	0.776952
2.78	-0.194238
2.59	-2.525094
2.23	-5.956632
2.06	-7.510536
1.89	-9.258678
1.54	-12.88445
1.37	-14.69734
1.22	-16.57498
0.82	-20.39499
0.64	-22.53161
0.5	-24.3445
0.16	-28.55299
-0.03	-30.62486
-0.24	-32.76147
-0.59	-37.1642
-0.81	-39.04184
-0.98	-41.2432
-1.19	-43.7683
-1.44	-46.35814
-1.69	-48.68899
-2.04	-52.50901
-2.21	-54.58088
-2.4	-56.32902
-2.8	-59.89005
-3	-60.667
-3.42	-64.09854
-3.58	-65.78194
-3.76	-67.65957
-4.19	-70.89687
-4.37	-72.58027
-4.55	-74.13417
-4.94	-77.63046
-5.13	-79.11961
-5.31	-80.9325
-5.74	-84.1698
-5.95	-85.8532
-6.14	-87.4071
-6.55	-90.45016
-6.79	-92.13356
-6.98	-93.81696
-7.4	-96.40679
-7.68	-98.02544
-8.140001	-100.1621
-8.350001	-101.7807
-8.55	-103.1404
-8.99	-105.8597
-9.21	-107.2841
-9.66	-110.1329
-9.91	-111.2984
-10.34	-113.6292
-10.6	-115.3774
-11.08	-117.514
-11.3	-118.7442
-11.8	-120.6865
-12.02	-122.111
-12.26	-123.3411
-12.73	-125.6072
-12.99	-126.7079
-13.21	-127.6791
-13.71	-129.9452
-13.97	-131.3049
-14.43	-133.3768
-14.67	-134.6717
-15.18	-136.4198
-15.43	-137.5205
-15.88	-139.9161
-16.15	-141.211
-16.64	-143.6714
-16.86	-144.6426
-17.36	-146.9087
-17.63	-147.9446
-18.11	-150.0165
-18.37	-151.0524
-18.87	-153.0595
-19.15	-153.2538
-19.73	-151.1819
-19.94	-151.5704
-20.21	-152.4768
-20.69	-154.6134
-20.91	-155.6494
-21.45	-156.6853
-21.7	-157.6565
-21.93	-158.3687
-22.47	-160.2464
-22.74	-160.9586
-23.35	-161.606
-24.22	-157.527
-24.77	-159.3399
-24.61	-155.5199
-24.3	-152.8006
-23.95	-150.146
-23.7	-148.2683
-23.46	-146.2612
-23.26	-144.3836
-22.95	-142.247
-22.71	-140.3693
-22.49	-138.4917
-22.25	-136.6141
-22.02	-134.8012
-21.49	-131.1754
-21.24	-129.492
-21	-127.7439
-20.78	-125.9957
-20.52	-124.0533
-20.26	-122.3699
-20.03	-120.4923
-19.79	-118.5499
-19.52	-116.8018
-19.06	-113.2408
-18.82	-111.5574
-18.57	-109.874
-18.31	-108.3201
-18.08	-106.6367
-17.6	-103.1404
-17.34	-101.3922
-17.1	-99.77358
-16.86	-98.02544
-16.62	-96.40679
-16.14	-92.91051
-15.89	-91.35661
-15.69	-89.54372
-15.41	-88.05456
-15.19	-86.24167
-14.94	-84.62302
-14.72	-83.00437
-14.25	-79.63758
-14.01	-78.08368
-13.79	-76.27079
-13.27	-73.16298
-13.05	-71.35009
-12.82	-69.86093
-12.6	-68.30703
-12.36	-66.62363
-11.9	-63.58057
-11.64	-62.09142
-11.43	-60.53751
-11.16	-59.04835
-10.97	-57.75343
-10.7	-56.13478
-10.44	-54.71037
-10.2	-53.15647
-9.97	-51.66731
-9.74	-50.1134
-9.51	-48.5595
-9.24	-46.94085
-9.01	-45.19271
-8.75	-43.70355
-8.54	-42.0849
-8.310001	-40.59574
-8.05	-38.8476
-7.79	-37.42319
-7.57	-35.80454
-7.35	-34.12114
-7.13	-32.43774
-6.66	-28.81197
-6.44	-26.99908
-6.2	-25.12145
-5.73	-21.43093
-5.48	-19.61804
-5.3	-17.7404
-4.85	-14.24412
-4.64	-12.43123
-4.4	-10.68309
-3.97	-7.12206
-3.78	-5.309172
-3.57	-3.496284
-3.25	-0.841698
-3.23	-0.841698
-2.82	2.58984
-2.65	4.53222
-2.46	6.4746
-2.05	9.582408
-1.92	11.2658
-1.78	12.04276
-1.46	14.95633
-1.34	15.73328
-1.14	17.15769
-0.91	19.61804
-0.77	20.78347
-0.62	21.8194
-0.25	25.57467
-0.05	27.38756
0.14	29.39468
0.52	32.69673
0.74	34.50962
0.93	36.19301
1.37	39.88354
1.64	41.82592
1.86	43.70355
2.12	45.77542
2.38	47.84729
2.61	49.78967
2.86	51.73206
3.12	53.73918
3.38	55.74631
3.64	57.81818
3.88	59.69581
4.17	61.5087
4.4	63.51583
4.68	65.39346
5.21	69.21347
5.49	70.83212
5.77	72.58027
6.03	74.39315
6.3	76.1413
6.63	77.75995
6.91	79.50809
7.18	81.25623
7.45	82.93963
7.74	84.42879
7.98	86.24167
8.270001	87.79558
8.560001	89.28474
8.84	90.96813
9.12	92.52203
9.390001	94.20543
9.68	95.75933
9.97	97.83121
10.24	99.12613
10.55	100.939
10.83	102.6872
11.1	104.2411
11.4	105.9892
11.7	107.4136
11.95	108.9028
12.26	110.5862
12.54	112.3991
12.82	114.0177
13.1	115.5716
13.39	116.996
13.7	118.5499
13.95	120.2981
14.23	121.7872
14.52	123.3411
14.81	124.7655
15.09	126.2547
15.39	127.9381
15.7	129.492
15.94	130.9812
16.23	132.2113
16.51	133.83
16.82	135.2544
17.09	136.6788
17.37	138.1032
17.64	139.4629
17.93	140.8226
18.27	142.247
18.53	143.4124
18.82	144.5778
19.13	145.808
19.74	148.1389
20.02	146.326
20.53	148.4626
21.14	150.405
21.48	151.3114
21.77	152.2178
22.35	153.7717
22.66	153.8365
23.37	155.7141
23.79	156.6206
24.2	156.9443
24.86	157.3328
25.5	158.045
25.91	158.045
26.57	157.0738
27.39	155.6494
28.18	154.4192
29.48	152.9948
29.91	152.7358
30.68	151.7646
31.49	151.3761
31.96	151.1819
32.76	149.5633
34.05	148.6568
34.52	148.3331
35.34	146.7144
35.83	146.5202
36.66	146.0022
37.46	145.4195
37.94	144.1893
38.79	143.8009
39.2	143.6066
39.65	143.6714
40.49	143.0239
41.31	142.3764
41.74	142.1822
42.75	140.6931
42.8	139.9161
42.75	138.9449
42.53	136.6141
42.26	134.6717
42.02	132.5351
41.74	130.3337
41.47	128.3266
41.18	126.19
40.94	124.1828
40.65	121.9815
40.37	120.2981
39.88	116.2191
39.63	114.2119
39.36	112.1401
39.07	110.3272
38.83	108.3201
38.55	106.0539
38.29	104.2411
38.01	102.1692
37.73	100.2916
37.48	98.41392
37.25	96.60103
36.96	94.7234
36.7	92.58678
36.42	90.90338
36.15	88.89626
35.86	87.01862
35.59	85.14099
35.36	83.39285
35.08	81.45047
34.83	79.83182
34.54	77.88943
34.27	76.1413
34.01	74.19891
33.78	72.51552
33.48	70.83212
33.26	68.88975
32.96	67.20634
32.69	65.52295
32.44	63.58057
32.14	62.02667
31.88	60.40802
31.63	58.59513
31.35	56.78224
31.1	55.16359
30.83	53.54494
30.56	51.86155
30.31	50.2429
30.04	48.36526
29.77	46.81136
29.53	45.19271
29.26	43.63881
29.02	42.02015
28.76	40.27201
28.51	38.45913
28.14	36.58149
27.84	34.57436
27.53	32.30825
27.33	30.88384
27.01	29.65367
26.58	26.61061
26.31	25.31569
26.1	23.89127
25.64	21.30143
25.47	20.45974
25.13	18.77634
24.91	16.96345
24.64	15.66853
24.25	12.88445
24.01	11.84852
23.75	10.42411
23.51	8.74071
23.36	7.899012
22.96	5.762394
22.79	4.53222
22.41	3.107808
22.25	2.071872
21.92	0.776952
21.66	-0.97119
21.26	-2.848824
21.04	-4.078998
20.59	-6.409854
20.35	-7.510536
19.88	-9.647154
19.62	-10.81258
19.14	-13.07869
18.9	-14.24412
18.4	-16.38074
18.15	-17.41667
17.91	-18.45261
17.43	-20.65397
17.16	-21.8194
16.64	-23.89127
16.37	-25.12145
15.88	-27.32281
15.58	-28.55299
15.07	-30.8191
14.8	-31.91978
14.54	-32.95572
14	-35.28657
13.71	-36.32251
13.17	-38.39438
12.9	-39.23608
12.56	-39.62455
11.71	-42.53812
11.42	-43.70355
10.89	-45.71067
10.57	-46.81136
10	-47.97679
9.689999	-49.01272
9.42	-49.85442
8.859999	-51.86155
8.560001	-52.70324
7.67	-54.58088
7.37	-55.42258
6.52	-58.01242
6.15	-58.91886
5.38	-60.47276
5.06	-61.5087
4.48	-62.93311
4.2	-63.77481
3.62	-65.52295
3.01	-66.4294
2.75	-67.20634
2.17	-69.21347
1.86	-69.73145
1.34	-71.54433
1.04	-72.51552
0.51	-73.6162
0.19	-74.52264
-0.04	-75.55858
-0.59	-77.50096
-0.87	-78.47215
-1.47	-79.83182
-1.7	-80.54402
-2.24	-82.6159
-2.47	-83.71658
-2.99	-85.78845
-3.26	-86.88913
-3.48	-87.86032
-4.06	-89.47897
-4.3	-90.57965
-4.81	-92.71627
-5.07	-93.81696
-5.53	-96.08306
-5.83	-97.119
-6.1	-97.50748
-6.6	-99.90308
-6.86	-100.939
-7.33	-103.3346
-7.56	-104.3706
-8.05	-106.6367
-8.36	-106.8956
-9.07	-110.3919
-9.350001	-111.4926
-9.84	-113.953
-10.09	-114.8594
-10.58	-116.2838
-10.82	-117.4492
-11.09	-118.6794
-11.6	-120.6865
-11.85	-121.7225
-12.34	-123.7943
-12.6	-124.895
-13.13	-126.1252
-13.37	-127.4201
-13.84	-129.3625
-14.11	-130.3984
-14.35	-131.3049
-14.86	-133.1825
-15.14	-133.571
-15.9	-136.4198
-16.2	-137.4558
-16.67	-139.1392
-16.94	-140.1104
-17.53	-140.952
-17.77	-141.8585
-18.3	-143.6714
-18.54	-144.6426
-18.82	-145.29
-19.34	-147.0382
-19.63	-147.7504
-20.2	-148.5273
-20.73	-150.0165
-21.01	-150.7287
-21.6	-152.1531
-21.93	-152.8006
-22.34	-152.6711
-23	-154.225
-23.58	-155.3257
-23.86	-156.0379
-24.48	-156.2321
-25.43	-157.0738
-25.76	-157.268
-26.43	-157.1385
-27.14	-156.2321
-27.79	-156.6853
-28.45	-157.268
-29.46	-156.4911
-30.15	-156.5558
-30.81	-156.6853
-31.49	-156.5558
-31.77	-156.5558
-32.57	-155.1314
-33.22	-155.2609
-33.93	-155.0019
-34.65	-154.6782
-35.4	-152.9948
-36.12	-152.6063
-36.85	-152.0236
-37.62	-151.6351
-38.42	-150.2107
-39.13	-149.9517
-39.87	-149.3043
-40.68	-148.7863
-41.48	-147.3619
-41.86	-146.9087
-42.26	-146.7144
-43.03	-146.1317
-44.17	-145.29
-44.99	-143.6714
-45.76	-143.2182
-46.92	-142.3764
-47.68	-141.8585
-48.55	-140.3046
-49.33	-139.7219
-49.7	-139.3981
-50.5	-138.8802
-51.32	-137.5205
-52.48	-136.6141
-53.58	-135.9019
-53.88	-135.2544
-53.69	-132.2113
-53.36	-129.6862
-53.23	-128.3266
-52.71	-125.2188
-52.45	-123.4059
-52.18	-121.7225
-51.93	-120.3628
-51.68	-118.6794
-51.4	-117.0608
-51.15	-115.5716
-50.82	-113.6292
-50.48	-111.3631
-50.11	-109.356
-49.89	-108.0611
-49.61	-106.4424
-49.35	-104.9533
-49.1	-103.5289
-48.86	-101.975
-48.63	-100.3563
-48.35	-98.93188
-48.09	-97.31324
-47.83	-95.82408
-47.58	-94.46442
-47.33	-92.97526
-47.06	-91.55084
-46.79	-90.25592
-46.56	-88.63728
-46.29	-87.08337
-45.77	-84.1698
-45.54	-82.93963
-45.25	-81.38572
-45.04	-79.89656
-44.75	-78.73113
-44.51	-77.24198
-44.26	-75.62333
-43.98	-74.39315
-43.76	-72.904
-43.51	-71.54433
-43.25	-70.24941
-42.98	-68.88975
-42.74	-67.40059
-42.49	-66.17041
-42.26	-64.61651
-41.96	-63.1921
-41.71	-61.89717
-41.43	-60.53751
-41.22	-59.1131
-40.92	-57.88292
-40.67	-56.84699
-40.38	-55.42258
-40.13	-54.12766
-39.88	-52.96223
-39.64	-51.66731
-39.32	-50.50188
-39.08	-49.01272
-38.8	-47.84729
-38.31	-45.38695
-37.99	-44.28626
-37.75	-43.12083
-37.45	-41.69642
-36.97	-39.30082
-36.67	-38.07065
-36.4	-36.96997
-36.13	-35.6103
-35.86	-34.31538
-35.6	-33.14995
-35.33	-31.85503
-35.05	-30.43062
-34.78	-29.00621
-34.54	-27.77603
-34.27	-26.54586
-33.66	-23.89127
-33.44	-22.53161
-33.17	-21.30143
-32.86	-20.00651
-32.62	-18.77634
-32.35	-17.41667
-32.1	-16.31599
-31.75	-15.28006
-31.52	-14.04988
-31.25	-12.62547
-30.99	-11.3953
-30.71	-10.03563
-30.4	-8.934948
-30.15	-7.76952
-29.9	-6.539346
-29.6	-5.309172
-29.37	-4.273236
-28.85	-1.877634
-28.56	-0.64746
-28.1	1.035936
-28	1.359666
-27.61	3.302046
-27.35	4.467474
-27.11	5.762394
-26.85	6.863076
-26.56	7.963758
-26.09	9.970884
-25.91	11.00682
-25.47	12.62547
-25.25	13.40242
-24.9	14.89158
-24.74	15.15056
-24.13	18.19363
-23.9	18.77634
-23.51	20.20075
-23.03	22.20788
-22.74	23.24381
-22.23	25.38043
-21.95	26.35162
-21.65	27.32281
-21.08	29.20045
-20.74	30.17164
-20.17	31.85503
-19.91	32.63198
-19.3	34.25063
-18.99	35.09233
-18.36	36.77573
-18.02	37.74692
-17.36	39.43031
-17.05	40.20727
-16.39	42.02015
-16.03	42.73236
-15.38	44.15677
-15.04	44.93372
-14.32	46.42288
-13.98	47.32933
-13.28	49.01272
-12.93	49.85442
-12.22	51.21408
-11.88	52.12053
-11.17	53.4802
-10.83	54.06291
-10.13	55.48732
-9.74	56.32902
-9.42	57.17072
-8.75	58.46564
-8.399999	59.24259
-8.01	60.01954
-7.34	61.5087
-6.97	62.09142
-6.29	63.77481
-5.95	64.55177
-5.27	66.10567
-4.57	67.01211
-4.24	67.85381
-3.54	69.86093
-3.17	70.05518
-2.51	71.73857
-2.18	72.904
-1.47	74.00468
-1.17	75.10536
-0.8	76.1413
-0.09000001	77.43622
0.2	78.66639
0.85	80.67352
1.21	80.86775
1.85	83.13387
2.16	84.1698
2.83	85.59422
3.15	86.82439
3.81	88.24879
4.17	89.28474
4.46	90.32067
4.79	91.35661
5.46	92.97526
5.86	94.52916
6.29	95.17662
6.76	96.66578
7.41	98.41392
7.68	99.25562
8.350001	101.457
8.689999	101.9102
9.350001	104.1116
9.68	104.8238
10.32	106.2482
10.63	107.2841
11.3	108.6438
11.63	109.6797
12.27	111.0394
12.64	111.7516
12.96	112.7228
13.64	113.7587
13.97	114.9241
14.31	115.6364
14.98	116.6723
15.34	117.6435
15.71	117.8377
16.35	119.5211
16.73	120.2981
17.01	120.2981
17.74	121.9815
18.02	122.8879
18.44	122.6937
19.13	124.4418
19.83	124.9598
20.2	125.8015
20.53	126.4489
21.22	127.0317
21.94	128.4561
22.32	128.0676
22.98	129.6215
23.73	130.269
24.43	131.1754
24.84	130.9812
25.55	132.2761
26.28	133.1825
27	133.571
27.36	134.0242
27.75	133.83
28.49	134.8012
29.24	134.9307
29.96	135.8371
30.72	135.8371
31.49	136.6141
32.23	136.6788
33.03	137.2615
33.79	137.0025
34.6	137.65
35.35	137.1968
36.11	137.7147
36.88	137.7147
37.66	137.909
38.5	137.2615
39.34	137.5205
40.16	136.8083
40.93	137.0025
41.76	136.2256
42.56	136.6788
42.79	135.7724
42.56	132.2761
42.1	128.8445
41.61	125.154
41.17	122.4994
40.93	119.8448
40.61	117.4492
40.28	114.7299
39.92	112.5285
39.45	110.0682
39.19	107.4136
38.88	105.018
38.48	102.5577
38.11	100.0326
37.8	97.63697
37.39	95.30611
37.07	92.84576
36.71	90.45016
36.38	87.98981
36.08	85.78845
35.65	83.3281
35.37	81.06199
34.98	78.66639
34.63	76.40028
34.24	74.13417
33.97	71.86806
33.52	69.60195
33.24	67.40059
32.84	65.06973
32.58	62.73887
32.17	60.79649
31.83	58.59513
31.49	56.39376
31.14	54.25715
30.77	52.12053
30.41	49.98391
30.07	47.78255
29.77	45.77542
29.37	43.83304
29.14	41.69642
28.83	39.62455
28.47	37.61743
28.1	35.73979
27.8	33.73267
27.44	32.04927
27.14	30.17164
26.81	28.35875
26.48	26.67535
26.29	24.66823
25.95	22.92008
25.62	21.36618
25.38	20.00651
25.19	19.22956
24.62	15.73328
24.35	14.04988
24.01	12.43123
23.67	10.81258
23.45	9.841392
22.98	7.057314
22.68	5.632902
22.4	4.53222
21.96	2.58984
21.87	1.748142
21.36	-0.258984
21.22	-0.776952
20.8	-3.107808
20.47	-4.337982
20.19	-5.697648
19.89	-6.992568
19.59	-8.352234
19.15	-9.452916
18.91	-11.00682
18.56	-12.30174
18.16	-13.72615
17.99	-14.95633
17.64	-16.31599
17.22	-17.54617
17.02	-18.97058
16.67	-20.20075
16.32	-21.68991
15.89	-23.11432
15.61	-24.53873
15.29	-25.83365
14.97	-27.38756
14.56	-28.81197
14.18	-29.39468
13.5	-32.43774
13.18	-33.79741
12.73	-34.96284
12.36	-35.93403
11.58	-38.8476
11.02	-40.53099
10.66	-41.95541
10.32	-42.53812
9.560001	-44.99847
9.25	-46.35814
8.53	-48.30051
8.13	-49.4012
7.41	-51.66731
6.97	-52.76799
6.27	-54.51613
5.94	-55.61681
5.07	-57.17072
4.74	-58.07716
4.4	-59.1131
3.62	-61.24972
3.16	-61.76768
2.42	-63.9043
2.09	-64.746
1.26	-66.23516
0.92	-67.2711
0.16	-69.34296
-0.21	-70.44365
-0.91	-72.12704
-1.34	-73.16298
-2.1	-74.65214
-2.42	-75.81757
-2.82	-76.8535
-3.13	-77.88943
-3.94	-79.70232
-4.31	-80.86775
-5.06	-83.00437
-5.33	-84.23454
-6.1	-85.78845
-6.47	-87.08337
-7.12	-88.70202
-7.54	-89.73795
-8.26	-92.1983
-8.63	-92.71627
-9.399999	-94.78815
-9.68	-95.88882
-10.4	-97.50748
-10.79	-98.6729
-11.54	-100.3563
-11.86	-101.5217
-12.63	-103.5936
-13.03	-104.0468
-13.72	-106.1834
-14.12	-107.2194
-14.89	-108.6438
-15.22	-109.4855
-15.91	-111.4926
-16.3	-111.9458
-17.06	-113.8235
-17.56	-114.7947
-17.93	-115.0536
-18.68	-116.8665
-19.05	-117.6435
-19.42	-117.9025
-20.23	-119.7801
-20.59	-120.4923
-21.02	-120.816
-21.86	-122.1757
-22.25	-122.9527
-22.6	-123.6001
-23.42	-124.3771
-23.86	-125.0245
-24.22	-125.8015
-25.09	-126.4489
-25.87	-127.6791
-26.31	-128.2618
-27.21	-128.715
-27.96	-129.8805
-28.56	-129.751
-29.58	-131.1754
-29.99	-131.5639
-30.47	-131.3696
-31.35	-132.3408
-32.11	-133.4415
-33.07	-133.3768
-33.44	-133.7652
-34.4	-133.7652
-35.21	-134.4774
-35.7	-134.8659
-36.15	-135.0602
-37.02	-134.9954
-37.97	-135.6429
-38.89	-135.3191
-39.71	-135.6429
-40.25	-135.7076
-41.22	-135.3191
-42.1	-135.5134
-43.14	-134.6069
-44.06	-135.2544
-44.94	-134.4127
-45.99	-134.4127
-46.84	-134.2185
-47.87	-133.2473
-48.87	-133.1825
-49.9	-132.1466
-50.93	-131.8229
-51.89	-130.7869
-52.91	-130.7222
-53.93	-129.2978
-54.52	-126.6432
-54.15	-124.0533
-53.78	-121.593
-53.4	-119.3269
-53.03	-116.8665
-52.59	-114.4062
-52.17	-112.0106
-51.8	-109.7445
-51.4	-107.2841
-51.03	-104.9533
-50.61	-102.4282
-50.18	-100.0973
-49.79	-97.89595
-49.39	-95.62984
-49.01	-93.36373
-48.58	-91.16237
-48.18	-88.70202
-47.8	-86.63015
-47.4	-84.42879
-47.01	-82.16267
-46.6	-79.89656
-46.16	-77.82469
-45.78	-75.75282
-45.42	-73.42197
-45	-71.28535
-44.6	-69.08398
-44.19	-66.88262
-43.79	-64.94024
-43.41	-62.80362
-43.01	-60.34327
-42.57	-58.2714
-42.18	-56.39376
-41.82	-54.51613
-41.39	-52.57375
-40.95	-50.63137
-40.53	-48.68899
-40.11	-46.81136
-39.71	-44.80423
-39.3	-42.86185
-38.88	-41.11371
-38.47	-39.04184
-38.07	-37.22895
-37.62	-35.35131
-37.22	-33.53843
-36.79	-31.72554
-36.36	-29.39468
-35.95	-27.38756
-35.4	-24.60348
-34.86	-22.07839
-34.41	-20.20075
-34	-18.38786
-33.57	-16.31599
-33.15	-14.5031
-32.75	-12.75496
-32.28	-11.00682
-31.86	-8.870202
-31.44	-7.186806
-31.03	-5.373918
-30.62	-3.496284
-30.19	-1.812888
-29.83	-0.388476
-29.53	0.776952
-28.98	3.2373
-28.6	4.920696
-28.21	6.733584
-27.78	8.41698
-27.41	9.776646
-27.12	11.20106
-26.71	12.62547
-26.49	13.66141
-26.19	15.02107
-25.72	16.70447
-25.43	17.99939
-25.12	18.97058
-24.81	20.33024
-24.44	22.01364
-24.03	23.63229
-23.59	25.50992
-23.13	26.99908
-22.73	28.61773
-22.29	30.36587
-21.84	31.98452
-21.38	33.40894
-20.93	34.70386
-20.45	36.12827
-20.03	37.48793
-19.5	38.8476
-18.98	40.20727
-18.45	41.63168
-17.95	42.9266
-17.44	44.35101
-16.9	45.58118
-16.41	46.74661
-15.82	48.17102
-15.3	49.4012
-14.76	50.63137
-14.2	51.7968
-13.66	52.89748
-13.13	53.28596
-12.02	56.13478
-11.46	56.78224
-10.33	58.59513
-9.79	60.08429
-8.72	62.22091
-8.15	63.51583
-7.06	65.5877
-6.51	66.49414
-5.44	68.37177
-4.88	69.86093
-4.34	71.28535
-3.73	72.12704
-2.67	74.26366
-2.18	75.75282
-1.05	78.01893
-0.57	79.70232
-0.02	80.60877
0.52	82.03318
1.02	83.06911
1.6	84.55827
2.13	85.39997
2.62	87.01862
3.14	88.24879
3.7	89.8027
4.2	90.6444
4.7	92.3278
5.27	92.97526
5.78	94.91763
6.29	95.75933
6.86	97.44273
7.33	98.28443
7.84	99.90308
8.37	100.7448
8.899999	102.4929
9.49	103.2699
9.95	104.9533
11.23	107.6078
11.9	109.097
12.45	110.3919
12.98	111.1041
13.58	112.4638
14.63	114.7299
15.18	115.1184
15.71	116.3486
16.27	116.737
16.82	118.1615
17.97	119.8448
18.53	120.2333
19.66	121.4635
20.19	122.6937
20.81	122.9527
21.95	124.1828
23.06	125.5425
23.69	126.4489
24.81	127.5496
26.03	128.6503
26.62	128.5856
27.81	129.1035
28.98	130.0747
30.22	130.8517
31.44	131.1107
32.66	131.8876
33.92	132.3408
35.16	132.4703
36.35	132.1466
37.71	131.7581
38.95	131.4991
40.28	131.4344
41.54	130.5279
42.19	130.6574
43.5	129.8805
43.85	128.8445
43.69	125.6072
43.27	122.4994
42.88	119.4564
42.48	116.737
42.06	113.5645
41.67	110.8452
41.29	107.9963
40.78	105.1475
40.43	102.2987
40.02	99.44986
39.61	96.73052
39.2	93.94645
38.81	91.09763
38.4	88.18405
37.93	85.59422
37.54	83.13387
37.15	80.28504
36.83	77.5657
36.33	74.91113
35.95	72.32128
35.57	69.66669
35.08	66.75313
34.75	64.55177
34.31	61.89717
33.94	59.24259
33.51	56.78224
33.09	54.25715
32.7	51.66731
32.31	49.20696
31.92	46.8761
31.52	44.28626
31.16	42.21439
30.8	39.75404
30.37	37.48793
30.03	35.09233
29.6	33.2147
29.24	30.75435
28.9	28.81197
28.52	26.67535
28.22	24.66823
27.82	22.6611
27.49	20.78347
27.21	19.22956
26.91	17.99939
26.62	15.66853
26.24	13.85564
26.03	12.36649
25.76	11.3953
25.03	7.76952
24.81	5.891886
24.53	4.661712
24.03	2.395602
23.94	1.94238
23.33	-0.64746
23.31	-0.906444
22.74	-3.56103
22.39	-5.309172
22.03	-6.927822
21.63	-8.352234
21.34	-9.906138
20.95	-11.46004
20.55	-13.27293
20.11	-14.5031
19.74	-16.1865
19.37	-17.41667
19.04	-18.97058
18.62	-20.65397
18.27	-22.07839
17.82	-23.56754
17.43	-25.12145
17.01	-26.93434
16.61	-28.42349
16.21	-30.10689
15.82	-31.66079
15.4	-33.34419
14.99	-34.89809
14.55	-35.80454
14.11	-37.22895
13.7	-38.91235
12.82	-41.76117
12.45	-42.9266
11.64	-45.51644
11.21	-47.0056
10.73	-47.97679
10.31	-49.46594
9.88	-50.69612
9.46	-51.92629
8.57	-54.71037
8.15	-55.42258
7.25	-57.68869
6.85	-59.04835
5.97	-60.86124
5.49	-61.96192
4.6	-64.03379
4.17	-65.19922
3.3	-67.07686
2.84	-67.9833
1.92	-70.05518
1.5	-70.96162
0.58	-72.77451
0.16	-74.13417
-0.74	-76.07655
-1.17	-77.04774
-2.06	-79.05486
-2.54	-79.83182
-3.39	-81.90369
-3.86	-82.93963
-4.73	-84.94675
-5.2	-85.8532
-6.04	-88.05456
-6.47	-89.09049
-7.32	-90.90338
-7.79	-91.93932
-8.68	-93.94645
-9.08	-95.17662
-9.99	-96.79527
-10.42	-97.50748
-11.33	-99.44986
-11.74	-100.8743
-12.65	-102.3634
-13.11	-103.3994
-14.03	-105.4065
-14.63	-106.3129
-15.65	-108.0611
-16.11	-109.2912
-16.51	-110.0682
-17.01	-110.5862
-17.96	-112.5933
-18.42	-112.9818
-19.34	-114.2767
-19.79	-115.3774
-20.27	-115.8953
-21.25	-117.3198
-21.7	-118.1615
-22.68	-119.1326
-23.19	-119.7154
-23.65	-119.9743
-24.65	-120.7513
-25.62	-122.1757
-26.17	-122.1757
-27.14	-123.6649
-28.14	-124.1828
-28.63	-125.0245
-29.65	-125.413
-30.71	-125.9957
-31.17	-126.3194
-32.2	-126.8374
-33.28	-127.0317
-33.79	-127.5496
-34.31	-127.8734
-35.36	-128.2618
-36.47	-128.2618
-37.48	-128.7798
-38	-128.4561
-39.08	-129.1035
-40.19	-128.974
-41.22	-129.2978
-41.86	-128.5208
-42.89	-129.1035
-43.46	-128.5208
-44.57	-128.6503
-45.67	-128.0676
-46.86	-127.6791
-47.98	-127.5496
-49.1	-126.9022
-50.26	-126.8374
-51.41	-125.8662
-52.58	-124.8303
-53.7	-124.636
-54.82	-123.6649
-55.18	-123.1469
-54.86	-120.5571
-54.48	-118.0967
-54.15	-116.0896
-53.78	-113.7587
-53.41	-111.7516
-53.11	-109.5502
-52.74	-107.4784
-52.37	-105.4065
-52.04	-103.3346
-51.73	-101.3275
-51.35	-99.25562
-50.98	-97.31324
-50.64	-95.37086
-50.3	-93.42847
-49.97	-91.29186
-49.61	-89.47897
-49.23	-87.47185
-48.92	-85.65896
-48.54	-83.71658
-48.22	-81.7742
-47.84	-79.96131
-47.49	-78.01893
-47.16	-76.27079
-46.8	-74.19891
-46.36	-71.67382
-45.88	-69.21347
-45.44	-67.01211
-45.11	-65.00498
-44.74	-62.99786
-44.4	-61.12022
-44.07	-59.30733
-43.7	-57.49445
-43.32	-55.74631
-42.99	-53.73918
-42.63	-52.05578
-42.28	-50.50188
-41.9	-48.88323
-41.53	-47.19983
-41.19	-45.64593
-40.79	-43.96254
-40.5	-42.27914
-40.14	-40.66049
-39.75	-38.91235
-39.35	-37.22895
-39.08	-35.73979
-38.64	-33.99165
-38.28	-32.373
-37.93	-30.8191
-37.57	-29.20045
-37.23	-27.25807
-36.85	-25.63942
-36.47	-23.89127
-36.12	-22.14313
-35.73	-20.39499
-35.36	-18.64685
-35	-17.0282
-34.63	-15.3448
-34.28	-13.66141
-33.89	-12.23699
-33.52	-10.42411
-33.2	-8.870202
-32.78	-7.381044
-32.4	-5.762394
-32.04	-4.273236
-31.72	-2.719332
-31.34	-1.230174
-31.1	-0.388476
-30.64	1.230174
-30.48	2.007126
-30.13	3.625776
-29.79	5.050188
-29.44	6.4746
-29.1	7.963758
-28.76	9.323424
-28.42	10.81258
-28.03	12.43123
-27.71	13.46717
-27.44	14.69734
-27.21	15.3448
-26.62	17.67566
-26.4	18.51736
-26.09	19.94177
-25.44	22.79059
-25.06	24.215
-24.69	25.63942
-24.32	27.12857
-23.95	28.61773
-23.54	30.04214
-23.16	31.59605
-22.79	32.89097
-22.43	34.25063
-22.03	35.35131
-21.62	36.77573
-21.13	37.2937
-20.71	38.58862
-20.29	40.14252
-19.41	42.27914
-18.93	43.12083
-18.44	44.4805
-18.02	45.45169
-17.56	46.74661
-17.14	47.7178
-16.63	49.01272
-16.14	49.78967
-15.68	51.21408
-15.26	52.05578
-14.25	54.25715
-13.79	54.96935
-12.83	57.17072
-12.4	58.20665
-11.42	60.01954
-10.93	61.05548
-9.78	63.12735
-9.140001	64.29278
-8.17	66.10567
-7.7	66.81787
-6.76	68.825
-6.29	69.47246
-5.28	71.47958
-4.88	72.45078
-3.86	74.13417
-3.44	75.10536
-2.41	76.91825
-1.99	77.82469
-0.99	79.76707
-0.56	80.99725
0.43	82.42166
0.82	83.71658
1.81	85.20573
2.28	86.5654
3.21	88.18405
3.7	89.41422
4.64	91.22711
5.06	92.3278
5.99	94.07594
6.48	95.17662
7.4	97.05425
7.89	97.83121
8.859999	99.83833
9.310001	100.8095
10.28	102.4929
10.79	103.3346
11.7	104.9533
12.16	105.9892
13.18	107.1546
13.67	108.3848
14.11	108.7733
15.07	110.3272
15.59	110.9099
16.07	111.9458
17.11	112.9818
18.02	114.2767
18.55	115.1184
19.54	115.7658
20.57	117.1903
21.09	117.5787
22.14	119.0032
23.14	119.3916
24.17	120.4276
24.64	120.816
25.68	121.7225
26.71	121.852
27.79	122.7584
28.86	123.2764
29.95	123.6001
31.03	123.7296
32.08	123.9886
33.16	124.1828
34.21	124.5066
35.31	123.9238
36.47	123.9238
37.53	123.7296
38.64	123.5354
39.73	123.4706
40.87	122.9527
42.05	122.4994
42.63	122.0462
44.1	121.5282
44.3	120.4276
44.23	119.0679
43.89	116.2191
43.54	113.435
43.14	110.5862
42.78	107.9316
42.33	105.0828
41.96	102.2339
41.54	99.6441
41.11	96.79527
40.76	94.27018
40.33	91.68034
39.95	88.63728
39.58	86.30642
39.16	83.84607
38.76	81.06199
38.38	78.5369
37.93	76.07655
37.58	73.42197
37.14	70.83212
36.77	68.30703
36.36	65.71719
35.93	63.1921
35.54	60.79649
35.15	58.20665
34.77	55.8758
34.35	53.4802
33.99	50.9551
33.62	48.49475
33.25	46.1639
32.85	43.70355
32.44	41.56693
32.11	39.10658
31.73	36.90522
31.38	35.02759
31.04	32.82622
30.72	30.8191
30.33	28.81197
29.99	26.7401
29.64	24.79772
29.3	22.79059
28.95	20.78347
28.64	18.97058
28.44	17.93464
28.11	15.92752
27.79	14.17937
27.54	12.62547
27.31	11.3953
26.87	8.870202
26.56	7.251552
26.29	5.632902
26.03	4.596966
25.58	2.007126
25.54	1.94238
25.03	-0.712206
24.95	-0.841698
24.38	-3.88476
24.05	-5.50341
23.72	-7.057314
23.38	-8.481726
22.96	-10.22987
22.62	-11.71903
22.24	-13.27293
21.91	-14.76209
21.53	-16.44548
21.15	-17.80515
20.79	-19.29431
20.39	-20.84821
20.05	-22.14313
19.64	-23.56754
19.22	-25.12145
18.85	-26.7401
18.42	-28.03502
18.07	-29.65367
17.66	-31.46656
17.25	-32.89097
16.84	-34.50962
16.43	-35.99878
15.99	-37.48793
15.67	-39.04184
15.24	-40.53099
14.84	-42.27914
14.44	-43.50931
14.1	-44.73949
13.23	-47.07034
12.81	-48.23577
12	-50.9551
11.54	-52.12053
10.56	-55.0341
10.01	-56.39376
9.58	-57.68869
9.100001	-58.72462
8.310001	-60.73175
7.92	-62.15616
7.05	-64.16328
6.62	-65.19922
5.74	-67.07686
5.29	-68.11279
4.43	-70.05518
4	-70.96162
3.1	-72.77451
2.67	-73.81044
1.78	-75.62333
1.34	-76.27079
0.46	-78.21317
0.02	-79.05486
-0.85	-80.73826
-1.29	-81.70945
-2.19	-83.3281
-2.61	-84.1698
-3.52	-86.17693
-3.95	-86.82439
-4.83	-88.44304
-5.27	-89.15524
-6.18	-90.96813
-6.66	-91.74508
-7.53	-93.42847
-7.95	-94.14069
-8.859999	-95.69459
-9.3	-96.27731
-9.72	-97.31324
-10.64	-98.47867
-11.13	-99.25562
-11.54	-100.0973
-12.49	-101.3922
-12.92	-102.5577
-13.84	-103.6583
-14.31	-104.3706
-14.73	-105.018
-15.69	-106.1834
-16.14	-107.0251
-16.59	-107.4784
-17.57	-108.6438
-17.99	-109.356
-18.47	-109.9387
-19.4	-111.1689
-19.91	-111.4926
-20.45	-111.9458
-21.34	-113.2408
-22.29	-114.1472
-22.8	-114.6004
-23.75	-115.3774
-24.73	-116.0248
-25.23	-116.2838
-26.21	-117.1255
-27.22	-117.9025
-27.7	-118.2909
-28.72	-118.6794
-29.71	-119.2621
-30.25	-119.5859
-30.75	-119.9096
-31.77	-120.2981
-32.76	-120.4923
-33.29	-121.0103
-33.81	-121.2045
-34.79	-121.7225
-35.86	-121.9167
-36.89	-121.9815
-37.43	-121.9815
-38.53	-121.9815
-39.74	-122.111
-40.95	-121.9815
-42.02	-121.9167
-42.51	-121.9815
-43.08	-122.2404
-44.15	-121.9167
-45.21	-121.3988
-46.29	-121.2045
-47.37	-120.816
-48.49	-120.1686
-49.64	-119.9743
-50.69	-119.5859
-51.85	-119.1326
-52.97	-118.4852
-54.14	-118.1615
-55.15	-117.6435
-55.41	-115.5069
-55.09	-112.8523
-54.63	-110.3272
-54.24	-107.9316
-53.85	-105.6655
-53.43	-103.2051
-53.06	-100.939
-52.65	-98.73765
-52.27	-96.47154
-51.91	-94.33492
-51.52	-92.1983
-51.14	-90.12643
-50.7	-87.66608
-50.31	-85.65896
-49.94	-83.58709
-49.57	-81.32098
-49.18	-79.31385
-48.8	-77.17723
-48.41	-75.23486
-47.95	-73.09824
-47.59	-70.76738
-47.21	-68.88975
-46.81	-66.68838
-46.42	-64.55177
-46.01	-62.73887
-45.69	-60.47276
-45.21	-58.2714
-44.87	-56.26427
-44.48	-54.12766
-44.04	-52.12053
-43.7	-50.30764
-43.24	-48.49475
-42.87	-46.81136
-42.44	-44.73949
-42.06	-42.9266
-41.62	-41.2432
-41.29	-39.10658
-40.86	-37.55268
-40.5	-35.54556
-40.03	-33.60317
-39.63	-31.91978
-39.27	-30.04214
-38.78	-28.294
-38.47	-26.41637
-38.08	-24.27975
-37.61	-22.46686
-37.24	-20.2655
-36.81	-18.45261
-36.4	-16.38074
-36.02	-14.69734
-35.56	-12.69022
-35.21	-10.81258
-34.78	-8.999694
-34.35	-7.12206
-33.95	-5.309172
-33.55	-3.496284
-33.15	-1.877634
-32.74	-0.194238
-32.45	0.712206
-31.99	2.848824
-31.65	4.402728
-31.22	6.086124
-30.79	7.704774
-30.38	9.323424
-30.11	10.61834
-29.8	11.78377
-29.45	13.40242
-29.23	14.11463
-28.85	15.66853
-28.55	16.70447
-28.3	17.54617
-27.6	20.20075
-27.25	21.8194
-26.87	23.43805
-26.53	25.25094
-26.03	26.93434
-25.69	28.55299
-25.25	29.9774
-24.83	31.66079
-24.41	33.2147
-23.97	34.83335
-23.52	35.93403
-23.1	37.87641
-22.55	39.23608
-22.06	39.75404
-21.61	41.76117
-21.08	42.40863
-20.5	44.28626
-20.03	45.45169
-19.54	46.68187
-19.06	48.36526
-18.49	49.72493
-18.01	50.76086
-17.47	51.99104
-16.95	53.4802
-16.43	54.51613
-15.84	55.74631
-15.34	56.58801
-14.83	57.75343
-14.25	59.04835
-13.74	60.21378
-13.1	61.18497
-12.69	62.09142
-12.12	63.12735
-11.04	65.26397
-10.5	66.17041
-9.42	67.9833
-8.859999	69.01923
-7.75	70.76738
-7.2	71.60908
-6.7	72.83925
-6.08	73.55145
-5.05	75.1701
-4.55	76.07655
-3.41	78.01893
-2.86	78.79588
-2.28	79.76707
-1.73	80.60877
-1.22	81.70945
-0.17	83.52234
0.4	84.36404
1.48	85.98269
2.05	86.75964
3.11	88.96101
3.72	89.60847
4.72	91.42135
5.36	92.3278
6.48	94.33492
6.89	94.98238
8.020001	96.60103
8.54	97.44273
9.12	98.21968
10.22	99.77358
10.72	100.4858
11.38	101.198
12.4	102.6872
12.99	103.7231
13.56	104.3706
14.69	105.795
15.85	107.0251
16.37	107.3489
17.39	108.4495
18.63	109.874
19.19	110.3919
20.3	111.2984
21.6	111.9458
22.68	113.3055
23.36	113.694
23.87	113.7587
25.27	114.9889
26.03	114.9241
27.21	115.5069
28.42	115.7658
29.74	116.2191
30.88	116.1543
32.11	116.1543
32.7	116.1543
33.98	116.3486
35.22	116.0248
36.44	116.0248
37.74	115.5069
38.39	114.9889
39	115.3774
40.22	114.7299
41.47	114.0825
42.72	113.694
43.46	113.4997
44.61	113.0465
45.94	112.658
47.15	111.8163
47.84	111.2984
49.17	111.0394
50.52	110.0035
51.21	108.3848
52.66	107.0251
53.27	106.7662
54.6	105.6007
55.9	105.0828
56.6	104.6943
57.85	103.9821
59.17	103.2699
60.47	102.9461
61.16	102.4929
62.44	102.2339
63.97	99.19087
64.7	97.18375
65.58	96.14781
66.32	94.78815
67.09	93.36373
67.95	91.42135
69.25	89.8027
69.66001	88.83151
69.76	87.4071
69.34	84.1698
68.86	80.99725
68.36	77.5657
67.83	74.13417
67.33	70.63789
66.87	67.20634
66.38	63.9043
65.93	60.60226
65.45	57.49445
64.98001	54.25715
64.49	51.27883
64.08	48.43001
63.54	45.45169
63.07	42.47338
62.65	39.75404
62.17	36.77573
61.73	33.86216
61.24	31.27232
60.82	28.74722
60.46	26.09264
59.97	23.63229
59.62	21.17194
59.23	18.97058
58.88	16.96345
58.44	14.43836
58.11	11.58953
57.83	9.517662
57.58	8.157996
57.31	6.539346
56.97	4.85595
56.75	3.88476
56.38	2.395602
56.18	1.553904
55.89	-0.064746
55.22	-4.402728
54.82	-6.863076
54.41	-9.258678
53.95	-11.2658
53.59	-13.59666
53.17	-15.79802
52.77	-18.19363
52.35	-20.71872
51.86	-22.79059
51.35	-24.99196
50.95	-27.25807
50.43	-29.45943
49.97	-31.72554
49.51	-33.34419
49.07	-35.54556
48.56	-37.68217
48.09	-39.81879
47.6	-41.89066
47.28	-44.02728
46.83	-46.35814
46.3	-48.10628
45.88	-50.30764
45.43	-52.37951
44.97	-54.51613
44.51	-56.26427
44.01	-58.2714
43.56	-60.14903
43.11	-62.09142
42.64	-63.83956
42.22	-65.39346
41.73	-67.07686
41.22	-68.825
40.77	-70.05518
40.31	-72.12704
39.82	-73.35722
39.34	-74.97587
38.82	-76.20604
38.35	-77.88943
37.84	-79.24911
37.34	-80.67352
36.34	-83.3281
35.82	-84.94675
34.8	-87.27761
34.28	-88.31355
33.05	-88.31355
32.44	-88.24879
31.94	-89.15524
31.33	-90.38541
30.19	-92.13356
29.71	-92.97526
28.6	-94.78815
28.08	-95.62984
26.9	-97.119
26.33	-98.02544
25.8	-98.54341
24.6	-99.70884
24.05	-100.3563
23.51	-100.939
22.31	-102.1044
21.76	-102.4282
21.17	-103.1404
19.97	-103.7878
18.76	-105.0828
18.19	-105.0828
17.01	-105.6655
15.81	-106.6367
15.17	-107.0899
13.96	-107.6726
12.76	-108.0611
11.59	-108.838
10.98	-109.097
9.729999	-109.5502
8.57	-110.0682
7.34	-110.1977
6.78	-110.3272
5.48	-109.9387
4.83	-109.7445
3.58	-110.5862
2.82	-110.7157
2.02	-110.7157
1.43	-111.1689
0.8	-111.1689
-0.4	-111.4926
-1.65	-111.4926
-2.87	-111.5574
-4.1	-111.8163
-5.36	-111.3631
-6.04	-110.9746
-7.34	-110.7157
-8.560001	-110.5862
-9.850001	-110.1329
-10.48	-110.0682
-11.75	-109.6797
-13.04	-108.9028
-14.33	-108.3201
-15.67	-107.4136
-17	-106.5072
-18.28	-105.9892
-19.67	-105.018
-21.02	-103.7878
-22.42	-102.7519
-23.72	-101.5217
-25.14	-99.96783
-25.88	-99.12613
-27.3	-97.119
-28.07	-95.17662
-28.85	-93.42847
-29.64	-92.00407
-30.36	-90.38541
-32.15	-85.78845
-32.98	-83.78133
-33.84	-81.7742
-34.67	-80.28504
-36.04	-79.44334
-36.85	-78.08368
-37.75	-75.55858
-38.66	-73.16298
-39	-71.47958
