Galeota 1996 Specimen BB4B	
3118	
0.05	1.318464
0.12	2.82528
0.2	4.018176
0.28	5.524992
0.35	6.843456
0.43	8.224704
0.49	9.668736
0.56	10.73607
0.65	12.49401
0.75	14.18919
0.82	15.696
0.92	17.14003
1	18.89799
1.09	20.34201
1.2	22.28832
1.3	23.60679
1.36	24.67411
1.46	26.62041
1.56	27.93888
1.67	29.57127
1.74	30.95251
1.82	32.39655
1.9	33.71501
1.98	35.28461
2.07	36.72864
2.16	38.4866
2.25	39.74227
2.34	41.50023
2.5	43.38375
2.6	45.1417
2.69	46.58573
2.79	48.15533
2.88	49.8505
3	50.98061
3.1	52.67578
3.19	54.05703
3.27	55.43827
3.35	56.94509
3.5	59.26809
3.61	60.77491
3.7	62.21893
3.8	63.78854
3.9	65.29536
4.01	66.80218
4.11	68.12064
4.21	70.00416
4.32	71.32262
4.42	72.6411
4.53	74.46182
4.63	75.78029
4.73	77.16153
4.84	78.66835
4.94	79.92403
5.03	81.43085
5.18	83.37715
5.34	85.44903
5.43	86.7047
5.53	88.02318
5.69	90.03225
5.79	91.22516
5.95	93.23425
6.1	94.92941
6.21	96.24788
6.37	98.00581
6.52	99.82652
6.68	101.7729
6.84	103.3424
7	105.0377
7.16	106.9211
7.33	108.2396
7.43	109.6208
7.65	111.6927
7.81	113.0112
7.92	114.2669
8.09	115.5854
8.31	117.7201
8.47	119.3523
8.64	120.6708
8.8	122.2405
8.93	122.9311
9.19	125.5053
9.37	126.7609
9.59	128.3933
9.77	129.5861
10	131.0302
10.18	132.0975
10.36	133.6044
10.59	135.0483
10.82	136.4297
11.05	137.8737
11.28	139.4433
11.51	140.8873
11.69	142.2058
11.98	143.8382
12.21	145.4077
12.51	146.8518
12.75	148.1703
12.98	149.4887
13.27	150.9955
13.56	152.5651
13.79	154.0091
14.09	155.5159
14.32	156.7717
14.56	158.2785
14.91	159.8481
15.2	161.4804
15.5	163.0501
15.78	164.3685
16.02	165.5614
16.38	167.0682
16.68	168.575
16.97	169.9563
17.44	169.3285
17.95	170.5213
18.47	170.2703
18.61	169.0773
18.62	167.3821
18.51	165.1219
18.4	163.6779
18.29	161.9827
18.18	160.8527
18.07	159.5342
17.95	158.0901
17.84	156.8344
17.72	155.5159
17.61	154.072
17.49	152.879
17.34	151.2466
17.22	149.7398
17.11	148.6097
16.95	147.1029
16.79	145.345
16.66	143.7126
16.51	142.0175
16.33	140.2595
16.21	138.8154
16.03	136.8691
15.9	135.4879
15.72	133.6044
15.6	132.2859
15.42	130.5907
15.3	128.8955
15.12	127.1376
14.92	125.2541
14.8	123.9984
14.63	121.9893
14.44	120.1058
14.33	118.7873
14.2	117.4689
14.02	115.7109
13.9	114.3297
13.72	112.6973
13.59	111.3161
13.42	109.5581
13.29	108.114
13.11	106.4816
12.93	104.5354
12.75	102.6518
12.57	100.8939
12.45	99.44989
12.28	98.00581
12.15	96.62458
11.97	94.74106
11.79	93.29701
11.6	91.66464
11.41	90.5973
11.29	89.34164
11.11	87.58368
10.93	85.76295
10.8	84.3817
10.59	82.12147
10.39	80.0496
10.25	78.8567
10.11	77.34988
9.97	76.03143
9.84	74.71296
9.7	73.20615
9.57	71.76211
9.37	69.75303
9.23	68.74848
9.09	66.99052
8.96	65.98598
8.82	64.47916
8.63	62.784
8.48	61.02605
8.32	59.33088
8.15	57.57293
7.97	55.87776
7.8	54.11981
7.63	52.36186
7.46	50.66669
7.28	48.59481
7.12	47.088
6.95	45.26727
6.78	43.63488
6.62	41.87693
6.45	39.9934
6.3	38.67495
6.14	36.54029
5.98	34.84512
5.83	33.27552
5.68	31.51757
5.53	29.8224
5.39	28.06445
5.25	26.49484
5.11	24.92525
4.99	23.41843
4.86	22.16275
4.72	20.34201
4.6	18.8352
4.48	17.45395
4.33	15.88435
4.19	14.25197
4	11.80339
3.83	10.04544
3.7	8.350272
3.59	6.843456
3.47	5.524992
3.33	4.018176
3.23	2.82528
3.08	1.318464
2.94	-0.502272
2.83	-1.757952
2.7	-3.390336
2.59	-4.771584
2.48	-6.027264
2.37	-7.722432
2.25	-8.978112
2.13	-10.35936
2.01	-11.86617
1.9	-13.05907
1.77	-14.62867
1.65	-16.13549
1.52	-17.64231
1.39	-19.58861
1.26	-20.90707
1.13	-22.60224
1	-24.10905
0.87	-25.92979
0.73	-27.49939
0.6	-29.0062
0.47	-30.70137
0.34	-32.20819
0.16	-33.46387
0.04	-34.71955
-0.08	-36.54029
-0.22	-37.98432
-0.36	-39.11444
-0.49	-40.62125
-0.62	-41.81414
-0.75	-43.44653
-0.96	-45.39283
-1.08	-47.088
-1.21	-48.53204
-1.34	-50.28999
-1.47	-51.48288
-1.59	-53.11527
-1.73	-54.55929
-1.86	-56.00333
-1.99	-57.76128
-2.19	-59.89594
-2.33	-61.40276
-2.46	-62.784
-2.61	-64.29081
-2.86	-66.11156
-3	-67.80672
-3.14	-68.93684
-3.28	-70.44365
-3.43	-71.88768
-3.65	-73.95956
-3.79	-75.59194
-3.94	-76.72205
-4.09	-78.16608
-4.23	-79.67289
-4.45	-81.55642
-4.6	-83.1888
-4.73	-84.57005
-4.92	-86.13965
-5.09	-87.39532
-5.22	-88.77657
-5.41	-90.15783
-5.58	-91.72742
-5.77	-93.17146
-5.94	-94.48992
-6.08	-95.99674
-6.26	-97.37794
-6.44	-98.75927
-6.63	-100.3288
-6.81	-101.5845
-6.95	-102.903
-7.13	-104.4098
-7.37	-105.9166
-7.56	-107.549
-7.75	-108.7419
-7.95	-109.9976
-8.19	-111.6927
-8.38	-112.9485
-8.57	-114.3297
-8.76	-115.7737
-8.96	-117.0293
-9.16	-118.2851
-9.41	-119.7919
-9.66	-121.5499
-9.91	-122.9311
-10.16	-124.3123
-10.36	-125.5053
-10.55	-126.6981
-10.86	-128.3933
-11.06	-129.5234
-11.32	-131.0302
-11.62	-132.537
-11.94	-133.8555
-12.2	-135.1112
-12.5	-136.9947
-12.88	-138.3131
-13.2	-139.8828
-13.56	-141.264
-13.88	-142.6452
-14.16	-143.9009
-14.48	-145.4077
-14.85	-146.9145
-15.23	-148.233
-15.59	-149.8654
-15.9	-150.9328
-16.21	-152.4396
-16.52	-153.9464
-16.88	-155.1393
-17.19	-156.6461
-17.57	-158.0273
-17.91	-159.3457
-18.3	-160.4759
-18.81	-161.9827
-19.29	-163.6151
-19.79	-162.7361
-20.28	-164.4941
-20.81	-165.8126
-21.34	-165.4358
-21.87	-165.4358
-22.3	-166.4403
-22.84	-167.7588
-23.43	-166.6288
-23.62	-165.8126
-23.55	-164.2429
-23.4	-162.6105
-23.23	-161.041
-23.06	-159.7225
-22.9	-158.1529
-22.73	-156.6461
-22.51	-155.0137
-22.35	-153.5069
-22.18	-151.6861
-22.01	-150.556
-21.84	-148.8609
-21.67	-147.5424
-21.51	-146.2867
-21.34	-144.7799
-21.16	-143.6498
-20.99	-142.3313
-20.83	-140.5106
-20.66	-139.5689
-20.42	-137.6225
-20.25	-136.2413
-20.08	-134.9229
-19.85	-133.1649
-19.63	-131.4069
-19.4	-129.4607
-19.22	-128.0793
-19.05	-126.8865
-18.88	-125.4424
-18.65	-123.7473
-18.49	-122.1776
-18.26	-120.7337
-18.03	-118.9757
-17.85	-117.4689
-17.68	-116.0248
-17.49	-114.518
-17.28	-113.1995
-17.09	-111.63
-16.9	-110.2487
-16.7	-108.4908
-16.51	-107.2351
-16.31	-105.6655
-16.12	-103.9703
-15.93	-102.903
-15.72	-100.9567
-15.53	-99.63821
-15.35	-98.38255
-15.15	-96.37344
-14.96	-95.36889
-14.76	-93.61095
-14.57	-91.91578
-14.31	-89.96947
-14.11	-88.77657
-13.92	-87.26976
-13.74	-85.70016
-13.53	-84.13056
-13.31	-82.30982
-13.1	-80.92859
-12.88	-79.23341
-12.68	-77.53824
-12.45	-75.84308
-12.32	-74.5246
-12.1	-73.26892
-11.89	-71.25984
-11.67	-69.8158
-11.45	-68.24621
-11.31	-67.05331
-11.09	-65.54651
-10.87	-63.78854
-10.64	-62.28172
-10.41	-61.02605
-10.18	-59.45645
-9.94	-57.94963
-9.71	-56.31725
-9.49	-54.99878
-9.26	-53.49197
-9.02	-51.60845
-8.71	-50.28999
-8.47	-48.78316
-8.25	-47.27635
-8.11	-46.02068
-7.89	-44.63942
-7.68	-42.56755
-7.49	-40.87239
-7.28	-39.30278
-7.08	-37.54483
-6.89	-35.72409
-6.69	-34.09172
-6.56	-32.83603
-6.37	-31.07808
-6.24	-29.69683
-6.04	-27.93888
-5.91	-26.55763
-5.72	-24.92525
-5.59	-23.48121
-5.4	-21.84883
-5.27	-20.4048
-5.08	-18.70963
-4.95	-17.32839
-4.83	-16.07271
-4.64	-14.18919
-4.46	-12.30567
-4.28	-10.54771
-4.16	-9.229248
-3.98	-7.659648
-3.8	-5.65056
-3.63	-3.892608
-3.47	-2.385792
-3.36	-1.067328
-3.16	0.188352
-3	1.88352
-2.91	3.013632
-2.75	4.771584
-2.59	6.717888
-2.44	8.350272
-2.26	10.17101
-2.13	11.74061
-1.91	12.93351
-1.79	14.37753
-1.66	15.88435
-1.52	17.64231
-1.38	19.33747
-1.23	20.84429
-1.08	22.53945
-0.97	23.85792
-0.8	25.30195
-0.64	26.87155
-0.49	28.50393
-0.33	29.63405
-0.22	30.88973
-0.04	32.45932
0.07	33.90336
0.2	35.03347
0.32	36.47751
0.51	38.29824
0.64	39.93063
0.78	41.31187
0.92	42.56755
1.06	44.07437
1.2	45.5184
1.34	47.088
1.5	48.53204
1.65	50.10163
1.81	51.54567
1.96	53.30361
2.13	54.936
2.29	56.5056
2.45	58.26355
2.61	59.51923
2.77	61.27719
2.93	63.09792
3.11	64.66752
3.26	66.11156
3.42	67.4928
3.58	69.12518
3.74	70.69479
3.91	72.01324
4.07	73.70841
4.24	74.96409
4.4	76.65926
4.56	77.97774
4.72	79.23341
4.95	81.11693
5.12	82.74931
5.29	84.13056
5.46	85.63738
5.64	87.01862
5.81	88.27431
6.07	90.47175
6.24	91.72742
6.42	93.17146
6.68	95.18054
6.85	96.49901
7.02	97.88025
7.2	99.38705
7.47	100.9567
7.65	102.4635
7.83	104.0331
8.09	105.5399
8.34	107.4234
8.61	109.1185
8.88	110.8765
9.15	112.6973
9.33	114.2041
9.59	115.9621
9.87	117.4689
10.15	119.4152
10.43	121.3615
10.71	122.9311
10.9	124.1239
11.09	125.8192
11.37	127.326
11.66	129.0211
11.94	131.0302
12.23	132.4743
12.51	134.4833
12.7	135.5506
12.98	137.2459
13.27	138.941
13.55	140.4478
13.84	142.3941
14.12	144.1521
14.42	145.6589
14.6	146.9774
14.89	148.233
15.16	149.9281
15.45	151.8117
15.73	153.1302
16.03	154.5114
16.31	156.1438
16.87	157.0856
17.16	158.2785
17.53	159.9736
17.91	161.5433
18.39	162.9872
18.87	164.3058
19.39	162.4222
19.69	158.1529
20.17	150.6189
20.76	152.1257
21.19	153.8208
21.77	155.1393
22.32	156.5833
22.86	158.0901
23.4	159.3457
23.94	160.2248
24.48	161.2921
25.02	161.9827
25.55	162.5478
26.12	163.1757
26.66	163.6151
27.2	164.0546
27.73	164.6825
28.28	164.9964
28.83	165.3731
29.39	165.2475
29.93	164.7452
30.58	164.3685
31.13	163.7407
31.68	163.6779
32.19	163.1757
32.7	162.1711
33.28	161.1037
33.87	159.9736
34.24	158.7807
34.79	157.5879
35.25	156.0811
35.79	154.637
36.08	153.3185
36.11	151.4978
36.13	149.991
36.41	146.9145
36.25	145.0311
36.09	143.3358
35.93	141.7035
35.76	140.2595
35.59	138.5643
35.41	137.0574
35.27	135.5506
35.09	134.1694
34.91	132.6626
34.76	131.093
34.58	129.9001
34.41	128.0793
34.25	126.9492
34.08	125.3797
33.91	123.9356
33.74	122.68
33.58	121.1731
33.41	119.8546
33.24	118.4107
33.06	117.0922
32.9	115.5225
32.74	114.2041
32.58	112.76
32.4	111.3161
32.23	110.1859
32.05	108.6791
31.9	107.3607
31.74	105.9166
31.56	104.5981
31.4	103.3424
31.22	101.8356
31.07	100.58
30.9	99.19874
30.64	97.12688
30.48	95.87117
30.24	94.05043
30.05	92.6064
29.9	91.35072
29.65	89.27885
29.48	88.21152
29.32	86.76749
29.06	84.69561
28.89	83.37715
28.64	81.6192
28.47	80.17517
28.23	78.54279
28.04	77.03596
27.86	75.78029
27.68	74.33626
27.4	72.6411
27.22	71.25984
26.96	69.56467
26.79	68.12064
26.6	66.99052
26.43	65.35815
26.16	63.78854
25.98	62.53286
25.71	60.58656
25.53	59.26809
25.26	57.51014
25	56.31725
24.82	54.99878
24.56	53.42919
24.38	51.92237
24.11	50.28999
23.93	48.97152
23.67	47.46471
23.49	46.02068
23.23	44.51385
22.96	42.75591
22.71	41.24908
22.45	39.74227
22.28	38.4866
22.03	36.97978
21.85	35.66132
21.61	34.21728
21.36	32.45932
21.11	30.76416
20.86	29.25735
20.61	27.56217
20.38	26.18093
20.16	24.86247
19.93	23.41843
19.71	21.9744
19.41	20.34201
19.15	18.70963
18.93	17.32839
18.71	16.26105
18.44	14.56589
18.25	13.37299
18.01	11.99175
17.76	10.48493
17.49	9.166464
17.24	7.596864
16.85	5.587776
16.55	4.143744
16.27	2.82528
15.91	1.506816
15.62	0.062784
15.31	-1.25568
15.02	-2.574144
14.71	-4.269312
14.42	-6.2784
13.94	-7.53408
13.6	-9.292032
13.35	-10.29657
13.01	-12.30567
12.8	-13.68691
12.47	-15.31929
12.24	-16.57497
11.9	-18.39571
11.61	-19.96531
11.41	-21.03264
11.15	-22.47667
10.86	-23.79513
10.59	-25.30195
10.31	-26.62041
10.08	-27.87609
9.8	-29.13177
9.45	-30.63859
9.18	-32.1454
8.67	-33.46387
8.4	-34.84512
8.13	-36.35193
7.86	-37.98432
7.58	-39.30278
7.3	-40.62125
6.98	-42.12806
6.63	-43.63488
6.3	-45.33004
6.03	-46.77408
5.69	-47.96697
5.42	-49.41101
5.08	-51.10617
4.74	-52.61299
4.39	-54.05703
4.13	-55.43827
3.61	-56.63116
3.34	-57.94963
3.12	-59.20531
2.85	-60.52378
2.57	-62.03059
2.34	-63.16071
2.05	-64.79309
1.71	-66.42547
1.36	-67.9323
1.07	-69.37632
0.78	-70.82036
0.44	-72.76665
0.16	-74.27348
-0.13	-75.59194
-0.42	-77.03596
-0.7	-78.54279
-1	-79.92403
-1.28	-81.43085
-1.57	-82.74931
-1.86	-84.25613
-2.14	-85.76295
-2.62	-87.14419
-2.9	-88.651
-3.12	-90.03225
-3.4	-91.72742
-3.62	-92.79475
-3.91	-94.42713
-4.19	-95.93394
-4.42	-97.25246
-4.71	-98.57086
-5	-100.1405
-5.23	-101.3962
-5.52	-102.903
-5.81	-104.347
-6.04	-105.6655
-6.34	-107.1723
-6.57	-108.2396
-6.86	-109.7464
-7.15	-111.1905
-7.45	-112.76
-7.74	-114.0785
-8.29	-115.2715
-8.57	-116.841
-8.85	-118.3478
-9.09	-119.6663
-9.38	-121.1731
-9.66	-122.6171
-9.96	-123.9356
-10.25	-125.5053
-10.54	-126.9492
-10.84	-128.3933
-11.14	-129.5861
-11.43	-131.0302
-11.79	-132.3487
-12.15	-133.7927
-12.47	-135.3623
-12.97	-136.1785
-13.28	-137.6853
-13.58	-139.1921
-13.92	-140.6361
-14.28	-142.5825
-14.65	-143.6498
-15.01	-145.1566
-15.42	-146.5379
-15.78	-147.9191
-16.15	-149.4259
-16.57	-150.6189
-16.92	-151.8117
-17.35	-153.5696
-17.78	-154.5742
-18.27	-156.1438
-18.68	-157.5879
-18.86	-156.0811
-19.27	-157.4623
-19.68	-159.1574
-20.15	-160.4131
-20.56	-161.7943
-21.06	-163.0501
-21.59	-164.2429
-22.14	-165.2475
-22.65	-166.0637
-23.2	-166.8171
-23.7	-165.7497
-24.25	-166.5032
-24.78	-167.0055
-25.31	-167.5077
-25.87	-167.6961
-26.37	-167.7588
-26.88	-166.252
-27.45	-166.8799
-28.01	-167.3194
-28.53	-167.5705
-29.27	-164.7452
-29.77	-165.1847
-30.29	-165.6241
-30.8	-165.9381
-31.31	-166.252
-31.82	-166.4403
-32.34	-166.3776
-32.88	-166.3776
-33.41	-166.3776
-33.93	-166.0637
-34.47	-165.8126
-34.97	-165.1847
-35.5	-165.1847
-36.04	-165.1219
-36.58	-164.9335
-37.11	-164.4941
-37.33	-162.9872
-37.83	-162.5478
-38.38	-162.3595
-38.92	-162.1083
-39.43	-161.7316
-39.93	-161.4804
-40.44	-161.041
-40.99	-160.162
-41.22	-158.6551
-41.77	-157.4623
-42.33	-156.8344
-42.87	-156.6461
-43.41	-155.5788
-43.93	-155.0765
-44.45	-154.1975
-44.97	-153.5696
-45.48	-152.7534
-45.74	-151.3722
-46.25	-150.3049
-46.37	-149.0492
-46.9	-148.7981
-47.28	-147.6051
-47.12	-145.6589
-46.91	-144.0893
-46.67	-142.3941
-46.47	-140.9501
-46.26	-139.0037
-46.03	-137.7481
-45.81	-135.9901
-45.56	-131.2814
-45.03	-130.8419
-44.81	-129.2722
-44.61	-127.8283
-44.39	-126.5098
-44.2	-124.8145
-43.96	-123.5589
-43.75	-121.9893
-43.51	-120.4825
-43.31	-119.164
-43.02	-117.3433
-42.84	-115.8365
-42.64	-114.7063
-42.38	-113.0112
-42.1	-111.4416
-41.93	-109.9976
-41.66	-108.3024
-41.4	-106.6072
-41.22	-105.4771
-40.95	-103.5936
-40.67	-101.8356
-40.32	-99.63821
-40.06	-98.19414
-39.87	-96.9385
-39.6	-95.30611
-39.32	-93.48537
-39.05	-91.97856
-38.8	-90.28339
-38.52	-88.46265
-38.24	-86.83027
-38.05	-85.51181
-37.8	-84.19334
-37.53	-82.49817
-37.26	-80.80301
-36.99	-79.2962
-36.71	-77.53824
-36.45	-76.03143
-36.17	-74.5246
-35.97	-73.20615
-35.7	-71.76211
-35.44	-70.2553
-35.18	-68.56013
-34.78	-66.86496
-34.52	-65.48372
-34.22	-63.78854
-33.83	-62.09337
-33.43	-60.58656
-33.14	-59.20531
-32.83	-57.76128
-32.43	-56.06611
-32.03	-54.55929
-31.75	-53.30361
-31.43	-51.92237
-31.15	-50.66669
-30.85	-49.34822
-30.57	-47.71584
-30.29	-46.33459
-30.01	-44.82778
-29.73	-43.19539
-29.44	-41.93972
-29.17	-40.37011
-28.89	-39.11444
-28.62	-37.60761
-28.34	-35.91245
-28.06	-34.71955
-27.78	-33.27552
-27.48	-31.64313
-27.21	-30.63859
-26.93	-29.0062
-26.63	-27.12269
-26.26	-25.74144
-25.97	-24.29741
-25.7	-22.97895
-25.41	-21.91161
-25.12	-20.59315
-24.83	-19.27469
-24.57	-18.01901
-24.27	-16.32384
-24	-15.19373
-23.71	-13.74969
-23.34	-12.24288
-23.06	-10.67328
-22.68	-9.166464
-22.41	-7.659648
-22.12	-6.403968
-21.76	-4.771584
-21.39	-3.201984
-21.03	-1.757952
-20.59	-0.439488
-20.29	1.067328
-19.78	1.130112
-19.55	2.51136
-19.3	4.269312
-18.94	5.838912
-18.59	7.53408
-18.24	8.978112
-17.91	10.48493
-17.53	12.05453
-17.03	13.37299
-16.52	14.37753
-16.21	15.75879
-15.94	17.64231
-15.66	18.89799
-15.32	20.21645
-15.06	21.66048
-14.68	22.79059
-14.3	24.29741
-13.93	25.55309
-13.55	26.80877
-13.17	28.12723
-12.8	29.44569
-12.41	30.70137
-12.03	32.20819
-11.63	33.33831
-11.13	35.22183
-10.71	36.54029
-10.19	38.23545
-9.78	39.55392
-9.45	40.87239
-9.01	42.31642
-8.58	43.76044
-8.14	45.1417
-7.71	46.58573
-7.38	47.8414
-6.94	49.34822
-6.5	50.72947
-6.06	52.1735
-5.62	53.42919
-5.19	55.06157
-4.86	56.5056
-4.42	57.82407
-4.09	59.07975
-3.66	60.58656
-3.33	62.03059
-3	63.09792
-2.57	64.85587
-2.25	66.42547
-1.67	67.4928
-1.34	69.18797
-0.93	70.632
-0.61	71.76211
-0.3	73.20615
0.14	74.71296
0.56	76.28256
0.88	77.53824
1.3	79.10784
1.6	80.48909
2	81.80755
2.4	83.37715
2.71	84.69561
3.03	86.13965
3.46	87.45811
3.89	89.15328
4.31	90.5973
4.74	92.29248
5.06	93.61095
5.49	94.92941
5.91	96.49901
6.33	97.94308
6.76	99.26148
7.08	100.7056
7.5	102.2124
7.92	103.5309
8.24	104.7865
8.66	106.2933
9.1	107.8629
9.52	108.9302
9.93	110.2487
10.36	111.6927
10.89	113.2624
11.32	114.6436
11.63	115.7737
12.07	117.0293
12.59	118.3478
13.02	119.7919
13.55	121.1731
14.08	122.68
14.61	123.8729
15.03	124.9401
15.56	126.133
15.99	127.5143
16.52	128.6445
17.06	129.9001
17.59	130.9675
18.13	131.9091
18.66	132.9765
19.2	134.1694
19.75	135.0483
20.28	135.6762
20.83	136.8063
21.35	137.4969
21.9	138.5643
22.45	139.1921
22.99	140.0083
23.53	140.699
24.08	141.5779
24.63	142.1429
25.17	142.8336
25.73	143.3358
26.29	143.9009
26.82	144.4032
27.37	144.9055
27.92	145.1566
28.47	145.345
29.02	145.8473
29.56	145.6589
30.1	145.8473
30.65	146.0983
31.19	146.4123
31.75	146.6635
32.29	146.6635
32.83	146.5379
33.4	146.8518
33.94	146.8518
34.49	146.6635
35.03	146.5379
35.58	146.2867
35.94	145.0311
35.95	143.5243
36.03	139.8828
35.81	137.7481
35.57	135.4879
35.35	133.6044
35.07	130.8419
34.93	129.5861
34.63	127.1376
34.5	125.8819
34.29	123.9984
34.07	122.4288
33.84	120.7337
33.65	119.164
33.44	117.2177
33.23	115.7109
33	113.8274
32.79	112.1323
32.58	110.437
32.39	108.6791
32.18	107.3607
31.97	105.6027
31.75	103.7192
31.53	102.0239
31.34	100.4544
31.14	99.07316
30.92	97.12688
30.72	95.7456
30.5	94.11321
30.29	92.54361
30.07	91.09959
29.88	89.34164
29.66	87.83482
29.46	86.20244
29.25	84.82118
29.04	83.12601
28.83	81.68198
28.62	80.11239
28.42	78.66835
28.21	77.09875
28	75.65472
27.79	74.33626
27.58	73.01779
27.37	71.32262
27.17	69.8158
26.95	68.37177
26.75	67.17888
26.54	65.48372
26.33	64.22803
26.13	62.72121
25.92	61.2144
25.6	59.33088
25.4	57.76128
25.19	56.44281
24.99	54.99878
24.78	53.74311
24.57	52.42464
24.38	51.29453
24.17	49.66214
23.85	47.8414
23.65	46.39737
23.46	45.07891
23.15	43.32096
22.84	41.43744
22.64	40.11897
22.35	38.4866
22.15	36.97978
21.96	35.91245
21.66	33.90336
21.38	32.08263
21.08	30.45024
20.78	28.50393
20.52	26.80877
20.24	25.17639
19.97	23.60679
19.71	22.35111
19.53	20.84429
19.25	19.33747
18.98	17.64231
18.74	16.76333
18.5	15.44487
18.25	13.93805
18	12.87072
17.67	11.11277
17.44	9.857086
17.14	8.350272
16.85	6.90624
16.54	5.587776
16.23	4.143744
15.84	2.82528
15.57	2.009088
15.2	0.251136
14.85	-1.067328
14.56	-2.636928
14.24	-4.520448
13.91	-6.152832
13.41	-6.59232
13.13	-7.973568
12.76	-9.605952
12.38	-11.17555
12.1	-12.49401
11.83	-13.68691
11.56	-15.00537
11.29	-16.07271
11.03	-17.45395
10.85	-18.64685
10.48	-20.34201
10.21	-21.66048
9.66	-22.97895
9.39	-24.48576
9.11	-25.80423
8.75	-27.49939
8.46	-29.0062
8.18	-30.51303
7.76	-31.58035
7.5	-33.21273
6.95	-34.5312
6.67	-35.91245
6.39	-37.2937
6.02	-38.86329
5.74	-40.37011
5.45	-41.50023
5.07	-43.13261
4.69	-44.63942
4.12	-45.70675
3.85	-47.27635
3.57	-48.46925
3.2	-50.10163
2.91	-51.48288
2.52	-53.11527
1.97	-54.05703
1.68	-55.37548
1.4	-56.69395
1.11	-58.20076
0.73	-59.70758
0.34	-61.59111
-0.05	-62.97235
-0.44	-64.60473
-1.03	-65.48372
-1.32	-66.92774
-1.61	-68.05785
-1.9	-69.56467
-2.31	-71.00871
-2.61	-72.38995
-3.01	-74.02234
-3.43	-75.40359
-3.95	-75.59194
-4.33	-77.60101
-4.63	-79.04505
-5.03	-80.74023
-5.45	-82.05869
-5.86	-83.81664
-6.28	-85.51181
-6.79	-85.70016
-7.1	-87.14419
-7.51	-88.90215
-7.93	-90.40896
-8.34	-91.91578
-8.66	-93.23425
-9.08	-94.74106
-9.62	-94.74106
-10.03	-96.43623
-10.33	-97.88025
-10.65	-99.07316
-11.08	-100.7056
-11.51	-102.0239
-12.05	-103.9075
-12.61	-103.7192
-12.92	-105.226
-13.36	-106.9211
-13.78	-108.4279
-14.23	-109.8093
-14.68	-111.1905
-15.13	-112.5089
-15.69	-112.3833
-16.02	-113.7647
-16.45	-115.2715
-16.9	-116.4643
-17.35	-117.8455
-17.81	-119.164
-18.35	-119.164
-18.81	-120.6708
-19.27	-121.9893
-19.72	-123.3077
-20.29	-124.8145
-20.87	-124.3123
-21.43	-126.0075
-21.87	-127.2004
-22.46	-128.5816
-23.03	-130.0884
-23.62	-129.4607
-24.18	-130.9675
-24.77	-132.4743
-25.35	-133.7927
-25.94	-134.86
-26.51	-134.1694
-27.09	-135.5506
-27.68	-136.8063
-28.28	-137.9365
-28.87	-139.0037
-29.47	-138.2504
-30.04	-139.3805
-30.63	-141.0757
-31.22	-141.5779
-31.81	-140.9501
-32.39	-142.1429
-33	-143.022
-33.6	-143.8382
-34.18	-142.8336
-34.78	-143.9009
-35.28	-144.5288
-35.88	-145.2194
-36.48	-144.0893
-37.07	-144.9682
-37.57	-145.5961
-38.08	-146.0356
-38.58	-146.4123
-39.17	-145.345
-39.68	-146.0356
-40.3	-146.5379
-40.82	-146.5379
-41.44	-145.4077
-42.05	-145.7844
-42.55	-146.0356
-43.09	-146.2239
-43.61	-146.0356
-44.25	-144.1521
-44.76	-144.0893
-45.27	-144.3405
-45.81	-144.3405
-46.34	-144.4659
-46.99	-142.3313
-47.06	-140.6361
-47.15	-139.5689
-47.49	-140.9501
-47.69	-140.0083
-47.44	-137.9365
-47.16	-135.9274
-46.93	-134.1694
-46.71	-132.4743
-46.49	-130.8419
-46.26	-129.3351
-46.02	-127.7654
-45.79	-126.0703
-45.62	-124.7518
-45.39	-123.3077
-45.19	-121.9893
-45	-120.4825
-44.77	-119.0385
-44.57	-117.9084
-44.38	-116.3387
-44.07	-114.518
-43.87	-113.1995
-43.67	-112.0694
-43.46	-110.5626
-43.16	-108.6791
-42.84	-106.7328
-42.67	-105.2887
-42.35	-103.5309
-42.14	-102.0239
-41.85	-100.4544
-41.65	-98.82201
-41.34	-97.06405
-41.14	-95.7456
-40.94	-94.42713
-40.74	-93.17146
-40.54	-91.91578
-40.25	-90.15783
-39.93	-88.3371
-39.74	-86.83027
-39.43	-85.26067
-39.23	-83.81664
-38.93	-82.18426
-38.72	-80.80301
-38.4	-79.23341
-38.1	-77.34988
-37.91	-76.09421
-37.62	-74.5246
-37.39	-73.20615
-37.09	-71.44819
-36.88	-70.1925
-36.58	-68.74848
-36.36	-67.4928
-36.06	-65.86042
-35.85	-64.60473
-35.54	-63.09792
-35.22	-61.65388
-34.88	-59.95872
-34.55	-58.64025
-34.21	-57.19622
-33.89	-55.56384
-33.54	-54.30816
-33.32	-53.11527
-32.98	-51.98516
-32.65	-50.41555
-32.31	-48.97152
-31.98	-47.46471
-31.76	-46.33459
-31.45	-44.70221
-31.14	-42.94425
-30.82	-41.43744
-30.52	-39.86784
-30.32	-38.61216
-30.01	-37.2937
-29.79	-36.03801
-29.47	-34.59399
-29.15	-32.71047
-28.85	-31.14087
-28.53	-29.8224
-28.22	-28.06445
-27.89	-26.62041
-27.56	-25.30195
-27.35	-24.04627
-27.05	-22.72781
-26.73	-21.03264
-26.41	-19.77696
-26.08	-18.27015
-25.78	-16.95168
-25.46	-15.38208
-25.14	-13.93805
-24.82	-12.30567
-24.51	-11.11277
-24.19	-9.4176
-23.88	-8.099136
-23.46	-6.403968
-23.15	-5.085504
-22.84	-3.45312
-22.42	-1.88352
-21.88	-1.5696
-21.5	-0.251136
-21.22	1.25568
-20.65	2.82528
-20.35	4.457664
-20.05	5.776128
-19.74	7.345728
-19.44	8.78976
-19.06	10.48493
-18.67	11.99175
-18.14	12.24288
-17.91	13.49856
-17.59	14.81703
-17.32	16.57497
-17.04	18.01901
-16.75	19.40025
-16.43	20.84429
-16.11	21.9744
-15.58	22.91616
-15.26	24.54855
-14.93	25.61588
-14.61	26.99712
-14.29	28.19001
-13.96	29.57127
-13.52	31.14087
-13.18	32.58489
-12.62	33.33831
-12.29	34.65677
-11.93	36.28915
-11.58	37.79596
-11.21	39.05165
-10.83	40.43289
-10.45	41.81414
-9.87	42.69312
-9.51	44.19993
-9.13	45.76953
-8.74	47.088
-8.35	48.46925
-7.96	49.78771
-7.38	50.66669
-7	52.1735
-6.61	53.93145
-6.23	55.24992
-5.84	56.69395
-5.45	58.01241
-4.92	59.95872
-4.35	60.71212
-3.97	62.34451
-3.58	64.03967
-3.19	65.23258
-2.94	66.42547
-2.55	67.68115
-2.16	68.93684
-1.59	70.00416
-1.21	71.38541
-0.83	72.95502
-0.44	74.5246
-0.06	75.78029
0.33	77.09875
0.89	77.91493
1.26	79.48454
1.64	80.99136
2.02	82.43539
2.39	83.75385
2.87	85.51181
3.4	86.20244
3.65	87.58368
4.02	89.09049
4.41	90.5973
4.91	92.16691
5.3	93.48537
5.68	94.86662
6.24	95.43168
6.62	96.9385
6.99	98.57086
7.37	99.88936
7.88	101.5217
8.39	103.0913
8.93	103.7819
9.32	105.2887
9.69	106.4816
10.2	108.0513
10.72	109.7464
11.28	109.6837
11.65	111.4416
12.02	112.6973
12.53	114.0785
13.04	115.5225
13.43	116.7783
13.94	117.9084
14.5	117.9084
15	119.6035
15.51	121.1103
16.01	122.2405
16.51	123.6845
17.04	124.4379
17.6	124.1868
18.1	125.8819
18.6	127.1376
19.11	128.2677
19.63	129.3351
20.14	130.214
20.69	130.214
21.2	131.2814
21.71	132.1603
22.23	133.1649
22.74	133.8555
23.29	134.0438
23.83	135.0483
24.38	135.8018
24.88	136.2413
25.47	135.6762
25.99	136.8063
26.52	137.6225
27.06	138.5015
27.58	138.8154
28.12	139.2549
28.71	138.7527
29.23	139.6316
29.75	140.0711
30.29	140.4478
30.82	140.6361
31.42	139.6316
31.95	140.4478
32.49	140.699
33.04	140.9501
33.57	141.1384
34.12	140.699
34.72	138.2504
35.23	139.4433
35.25	138.1248
35.75	138.8154
35.79	135.739
35.49	132.7253
35.33	130.9675
35.17	129.9001
35.02	128.3933
34.85	126.8865
34.7	125.4424
34.53	124.3123
34.37	122.8683
34.04	120.043
33.72	117.3433
33.41	114.8947
33.08	112.3206
32.76	109.6837
32.6	108.2396
32.43	106.7955
32.11	104.5354
31.95	103.468
31.79	101.8356
31.46	99.44989
31.14	96.81293
30.98	95.7456
30.67	93.42259
30.5	92.35526
30.34	90.84845
30.02	88.3371
29.7	85.9513
29.55	84.88396
29.23	82.74931
28.91	80.30073
28.59	77.97774
28.42	76.9104
28.1	74.71296
27.78	72.57829
27.46	70.2553
27.31	68.99962
26.99	67.17888
26.67	65.04423
26.35	62.784
26.04	60.77491
25.88	59.26809
25.56	57.51014
25.24	55.62663
24.92	53.30361
24.61	51.48288
24.28	49.22265
23.94	47.21357
23.64	45.26727
23.35	43.19539
23.04	41.50023
22.76	39.49113
22.46	37.85875
22.17	36.03801
21.89	34.34285
21.61	32.64768
21.33	30.76416
21.05	29.06899
20.77	27.24825
20.51	25.61588
20.12	23.41843
19.85	21.66048
19.6	20.34201
19.41	19.14912
19.1	17.14003
18.84	15.94713
18.62	14.81703
18.28	13.24743
17.94	11.42669
17.7	9.919874
17.35	8.538624
17	6.90624
16.67	5.399424
16.27	4.08096
15.97	2.950848
15.65	1.5696
15.21	-0.251136
14.94	-1.506816
14.44	-2.636928
14.05	-4.269312
13.65	-6.215616
13.25	-7.722432
12.84	-9.292032
12.56	-10.54771
12.14	-12.24288
11.87	-13.56135
11.61	-14.81703
11.23	-16.76333
10.82	-18.27015
10.56	-19.58861
10.14	-21.53491
9.64	-22.16275
9.37	-23.60679
9.1	-25.17639
8.82	-26.24371
8.55	-27.56217
8.26	-29.13177
7.98	-30.26188
7.55	-31.7687
6.92	-33.27552
6.65	-34.5312
6.37	-36.03801
6.09	-37.2937
5.81	-38.4866
5.38	-40.30732
4.95	-42.12806
4.45	-42.69312
4.04	-44.45108
3.63	-46.64851
3.21	-48.15533
2.78	-49.97607
2.26	-50.47833
1.84	-52.36186
1.56	-53.86868
1.13	-55.37548
0.7	-57.32179
0.4	-58.45191
-0.11	-58.82861
-0.4	-60.27264
-0.83	-61.84224
-1.11	-63.16071
-1.55	-65.23258
-1.99	-66.80218
-2.44	-68.43456
-2.97	-68.74848
-3.4	-71.13428
-3.99	-73.26892
-4.59	-75.40359
-5.29	-75.96864
-5.59	-77.47546
-6.03	-79.23341
-6.49	-80.99136
-6.78	-82.05869
-7.31	-82.62373
-7.76	-84.63284
-8.21	-86.13965
-8.66	-87.64645
-9.24	-89.34164
-9.84	-90.78567
-10.45	-92.73196
-10.92	-94.5527
-11.38	-95.80839
-11.94	-95.7456
-12.09	-96.81293
-12.56	-98.50813
-13.03	-99.88936
-13.51	-101.3333
-14.1	-101.5845
-14.42	-102.7147
-14.91	-104.347
-15.38	-105.8539
-15.86	-107.2351
-16.36	-108.8675
-16.93	-108.6791
-17.41	-109.9976
-17.9	-112.0694
-18.38	-113.1995
-18.97	-113.0112
-19.3	-114.2669
-19.94	-116.0248
-20.61	-117.8455
-21.2	-117.4061
-21.69	-118.7873
-22.19	-120.043
-22.69	-121.7382
-23.31	-121.1103
-23.94	-122.68
-24.44	-124.1239
-24.96	-125.2541
-25.57	-124.9401
-26.07	-126.2586
-26.72	-127.6399
-27.25	-128.5816
-27.84	-128.2677
-28.35	-129.5234
-28.85	-130.214
-29.47	-130.4023
-29.97	-131.4069
-30.49	-132.3487
-31.01	-132.9765
-31.6	-132.537
-32.11	-133.5415
-32.64	-135.0483
-33.26	-134.2321
-33.76	-135.0483
-34.27	-135.6762
-34.81	-136.3041
-35.36	-137.0574
-35.98	-136.4297
-36.49	-137.183
-37.01	-137.9365
-37.68	-137.2459
-38.18	-137.9365
-38.7	-138.7527
-39.27	-139.1921
-39.54	-138.2504
-40.08	-138.3131
-40.61	-139.1921
-41.17	-139.4433
-41.8	-138.8154
-42.35	-139.4433
-42.88	-139.6316
-43.57	-138.3759
-44.11	-138.8154
-44.7	-139.1293
-45.28	-139.1921
-45.92	-138.5015
-46.49	-138.5015
-47.04	-138.6898
-47.65	-138.6898
-48.15	-137.4969
-48.64	-135.739
-48.73	-134.2321
-48.46	-132.2859
-48.12	-129.7746
-47.79	-127.3887
-47.55	-125.6307
-47.37	-124.3123
-47.2	-122.9938
-46.85	-120.922
-46.68	-119.4779
-46.49	-118.1595
-46.14	-115.9621
-45.78	-113.7647
-45.44	-111.3161
-45.11	-109.2441
-44.92	-108.2396
-44.58	-105.7283
-44.21	-103.5309
-43.86	-101.2079
-43.51	-99.38705
-43.35	-98.13139
-42.98	-95.93394
-42.65	-93.86208
-42.29	-91.53908
-41.93	-89.40442
-41.59	-87.14419
-41.28	-85.19788
-40.99	-83.69107
-40.74	-82.18426
-40.45	-80.55186
-40.2	-78.8567
-39.93	-77.34988
-39.68	-75.84308
-39.41	-74.33626
-39.14	-72.76665
-38.87	-71.07149
-38.61	-69.75303
-38.36	-68.12064
-37.93	-66.17434
-37.65	-64.60473
-37.38	-63.16071
-37.12	-61.59111
-36.84	-60.27264
-36.57	-59.20531
-36.13	-57.19622
-35.83	-56.00333
-35.54	-54.62208
-35.26	-53.49197
-34.99	-51.98516
-34.55	-50.28999
-34.1	-48.59481
-33.8	-47.27635
-33.48	-45.89511
-33.19	-44.51385
-32.91	-42.69312
-32.62	-41.43744
-32.32	-39.74227
-32.02	-38.29824
-31.74	-36.97978
-31.45	-35.28461
-31.14	-33.90336
-30.86	-32.1454
-30.57	-30.76416
-30.29	-29.57127
-29.98	-28.12723
-29.69	-26.55763
-29.4	-25.05081
-29.1	-23.79513
-28.81	-22.35111
-28.53	-21.03264
-28.23	-19.58861
-27.79	-17.57952
-27.5	-16.13549
-27.06	-14.18919
-26.75	-12.93351
-26.32	-10.9872
-26.04	-9.605952
-25.73	-8.413056
-25.45	-6.90624
-25.03	-5.085504
-24.57	-3.1392
-24.17	-1.318464
-23.71	-0.251136
-23.43	1.130112
-22.9	1.067328
-22.6	2.82528
-22.34	4.08096
-22.06	5.524992
-21.62	7.282944
-21.21	9.166464
-20.61	10.54771
-20.38	11.67783
-19.93	12.68237
-19.37	14.56589
-19	16.57497
-18.72	18.01901
-18.47	19.14912
-18.2	20.4048
-17.77	21.91161
-17.25	22.79059
-16.97	23.92071
-16.7	25.30195
-16.27	26.80877
-15.85	28.56672
-15.41	29.88519
-14.89	30.51303
-14.6	32.01984
-14.31	33.33831
-13.85	34.78234
-13.54	36.28915
-13	37.16813
-12.68	38.29824
-12.37	39.80506
-11.88	41.62579
-11.38	43.32096
-10.82	44.19993
-10.49	45.58119
-10.16	46.77408
-9.66	48.53204
-9.09	49.66214
-8.59	51.35732
-8.08	53.49197
-7.5	55.06157
-7.01	56.12889
-6.68	57.51014
-6.34	58.82861
-5.77	60.58656
-5.27	61.15161
-4.93	63.09792
-4.42	64.47916
-3.91	66.11156
-3.36	67.17888
-3.02	68.30899
-2.68	69.62745
-2.17	71.51098
-1.61	72.13881
-1.11	74.08512
-0.6	75.84308
-0.27	77.09875
0.29	77.72659
0.61	79.10784
1.12	80.99136
1.62	82.87488
2.17	82.93765
2.5	84.88396
2.99	86.39078
3.5	88.02318
4.04	89.09049
4.36	90.28339
4.84	91.97856
5.31	93.42259
5.85	94.30157
6.18	95.93394
6.68	97.50352
7.18	99.19874
7.73	99.51263
8.22	101.3962
8.55	102.5263
9.05	104.0959
9.59	104.8493
10.09	106.4816
10.59	107.8629
11.14	108.2396
11.64	109.7464
12.13	111.5044
12.64	112.76
13.17	113.1995
13.5	114.518
14.01	115.5225
14.57	115.5854
15.05	117.0922
15.54	118.4107
16.05	119.7919
16.58	120.1058
16.92	121.2987
17.42	122.3661
18.13	122.1776
18.45	123.7473
18.95	124.8145
19.46	125.6936
20	125.6936
20.51	127.1376
21.01	127.9537
21.51	129.0211
22.05	128.7072
22.56	129.9001
23.06	130.8419
23.61	130.0884
24.12	131.6581
24.63	132.4743
25.19	131.4069
25.68	132.9138
26.19	133.6044
26.71	134.1694
27.23	134.7345
27.76	134.9229
28.29	134.6717
28.82	135.739
29.33	135.9274
29.89	135.1112
30.39	136.1157
30.99	136.3668
31.61	135.4879
32.12	136.1785
32.62	136.618
33.14	136.8063
33.7	135.6762
34.27	136.2413
34.79	135.5506
35.06	134.4206
35.07	133.1021
35.54	134.4833
35.6	132.3487
35.45	130.5907
35.3	129.2722
35.15	127.6399
34.98	126.0075
34.68	123.3077
34.53	122.2405
34.37	120.7337
34.06	117.9711
33.75	115.5854
33.59	114.2041
33.29	111.6927
33.12	110.6255
32.97	109.3697
32.82	107.9885
32.49	105.2887
32.34	104.2215
32.03	101.7729
31.72	99.44989
31.57	98.19414
31.42	97.06405
31.1	94.30157
30.79	92.29248
30.48	89.71834
30.18	87.77203
30.01	86.76749
29.71	84.25613
29.4	82.43539
29.23	81.2425
28.94	78.79392
28.62	76.84762
28.48	75.65472
28.16	73.39449
27.86	71.38541
27.7	70.1925
27.4	68.24621
27.08	66.17434
26.93	65.04423
26.62	62.784
26.31	61.02605
26.16	59.77037
25.86	58.13799
25.56	56.06611
25.25	54.05703
24.95	52.1735
24.64	49.97607
24.33	48.46925
24.19	47.21357
23.89	45.1417
23.59	43.76044
23.45	42.56755
23.14	40.74681
22.84	38.92608
22.56	36.79142
22.26	35.15904
21.97	33.27552
21.68	31.51757
21.41	29.8224
21.12	28.00167
20.85	26.36928
20.59	24.73689
20.34	23.23008
20.07	21.53491
19.82	20.34201
19.61	18.89799
19.38	17.64231
19.18	16.32384
18.82	14.81703
18.59	13.18464
18.27	11.80339
18	10.17101
17.67	8.78976
17.32	7.345728
16.98	5.776128
16.59	4.269312
16.22	3.076416
15.97	1.946304
15.59	0.502272
15.22	-1.506816
14.7	-2.762496
14.3	-4.269312
13.88	-6.027264
13.48	-7.659648
13.06	-9.229248
12.65	-10.79885
12.24	-12.49401
11.98	-14.00083
11.58	-15.696
11.17	-17.45395
10.9	-18.8352
10.38	-19.27469
10.11	-20.59315
9.84	-21.9744
9.56	-23.23008
9.29	-24.73689
8.86	-26.36928
8.42	-28.12723
7.92	-29.25735
7.63	-30.45024
7.35	-31.7687
6.93	-33.71501
6.49	-35.47296
5.99	-36.03801
5.71	-37.60761
5.28	-39.55392
4.85	-41.43744
4.41	-43.32096
3.96	-44.82778
3.44	-45.5184
3.15	-46.77408
2.86	-48.28089
2.55	-49.41101
2.1	-51.10617
1.64	-53.05248
1.1	-53.49197
0.8	-54.99878
0.34	-56.69395
-0.12	-58.64025
-0.65	-59.33088
-0.96	-60.58656
-1.4	-62.65843
-1.87	-64.16525
-2.18	-65.35815
-2.73	-65.9232
-3.04	-67.17888
-3.5	-69.12518
-3.97	-70.88315
-4.29	-71.88768
-4.84	-72.57829
-5.31	-74.58739
-5.78	-76.03143
-6.27	-77.72659
-6.82	-78.16608
-7.3	-79.73568
-7.61	-81.2425
-8.1	-82.74931
-8.58	-84.3817
-9.15	-85.07232
-9.63	-86.7047
-10.11	-88.3371
-10.61	-90.2206
-11.2	-90.2206
-11.52	-91.53908
-12.01	-93.17146
-12.52	-94.74106
-13.1	-95.11776
-13.59	-96.81293
-13.92	-97.88025
-14.41	-99.19874
-14.99	-99.63821
-15.49	-101.2079
-15.99	-102.6518
-16.58	-102.903
-17.08	-104.5354
-17.58	-105.9166
-18.09	-107.4234
-18.69	-107.4234
-19.18	-109.1185
-19.69	-110.8138
-20.29	-110.5626
-20.63	-111.7555
-21.14	-113.0112
-21.66	-114.2041
-22.26	-114.4553
-22.79	-115.5854
-23.31	-117.0293
-23.91	-116.7783
-24.44	-118.2851
-24.95	-119.6035
-25.49	-120.4197
-26.1	-120.4825
-26.62	-121.9265
-27.15	-122.6171
-27.77	-122.3661
-28.3	-123.5589
-28.84	-124.5635
-29.48	-124.5635
-29.99	-125.4424
-30.54	-126.5098
-31.07	-127.7654
-31.71	-127.0748
-32.24	-128.2677
-32.97	-129.1467
-33.59	-128.8328
-34.13	-129.7746
-34.69	-130.7791
-35.32	-129.9629
-35.86	-130.7791
-36.41	-131.8464
-36.98	-132.537
-37.61	-131.8464
-38.18	-132.7882
-38.73	-133.1021
-39.37	-132.5998
-39.94	-133.1649
-40.5	-133.8555
-41.13	-133.416
-41.69	-133.8555
-42.26	-134.2321
-42.93	-133.6044
-43.49	-134.1694
-44.05	-134.6089
-44.68	-133.7927
-45.22	-134.1694
-45.75	-134.4206
-46.36	-133.5415
-46.86	-132.4743
-46.9	-131.093
-47.45	-131.7208
-48.02	-132.5998
-48.26	-131.9091
-47.99	-129.5234
-47.67	-127.1376
-47.39	-124.7518
-47.07	-122.3661
-46.78	-120.2314
-46.47	-118.3478
-46.18	-116.2131
-45.87	-114.2041
-45.57	-112.3206
-45.25	-110.2487
-44.93	-108.6163
-44.79	-107.4234
-44.47	-105.4771
-44.17	-103.5936
-43.88	-101.7729
-43.57	-99.9521
-43.41	-98.75927
-43.12	-96.9385
-42.81	-94.9922
-42.51	-93.17146
-42.19	-91.35072
-41.88	-89.34164
-41.57	-87.58368
-41.3	-85.76295
-40.98	-83.94221
-40.69	-82.12147
-40.36	-80.48909
-40.07	-78.54279
-39.76	-76.72205
-39.46	-74.90131
-39.18	-73.08057
-38.87	-71.32262
-38.55	-69.56467
-38.25	-67.86951
-37.94	-66.17434
-37.59	-64.66752
-37.29	-62.72121
-36.99	-61.15161
-36.68	-59.33088
-36.35	-57.94963
-36.02	-56.5056
-35.66	-54.936
-35.35	-53.55475
-34.99	-52.1735
-34.68	-50.85504
-34.34	-49.34822
-34.01	-47.90419
-33.67	-46.39737
-33.33	-44.95335
-33	-43.63488
-32.68	-41.93972
-32.36	-40.37011
-32.04	-38.61216
-31.73	-37.10534
-31.42	-35.59853
-31.09	-33.90336
-30.78	-32.20819
-30.48	-30.63859
-30.16	-29.19456
-29.85	-27.43661
-29.53	-25.74144
-29.21	-24.29741
-28.9	-22.72781
-28.59	-21.28377
-28.28	-19.58861
-27.95	-18.20736
-27.65	-16.70055
-27.32	-15.25651
-27.01	-13.93805
-26.7	-12.43123
-26.39	-10.9872
-26.07	-9.4176
-25.74	-7.973568
-25.4	-6.59232
-25.06	-4.897152
-24.73	-3.704256
-24.42	-2.19744
-24.11	-1.004544
-23.7	0.502272
-23.36	1.946304
-22.73	3.013632
-22.42	4.457664
-22.1	6.027264
-21.77	7.53408
-21.44	8.852544
-20.88	9.919874
-20.61	11.36391
-20.17	12.87072
-19.63	14.00083
-19.3	15.88435
-18.96	18.01901
-18.64	19.14912
-18.26	20.84429
-17.6	22.41389
-17.21	24.10905
-16.84	25.55309
-16.47	27.05991
-16.09	28.19001
-15.44	29.57127
-15.09	31.07808
-14.7	32.58489
-14.3	34.21728
-13.64	36.03801
-13.25	37.35648
-12.83	38.92608
-12.41	40.55847
-11.71	42.06528
-11.28	43.82323
-10.79	45.1417
-10.16	47.088
-9.72	48.72039
-9.28	50.41555
-8.58	51.7968
-8.14	53.42919
-7.64	54.62208
-7.22	56.00333
-6.78	57.51014
-6.28	58.13799
-5.85	60.08429
-5.42	61.59111
-4.91	62.34451
-4.4	64.29081
-3.85	66.36269
-3.28	68.05785
-2.69	68.93684
-2.14	71.32262
-1.59	72.95502
-1	74.08512
-0.45	76.09421
0.1	77.78938
0.69	78.8567
1.24	80.61466
1.83	81.55642
2.37	83.56551
2.92	85.44903
3.5	86.07687
4.04	88.27431
4.59	89.40442
5.14	91.35072
5.72	92.54361
6.26	94.05043
6.84	95.43168
7.37	97.06405
7.98	98.44528
8.49	99.26148
9	101.145
9.57	102.4007
10.12	104.0331
10.73	105.4143
11.33	106.9211
11.97	108.3024
12.61	109.7464
13.2	110.8138
13.81	112.1323
14.42	113.5762
15.05	114.7692
15.7	115.1459
16.28	116.9039
16.91	117.5316
17.51	119.2269
18.14	119.8546
18.75	120.9847
19.39	121.9893
19.99	122.9311
20.62	123.5589
21.23	124.7518
21.85	125.1913
22.48	125.6307
23.1	126.7609
23.71	127.3887
24.34	127.5771
24.96	128.8328
25.6	129.1467
26.21	129.9001
26.86	130.214
27.46	130.8419
28.11	130.7791
28.73	131.5952
29.38	131.4697
29.99	132.4743
30.62	132.537
31.25	132.7253
31.88	133.1021
32.47	133.1021
33.07	133.1021
33.6	133.1021
34.32	132.7253
35	133.1021
35.63	132.4743
36.24	132.4743
36.92	132.1603
37.62	132.0347
38.29	131.093
38.91	130.9675
39.6	129.9629
40.27	129.7746
40.93	128.2049
41.58	127.5143
42.27	126.3214
42.88	125.3797
43.43	124.3123
43.96	123.3077
44.47	122.2405
45.11	121.3615
45.62	120.1058
46.13	119.6663
46.67	118.7873
46.92	117.0922
46.9	115.5225
46.92	114.2669
46.91	112.76
47.39	114.2669
47.97	113.8274
48.52	113.3879
49.08	111.63
49.33	110.2487
49.85	110.5626
50.38	109.0558
50.57	107.6117
50.44	104.5981
50.29	103.0286
50.13	101.7729
49.97	100.1405
49.82	98.75927
49.68	97.56635
49.36	95.18054
49.23	93.67372
49.07	92.35526
48.77	90.15783
48.61	88.77657
48.29	86.39078
47.98	84.19334
47.65	81.68198
47.35	79.48454
47.16	78.35443
47.01	77.03596
46.86	75.65472
46.56	73.70841
46.42	72.57829
46.09	70.06695
45.77	68.24621
45.47	65.79764
45.14	63.85133
44.84	61.65388
44.51	59.70758
44.21	57.94963
43.95	56.06611
43.65	54.37095
43.31	51.92237
42.97	49.97607
42.62	47.90419
42.45	46.77408
42.12	45.07891
41.95	43.76044
41.61	41.81414
41.28	39.9934
41.12	38.86329
40.79	36.91699
40.47	35.15904
40.13	33.08717
39.81	31.392
39.49	29.38291
39.16	27.43661
38.88	25.92979
38.56	24.04627
38.26	22.53945
37.98	20.46759
37.69	18.96077
37.43	17.64231
37.18	15.94713
36.87	14.37753
36.6	13.31021
36.31	11.61504
36.05	10.17101
35.8	8.664192
35.47	7.157376
35.25	5.65056
34.97	3.892608
34.7	3.013632
34.35	1.757952
34.02	0
33.71	-1.130112
33.46	-2.385792
33.03	-4.08096
32.74	-5.085504
32.44	-6.466752
32.13	-7.910784
31.86	-9.229248
31.59	-10.35936
31.3	-11.42669
31	-12.93351
30.55	-14.81703
30.24	-16.26105
29.77	-17.64231
29.44	-19.27469
28.98	-21.03264
28.49	-22.60224
28.16	-24.04627
27.85	-25.49031
27.54	-26.43207
27.21	-27.87609
26.91	-26.24371
26.59	-27.75052
26.05	-30.26188
25.66	-31.7687
25.09	-32.58489
24.78	-33.77779
24.47	-35.22183
23.99	-36.97978
23.54	-38.4866
22.98	-39.49113
22.67	-40.74681
22.36	-41.93972
21.89	-43.57209
21.41	-45.26727
20.85	-46.02068
20.53	-47.02521
20.23	-48.34368
19.74	-49.78771
19.42	-51.16896
18.87	-51.60845
18.56	-53.11527
18.08	-54.55929
17.59	-56.06611
17.02	-56.63116
16.54	-58.26355
16.06	-59.70758
15.56	-61.27719
14.99	-61.65388
14.68	-62.90956
14.2	-64.22803
13.7	-65.54651
13.13	-65.98598
12.48	-67.80672
11.99	-69.18797
11.48	-70.69479
10.91	-70.69479
10.42	-72.38995
9.91	-73.45728
9.33	-73.45728
8.84	-74.96409
8.34	-76.28256
7.84	-77.34988
7.25	-77.60101
6.76	-78.8567
6.25	-80.17517
5.75	-81.55642
5.16	-81.36806
4.65	-83.06323
4.15	-84.13056
3.56	-83.81664
3.05	-85.63738
2.54	-86.39078
2.02	-87.83482
1.43	-88.27431
0.76	-89.8439
0.23	-90.78567
-0.36	-91.09959
-0.88	-92.29248
-1.39	-93.42259
-2	-93.48537
-2.51	-94.86662
-3.04	-95.80839
-3.65	-96.24788
-4.16	-97.44078
-4.67	-98.75927
-5.2	-100.0149
-5.82	-99.70105
-6.34	-101.3962
-6.87	-102.4635
-7.49	-102.4007
-8.03	-103.9075
-8.55	-105.1004
-9.09	-106.1678
-9.72	-106.1678
-10.25	-107.8001
-10.78	-108.6163
-11.41	-108.8675
-11.99	-110.1859
-12.62	-111.7555
-13.12	-111.5044
-13.75	-112.9485
-14.39	-114.518
-14.9	-114.0157
-15.54	-115.8365
-16.19	-116.841
-16.7	-116.5899
-17.35	-117.9711
-18	-119.4152
-18.5	-118.9757
-19.16	-120.2941
-19.81	-121.6126
-20.33	-120.922
-20.99	-122.68
-21.66	-123.6845
-22.18	-123.245
-22.84	-124.5635
-23.61	-124.5006
-24.3	-126.0703
-25.1	-125.8819
-25.81	-127.5143
-26.32	-128.4561
-26.9	-127.6399
-27.4	-128.7072
-27.9	-129.5234
-28.47	-128.8955
-28.97	-130.1513
-29.79	-129.7117
-30.29	-131.1558
-30.8	-131.6581
-31.37	-131.1558
-31.9	-131.9091
-32.5	-131.4697
-33.22	-132.537
-33.75	-132.9765
-34.34	-132.9138
-34.86	-133.2276
-35.46	-133.1021
-35.96	-133.2276
-36.49	-134.295
-37.08	-133.2276
-37.59	-133.9811
-38.11	-134.4206
-38.7	-133.8555
-39.24	-134.4206
-39.77	-134.9229
-40.37	-133.8555
-40.89	-134.4833
-41.53	-133.5415
-42.04	-134.1694
-42.58	-134.2321
-43.18	-133.6671
-43.72	-133.7927
-44.26	-134.1694
-44.89	-133.1021
-45.45	-133.1649
-46.06	-132.537
-46.63	-132.3487
-47.18	-132.7882
-47.77	-131.5952
-48.35	-131.7208
-49.01	-130.7791
-49.55	-131.2185
-50.21	-130.9675
-50.73	-129.9629
-51.32	-130.214
-51.93	-129.1467
-52.49	-129.0839
-53.15	-128.0166
-53.66	-127.7654
-54.4	-126.8865
-54.96	-126.2586
-55.66	-124.8145
-56.21	-124.4379
-56.77	-124.3751
-57.32	-123.245
-57.86	-123.245
-58.42	-122.8683
-58.9	-121.4243
-59.51	-121.3615
-60.06	-120.9847
-60.57	-119.8546
-61.18	-119.8546
-61.72	-118.599
-62.28	-118.3478
-62.83	-118.2851
-63.44	-117.0922
-64.03	-116.5899
-64.57	-115.397
-65.15	-115.1459
-65.67	-115.1459
-65.97	-114.2041
-66.51	-113.5762
-67.1	-113.4507
-67.44	-112.3833
-67.96	-112.3833
-68.46	-112.195
-69.05	-110.5626
-69.63	-110.6255
-70.22	-109.1185
-70.73	-109.0558
-71.24	-108.7419
-71.76	-107.8001
-72.3	-107.6117
-72.8	-106.6072
-73.39	-106.4816
-74.07	-105.226
-74.63	-104.347
-75.16	-104.1586
-75.3	-102.903
-75.32	-102.0868
-75.33	-100.2661
-75.13	-98.38255
-74.82	-96.24788
-74.64	-94.92941
-74.5	-93.67372
-74.11	-91.35072
-73.88	-89.78112
-73.69	-88.52544
-73.28	-85.76295
-73.07	-84.69561
-72.86	-83.31436
-72.65	-81.9959
-72.45	-80.80301
-72.23	-79.2962
-72	-78.41721
-71.78	-77.09875
-71.38	-74.5246
-70.96	-72.01324
-70.74	-70.88315
-70.51	-69.56467
-70.08	-67.24165
-69.88	-65.9232
-69.48	-63.53741
-69.03	-61.2144
-68.56	-58.64025
-68.33	-57.63571
-67.89	-55.24992
-67.67	-54.18259
-67.26	-51.7968
-67.04	-50.66669
-66.62	-48.53204
-66.19	-46.02068
-65.74	-44.01159
-65.27	-42.12806
-64.83	-40.37011
-64.35	-38.29824
-63.86	-36.66585
-63.64	-35.47296
-63.15	-33.46387
-62.67	-31.95706
-62.21	-29.88519
-61.76	-27.49939
-61.33	-25.30195
-61.1	-24.23463
-60.67	-22.09997
-60.44	-21.03264
-60.16	-19.77696
-59.91	-18.39571
-59.64	-16.95168
-59.36	-15.82157
-59.13	-14.56589
-58.87	-13.12185
-58.59	-11.80339
-58.33	-10.73607
-58.06	-9.480384
-57.81	-8.099136
-57.57	-6.843456
-57.28	-5.524992
-56.77	-3.45312
-56.52	-2.134656
-56.28	-1.004544
-55.89	0.62784
-55.41	3.076416
-54.94	5.148288
-54.65	6.403968
-54.15	8.601408
-53.69	10.48493
-53.3	11.55225
-52.87	13.05907
-52.56	14.62867
-52.21	16.32384
-51.79	18.33293
-51.25	20.34201
-50.74	22.41389
-50.2	24.29741
-49.66	26.18093
-49.14	27.75052
-48.55	29.38291
-48.01	31.51757
-47.42	33.14996
-46.71	33.46387
-46.12	35.47296
-45.52	37.35648
-44.9	39.11444
-44.23	40.37011
-43.59	42.25363
-43	43.88601
-42.32	45.5184
-41.69	47.088
-41.02	48.59481
-40.38	50.2272
-39.71	51.48288
-39.08	53.24083
-38.36	54.55929
-37.73	56.06611
-37.07	57.38458
-36.37	58.57747
-35.72	59.95872
-35	60.83769
-34.34	62.53286
-33.66	63.85133
-32.96	64.91865
-32.28	66.11156
-31.59	67.30444
-30.9	68.49735
-30.2	69.18797
-29.51	70.69479
-28.81	71.13428
-28.13	72.45274
-27.41	73.20615
-26.71	73.95956
-26	75.21522
-25.29	76.09421
-24.55	77.09875
-23.9	77.97774
-23.19	78.60557
-22.5	79.73568
-21.77	80.48909
-21.06	81.36806
-20.38	82.24704
-19.67	83.1888
-18.95	83.62829
-18.25	84.88396
-17.56	85.63738
-16.84	86.07687
-16.15	87.64645
-15.44	88.02318
-14.72	88.71379
-14.05	89.78112
-13.35	90.47175
-12.66	91.53908
-11.97	92.29248
-11.26	92.79475
-10.59	93.79929
-9.88	94.74106
-9.18	95.11776
-8.51	96.24788
-7.8	96.87572
-7.11	97.3152
-6.44	98.57086
-5.76	99.01033
-5.05	99.44989
-4.39	100.58
-3.71	101.145
-3.05	102.2751
-2.37	102.7147
-1.68	103.2797
-1.02	104.1586
-0.35	104.8493
0.32	104.9748
0.98	106.2933
1.65	106.6072
2.33	106.7955
2.97	108.0513
3.63	108.4279
4.28	109.5581
4.94	109.7464
5.61	109.9976
6.25	110.8138
6.9	111.1905
7.56	111.3161
8.19	111.9439
8.86	112.5717
9.52	113.0112
10.15	113.2624
10.81	113.4507
11.45	114.0157
12.13	114.3297
12.82	114.2669
13.47	115.1459
14.14	115.1459
14.82	115.1459
15.48	115.7109
16.16	115.7109
16.83	115.7109
17.46	115.8365
18.11	116.1504
18.77	115.5854
19.39	116.2131
20.04	116.276
20.69	116.276
21.31	116.276
21.94	115.7737
22.52	116.0248
23.1	115.9621
23.62	115.7737
24.19	115.5225
24.73	115.9621
25.28	115.5225
25.87	114.8947
26.41	115.397
26.98	114.9575
27.52	114.7692
28.07	114.4553
28.61	114.6436
29.16	114.3297
29.69	114.0157
30.23	113.7647
30.98	112.9485
31.62	113.0112
32.27	112.5717
32.94	111.8811
33.52	112.0694
34.16	111.63
34.78	111.6927
35.39	110.8138
36.04	109.4953
36.6	109.1185
37.04	107.8001
37.62	107.9885
38.24	107.4234
38.83	106.984
39.36	106.7328
39.71	105.0377
40.29	105.6655
40.82	105.8539
41.39	105.4143
41.96	105.6027
42.53	105.226
43.12	105.1004
43.68	104.5354
44.27	103.7192
44.82	103.0913
45.22	102.0868
45.72	100.2661
46.34	99.82652
46.88	98.75927
47.41	99.38705
47.96	99.01033
48.03	97.56635
48.04	96.18509
48.07	94.92941
48.08	93.86208
48.09	92.54361
48	87.01862
47.77	84.88396
47.54	82.30982
47.3	79.92403
47.04	77.91493
46.79	76.03143
46.53	73.89677
46.3	71.95046
45.92	68.99962
45.57	66.17434
45.2	63.53741
44.93	61.46553
44.76	60.08429
44.52	58.38912
44.17	56.00333
43.77	53.11527
43.39	50.2272
43.04	47.8414
42.77	46.14624
42.47	44.26272
42.11	41.68857
41.74	39.05165
41.37	36.72864
41	34.40563
40.65	32.20819
40.3	29.69683
39.94	27.31104
39.59	25.17639
39.25	23.23008
38.97	21.03264
38.73	19.14912
38.47	17.64231
38.21	16.26105
37.93	14.87981
37.73	14.00083
37.36	12.05453
37.1	10.10823
36.86	8.413056
36.66	6.59232
36.33	4.018176
35.97	1.757952
35.69	-0.376704
35.27	-2.51136
34.97	-4.143744
34.66	-5.838912
34.33	-7.094592
33.99	-8.350272
33.62	-9.919874
33.27	-11.36391
32.89	-13.05907
32.56	-14.37753
32.21	-16.07271
31.88	-17.64231
31.53	-19.52583
31.18	-21.03264
30.82	-22.53945
30.46	-23.85792
30.11	-25.55309
29.76	-27.31104
29.42	-28.75507
29.05	-30.13632
28.72	-31.7687
28.35	-33.27552
27.99	-34.78234
27.63	-36.1008
27.29	-37.54483
26.92	-38.86329
26.57	-40.37011
26.22	-41.68857
25.85	-43.13261
25.49	-44.26272
25.14	-45.58119
24.78	-46.96244
24.42	-48.28089
24.05	-49.34822
23.69	-50.54112
23.31	-51.92237
22.95	-53.11527
22.45	-52.36186
21.99	-54.05703
21.52	-55.37548
21.2	-56.44281
20.77	-57.82407
20.21	-58.38912
19.87	-59.45645
19.53	-60.58656
19.09	-61.90503
18.64	-63.53741
18.1	-63.16071
17.74	-64.60473
17.4	-65.73485
17.04	-66.99052
16.6	-68.24621
15.85	-69.75303
15.19	-71.95046
14.56	-72.6411
13.93	-74.5246
13.24	-76.5337
12.47	-77.28709
11.81	-79.23341
10.76	-80.17517
10.12	-81.87034
9.49	-83.50272
8.83	-84.63284
8.12	-85.26067
7.47	-86.76749
6.74	-87.45811
6.1	-88.651
5.34	-89.78112
4.75	-90.34617
4.11	-91.47629
3.1	-92.54361
2.44	-93.67372
1.72	-93.86208
1.08	-95.11776
0.34	-95.43168
-0.29	-96.68736
-1.01	-97.94308
-1.64	-98.3197
-2.44	-98.82201
-3.23	-100.3288
-4.1	-100.2661
-4.8	-101.7729
-5.51	-101.3962
-6.11	-102.5891
-6.74	-103.5309
-7.43	-103.9075
-8.22	-104.347
-8.98	-105.6027
-9.75	-105.9166
-10.46	-106.9211
-11.24	-107.3607
-12.06	-107.3607
-12.79	-108.4279
-13.57	-108.9302
-14.33	-109.6837
-15.11	-109.9976
-15.86	-110.8138
-16.68	-110.8765
-17.51	-111.0649
-18.23	-111.9439
-19.09	-111.6927
-19.84	-112.5717
-20.34	-112.76
-21.1	-113.2624
-21.96	-113.3879
-22.8	-114.2041
-23.66	-114.0157
-24	-112.8229
-24.69	-113.4507
-25.36	-114.6436
-26.12	-114.6436
-26.89	-114.4553
-27.66	-115.1459
-28.63	-114.518
-29.02	-113.1995
-29.51	-114.4553
-30.12	-114.8947
-30.82	-114.8319
-31.46	-115.0831
-32.16	-114.7063
-33	-114.6436
-33.74	-115.1459
-34.33	-114.8319
-34.85	-114.9575
-35.38	-114.4553
-36.03	-114.518
-36.53	-114.0157
-37.16	-114.3297
-37.84	-113.6391
-38.43	-114.2669
-38.93	-113.1995
-39.51	-113.7647
-40.19	-113.0112
-40.77	-113.1995
-41.28	-112.6973
-41.82	-112.9485
-42.5	-112.1323
-43.07	-112.2577
-43.69	-111.5044
-44.27	-111.63
-44.74	-110.5626
-45.28	-110.6255
-45.93	-109.3697
-46.5	-109.3697
-47.08	-108.2396
-47.69	-107.6746
-48.09	-105.7283
-48.51	-104.4098
-48.68	-103.0913
-48.84	-101.2079
-48.97	-99.44989
-49.07	-97.88025
-49.24	-95.62002
-49.31	-94.11321
-49.41	-92.6064
-49.51	-91.35072
-49.75	-86.328
-49.75	-83.37715
-49.76	-81.9959
-49.76	-80.55186
-49.75	-79.48454
-49.78	-78.22887
-50.34	-77.72659
-50.5	-76.28256
-50.48	-74.46182
-50.17	-72.2016
-49.8	-70.00416
-49.4	-67.80672
-49.04	-65.9232
-48.66	-64.22803
-48.26	-62.34451
-47.89	-60.3982
-47.5	-58.64025
-47.11	-56.69395
-46.72	-55.18714
-46.72	-0.690624
