"henry et al. 1998,No.415s"	
2992	
0	0
0	0
0	0
0	0
0.2032	1.685875986
0.2794	3.216064217
0.4318	5.524691227
0.635	9.399092241
0.7366	11.2228631
0.889	13.72721186
1.0922	17.44592512
1.1938	19.40759084
1.3462	21.94307715
1.4986	24.98566073
1.5748	24.90114452
1.524	23.09071833
1.3716	19.49655527
1.2192	15.53318983
1.0414	12.35271138
0.9144	9.190025826
0.762	5.787136302
0.6096	2.935826256
0.4572	0.831817439
0.3048	-0.155687756
0.1524	-0.836265661
0.0762	-1.040883854
0	-1.58356689
-0.0762	-2.588864971
-0.1778	-4.047881656
-0.254	-5.159937056
-0.508	-9.781639298
-0.635	-12.1303003
-0.6858	-13.65604031
-0.9398	-18.46901608
-1.0668	-20.60861067
-1.143	-22.03204158
-1.397	-26.34236832
-1.4732	-27.55673281
-1.5748	-28.51310046
-1.3208	-22.6948266
-1.1938	-20.10596163
-1.1176	-18.59356629
-0.8636	-13.55373122
-0.7366	-11.27624176
-0.6858	-9.679330202
-0.4064	-4.848561544
-0.2794	-3.127099785
-0.2032	-1.912735288
-0.0254	-0.609406359
0.0254	-0.502649041
0.1016	-0.017792886
0.2032	0.400339944
0.2794	0.867403212
0.5334	4.550530697
0.6604	6.565575082
0.7366	7.940075556
0.9652	12.87315331
1.0922	15.27519297
1.1684	17.0099994
1.4224	22.20552223
1.4986	23.71791757
1.6002	25.21252003
1.524	23.3531634
1.3716	19.67003592
1.2192	15.86235823
1.0922	12.42388293
0.9144	9.225611598
0.7874	5.960616944
0.635	3.042583574
0.4826	0.920781871
0.3302	-0.155687756
0.1524	-0.782887002
0.1016	-1.058676741
0.0508	-1.356707588
-0.0508	-2.433177215
-0.1778	-3.821022354
-0.254	-5.039835073
-0.4826	-9.572572883
-0.635	-11.76554613
-0.6858	-13.38025057
-0.9652	-18.07312436
-1.0668	-20.12375452
-1.1684	-21.72066607
-1.397	-26.07992324
-1.4732	-27.22756441
-1.6002	-28.54868623
-1.4986	-26.51584896
-1.3208	-23.04178789
-1.1684	-20.19047784
-1.016	-17.04558517
-0.8636	-14.02079448
-0.7366	-11.50310106
-0.6604	-10.21756502
-0.4064	-5.440175017
-0.2794	-3.389544859
-0.1778	-2.36200567
-0.0254	-0.747301229
0.0508	-0.364754171
0.0508	-0.364754171
0.2286	0.346961285
0.3302	1.165434059
0.4572	3.109306898
0.6604	6.325371115
0.762	8.304829727
0.9398	11.08496823
1.1176	15.13284988
1.2192	17.44592512
1.3462	20.46626758
1.524	23.80243378
1.6002	25.1235556
1.5494	23.94477687
1.4224	20.38175137
1.1938	15.37750207
1.1176	12.90873908
0.9652	9.817225071
0.762	5.578069886
0.6604	3.371751973
0.508	1.232157383
0.3048	-0.071171546
0.1778	-0.662785018
0.1016	-0.97416053
0	-1.823770856
0	-1.823770856
-0.1778	-3.909986786
-0.2794	-5.733757642
-0.4064	-8.322622614
-0.5842	-11.20951843
-0.7112	-13.97186405
-0.889	-16.80093298
-1.0414	-19.56772682
-1.1938	-22.25890089
-1.3208	-24.9189374
-1.4732	-27.41883794
-1.5494	-28.33961981
-1.4732	-26.48026318
-1.3208	-23.16188987
-1.1684	-20.27944227
-1.0414	-17.1345496
-0.8636	-14.14534469
-0.7366	-11.48530817
-0.5588	-8.47831037
-0.4064	-5.524691227
-0.2794	-3.407337746
-0.2032	-2.433177215
-0.0508	-0.765094115
0.0508	-0.209066415
0.1524	0.226859302
0.3048	1.005298082
0.5842	4.897491982
0.762	8.651791012
1.2192	17.08117094
1.3716	21.09346683
1.6764	27.4722166
1.8796	31.06637965
2.1336	36.83572307
2.3114	40.20747504
2.4638	43.07657797
2.54	42.76075424
2.5146	42.04903878
2.2606	35.8126321
2.1082	31.93823109
1.8288	25.36820778
1.651	21.458221
1.3462	15.44867362
1.143	11.39634374
0.7366	3.073721126
0.5588	0.591613473
0.2286	-0.818472774
0.1016	-1.547981117
0.0508	-1.894942402
0	-3.006997802
-0.2794	-7.001500798
-0.4318	-10.18197924
-0.8128	-16.80093298
-1.0414	-21.00895062
-1.3462	-26.27119677
-1.524	-29.1402997
-1.8034	-33.60631419
-1.9812	-36.21297205
-2.2606	-40.22526793
-2.413	-41.68428461
-2.4638	-41.7020775
-2.3876	-40.53664344
-2.2606	-37.7075745
-1.9558	-32.45867302
-1.778	-29.62515586
-1.4986	-24.72766387
-1.2192	-20.12375452
-1.016	-16.07142464
-0.6096	-9.105509615
-0.4064	-5.751550529
-0.127	-1.565774003
-0.0254	-0.800679888
0.0508	-0.364754171
0.1778	0.120101983
0.3302	0.765094115
0.5842	4.394842941
0.7874	7.748802027
1.1938	15.47981117
1.3716	19.18073154
1.6764	25.21252003
1.8288	28.79333842
2.1336	34.85626446
2.3368	38.53939194
2.4638	41.75545616
2.5146	42.65844514
2.286	36.3686598
2.1336	32.38750147
1.8288	25.71516907
1.6764	21.84076806
1.3716	15.72446336
1.1938	11.97016433
0.762	3.456268183
0.5842	0.885196098
0.254	-0.69392257
0.1016	-1.423430912
0	-2.762345614
-0.254	-6.463265985
-0.4064	-9.381299354
-0.7366	-15.53318983
-0.9652	-19.74120746
-1.3208	-25.19472714
-1.4732	-27.87255655
-1.778	-32.49425879
-1.9558	-35.08312376
-2.2352	-39.42458804
-2.3622	-41.18163557
-2.4384	-41.73766327
-2.3876	-40.46992012
-2.2352	-37.5830243
-1.9558	-32.45867302
-1.7526	-29.58957008
-1.4986	-24.81218008
-1.3208	-21.97866293
-0.9906	-16.0224942
-0.7366	-11.79668368
-0.4064	-5.942824058
-0.2286	-3.264994654
-0.0254	-1.009746303
0.0762	-0.747301229
0.1524	-0.088964432
0.2794	0.502649041
0.5588	3.838815241
0.7874	7.2283601
1.1938	14.87485303
1.3716	18.64249673
1.6764	24.6920781
1.8542	28.42858425
2.1336	34.52709606
2.3368	38.29473975
2.4638	41.4752182
2.54	42.55168783
2.5146	42.04903878
2.286	35.47901548
2.1082	31.41334094
1.8034	24.93228207
1.651	21.02229528
1.3462	15.115057
1.143	10.7913856
0.7366	2.882447597
0.5588	0.400339944
0.2286	-0.885196098
0.1524	-1.232157383
0.0254	-2.708966954
-0.2286	-6.516644644
-0.4064	-9.416885127
-0.7366	-15.53318983
-0.9906	-19.72341457
-1.3208	-25.12800382
-1.4986	-27.801385
-1.778	-32.35636392
-1.9558	-34.85626446
-2.2606	-39.23331451
-2.3622	-41.18163557
-2.413	-41.06153359
-2.159	-36.08842184
-1.9558	-33.0324936
-1.7018	-28.14834628
-1.524	-25.21252003
-1.1938	-20.59081779
-1.016	-16.96106896
-0.6096	-9.937327054
-0.4318	-6.6723324
-0.127	-2.068423044
-0.0254	-1.183226946
0.1016	-0.502649041
0.2794	0.293582626
0.7874	6.601160854
1.3208	16.64524523
1.778	26.51584896
2.2352	36.57772622
2.7686	48.00965573
3.302	58.01815433
3.7592	66.13171053
4.2164	72.92414491
4.7752	79.56533976
5.3086	85.68164446
5.7912	90.00531585
6.2992	95.21863157
6.858	100.5209117
7.3406	105.1604068
7.5946	106.9485919
7.6708	103.0030194
7.5946	100.7967015
7.1628	92.5274575
6.6802	84.16924912
6.096	75.0637395
5.6134	67.36386791
5.1562	59.85971807
4.572	50.96327487
4.0894	43.26340328
3.6322	35.84821787
3.1496	28.51310046
2.5654	19.4609695
1.8796	8.740755444
1.4478	2.032837271
0.8636	-1.356707588
0.3302	-7.748802027
0.2286	-9.488056673
0.0508	-11.20951843
-0.1016	-14.09196603
-0.5588	-20.91998618
-1.0922	-28.70437398
-1.6002	-35.27439729
-2.0828	-41.54638974
-2.5654	-47.87176086
-3.1242	-54.85546877
-3.6068	-60.57143353
-4.064	-65.92264411
-4.5466	-71.76315907
-5.1308	-78.32873415
-5.588	-84.06694002
-6.0706	-89.55604547
-6.6548	-96.24617076
-7.112	-101.8242406
-7.4422	-105.4184037
-7.5692	-104.2040392
-7.4676	-102.2067877
-7.0358	-95.4099051
-6.5532	-88.67084937
-5.969	-81.12666554
-5.4864	-74.7345711
-5.0038	-68.56488774
-4.4704	-61.18083989
-3.937	-54.92664032
-3.5306	-49.08612536
-2.7686	-39.23331451
-2.2606	-32.35636392
-1.7526	-25.82192639
-1.2954	-19.21631731
-0.7366	-10.8936947
-0.2286	-3.180478444
-0.0762	-1.859356629
0.0762	-0.836265661
0.2286	-0.071171546
0.6604	3.665334598
1.1938	11.43192951
1.6764	18.81597737
2.159	25.9064426
2.667	33.06363115
3.2258	41.30173756
3.7338	48.16534348
4.191	54.78429723
4.6482	61.58117983
5.461	72.54604607
5.9182	79.2851018
6.4516	87.33193467
6.985	94.7515683
7.4422	101.2993505
7.5946	102.7272296
7.7216	103.1275696
7.5946	100.5342564
7.1628	92.37176975
6.6294	84.13366334
6.096	75.32618457
5.6134	67.81758651
5.1054	60.36236711
4.5466	51.78174765
4.064	44.34432113
3.5814	37.27164879
3.1242	30.18118356
2.5654	21.70287319
2.0574	14.30103244
1.6002	7.019293685
1.0922	0.658336797
0.5334	-2.468762988
0.2032	-6.271992456
0.0508	-7.766594914
-0.1778	-11.76554613
-0.6858	-19.21631731
-1.2192	-26.5870205
-1.7018	-32.97911494
-2.159	-39.02869632
-2.667	-45.80333782
-3.2512	-52.28439669
-3.683	-57.96477567
-4.1656	-63.31598625
-4.6736	-69.8326309
-5.207	-76.29589688
-5.715	-82.08303318
-6.223	-88.47957585
-6.731	-95.11632247
-7.2136	-100.9701821
-7.4422	-103.7681135
-7.5692	-104.8134456
-7.493	-103.3855664
-7.0612	-96.5219605
-6.3246	-86.32218837
-5.8166	-79.54754687
-5.334	-73.34227774
-4.7752	-66.13171053
-4.2672	-59.47717101
-3.7846	-53.48541652
-3.3528	-48.00965573
-2.794	-40.74570986
-2.286	-33.77979483
-1.778	-27.20977153
-1.3208	-20.67978222
-0.7874	-12.51284736
-0.2286	-4.4482216
-0.1016	-2.815724273
0.0762	-1.547981117
0.1778	-0.591613473
0.6096	1.979458612
1.1684	9.625951542
1.651	16.94327607
2.3368	26.60036517
2.8702	34.7005767
3.4036	42.10241744
3.8608	48.61906209
4.3434	55.08232807
4.9022	62.9334392
5.4356	70.35307283
5.8928	77.060991
6.4262	84.96548078
6.9596	92.57638794
7.4422	99.49337253
7.5692	101.1258699
7.6708	102.4825774
7.5438	99.68464606
7.112	91.55329697
6.604	83.09277949
6.0452	74.52550469
5.5626	67.08807817
5.08	59.42379235
4.5212	51.13675551
4.0386	44.01070451
3.5814	37.08037526
3.0734	29.90539382
2.5146	21.70287319
2.0066	14.47451309
1.5494	7.210567214
1.0668	0.711715456
0.4826	-2.36200567
0.1778	-5.840514961
0.0762	-7.348462083
-0.2032	-11.53868683
-0.7112	-19.2341102
-1.27	-26.55143473
-1.7272	-32.91239162
-2.2098	-38.95752477
-2.7432	-45.87450936
-3.2512	-52.23101803
-3.7338	-57.89805235
-4.1656	-63.26705582
-4.7244	-69.90380244
-5.2578	-76.28255222
-5.715	-82.0652403
-6.2484	-88.67084937
-6.7818	-95.27201023
-7.239	-101.1614556
-7.366	-102.793953
-7.5438	-104.5154147
-7.366	-100.9523892
-6.9088	-94.36902124
-6.35	-86.84707852
-5.842	-79.91230104
-5.3848	-73.7248248
-4.826	-66.74111689
-4.2926	-59.93088962
-3.81	-53.97027267
-3.3528	-48.25430792
-2.8194	-41.28394467
-2.286	-34.2468581
-1.8288	-27.68128302
-1.3462	-21.16463837
-0.8382	-13.38025057
-0.2794	-5.284487261
-0.1016	-3.264994654
0.0762	-2.259696573
0.6858	2.571072085
2.1082	23.07292544
3.2004	38.80183702
4.6736	59.28589748
5.7658	74.68119244
7.1882	95.44549087
8.255	110.7340285
9.7028	126.200495
11.1252	139.0914412
12.2936	149.0332165
13.7414	160.6030409
14.8336	168.4586002
16.256	177.8754853
17.3736	186.2514866
18.796	195.4415124
18.923	196.3978801
19.1262	188.9426607
18.415	178.3292039
17.272	164.4774419
15.8242	147.0848954
14.732	135.132524
13.335	120.0841903
12.192	107.9405453
10.6934	91.79794916
9.652	80.15250501
8.2296	64.79279583
7.1374	53.09842124
5.6896	37.51630097
4.6228	24.81218008
3.1496	7.09046523
2.032	-1.040883854
0.635	-16.75200255
0.3556	-19.47876239
0.0508	-21.85856094
-0.6096	-30.87510613
-2.0066	-46.01240423
-3.1242	-58.10711876
-4.572	-74.19633629
-5.6134	-86.35777414
-7.0612	-102.6382652
-8.1534	-115.2890074
-9.6012	-130.6843024
-10.7188	-141.5112738
-12.1666	-154.5401148
-13.2588	-163.436558
-14.6812	-174.4548029
-15.7734	-182.3414998
-17.272	-192.6658222
-18.6436	-201.3176132
-18.796	-201.8202622
-18.9992	-192.6124435
-18.2372	-182.986492
-17.145	-170.05996
-15.6972	-154.6958026
-14.605	-143.0725995
-13.1826	-128.6158793
-12.065	-117.3752234
-10.6172	-102.4647846
-9.525	-91.53550408
-8.0772	-77.20333409
-7.0104	-66.723324
-5.588	-52.18208759
-4.4958	-41.07487825
-3.0226	-25.0212465
-1.6256	-9.625951542
-0.4572	-0.382547058
-0.1778	1.387845139
0.1016	3.3361662
0.8128	11.74775325
2.159	26.49805607
3.2766	38.00115713
4.7244	51.88405674
5.8166	62.6042708
7.2898	76.10462335
8.382	86.79369986
9.779	100.4497402
10.8966	111.3078491
12.3444	125.6266744
13.462	136.2801652
14.9098	150.5278189
15.9766	161.1946543
17.4498	175.6691674
18.5166	185.8333538
18.9738	189.7789263
19.177	190.5440205
18.542	181.5941986
17.145	164.2372379
16.002	151.533117
14.605	136.7472284
13.4874	124.8082017
12.0142	109.7109375
10.922	98.0877345
9.4996	83.19508858
8.4074	71.78095196
6.9342	57.21747444
5.842	46.55063904
4.4196	31.52009826
3.3528	19.19852443
1.905	3.109306898
0.7874	-4.221362298
0.3048	-9.488056673
0.0762	-11.32962042
-0.8636	-22.58806928
-1.9558	-34.00665413
-3.3782	-47.95627707
-4.4958	-58.8366271
-5.8674	-71.41619779
-7.0104	-82.13641184
-8.4582	-95.65455729
-9.525	-105.8543294
-10.922	-119.5281626
-12.065	-130.5819933
-13.5382	-144.7584755
-14.6304	-155.0472121
-16.0528	-168.614288
-17.1704	-179.334502
-18.5674	-192.3677913
-18.7706	-193.9157724
-18.9992	-194.0536673
-18.3134	-185.1216383
-16.9418	-168.876733
-15.7988	-156.2437837
-14.4018	-142.5699505
-13.2588	-131.4316036
-11.811	-117.1305712
-10.7188	-105.9388456
-9.271	-91.81574205
-8.1788	-81.05994222
-6.7056	-67.20818015
-5.6388	-56.92389182
-4.2418	-42.67623803
-3.1242	-30.89289901
-1.7018	-15.2396072
-0.6096	-3.216064217
-0.2794	-0.885196098
0.0762	-0.120101983
0.9652	8.967614746
2.0066	20.5730249
3.4798	35.62135857
4.5466	46.95097899
5.9944	60.72712128
7.0612	71.43399067
8.5344	83.64880719
9.6012	94.21333349
11.049	108.3364371
12.1666	119.5459555
13.6144	134.4386014
14.7066	145.4523981
16.1544	159.9802898
17.2212	170.9762936
18.669	185.295119
19.0246	188.2131523
19.1516	188.5645618
18.669	181.0737567
17.2466	164.5841992
15.7988	148.8063572
14.6812	136.938502
13.2588	122.0636489
12.1158	109.920004
10.668	94.68039676
9.6012	84.13366334
8.1534	70.21517796
7.0358	58.80104133
5.6388	44.63790376
4.5212	32.9079434
3.0734	16.97441363
2.0066	4.986456414
0.5334	-5.631448546
0.2032	-9.141095388
0.0762	-10.12860058
-0.7874	-20.39954426
-1.8288	-31.88485243
-3.2766	-46.30598686
-4.3688	-56.78599695
-5.7658	-69.69473603
-6.8834	-79.98347259
-8.3312	-93.46603226
-9.4234	-103.4745309
-10.8712	-116.9926763
-11.938	-127.4193077
-13.4366	-141.5424113
-14.5034	-151.7777692
-15.9512	-165.6428759
-17.399	-179.8060135
-18.4912	-190.1792663
-18.8468	-193.1506783
-18.9738	-193.7600847
-18.2118	-183.5958983
-17.0942	-170.682711
-15.6464	-154.6290793
-14.5288	-143.3839751
-13.1064	-129.3098019
-11.9888	-118.3137981
-10.541	-104.2218321
-9.4488	-94.07543862
-8.0264	-80.64180939
-6.9342	-69.98831865
-5.5118	-56.22996925
-4.445	-45.4919623
-2.921	-30.28794087
-1.8542	-18.82042559
-0.4318	-3.060376461
-0.0508	-0.885196098
0.0762	-0.956367644
1.4224	12.31712561
2.9464	29.2426088
4.5466	45.34961921
6.4516	63.50725978
8.0772	78.99151917
9.6266	93.89750975
11.5316	112.5266618
13.1572	128.6870509
14.7574	144.2558265
16.6878	163.7479335
18.2372	179.5969471
19.8374	195.4415124
21.7678	212.5582692
23.3426	222.2020136
24.892	230.2977769
25.4508	231.2897303
25.6286	221.4191266
24.4602	206.6866166
22.9108	190.5618133
21.0058	170.4202659
19.4056	153.6015401
17.8308	137.7747676
15.8496	118.7452756
14.3002	104.3775198
12.6746	90.00531585
10.7442	72.00336304
9.1948	57.84467369
7.6454	43.19667996
5.6896	25.00345361
4.0894	9.523642446
2.5146	-1.147641173
0.5842	-18.43787853
0.3556	-20.43513003
0.0762	-22.1387989
-0.9652	-32.97911494
-2.8702	-49.67773883
-4.4958	-63.30264159
-6.0198	-76.42044709
-7.9502	-93.32813739
-9.525	-107.211037
-11.1506	-121.9079612
-13.1064	-140.0478089
-14.6558	-154.6468721
-16.2306	-169.5884485
-18.1102	-187.64378
-19.7612	-202.5008401
-21.336	-213.0653664
-23.241	-221.908431
-24.8666	-228.874346
-25.1714	-229.5549239
-25.4508	-219.6309415
-24.1808	-204.4980916
-22.606	-188.2487381
-21.0312	-173.5873997
-19.0754	-154.5579077
-17.526	-140.1189804
-15.9766	-125.817948
-14.0208	-107.7848576
-12.446	-93.10127809
-10.8712	-79.07603538
-8.9154	-61.56338694
-7.3406	-47.57373001
-5.7658	-34.21127233
-3.81	-16.52514324
-2.2606	-3.47406107
-0.7112	6.151890473
-0.127	10.42663143
0.1016	11.20507021
1.143	21.00895062
3.048	35.70587478
4.699	48.18313637
6.223	60.22447224
8.1788	75.65535297
9.7536	88.80874424
11.303	102.7583672
13.3096	120.0663974
14.859	133.949297
16.4338	148.059056
18.3134	164.9311605
19.9136	179.3878807
21.5138	193.0795068
23.4188	208.9107274
25.019	222.5845606
25.2984	224.6707766
25.654	225.7650391
24.4602	210.6143963
22.9362	193.1150925
21.0058	173.6363302
19.3548	157.6316288
17.8054	142.4454003
15.8496	123.349185
14.3256	108.3898157
12.7254	93.49716981
10.7188	75.46407944
9.1948	61.98151977
7.62	48.54789054
5.6642	31.38220339
4.0894	16.59186657
2.5146	2.851310046
0.5842	-10.39104566
0.3556	-12.30378095
0.1016	-13.97186405
-1.1684	-25.83971927
-2.667	-38.52159906
-4.5974	-53.97027267
-6.1722	-66.41194849
-7.747	-79.68544174
-9.6266	-95.5344553
-11.2522	-109.4662854
-12.8778	-123.4915281
-14.7828	-139.6163314
-16.4084	-153.5704025
-17.9832	-166.7905171
-19.9136	-182.4482571
-21.5392	-195.512684
-23.0632	-207.5050894
-24.9936	-221.9929472
-25.2222	-223.2295528
-25.4508	-223.5053425
-24.1554	-207.3449534
-22.5552	-190.6997082
-21.0312	-175.8115105
-19.0246	-156.8709829
-17.4498	-142.0139228
-15.9258	-126.983382
-13.9954	-110.5961336
-12.3952	-96.29954942
-10.8204	-82.39885692
-8.8646	-65.47337373
-7.2898	-51.608267
-5.715	-38.0367429
-3.7846	-21.49380677
-2.2352	-7.384047856
-0.6096	2.7801385
-0.2794	5.369003471
0.0762	7.766594914
1.143	17.41033934
3.048	32.85901296
4.6736	45.76775204
6.2484	57.94698278
8.1788	73.44903506
9.7282	86.62021922
11.303	100.4497402
13.2842	117.7711151
14.859	131.5872914
16.4084	145.6080859
18.3388	162.1688149
19.939	176.3986758
21.4884	190.1436805
23.4188	206.9446135
25.019	220.605102
25.3238	222.7402484
25.6032	224.1503346
24.3332	207.8653954
22.8092	190.4906418
21.209	173.5651586
19.2532	155.2696232
17.6784	140.4659417
16.1036	125.7334317
14.1732	107.5757912
12.5476	92.42070018
11.0236	77.99956576
9.0678	61.28314898
7.4422	48.1475506
5.8928	34.62940516
3.9878	16.92548319
2.3876	2.935826256
0.8382	-7.2283601
0.3048	-11.55647972
0.0762	-13.08666795
-0.9398	-22.77934281
-2.8702	-39.26890028
-4.4704	-52.19543225
-5.9944	-64.37911122
-7.9502	-79.99681725
-9.4996	-92.99452077
-11.049	-106.2546694
-13.081	-123.2824616
-14.6304	-136.4536458
-16.2306	-149.7093462
-18.1102	-165.9231139
-19.7104	-179.4412593
-21.2852	-192.140932
-23.241	-207.296023
-24.8412	-219.7199059
-25.2984	-222.5489749
-25.4762	-222.5845606
-24.4602	-210.1428848
-22.5298	-190.2682307
-20.9296	-174.6460765
-19.3802	-160.0158756
-17.399	-141.2488287
-15.8242	-126.0626001
-14.2494	-112.7001425
-12.2682	-95.61897151
-10.7188	-81.77165767
-9.144	-68.79174704
-7.2136	-51.99081406
-5.6388	-38.76625124
-4.064	-25.50610265
-2.1844	-8.20252063
-0.5588	2.259696573
-0.0762	5.769343415
0.1016	5.369003471
0.6096	10.96486624
1.4986	19.16293865
2.159	24.70987099
3.1242	32.21402083
3.9878	39.35786472
4.6736	44.77579863
5.6642	52.57797931
6.6294	60.1533007
7.5692	67.66189876
8.2296	73.03090223
8.6868	76.64285817
8.8646	77.5147096
8.382	71.29164758
7.4168	61.3899063
6.7818	55.35811781
5.7912	46.18588487
4.826	37.61861007
3.8608	28.54868623
3.2258	22.51689774
2.3368	13.76279763
1.3716	4.501600259
0.7112	-0.662785018
0.2794	-2.330868118
0.127	-3.264994654
-0.254	-6.761296832
-1.1684	-15.68887758
-2.159	-24.81218008
-3.0226	-32.77004853
-3.7084	-38.921939
-4.6736	-47.31573316
-5.6134	-55.34477315
-6.2738	-60.72712128
-7.2136	-68.54709486
-8.1788	-76.76740837
-8.509	-79.39185912
-8.636	-80.03240303
-8.255	-75.02815373
-7.2898	-65.40220218
-6.35	-57.06178668
-5.715	-51.51930257
-4.7244	-42.52055027
-3.7592	-33.45062643
-2.8956	-25.23031292
-2.2098	-18.66028961
-1.27	-9.158888274
-0.2794	-1.009746303
-0.1016	-0.502649041
0.127	-0.226859302
1.2446	10.6668354
3.2512	29.78084361
5.2832	47.62710867
7.2898	64.46362743
8.89	78.38211281
10.922	96.21058499
12.9286	113.794405
14.8844	130.5775451
16.9164	148.4771888
18.542	162.8627374
20.5486	180.237491
22.5298	196.918322
24.5364	214.9024819
26.1366	228.7008653
28.1686	240.2573451
30.1244	246.4403731
32.1564	250.5060476
33.8074	255.1455428
35.7886	258.0146457
37.846	260.8125771
38.1254	260.4478229
38.4556	247.3789478
37.2618	233.3937391
35.2806	213.5680155
33.2486	194.1248388
31.242	174.4548029
29.6418	159.2685744
27.6098	141.978337
25.6032	123.9230056
23.5966	107.0686939
21.6154	90.47682734
19.9898	76.71402971
17.9832	62.11941464
15.9766	46.63515525
14.0208	31.20872275
12.319	18.13984768
10.3378	3.927779673
8.2804	-6.271992456
6.3754	-17.6905773
4.6736	-27.26315019
2.6924	-36.97806616
0.635	-46.35936552
0.381	-47.22676873
0.127	-47.43583514
-1.4224	-55.81183642
-3.048	-63.7163262
-5.0546	-74.61446912
-7.0104	-86.32218837
-9.0424	-99.82698915
-10.6426	-111.7259819
-12.6746	-127.2591718
-14.6558	-142.378677
-16.6878	-157.9652455
-18.288	-170.3891284
-20.3454	-185.6287356
-22.3012	-199.9609056
-24.2824	-214.0528716
-25.9334	-222.4466658
-27.94	-228.8565531
-29.9212	-232.8377114
-31.9532	-237.0590737
-33.5788	-240.1505877
-35.6108	-243.24655
-37.6682	-246.458166
-37.9476	-246.0934118
-38.2524	-234.1410404
-36.83	-220.9342704
-34.8996	-202.758837
-32.8676	-183.5958983
-31.2166	-168.4586002
-29.21	-150.0918932
-27.2034	-132.2990068
-25.2476	-116.2275822
-23.622	-103.1453625
-21.6154	-86.54904767
-19.5834	-70.86017009
-17.6276	-56.73261829
-16.002	-44.67348953
-13.97	-29.54063965
-11.938	-15.20402143
-9.9822	-3.060376461
-8.3566	3.927779673
-6.3246	13.98520871
-4.3434	23.28199185
-2.3622	31.43113383
-0.3048	39.56248291
-0.0762	40.1363035
0.1016	39.92723708
1.524	47.05328808
3.5052	54.45512883
5.1308	61.70128181
7.1628	70.40645148
9.1948	80.01461014
11.1252	90.37007003
12.7762	100.1695022
14.7828	112.8380373
16.8148	126.3028041
18.796	139.5807456
20.4216	151.1016395
22.4282	164.4107186
24.4348	177.5107312
26.3906	189.1517271
28.067	199.3337063
30.0482	210.9435647
32.0548	221.8906381
34.1122	232.0726173
35.6616	239.4388723
37.6936	245.4172821
38.0238	245.7286576
38.481	240.2884826
36.9062	222.3754942
35.2806	206.1127961
33.274	187.0699594
31.242	168.7032524
29.2862	150.4388545
27.6352	136.1378221
25.6286	119.7194361
23.622	103.1275696
21.6662	86.81149275
20.0152	73.32448485
17.9832	57.46212663
15.9766	41.94672969
14.0208	28.39299847
12.3444	16.94327607
10.3378	4.03008877
8.3058	-5.075420846
6.3754	-15.16843566
4.699	-23.38874917
2.6924	-32.36970858
0.6858	-41.12825691
0.2794	-42.36486252
0.127	-42.08462456
-1.2192	-49.259606
-3.2004	-57.47991952
-5.207	-66.14950341
-6.8326	-73.77820346
-8.8138	-84.20483489
-10.795	-94.96063472
-12.827	-107.3133461
-14.4526	-117.7755633
-16.4846	-130.7020953
-18.4658	-143.3350446
-20.4724	-155.9324082
-22.098	-165.3848791
-24.1046	-176.9235659
-26.0858	-188.0441199
-28.1178	-198.6575767
-29.7434	-206.9801993
-31.75	-216.7484939
-33.782	-225.8851411
-35.7886	-233.7940791
-37.3888	-239.4032865
-37.9984	-240.2751379
-38.227	-238.2245078
-36.9316	-223.1405883
-34.9504	-204.5158845
-32.9184	-186.5673103
-30.9118	-168.5653575
-29.2862	-153.9485014
-27.2796	-136.035513
-25.273	-119.0788922
-23.2664	-102.153409
-21.6662	-89.55604547
-19.6596	-76.05569292
-17.653	-60.85167149
-15.6972	-45.33627455
-14.0208	-33.0324936
-12.0142	-19.02504378
-10.0584	-6.396542661
-8.001	2.344212783
-6.4008	10.49335475
-4.3942	19.91023988
-2.4384	28.39299847
-0.381	36.81793018
-0.127	37.4807152
0.1016	37.39175077
1.3208	43.64595034
3.3274	51.57268123
5.3594	59.68623743
7.366	67.76420785
8.9662	75.44628656
10.9728	85.64605869
13.0048	96.8511289
14.9606	108.9280505
16.6116	119.5459555
18.6182	132.6103823
20.6248	145.7326361
22.5806	158.1031403
24.2316	168.7521828
26.2382	181.0025851
28.2702	192.9594048
30.226	203.924271
31.8516	213.358949
33.909	224.1147489
35.8648	233.9675597
37.8968	242.6860741
38.1508	243.0196907
38.481	241.8542566
37.2872	227.3975364
35.2806	206.2684838
33.274	187.2256471
31.2674	168.6854595
29.2608	150.5945423
27.6352	136.2267865
25.6286	119.5637484
23.5966	102.7450225
21.6662	86.62021922
19.9898	73.27555442
18.0086	58.20942786
15.9766	44.39325157
14.0208	30.99965633
12.3444	19.09621533
10.3632	6.027340268
8.3058	-2.953619142
6.3754	-12.94432486
4.6736	-21.20022415
2.7178	-30.23456222
0.6604	-39.07762676
0.4064	-39.98061574
0.127	-40.0339944
-1.2954	-47.43583514
-3.2512	-55.51825379
-4.8768	-62.53754747
-6.9088	-71.58967843
-8.9154	-81.7360719
-10.8712	-92.70093814
-12.4968	-102.793953
-14.5542	-115.360179
-16.5608	-127.886371
-18.542	-140.0478089
-20.1676	-150.1630648
-22.1742	-161.9953342
-24.2062	-173.7430875
-26.1874	-184.5478177
-27.813	-193.324159
-29.7942	-203.3860362
-31.8516	-213.2699846
-33.8582	-223.2295528
-35.814	-230.942769
-37.465	-238.06882
-37.8714	-238.971809
-38.227	-237.0768666
-36.7792	-220.7785827
-34.8488	-201.455508
-32.8676	-183.9606525
-31.1912	-169.8153078
-29.21	-151.7421834
-27.1526	-134.0916401
-25.1968	-118.2782123
-23.5458	-105.0892353
-21.5392	-89.60942413
-19.5326	-74.16075052
-17.5514	-59.66844454
-15.9512	-47.07108097
-13.8938	-32.26739949
-11.8872	-18.13984768
-9.9822	-5.996202717
-8.2804	0.938574758
-6.2992	10.25315079
-4.2672	19.6878288
-2.3368	27.95707276
-0.6096	35.18543286
-0.254	36.43538313
0.127	35.30553484
0.889	40.9191905
2.2606	46.51505327
3.429	51.13675551
4.8768	56.75041117
5.9436	61.12746123
7.366	66.91459753
8.509	72.00336304
9.906	78.36431993
11.0236	84.2893511
12.4714	92.33618397
12.6746	93.32368917
12.9032	93.11907097
11.9888	82.48337313
10.8966	72.07453458
9.4742	60.39795288
8.3312	51.76395476
6.9088	41.43963243
5.8166	34.19347944
4.4196	25.31482913
3.302	18.13984768
1.8796	9.225611598
0.762	2.206317914
0.4572	0.658336797
0.127	-0.520441927
-0.6604	-3.856608127
-2.032	-12.07692164
-3.175	-19.37645329
-4.5974	-28.56647912
-5.6896	-35.53239414
-7.112	-44.9359346
-8.2296	-52.91159593
-9.6012	-62.92009453
-10.7442	-71.22492426
-12.192	-82.03410275
-12.446	-83.55984276
-12.6746	-84.32493687
-11.9634	-76.19358779
-10.5156	-62.81333721
-9.4234	-54.00585845
-7.9756	-42.84971867
-6.8834	-34.54488895
-5.4864	-24.39404725
-4.3688	-16.96106896
-2.921	-7.36625497
-1.8288	-1.24995027
-0.381	5.836066739
-0.0254	8.042384653
0.127	8.077970426
1.0668	14.97716213
3.048	27.52114704
4.6482	37.94777847
6.1976	48.28544547
8.1788	61.23421855
9.7028	71.86546817
11.2776	82.83033441
13.2588	96.78440557
14.8336	107.1220726
16.4084	117.0949854
18.3388	129.4832826
19.9136	140.0656017
21.463	149.9006197
23.4188	162.4801904
25.019	172.5598605
26.5684	181.7676792
28.5242	192.923819
30.099	201.7179531
31.6484	210.4542603
33.655	221.1611297
35.179	229.1367911
36.703	236.7476982
38.6334	245.7464505
40.259	251.4624153
42.2402	254.5895151
43.7896	256.5734219
45.3898	259.1267011
47.2694	260.4967533
48.895	262.0625273
50.4698	262.8810001
50.8508	261.3863977
51.0286	248.8557574
50.2158	239.4922509
48.2854	221.2990246
46.736	206.6688238
45.1612	192.1943107
43.2054	174.4548029
41.6052	159.9980827
40.0558	146.3553871
38.1	132.4369017
36.5252	119.3013033
34.9504	106.8106971
32.9946	92.74986858
31.4198	81.02435644
29.845	69.5034625
27.8892	55.13125851
26.289	43.99735985
24.765	33.29049045
22.8346	21.11125971
21.2344	12.8909462
19.7104	4.4482216
17.7038	-3.442923518
16.1036	-11.32962042
14.1986	-19.34086752
12.5984	-25.8041335
10.9728	-31.53789114
9.0678	-37.8098836
7.4676	-43.25005862
5.8928	-48.1475506
3.937	-53.81458492
2.3876	-58.36511561
0.7874	-63.26705582
0.3302	-64.03214993
0.127	-63.7163262
-0.889	-68.21792646
-2.8194	-73.89830544
-4.4196	-79.02710495
-5.9436	-84.09807757
-7.9248	-90.89496017
-9.4234	-97.06019531
-10.9982	-104.0305586
-13.0302	-113.7098888
-14.6304	-121.1962457
-16.1544	-129.572247
-18.0594	-140.1011875
-19.685	-149.104388
-21.2598	-157.6850075
-23.1902	-167.8847796
-24.8158	-176.3141596
-26.3398	-183.99179
-28.2956	-193.4264681
-29.8704	-200.5881048
-31.4706	-208.0922547
-33.4264	-217.131041
-35.0012	-223.3674476
-36.5252	-229.0300337
-38.481	-233.8608024
-40.0812	-237.5305852
-41.6306	-240.2751379
-43.6372	-243.4022377
-45.212	-246.0088956
-46.7614	-247.4857052
-48.7172	-248.1262491
-50.292	-248.0417329
-50.673	-246.5649233
-50.8	-234.3678997
-49.784	-223.6432374
-48.2346	-208.8573488
-46.3042	-191.117841
-44.704	-177.5996956
-43.1546	-165.5939455
-41.1988	-149.4691422
-39.5986	-136.2267865
-38.0746	-124.4123099
-36.0934	-109.6442142
-34.544	-97.6340159
-32.9692	-86.04639863
-30.988	-72.39035832
-29.3878	-62.93788742
-27.8892	-52.33777535
-25.908	-39.68703312
-24.3332	-29.34936612
-22.7838	-19.94582565
-20.828	-9.714915974
-19.2532	-2.535486312
-17.6784	2.673381182
-15.7226	10.6668354
-14.1478	16.43617881
-12.5984	21.97866293
-10.6172	28.53089334
-9.0424	33.29049045
-7.0866	38.921939
-5.5118	43.56143413
-3.937	48.44558145
-2.0574	53.53434696
-0.4064	58.3829085
-0.1524	58.76545556
0.1016	58.29394407
1.3716	63.44053646
2.9464	67.78200074
4.4958	72.19463657
6.4516	77.53250249
8.0518	82.41220158
9.6012	87.22517735
11.5316	93.68844334
13.1572	99.68464606
14.7066	105.8365365
16.6878	114.3326398
18.2372	121.6499643
19.7866	129.4654897
21.7932	139.2827147
23.3426	146.8446915
24.892	154.00188
26.8224	163.4187651
28.4226	171.1008438
29.972	178.2758253
31.9024	187.1366827
33.528	194.489593
35.0774	200.8461017
37.0332	208.7550397
38.5826	214.9024819
40.513	222.1486349
42.1386	228.1982163
43.7134	233.6028055
45.6692	239.6301458
47.1932	244.149539
48.7934	248.3353155
50.6476	251.8093766
50.8508	251.4446224
51.0286	248.0906633
49.9872	235.9292254
48.4378	220.4983447
46.5328	202.878939
44.9072	188.3732883
43.3578	174.9040733
41.4274	158.7303396
39.7764	145.2967103
38.2524	132.7705183
36.322	116.6590597
34.7726	104.2040392
33.147	91.8468796
31.1912	76.90530324
29.6164	65.45558084
28.067	54.22826953
26.1366	41.35511622
24.5364	32.78784141
22.9616	23.70012468
21.0312	12.28598806
19.4056	3.509646842
17.8308	-1.997251498
15.875	-10.60011207
14.3002	-16.94327607
12.7508	-22.88610013
10.7442	-29.71412029
9.2202	-34.97636644
7.62	-40.17188927
5.715	-45.97681846
4.1148	-51.03444642
2.54	-55.58497711
0.6096	-61.14525411
0.381	-61.47442251
0.1778	-60.90505015
-0.8382	-65.26430732
-2.8194	-70.63331079
-4.3942	-75.23722014
-5.969	-79.54754687
-7.9248	-85.0722381
-9.4742	-89.83183521
-11.0236	-95.09852959
-13.0302	-102.2245806
-14.5796	-108.5632964
-16.1798	-115.4446952
-18.0848	-124.1854506
-19.685	-131.4671894
-21.2852	-138.5220688
-23.241	-147.3295476
-24.8158	-154.6824579
-26.3652	-161.5460638
-28.3464	-169.899824
-29.8958	-176.4342615
-31.4706	-182.986492
-33.4518	-190.7886726
-35.0266	-196.6247394
-36.576	-202.2739808
-38.481	-208.6660753
-40.0812	-214.0884574
-41.656	-218.9726047
-43.6372	-224.9643592
-45.212	-229.9196781
-47.0916	-234.6258965
-48.7172	-238.9362232
-50.292	-241.943221
-50.673	-241.3160218
-50.8	-239.212013
-49.8856	-228.7364511
-47.9298	-210.6143963
-46.4058	-197.9458612
-44.8056	-184.8280557
-42.9006	-168.8233544
-41.275	-155.0294192
-39.7002	-141.9605441
-37.7698	-126.5163187
-36.1442	-113.8121979
-34.5948	-101.6996904
-32.6644	-87.34972756
-31.0388	-76.03790003
-29.5148	-67.29714459
-27.559	-55.06453519
-26.0096	-45.19393146
-24.4094	-34.71836959
-22.5298	-23.05958077
-20.8788	-13.70941897
-19.3294	-5.560277
-17.399	1.214364497
-15.7734	7.975661329
-14.1986	13.97186405
-12.2936	20.74650554
-10.6934	26.235611
-9.144	31.27544607
-7.1374	36.99141083
-5.588	41.56418263
-4.0386	46.32377974
-2.1082	51.65719744
-0.4572	56.54134476
-0.0254	57.11516534
0.127	56.85272027
1.1938	61.30094187
3.0734	66.41194849
4.699	71.08258117
6.2738	75.48187233
8.2042	80.93539201
9.779	85.64605869
11.3284	90.89051195
13.3096	97.49612103
14.8844	103.2476716
16.4592	109.6575589
18.3642	117.4775325
19.9644	125.1418183
21.5646	132.7527254
23.4696	141.9249584
25.0952	149.6559675
26.6446	157.0266707
28.575	165.6428759
30.1498	173.0980953
31.7246	180.6200381
33.7058	189.8500979
35.2806	196.7804271
36.8554	203.3993809
38.735	210.1072991
40.3606	215.8099191
41.91	221.7349503
43.8658	228.7720369
45.466	234.3456586
47.0154	239.5411814
48.9712	245.3283177
50.5206	249.4473709
50.9016	248.7890341
51.0286	246.2001691
49.8856	233.2024656
48.2854	217.1621785
46.7106	203.8886853
44.7802	186.8964787
43.2308	173.4984353
41.656	159.9980827
39.6748	143.8199008
38.1508	131.3604321
36.5506	118.2604195
34.6456	103.1409142
33.02	90.52575778
31.4452	78.7290741
29.5402	64.79279583
27.9146	53.44983075
26.3398	43.42353926
24.4094	32.38750147
22.86	23.49105827
21.2344	13.97186405
19.2786	3.438475297
17.7038	-2.015044385
16.1544	-9.052130956
14.224	-16.5785219
12.573	-22.43238153
11.0236	-27.95707276
9.0678	-34.3714083
7.493	-39.72261889
5.9182	-44.55338755
3.9878	-50.38945428
2.413	-54.96222609
0.8382	-59.70403032
0.3048	-60.58922641
0.127	-60.29564379
-0.8382	-64.32573256
-2.8194	-69.67694314
-4.3942	-74.16075052
-6.2992	-79.04489783
-7.8994	-83.78670206
-9.4742	-88.37281853
-11.3792	-94.31564258
-12.9794	-100.1917433
-14.5542	-106.1657049
-16.51	-113.6209243
-18.0594	-120.2932567
-19.6596	-127.5216168
-21.6408	-136.2445794
-23.1902	-143.2994588
-24.7904	-150.5634047
-26.67	-158.6769609
-28.2956	-165.8875281
-29.845	-172.4753443
-31.8008	-180.397627
-33.401	-187.0699594
-35.0012	-193.0127834
-36.9316	-199.9253198
-38.4556	-205.2631857
-40.0812	-210.7167054
-42.0624	-216.9219745
-43.6118	-221.7171574
-45.1866	-226.565719
-47.0916	-231.5521754
-48.6918	-236.0537756
-50.2666	-239.5634225
-50.673	-239.3365632
-50.8508	-237.2503473
-49.8348	-226.1475861
-48.2854	-211.290526
-46.3296	-193.586604
-44.7294	-179.9617013
-43.1546	-168.494186
-41.2242	-152.8231013
-39.624	-139.8076049
-38.0746	-127.4860311
-36.1188	-112.0729432
-34.5694	-100.1739504
-32.9692	-88.79095136
-30.988	-76.47382575
-29.4386	-66.89680464
-27.8892	-56.54134476
-25.9588	-43.78829343
-24.3586	-33.37945489
-22.5044	-22.06762736
-20.828	-12.87760153
-19.2532	-4.86635443
-17.3482	1.512395344
-15.748	8.149141971
-14.1986	13.69162608
-12.2428	19.99920431
-10.6426	25.64844575
-9.0932	30.70162548
-7.1374	36.78234441
-5.5372	41.63090595
-3.937	46.51505327
-2.0828	51.74616187
-0.4572	56.64365385
0.2032	49.1572969
0.4572	51.31023616
1.0922	56.33227834
2.1082	62.5019617
3.5052	68.02665293
4.5466	71.74536619
5.6134	75.25501303
6.7056	78.59117923
8.1026	83.00381506
9.2202	86.26880971
10.2616	89.48487393
11.303	92.70093814
12.6746	96.99347199
13.7668	100.6054279
14.8082	104.4620361
15.875	108.4609873
16.9164	112.7001425
17.3736	114.1947449
17.5768	113.8967141
17.0434	107.2777603
16.002	97.32264039
14.605	85.45478516
13.5382	77.16774832
12.446	69.41449807
11.43	62.20393085
10.0584	53.22297144
9.017	46.44388173
7.874	39.59806868
6.7818	33.48176398
5.4102	25.52389554
4.3434	19.54548571
3.302	13.84731384
2.2606	8.304829727
0.889	1.459016685
0.6858	0.69392257
0.508	0.13789487
-0.0508	-1.58356689
-1.397	-7.748802027
-2.4638	-12.97991063
-3.5306	-18.1220548
-4.5974	-23.19747564
-5.9182	-29.7986365
-7.0612	-35.72366767
-8.1534	-41.44408065
-9.1948	-47.10666674
-10.2362	-52.8226315
-11.6332	-60.76270706
-12.6746	-66.84342598
-13.7414	-73.22217576
-14.7828	-79.44078955
-16.1544	-87.64331018
-16.3322	-88.67084937
-16.5354	-88.91105334
-15.875	-81.52700548
-14.7828	-72.21242945
-13.7414	-63.7163262
-12.3952	-53.8323778
-11.3284	-46.81308412
-10.2616	-39.8071351
-9.1948	-33.45062643
-8.1534	-27.19197864
-6.6802	-19.14959399
-5.6388	-13.32687191
-4.572	-7.819973573
-3.556	-2.606657858
-2.1336	2.660036517
-1.0668	8.029039988
0	13.6738332
0.4064	15.74225624
0.5588	16.16038907
2.3622	26.53364184
4.9022	40.79908852
7.4168	55.34032493
9.9568	69.92159533
12.5222	84.96548078
15.0876	100.205088
18.0594	117.2862589
20.574	130.2305838
23.0886	142.0628532
25.654	154.5401148
28.194	166.3723843
30.6832	177.6842118
33.2994	189.4675508
35.8394	199.8408036
38.4048	210.387537
40.9194	219.942317
43.434	228.2827325
46.0248	237.5617228
48.5394	245.8354149
51.0286	252.2453023
53.6448	256.7113168
56.1594	260.9682648
58.7502	264.6335994
61.2902	266.3016825
63.7794	268.2811411
66.3956	269.9180867
68.9102	271.3593105
71.4248	271.3593105
74.041	273.5478355
76.5556	274.1928276
76.962	272.2622995
77.216	255.9284298
75.3872	237.3704492
72.8472	214.9024819
70.3072	192.9416119
67.7672	172.8890289
65.2272	152.5250704
62.6872	133.1486172
60.1218	114.6128777
57.5818	96.38406563
55.0418	79.66764886
52.5018	63.3871578
49.9364	48.18313637
47.4218	33.82872527
44.8818	20.43513003
42.3164	8.411587046
39.8018	-0.400339944
37.2618	-10.31987411
34.6964	-18.62915206
32.1564	-26.04878569
29.5656	-33.01470072
27.051	-39.11321253
24.5364	-45.00265793
21.9964	-50.51400449
19.431	-55.58497711
16.891	-60.76270706
14.351	-65.49116662
11.3538	-70.86017009
8.8138	-75.32618457
6.3246	-79.61871842
3.7338	-84.24042066
1.1938	-88.49736873
0.9906	-88.44399007
0.762	-86.44673857
-1.3208	-92.96338322
-3.937	-97.93204675
-6.5024	-102.8117458
-9.017	-108.0428544
-11.6078	-114.2659165
-14.1224	-120.8314915
-16.7132	-128.669258
-19.2278	-136.8006071
-21.7424	-145.6258787
-24.3332	-155.0472121
-26.8478	-163.5922458
-29.3624	-171.9326613
-31.9532	-180.4332128
-34.5186	-189.5342742
-37.0586	-198.1193418
-39.5986	-205.6590775
-42.0878	-212.9408162
-44.704	-220.3248641
-47.1932	-226.285481
-49.7332	-231.1874212
-52.3494	-235.8625021
-54.864	-239.5100438
-57.4548	-243.0908622
-59.9694	-245.8710007
-62.484	-248.0773186
-65.0748	-250.6483907
-67.6148	-251.0309378
-70.1294	-252.2453023
-72.7202	-253.1660841
-75.2348	-254.4694131
-75.5142	-253.3751506
-75.7174	-238.7093639
-73.7616	-220.1513834
-71.1454	-198.9378146
-68.6054	-179.0053336
-66.1162	-159.6333286
-63.5508	-140.4481488
-61.0108	-121.8768236
-58.4708	-105.3160946
-55.9054	-87.90575526
-53.3908	-72.82183581
-50.8	-57.46212663
-48.2854	-43.49026258
-45.7454	-30.46142152
-43.18	-17.70837019
-40.64	-7.126051003
-38.1	0.41813283
-35.5346	8.932028973
-33.02	16.24490528
-30.4546	22.81492859
-27.8892	28.94902617
-25.3746	34.85626446
-22.7838	40.85246717
-20.2692	46.30598686
-17.7546	51.44813103
-15.1638	56.67923963
-12.6238	61.59897272
-10.0584	66.3941556
-7.5438	71.20713137
-4.9784	75.69093875
-2.4384	80.37936431
0.1016	84.95213612
0.635	84.95213612
0.8382	83.76890917
2.921	89.57383836
5.5372	94.40460702
8.0518	98.93734483
10.541	103.6302186
13.1572	108.9992221
15.6972	114.3326398
18.288	120.4667374
20.8026	126.8276943
23.3172	133.5845429
25.8826	141.19545
28.4226	148.6862552
30.9372	156.0880959
33.5534	164.3929257
36.068	171.6390787
38.608	180.1529748
41.148	187.5192298
43.688	194.2627337
46.2534	201.5088867
48.7934	208.1278404
51.308	214.4176258
53.8734	220.8986847
56.4134	226.6502352
59.0042	232.5040948
61.5188	237.7529963
64.0588	242.6549365
66.6242	247.5524285
69.1388	252.018443
71.6534	255.9462226
74.2696	259.5448339
76.7842	262.5162459
77.2414	261.5064996
77.4192	252.1563378
75.4634	232.6953683
72.898	210.3519512
70.358	189.1027967
67.8688	168.7877686
65.2526	149.344592
62.7126	129.8168992
60.2234	111.7615677
57.6072	94.08878328
55.0926	77.37236651
52.5272	61.4922154
50.0126	46.82642878
47.498	32.96132206
44.9072	19.75455213
42.3926	7.993454215
39.8526	-0.627199246
37.2618	-9.488056673
34.7472	-17.60161287
32.1818	-25.00345361
29.591	-31.41778916
27.1018	-37.68978162
24.511	-43.54364124
21.9964	-49.08612536
19.4564	-54.41954305
16.891	-59.8241323
14.351	-64.48142031
11.7602	-69.22767276
9.2456	-73.849375
6.7056	-78.2975966
4.1656	-82.77695575
1.6002	-86.77590697
1.2954	-86.89600896
0.9906	-85.8551251
-1.0922	-91.03285504
-3.7084	-95.34318177
-6.223	-99.47557964
-8.7376	-103.6835973
-11.3538	-108.5810893
-13.9192	-113.2383773
-16.4846	-118.6429665
-18.9992	-124.2566222
-21.5138	-130.1816533
-24.1046	-137.1119826
-26.6446	-143.8554865
-29.1338	-151.0126751
-31.6992	-158.5212732
-34.2646	-165.6606688
-36.83	-172.8223056
-39.3446	-179.4234665
-41.8846	-185.4018763
-44.4754	-191.9852443
-46.99	-198.1727205
-49.4792	-203.8886853
-52.0954	-209.4489623
-54.61	-214.5911064
-57.2008	-219.7199059
-59.7154	-224.7730857
-62.2808	-229.5193381
-64.8208	-234.1232475
-67.3608	-238.0510271
-69.8754	-241.9610139
-72.4916	-245.1726299
-75.0062	-247.4679123
-75.2602	-247.0497794
-75.6158	-242.0455301
-73.66	-223.4208263
-71.0692	-202.4830472
-68.5292	-182.3592927
-66.0146	-163.1429754
-63.4492	-144.2914123
-60.9346	-126.7031441
-58.42	-108.9992221
-55.8292	-92.64755948
-53.2892	-76.33148266
-50.6984	-61.26980432
-48.1838	-47.31573316
-45.6438	-33.5885213
-43.053	-21.79183762
-40.5384	-10.60011207
-38.0238	-1.356707588
-35.433	5.925031171
-32.9184	13.25570037
-30.353	20.29278694
-27.813	26.80943158
-25.273	32.97911494
-22.733	39.0242481
-20.2184	44.67348953
-17.653	50.1448021
-15.0876	55.77625064
-12.5476	60.66039796
-9.9822	65.62906149
-7.4422	70.40645148
-4.9276	75.08153239
-2.3876	79.68544174
0.2032	84.22262777
0.762	84.42724597
0.9652	83.12391704
2.7686	88.80874424
5.3086	93.37706783
7.874	97.8608752
10.3886	102.2379253
12.9794	106.9485919
15.5194	111.8994626
18.0594	117.2506732
20.5994	123.0911881
23.1394	129.4476968
25.6794	136.2267865
28.2194	143.4195608
31.1404	151.4841866
33.7312	159.5087784
36.2458	166.9639978
38.8366	174.957452
41.3512	181.8210579
43.8658	188.4578045
46.482	195.6505789
48.9712	202.1494306
51.4858	208.3724926
54.102	215.1115484
56.5912	220.8986847
59.182	226.5790636
61.722	231.9480671
64.2366	237.4594137
66.8274	242.7928314
69.342	247.2944316
71.882	251.498001
74.4728	255.892844
76.9874	259.4914553
77.2414	259.1934244
77.4954	256.6401452
75.7682	238.4647118
73.2282	215.0092393
70.6374	192.9594048
68.1482	173.9477057
65.5828	154.0374658
63.0428	134.9768362
60.5282	116.7302312
57.9628	98.71048553
55.3974	82.32768537
52.8828	66.44308604
50.3174	51.39920059
47.7774	37.56523141
45.2374	24.18498084
42.6974	12.16143785
40.132	1.823770856
37.6174	-6.289785342
34.6964	-15.55098271
32.0802	-22.97061634
29.5402	-29.39829655
27.0764	-35.51460125
24.4348	-41.75545616
21.9456	-47.4892138
19.431	-52.75145995
16.8148	-58.2805994
14.3002	-63.12916095
11.7094	-68.13341025
9.1948	-72.71952672
6.6548	-76.99426767
4.0894	-81.42469639
1.5494	-85.50816382
1.2954	-85.49037093
1.0668	-84.72527682
-1.0668	-89.72952612
-3.683	-93.98647419
-6.1976	-97.98097718
-8.6868	-102.0822375
-11.303	-106.7573184
-13.843	-111.1032309
-16.4084	-116.2453751
-18.9484	-121.4586908
-21.463	-127.103484
-24.0538	-133.7758164
-26.5938	-139.0780965
-29.083	-145.9061167
-31.6738	-153.5348167
-34.2138	-160.6742124
-36.8046	-168.2183962
-39.3192	-174.7127998
-41.8592	-180.8468974
-44.4246	-187.3991278
-46.9392	-193.5154325
-49.4792	-199.1646739
-52.07	-205.3477019
-54.5846	-210.267435
-57.1754	-215.7921263
-59.7154	-220.2581407
-62.2046	-224.4617102
-64.7954	-229.6928188
-67.3608	-233.7940791
-69.85	-236.9567646
-72.4662	-241.1425412
-74.9808	-244.8434615
-75.2348	-244.5676718
-75.4888	-242.583765
-73.66	-223.9946469
-71.0692	-203.141384
-68.5038	-182.6039449
-65.9892	-164.1349288
-63.4492	-145.2121941
-60.9092	-126.9300034
-58.3692	-110.0401059
-55.8038	-92.87441879
-53.2638	-77.1855412
-50.6984	-62.32848106
-48.1584	-48.39220279
-45.6438	-35.23881152
-43.053	-22.67703372
-40.5384	-11.31182753
-37.9984	-2.188525027
-35.4584	4.848561544
-32.893	12.04133587
-30.353	19.02504378
-27.813	25.61285997
-25.273	31.795888
-22.733	37.96557136
-20.2184	43.68153611
-17.653	49.259606
-15.113	54.87326166
-12.573	59.99761294
-10.0076	65.07303379
-7.4422	70.0594902
-4.8768	74.57888335
-2.3622	78.99151917
0.2032	83.6310143
0.8128	84.04469891
1.0414	80.55284495
2.3368	87.00276627
3.8862	90.11207317
5.4356	92.89221167
7.3914	95.93034703
8.9916	99.0752397
10.5664	101.8553782
12.5222	105.1915444
14.1478	108.3898157
15.6972	111.3078491
17.653	115.1689054
19.2278	118.4161072
20.7772	122.1170276
22.7838	126.7031441
24.3078	130.6487166
25.8826	134.1049848
26.4414	134.852286
26.6446	133.6557144
25.3238	120.5868394
23.7744	107.9049596
22.1742	96.1927921
20.2184	83.11057237
18.669	73.41344929
17.0688	64.1700448
15.1638	54.31723396
13.5382	45.90564691
11.9634	37.70312628
10.0584	28.14834628
8.4328	20.48406047
6.858	13.22456282
4.9276	4.692873788
3.3528	-0.627199246
1.7526	-6.516644644
1.27	-8.322622614
1.1176	-8.776341217
-0.1524	-13.86510673
-1.6764	-19.38979795
-3.6322	-26.32457543
-5.1816	-32.2496066
-6.7818	-38.57497772
-8.6868	-45.99461134
-10.287	-52.57797931
-11.8872	-59.01010775
-13.7668	-66.3941556
-15.4178	-72.95973068
-16.9418	-79.04489783
-18.8722	-86.82928563
-20.4978	-93.43044649
-22.0726	-99.56454407
-24.003	-107.1576583
-24.2316	-107.7670647
-24.4856	-107.7670647
-23.241	-96.24617076
-21.6916	-84.48062463
-19.7866	-71.64305709
-18.1356	-61.79024625
-16.5862	-52.97831926
-14.6558	-42.37820718
-13.081	-34.28244387
-11.4808	-26.44467741
-9.525	-17.49930377
-7.9756	-11.0182449
-6.4262	-4.848561544
-4.4958	1.094262514
-2.8702	7.486356953
-1.3208	14.03858737
0.635	22.53469063
0.8382	23.42433495
1.1176	23.73571046
3.6322	36.07062895
6.7056	50.3716614
10.1854	66.41194849
13.2842	80.27705522
16.3576	93.741822
19.431	107.1220726
22.9616	122.2549225
26.035	134.5231176
29.1084	145.470191
32.1818	155.3052089
35.6616	165.5405668
38.7858	174.9040733
41.8592	183.6804145
44.9326	191.9318656
48.4124	200.8638946
51.4858	208.6482824
54.5846	216.1035018
58.0644	223.0516239
61.1632	229.3592021
64.2366	236.2761867
67.3608	242.1478392
70.8406	248.1796277
73.914	253.4596668
77.0128	258.3438141
80.0608	262.5295906
83.6168	267.0667766
86.6902	270.0026029
89.7636	271.9687168
92.8624	274.6065123
96.3422	276.207872
99.4664	278.1517449
102.5144	279.299386
105.6132	281.7503561
109.0676	282.671138
112.2172	283.7476076
115.316	284.6328037
118.3894	285.6914805
121.8438	285.4690694
124.9934	287.448528
128.0922	288.2492079
128.4224	287.5019067
128.8796	269.8825009
126.2126	245.3816963
123.1138	218.5722648
120.015	193.8801867
116.586	171.5857
113.4618	148.8241501
110.3376	128.006473
107.2896	107.331139
103.8098	87.6255173
100.711	69.92159533
97.6122	53.13400701
94.5388	38.0367429
91.0336	23.21526853
87.9602	11.20507021
84.8614	0.765094115
81.7372	-8.620653461
78.2574	-17.93078127
75.1586	-25.99540703
72.0852	-32.11171173
69.0118	-38.07232867
65.4812	-44.23756381
62.3824	-49.53984396
59.309	-54.33502684
56.2356	-58.57418203
52.7304	-63.63180999
49.6316	-68.09782447
46.5582	-71.81653773
43.5102	-75.81104073
40.0304	-79.58313265
36.8808	-83.03940083
33.8074	-86.75811409
30.734	-90.04090163
27.2796	-93.29255162
24.1808	-96.71323403
21.0312	-99.63571562
17.9832	-102.6204723
14.5034	-105.9744314
11.4046	-109.3639763
8.2804	-112.6823496
5.207	-115.7605189
1.7018	-119.1278227
1.4478	-118.83424
1.2192	-117.5842898
-1.4732	-122.6730553
-4.572	-126.3072523
-7.6962	-130.0259656
-11.1506	-134.0738472
-14.2494	-138.2596238
-17.3228	-142.6900525
-20.4216	-147.4674425
-23.9268	-152.7697226
-27.0256	-157.9474526
-30.099	-163.3876276
-33.1724	-169.0146279
-36.6522	-175.2688275
-39.7764	-181.0070333
-42.8752	-186.7052052
-45.9486	-192.0030371
-49.3776	-196.6247394
-52.5526	-202.3940828
-55.626	-207.6251914
-58.6994	-212.6828194
-62.1792	-217.7715849
-65.3034	-222.9671077
-68.3768	-227.468708
-71.4756	-231.5877612
-74.93	-235.6356428
-78.0288	-239.0207395
-81.1276	-242.4102843
-84.1756	-245.1236995
-87.7062	-246.8940917
-90.805	-249.0470309
-93.9038	-250.7329069
-96.9772	-252.9748106
-100.457	-254.3848969
-103.5558	-255.8439135
-106.6546	-256.9559689
-109.728	-258.3260212
-113.2586	-259.7716932
-116.3574	-261.2974332
-119.4562	-262.3249724
-122.4788	-263.1923756
-126.0602	-263.3658563
-126.3142	-262.4628673
-126.5682	-246.9652632
-124.1044	-226.4100312
-120.5992	-199.6317372
-117.5004	-177.4929383
-114.427	-158.659168
-111.3282	-138.6955495
-107.7976	-116.2453751
-104.7242	-98.85282862
-101.6254	-82.63906088
-98.5774	-66.51425758
-95.123	-50.89655155
-91.948	-36.73341397
-88.9	-24.02929308
-85.8012	-13.45142212
-82.3468	-2.989204915
-79.1718	4.639495129
-76.1238	11.92123389
-73.0758	18.66028961
-69.5706	24.96786784
-66.5226	30.49255907
-63.373	35.98611274
-60.2996	41.21722135
-56.8452	46.20367776
-53.7464	50.87431044
-50.5968	55.81183642
-47.5742	60.20667936
-44.069	64.48142031
-40.9702	68.47592331
-37.8714	72.49266742
-34.8234	76.34927554
-31.3182	80.57063784
-28.194	83.88901115
-25.1206	87.66110307
-21.6916	90.97947638
-18.5166	94.80049874
-15.4178	98.17225071
-12.3698	101.4416936
-8.9154	104.6533096
-5.7404	108.114026
-2.667	111.5525013
0.4064	114.7997031
0.762	114.7151868
1.1938	112.8202444
3.8354	118.2960052
6.9342	121.4764837
10.0076	124.9994752
13.4874	128.669258
16.5862	132.3167997
19.7104	136.0888916
22.7838	140.0478089
26.2636	144.3403427
29.3624	148.6862552
32.4358	153.2901646
35.5346	158.0497617
39.0398	163.2986632
42.1386	168.2495338
45.212	173.271576
48.2854	178.4493059
51.7144	183.7471379
54.864	189.2762773
57.9374	194.2449408
61.0362	199.1290881
64.4652	204.2534394
67.6402	209.6758216
70.7136	214.2441451
73.787	218.8302616
77.2414	223.4030334
80.3402	227.2596415
83.4898	231.845758
86.5124	235.3731977
90.0176	239.091911
93.1164	241.2092645
96.2152	245.2260086
99.2886	248.2152135
102.7684	250.2969812
105.8672	253.6865261
108.966	256.7469025
112.014	259.0911153
115.5446	261.3508119
118.6434	263.401442
121.7422	265.3097291
124.8156	267.0667766
128.3462	268.0409372
128.6256	267.2046715
128.9304	252.018443
126.4158	230.0887105
123.317	206.8067186
119.8372	180.9358618
116.7638	159.9802898
113.6396	138.7088942
110.5916	118.6785523
107.0864	98.17225071
103.9876	81.1800442
100.9142	64.77500294
97.8408	49.34857043
94.3356	33.27269757
91.2368	20.59081779
88.1634	9.190025826
85.09	0.209066415
81.5086	-10.18197924
78.4606	-17.96636704
75.3618	-24.70987099
72.3138	-30.73721126
68.8594	-36.43983135
65.6844	-41.82217948
62.611	-46.65294814
59.5122	-51.19013417
56.0832	-56.14100481
52.9082	-60.8338786
49.8856	-64.61931518
46.7868	-68.60047352
43.307	-72.52825319
40.2082	-76.26475933
37.1094	-79.89450816
34.0106	-83.05719372
30.5562	-85.93964131
27.432	-88.11482167
24.3332	-89.81404233
21.2598	-91.17074991
17.7292	-92.02480846
14.6558	-92.83883301
11.5824	-94.03985285
8.0772	-94.99622049
4.9784	-96.94009333
1.8796	-98.85282862
1.4478	-98.12332027
1.2954	-96.59313204
-1.4986	-101.0413536
-4.572	-103.57684
-7.6962	-106.5660449
-10.795	-109.5908356
-14.2494	-112.891416
-17.3228	-116.3476842
-20.4724	-120.3288425
-23.5458	-124.3411384
-27.0256	-128.9450477
-30.1244	-133.5845429
-33.1978	-138.4508973
-36.322	-143.7175917
-39.8018	-149.0865951
-42.9006	-153.9351567
-45.974	-159.1618171
-49.0474	-164.3929257
-52.5526	-169.7441363
-55.6514	-174.43701
-58.7502	-179.0587123
-61.8236	-183.3868319
-65.3542	-188.026327
-68.4276	-192.1765178
-71.501	-196.1042975
-74.5744	-199.7874249
-78.0288	-203.541724
-81.1784	-206.9490617
-84.2518	-209.9338184
-87.3506	-212.5226834
-90.805	-214.662278
-93.9546	-216.850803
-97.028	-218.2742339
-100.1014	-219.0037423
-103.5812	-219.6131486
-106.68	-220.7963756
-109.8042	-222.3087709
-112.8522	-223.314069
-116.3828	-224.1147489
-119.4816	-225.2268043
-122.555	-226.5835119
-126.0856	-227.18847
-126.2888	-226.4100312
-126.5428	-213.4612581
-123.952	-194.4718001
-120.8786	-173.5340211
-117.3734	-152.3693827
-114.2746	-134.2651208
-111.2012	-116.5211648
-108.1024	-100.5209117
-104.5972	-82.44778736
-101.5238	-67.69748453
-98.4504	-54.37061262
-95.3516	-41.83997237
-91.821	-28.30403404
-88.773	-17.91298838
-85.6996	-8.113556198
-82.5754	-0.627199246
-79.0448	7.072672344
-75.9968	13.50035256
-72.9234	18.85156314
-69.4944	24.04708597
-66.3702	28.0282443
-63.2206	31.25765318
-60.1472	33.93548259
-56.7436	36.76899975
-53.6194	39.38900227
-50.4444	42.10241744
-47.3964	44.51780177
-43.9166	46.7063268
-40.8432	48.72137118
-37.719	50.47841872
-34.6456	52.23101803
-31.1658	53.51655407
-28.067	54.7175739
-24.9682	56.50575898
-21.8694	58.19163497
-18.3896	59.77075364
-15.2654	61.79024625
-12.1666	63.69853331
-9.1186	65.90485123
-5.6134	68.28464978
-2.5146	70.717827
0.6096	73.30669197
1.0668	72.99531646
1.27	71.48292111
3.937	75.96672848
7.0358	78.80024564
10.1346	81.70048613
13.2334	84.58738195
16.7132	87.76341217
19.812	91.05064793
22.9108	94.81829163
26.3906	99.04410215
29.4894	103.4745309
32.5628	108.234128
35.6616	112.9937251
39.1414	118.1225246
42.2402	123.349185
45.339	128.7715671
48.4124	134.0738472
51.816	139.6830547
54.991	145.6258787
58.0898	151.3107059
61.1632	157.0088778
64.6176	162.9694948
67.7672	168.7877686
70.8406	173.774225
73.914	178.7295439
77.3684	184.0807545
80.4672	189.2940702
83.6168	193.8446009
86.6648	198.3106154
90.1446	201.7668836
93.218	204.5470221
96.3422	207.3627463
99.4156	209.9516113
102.8954	212.4737529
106.0196	214.5377278
109.0676	216.3659468
112.1664	217.9094797
115.6716	219.3507035
118.7704	221.1433368
121.8692	222.3754942
124.9426	224.0079916
128.4732	224.9287734
128.7272	224.2882295
129.0066	218.7457454
126.4158	197.3720406
123.2916	174.7839713
120.1928	154.2465322
116.7638	134.6610125
113.6142	116.645715
110.5408	98.60817643
107.4928	83.02160794
103.9876	65.3844093
100.8888	51.50150968
97.8154	38.5927706
94.7166	26.89839602
91.186	14.83926726
88.1126	5.889445398
85.0392	-0.765094115
81.9404	-7.263945873
78.4352	-13.70941897
75.3364	-18.31332833
72.2884	-22.03204158
68.834	-25.38600067
65.659	-28.33961981
62.5602	-30.4792144
59.5122	-32.77004853
56.0578	-34.8028858
52.8574	-36.64444954
49.8094	-38.22801643
46.736	-39.91389242
43.2562	-41.54638974
40.1574	-42.92089022
37.0332	-44.44663023
33.9852	-45.5942714
30.5054	-46.67074103
27.3812	-47.68048733
24.3078	-48.9304376
21.209	-50.07807877
17.7292	-51.10116974
14.605	-52.28439669
11.5316	-53.64110427
8.4074	-55.20243006
4.9022	-56.59472342
1.8288	-58.20942786
1.5494	-51.79954053
1.27	-49.33077754
-1.4224	-55.84742219
-4.5212	-58.74766267
-7.62	-61.44328496
-10.6934	-64.03214993
-14.1986	-66.9501833
-17.272	-69.9571811
-20.3962	-73.22217576
-23.4696	-76.28255222
-26.9748	-79.98347259
-30.0736	-83.55984276
-33.1216	-87.27855601
-36.2204	-91.20633569
-39.7764	-95.67235017
-42.799	-99.84033381
-45.8978	-103.5946328
-49.3014	-106.8462828
-52.5272	-111.1343685
-55.5752	-115.3957647
-58.6486	-119.5637484
-62.103	-123.8740751
-65.3034	-128.3400896
-68.3514	-132.5258661
-71.4248	-136.5915407
-74.8792	-140.8840745
-77.9526	-145.1232297
-81.1022	-149.4157635
-84.1756	-153.499231
-87.63	-157.7205933
-90.7542	-161.7195445
-93.8784	-165.7318404
-96.9518	-169.1881086
-100.4062	-172.4575514
-103.505	-175.2866204
-106.6038	-177.6352814
-109.6772	-180.1351819
-113.2078	-182.1324334
-116.3066	-183.99179
-119.38	-185.6954589
-122.4534	-187.2968187
-125.984	-188.0085341
-126.2126	-187.2256471
-126.492	-184.1652707
-123.8504	-164.7754727
-120.6754	-146.37318
-117.602	-128.8783244
-114.1222	-110.5116174
-111.0234	-95.09852959
-107.9246	-80.33043387
-104.8512	-66.68773823
-101.3968	-52.92938882
-98.2726	-41.52859686
-95.1738	-31.5912698
-92.1004	-22.62365506
-88.5952	-14.00744982
-85.5218	-7.157188554
-82.3976	-1.58356689
-79.3242	2.30862701
-75.8444	7.019293685
-72.7456	10.52894053
-69.6468	13.72721186
-66.5734	16.24490528
-63.0682	18.46901608
-59.9694	20.43513003
-56.896	21.92973249
-53.7972	23.56222982
-50.2412	24.90114452
-47.1932	25.97761414
-44.1452	27.17418575
-41.0718	28.14834628
-37.5666	29.2426088
-34.4424	30.19897644
-31.369	30.92848478
-27.9146	31.96936864
-24.8158	32.77004853
-21.717	33.79758772
-18.5928	34.95857355
-15.1384	36.02169852
-12.0396	37.20047724
-8.9408	38.65949393
-5.8166	40.2608537
-2.3368	42.12021033
0.762	43.96177407
1.016	43.87280964
1.2954	41.03929248
3.6322	45.80333782
6.223	47.8183822
9.2202	50.00690723
12.2428	52.61356508
14.859	55.11791385
17.907	57.80908791
20.4724	60.72712128
23.495	63.92539261
26.0858	66.66994534
29.1592	70.23297084
32.1056	73.41344929
34.7726	76.74961549
37.7952	80.57063784
40.386	83.9601827
43.4086	87.54100109
43.6626	87.64331018
43.9674	86.62021922
41.9608	75.75766207
38.9382	62.9334392
35.941	52.00415873
33.3248	42.95202777
30.3022	34.50930317
27.7114	27.03629088
24.638	19.40759084
21.717	12.80642999
19.05	8.077970426
16.002	3.162685558
13.4366	-0.280237961
10.3886	-4.119053202
7.7724	-7.384047856
4.7752	-10.70242117
1.7526	-13.88289961
1.5494	-13.98965693
1.3208	-13.88289961
-0.9652	-16.69862389
-3.9116	-19.58107148
-6.604	-22.241108
-9.6266	-25.23031292
-12.192	-27.92148698
-15.24	-31.05303499
-17.8054	-33.8153806
-20.8534	-37.09816814
-23.876	-40.08737306
-26.5176	-43.21447284
-29.464	-46.62181059
-32.131	-49.64215306
-35.1536	-53.24076433
-37.719	-56.27889968
-40.767	-59.63285877
-41.0464	-59.73961609
-41.3766	-59.1657955
-39.0144	-50.86096577
-36.449	-43.42353926
-33.4264	-35.56797991
-30.3784	-28.89564751
-27.813	-23.42433495
-24.8158	-17.94857416
-22.1742	-13.22456282
-19.2024	-8.358208386
-16.5608	-4.119053202
-13.5382	-0.088964432
-10.6172	3.700920371
-7.8994	7.31287631
-4.9276	11.31182753
-2.3114	14.7858886
0.6858	18.86935603
0.9906	19.14959399
1.27	17.5660271
5.2324	25.38600067
9.8044	32.42308724
13.9954	39.21552163
18.6182	46.63515525
23.1648	54.64640236
27.6352	62.13720753
31.8516	69.41449807
36.449	77.18109298
40.9956	84.89875746
45.5422	92.21163377
49.7332	97.8608752
54.3052	104.0305586
58.8518	110.3381368
63.4238	116.5033719
67.5894	121.6811019
72.136	126.9300034
76.7334	132.5614519
81.2546	137.8414909
85.4456	143.1259782
90.0684	147.9211611
94.615	151.6754601
99.1616	155.5142754
103.3272	159.3530906
107.95	162.4979833
112.4712	165.3492933
117.0686	168.1961551
121.2088	171.1497743
125.7808	173.8631895
130.3528	176.6611208
134.9248	179.734842
139.0904	183.0042848
143.6624	185.4863925
148.2344	187.3457491
152.8064	188.8581445
156.9466	190.3527469
161.5694	191.1000482
166.1668	191.3447003
170.6118	191.237943
174.8282	191.9674514
179.4256	192.3322055
179.705	191.6738687
180.086	185.8867324
176.0728	159.442055
171.958	135.1503169
167.3606	111.4991226
162.8394	89.22687707
158.2928	69.06753678
154.1018	51.83067808
149.5044	35.53239414
144.9324	21.80518228
140.3604	9.835017958
136.2202	1.370052253
131.6228	-5.506898341
127	-10.92928047
122.4534	-15.06612656
118.3132	-17.70837019
113.7158	-19.82572367
109.1438	-22.04983447
104.5972	-23.31757763
100.4316	-24.58532078
95.8342	-25.12800382
91.2622	-25.75075484
86.7156	-26.49805607
82.5246	-26.93398179
77.9272	-27.4722166
73.3552	-27.97486564
68.8848	-28.39299847
64.6684	-28.98461195
60.0964	-29.367159
55.5244	-29.6963274
50.9778	-30.33687131
46.7868	-30.87510613
42.2148	-32.26739949
37.6174	-33.67303751
33.0708	-35.51460125
28.9306	-37.51630097
24.384	-39.704826
19.7866	-42.24031231
15.24	-44.79359151
11.049	-47.41804226
6.4516	-50.40724717
1.8796	-53.29414299
1.4478	-53.06728369
1.27	-51.95522829
-2.6924	-55.77625064
-6.858	-58.45408005
-11.43	-61.26980432
-16.0274	-64.15225192
-20.574	-66.98576907
-24.6888	-69.64135737
-29.2862	-72.54604607
-33.8582	-75.5174581
-38.4302	-78.52000768
-42.9768	-81.21562997
-47.1932	-84.08028468
-51.7906	-87.02055916
-56.3118	-90.02310874
-60.8838	-92.99452077
-65.0748	-96.00151857
-69.6214	-98.67934797
-74.168	-101.3171434
-78.74	-103.8748708
-82.931	-106.3925642
-87.4776	-108.7901557
-92.075	-111.325642
-96.647	-114.1413663
-100.8126	-116.885919
-105.3846	-119.9285026
-110.0074	-122.8821217
-114.554	-125.0039234
-118.6434	-127.6595117
-123.2154	-130.9645403
-127.8128	-134.1939492
-132.3594	-137.2854632
-136.525	-140.4303559
-141.097	-143.4195608
-145.7198	-146.0973902
-150.2664	-148.7707714
-154.3812	-151.3284988
-159.004	-153.5348167
-163.6014	-155.567654
-168.0464	-156.5551592
-172.2882	-158.1209332
-176.8602	-158.8504416
-177.1904	-158.2944139
-177.4444	-152.6318278
-173.736	-131.4138107
-169.1894	-109.3105976
-164.6174	-89.34697906
-160.0962	-70.89575586
-155.9306	-55.11791385
-151.3332	-39.42458804
-146.7612	-26.20447345
-142.2146	-15.37750207
-138.0744	-7.14384389
-133.4516	-0.662785018
-128.8796	4.430428714
-124.333	8.496103256
-120.1674	11.56982438
-115.57	14.02079448
-111.0234	16.17818196
-106.4514	17.7928864
-102.2858	19.18073154
-97.663	20.13709918
-93.1418	21.07567394
-88.5698	21.75625185
-84.3788	22.58806928
-79.8322	22.97061634
-75.2348	23.42433495
-70.6882	23.78908912
-66.548	24.25615238
-61.9506	24.67428522
-57.4294	25.05683227
-52.8574	25.3504149
-48.6918	25.92423548
-44.1198	26.51584896
-39.5224	27.05408377
-34.9758	27.76579923
-30.8102	28.63320244
-26.2128	29.66074163
-21.6662	30.66603971
-17.145	31.81368088
-12.9286	33.09921693
-8.3312	34.43813163
-3.81	35.86156254
0.7874	37.28944167
1.016	37.18268435
1.27	36.10621473
4.9784	38.86856034
9.6012	40.50105767
14.1986	42.04903878
18.7452	42.64065226
22.86	44.50000889
27.4828	45.76775204
32.0294	47.45362803
36.576	49.13950402
40.767	50.87431044
45.339	52.61356508
49.911	54.07258177
54.5084	55.49601268
58.5978	57.16409578
63.246	58.97452197
67.7926	60.86946437
72.3138	62.62206368
76.5048	64.65490096
81.1022	66.84342598
85.6488	68.84067748
90.2462	70.98027207
94.7674	73.066488
98.9584	75.42849367
103.5558	77.70598313
108.1278	80.05019591
112.6744	82.41220158
116.84	85.03665233
121.4374	87.398658
125.9586	89.95638542
130.5306	92.28280531
134.7216	94.71598253
139.2936	97.14915974
143.7894	99.1997899
148.3868	101.6641047
152.6032	104.7066882
157.1752	107.8693738
161.7726	111.1343685
166.3446	114.1947449
170.434	117.0949854
174.9806	119.9285026
179.5526	123.1579114
179.8066	122.7264339
180.1114	118.0869388
176.4792	97.49612103
171.8564	75.82883362
167.3352	58.07153299
162.7632	42.55168783
158.623	30.52814484
154.051	19.7901379
149.479	11.29403464
144.907	4.897491982
140.7668	0.41813283
136.144	-3.25164999
131.572	-6.378749774
127	-8.825271654
122.428	-10.60011207
118.2624	-12.26819517
113.7158	-13.76279763
109.1438	-14.97716213
104.5718	-15.98690843
100.4062	-16.680831
95.758	-17.67278442
91.2114	-18.38449987
86.6394	-18.99390623
82.4992	-19.7901379
77.9272	-20.45292292
73.3552	-21.16463837
68.8594	-21.77404473
64.6176	-22.72596415
60.0202	-23.52664404
55.4482	-24.42963303
50.9524	-25.2481058
46.7614	-26.3601612
42.164	-27.36545928
37.592	-28.49530757
33.02	-29.67853452
28.8798	-30.86176146
24.3332	-32.00495441
19.7612	-33.18818136
15.2146	-34.26465098
11.0236	-35.43008504
6.4008	-36.54214044
1.8542	-37.5830243
1.4478	-37.39175077
1.016	-35.79483922
1.016	-23.59781559
1.016	-19.96361854
35.306	-0.053378659
35.4076	0.017792886
35.1536	-0.191273529
35.1028	-0.244652188
