BRI No. 2 (Japan) spbaa1	
2476	
0	0
0	2.985
0	6.3018
0.040123	10.945
0.080245	14.593
0.040123	18.242
0.040123	22.222
0.060184	27.196
0.10031	31.508
0.14042	34.825
0.18056	39.8
0.28086	45.439
0.32098	49.749
0.38117	54.726
0.46142	56.715
0.50154	58.04
0.48147	55.056
0.44135	48.753
0.42128	43.117
0.3611	36.152
0.34105	31.176
0.26079	24.543
0.22068	16.915
0.18056	10.282
0.14042	4.3117
0.060184	-1.6583
0.040123	-5.3067
-0.020061	-11.94
-0.080245	-19.9
-0.14042	-26.865
-0.18056	-33.83
-0.22068	-40.131
-0.28086	-45.105
-0.34105	-51.074
-0.3611	-54.393
-0.42128	-57.711
-0.46142	-60.362
-0.46142	-56.052
-0.44135	-47.098
-0.40123	-38.805
-0.40123	-31.176
-0.3611	-21.558
-0.34105	-13.93
-0.30093	-5.3067
-0.12037	4.3117
-0.040123	12.272
0.020061	21.226
0.080245	31.176
0.18056	41.126
0.3611	53.067
0.44135	61.359
0.64196	70.313
0.82252	76.945
1.0231	83.248
1.1836	87.23
1.3241	90.544
1.4444	91.54
1.5046	92.536
1.5246	87.892
1.4644	79.93
1.4042	72.964
1.3241	66.666
1.2237	59.037
1.1034	51.742
0.98301	43.117
0.80245	33.166
0.56172	21.89
0.38117	11.608
0.28086	1.3266
0.14042	-5.97
0.020061	-15.92
-0.10031	-23.88
-0.22068	-33.498
-0.34105	-46.101
-0.40123	-53.067
-0.50154	-61.025
-0.68209	-69.65
-0.94289	-78.271
-1.1034	-83.911
-1.284	-87.892
-1.4444	-90.877
-1.5246	-92.203
-1.4644	-83.911
-1.4444	-78.271
-1.3442	-71.309
-1.1836	-61.025
-1.0633	-54.726
-0.94289	-46.764
-0.7824	-38.805
-0.62191	-27.86
-0.50154	-18.242
-0.32098	-8.6233
-0.10031	0.99498
0.020061	9.6184
0.16049	18.905
0.24074	28.191
0.42128	39.468
0.56172	48.753
0.80245	60.033
0.94289	67.657
1.1234	75.62
1.2639	81.256
1.3842	84.908
1.4444	86.233
1.4444	83.248
1.4243	77.942
1.4042	73.298
1.304	66.666
1.1836	59.037
1.0833	53.067
0.98301	46.101
0.82252	41.126
0.68209	31.84
0.44135	18.573
0.24074	9.2866
0.060184	-0.33166
-0.040123	-9.6184
-0.22068	-20.231
-0.40123	-32.835
-0.60184	-43.78
-0.76233	-54.726
-0.94289	-64.01
-1.0432	-69.979
-1.1435	-76.283
-1.2438	-82.252
-1.3442	-86.562
-1.4243	-89.881
-1.5246	-90.877
-1.5046	-85.57
-1.4243	-78.271
-1.3642	-72.635
-1.1636	-63.018
-1.0633	-56.381
-0.96295	-49.749
-0.8827	-42.785
-0.72221	-34.825
-0.58177	-25.206
-0.44135	-15.588
-0.28086	-7.2964
-0.14042	0
-0.040123	5.97
0.040123	13.266
0.14042	20.563
0.26079	27.196
0.44135	36.152
0.60184	43.448
0.70214	51.742
0.86263	59.366
1.0031	67.657
1.2037	74.623
1.3241	79.93
1.4243	82.586
1.4644	82.915
1.4444	76.283
1.3241	67.991
1.1836	58.374
1.0031	49.749
0.82252	40.463
0.64196	31.508
0.48147	22.885
0.24074	11.94
0.12037	2.985
0	-5.6381
-0.12037	-13.598
-0.28086	-23.88
-0.46142	-33.498
-0.54166	-41.79
-0.66203	-50.083
-0.80245	-58.703
-0.94289	-66.666
-1.1435	-75.62
-1.2438	-80.593
-1.3842	-87.23
-1.4644	-89.552
-1.5246	-91.54
-1.5246	-87.23
-1.4644	-80.927
-1.3442	-72.635
-1.2237	-65.669
-1.1435	-59.366
-1.0432	-52.734
-0.94289	-45.105
-0.82252	-36.152
-0.64196	-26.865
-0.5216	-19.568
-0.38117	-10.613
-0.20061	-1.6583
-0.040123	4.3117
0.060184	11.608
0.20061	20.231
0.26079	26.865
0.44135	36.483
0.56172	43.117
0.70214	51.742
0.86263	59.366
1.0833	68.987
1.304	77.942
1.4042	82.915
1.4644	83.911
1.4444	78.271
1.3642	69.317
1.2438	62.684
1.0633	54.059
0.90277	44.443
0.72221	35.157
0.54166	23.217
0.3611	13.93
0.14042	4.6435
0	-3.3166
-0.12037	-13.598
-0.32098	-24.543
-0.50154	-33.83
-0.60184	-44.443
-0.74228	-53.067
-0.86263	-61.359
-1.1034	-71.639
-1.2237	-81.589
-1.3642	-87.23
-1.4243	-89.881
-1.5246	-91.54
-1.5046	-85.9
-1.4042	-79.601
-1.3241	-70.647
-1.1836	-61.025
-1.0633	-53.396
-0.96295	-45.105
-0.76233	-34.493
-0.56172	-22.885
-0.40123	-12.935
-0.26079	-2.985
-0.080245	3.98
0.10031	13.93
0.26079	23.548
0.34105	29.85
0.50154	40.463
0.64196	48.753
0.80245	58.04
0.98301	65.006
1.1836	74.294
1.3642	80.927
1.4243	82.915
1.4444	77.279
1.3442	68.987
1.2237	59.7
1.0633	51.074
0.84258	40.131
0.70214	31.176
0.54166	21.226
0.32098	10.945
0.16049	1.3266
0	-9.6184
-0.18056	-19.9
-0.40123	-30.182
-0.50154	-39.468
-0.64196	-48.09
-0.7824	-57.048
-0.94289	-65.006
-1.1234	-73.961
-1.2237	-80.927
-1.3442	-87.559
-1.4444	-90.877
-1.5246	-92.536
-1.5246	-88.222
-1.4644	-82.252
-1.4243	-75.62
-1.284	-66.666
-1.1435	-59.366
-0.98301	-51.408
-0.86263	-43.448
-0.72221	-33.83
-0.54166	-24.543
-0.42128	-16.252
-0.26079	-6.965
-0.12037	0.66332
0.040123	9.2866
0.20061	19.568
0.38117	28.523
0.5216	38.473
0.68209	48.09
0.86263	56.715
1.0633	66.003
1.284	74.957
1.4042	80.593
1.4644	81.589
1.4444	78.271
1.3442	71.309
1.2237	61.688
1.0432	53.067
0.90277	45.105
0.68209	34.825
0.5216	24.875
0.30093	13.598
0.16049	4.6435
0.040123	-3.6483
-0.080245	-12.935
-0.24074	-21.89
-0.40123	-33.166
-0.56172	-44.443
-0.74228	-56.381
-0.96295	-66.666
-1.1636	-77.279
-1.3842	-87.559
-1.5046	-91.206
-1.5447	-91.206
-1.5046	-83.911
-1.3842	-75.62
-1.2639	-65.669
-1.0432	-55.056
-0.8827	-44.776
-0.72221	-32.835
-0.5216	-22.222
-0.34105	-12.935
-0.080245	-1.3266
0.060184	7.6283
0.24074	19.9
0.38117	33.498
0.58177	46.764
0.82252	57.711
1.0231	66.332
1.1836	74.294
1.3642	82.252
1.4444	82.586
1.4042	74.957
1.2237	61.688
1.1034	53.396
0.98301	46.435
0.74228	34.825
0.58177	26.533
0.48147	18.242
0.28086	6.965
0.020061	-4.9749
-0.12037	-14.593
-0.20061	-22.222
-0.42128	-33.166
-0.56172	-43.117
-0.72221	-54.726
-0.92282	-64.673
-1.0833	-73.298
-1.2237	-82.586
-1.3442	-88.222
-1.4444	-91.206
-1.5447	-92.536
-1.5246	-87.23
-1.4644	-79.267
-1.284	-69.65
-1.1636	-63.018
-1.0432	-52.734
-0.92282	-44.111
-0.74228	-34.825
-0.60184	-23.88
-0.38117	-13.266
-0.26079	-5.6381
-0.040123	4.9749
0.10031	14.593
0.18056	22.222
0.3611	33.498
0.56172	43.78
0.72221	52.734
0.94289	62.351
1.1836	72.301
1.3442	79.93
1.4444	81.256
1.4042	74.623
1.284	64.344
1.1234	55.056
0.92282	42.453
0.70214	31.176
0.48147	18.905
0.26079	9.6184
0.10031	0.99498
-0.060184	-9.9498
-0.22068	-18.573
-0.40123	-28.855
-0.48147	-36.152
-0.62191	-44.776
-0.70214	-53.396
-0.86263	-62.684
-1.0833	-72.301
-1.2237	-82.252
-1.3842	-90.877
-1.5046	-91.54
-1.5046	-87.559
-1.4444	-77.608
-1.3642	-69.979
-1.1636	-61.025
-1.0633	-53.067
-0.90277	-44.111
-0.66203	-33.83
-0.5216	-23.548
-0.34105	-13.266
-0.20061	-4.9749
0	5.6381
0.12037	14.593
0.24074	22.222
0.34105	30.182
0.48147	38.805
0.60184	44.776
0.74228	53.396
0.94289	61.359
1.0633	69.317
1.304	77.608
1.4243	80.593
1.4644	80.593
1.304	68.987
1.2037	59.037
0.98301	48.423
0.84258	39.8
0.64196	28.523
0.44135	15.257
0.20061	5.3067
0	-4.3117
-0.14042	-15.257
-0.34105	-27.196
-0.50154	-38.805
-0.66203	-48.753
-0.92282	-61.688
-1.0833	-74.294
-1.284	-84.908
-1.4243	-91.206
-1.5246	-92.866
-1.5246	-89.218
-1.4042	-78.938
-1.284	-69.317
-1.0633	-57.378
-0.8827	-45.439
-0.72221	-36.483
-0.54166	-23.88
-0.40123	-14.925
-0.28086	-6.965
-0.10031	2.3217
0.060184	8.9552
0.24074	18.573
0.38117	28.523
0.5216	39.8
0.70214	50.412
0.90277	58.374
1.1234	69.65
1.304	77.279
1.4243	79.93
1.4845	80.927
1.3842	74.623
1.304	66.003
1.1636	55.718
1.0432	46.435
0.82252	37.147
0.66203	27.196
0.48147	17.247
0.28086	6.965
0.060184	-3.98
-0.10031	-14.593
-0.22068	-23.548
-0.40123	-34.825
-0.54166	-43.78
-0.68209	-55.389
-0.90277	-65.669
-1.0833	-74.957
-1.304	-85.57
-1.4042	-92.203
-1.5447	-92.536
-1.5246	-86.233
-1.3842	-76.616
-1.2438	-66.666
-1.0633	-58.04
-0.94289	-49.749
-0.7824	-38.473
-0.56172	-26.533
-0.44135	-14.925
-0.24074	-3.98
-0.020061	6.6332
0.16049	16.583
0.32098	27.86
0.5216	40.463
0.74228	52.071
1.0031	64.673
1.2037	73.961
1.3842	79.93
1.5246	86.233
1.625	90.544
1.8658	95.188
2.2268	100.49
2.4877	102.48
2.7885	104.14
3.0093	105.14
3.1496	105.47
3.2098	105.8
3.1897	104.14
3.0894	98.506
2.9892	91.54
2.8889	82.252
2.7484	73.631
2.5277	62.684
2.3271	51.408
2.0663	40.463
1.7855	28.191
1.4644	14.593
1.1435	3.6483
0.84258	-5.97
0.5216	-16.915
0.26079	-23.217
0.020061	-30.513
-0.26079	-39.8
-0.66203	-50.083
-0.94289	-62.684
-1.2037	-73.298
-1.3842	-83.248
-1.625	-92.536
-1.9459	-102.48
-2.2268	-107.13
-2.4676	-110.11
-2.7484	-112.1
-3.0293	-113.76
-3.2098	-114.76
-3.3503	-115.09
-3.4105	-114.09
-3.3302	-107.13
-3.3101	-99.169
-3.1897	-90.877
-3.0894	-83.911
-2.9491	-75.286
-2.7685	-68.325
-2.5477	-60.362
-2.3271	-52.405
-2.1265	-43.78
-1.8457	-35.488
-1.5447	-25.206
-1.2639	-16.915
-0.94289	-8.6233
-0.64196	-1.3266
-0.34105	7.2964
-0.040123	15.257
0.20061	21.89
0.50154	31.508
0.82252	41.79
1.1636	51.408
1.4845	61.025
1.8457	70.313
2.1666	79.601
2.4676	88.555
2.7083	93.862
2.929	98.172
3.0493	99.169
3.1295	100.16
3.0293	94.191
2.8889	83.248
2.7283	73.631
2.5277	62.351
2.3071	52.405
2.0462	40.463
1.7855	29.85
1.5246	20.231
1.1435	5.6381
0.76233	-3.3166
0.48147	-11.608
0.18056	-20.563
-0.22068	-30.182
-0.62191	-38.473
-1.1034	-51.742
-1.4444	-60.696
-1.7654	-70.976
-1.986	-77.942
-2.3271	-87.892
-2.7083	-98.506
-2.9089	-103.15
-3.0293	-105.8
-3.1496	-106.46
-3.0894	-100.49
-3.0493	-94.854
-2.8889	-85.9
-2.7083	-76.945
-2.4676	-67.991
-2.287	-59.366
-2.0061	-49.42
-1.625	-39.136
-1.3241	-29.518
-0.90277	-18.573
-0.62191	-9.6184
-0.38117	-0.66332
-0.18056	6.6332
0.24074	18.905
0.48147	27.196
0.76233	36.152
1.1636	46.764
1.5046	57.711
1.7454	65.669
2.0462	74.294
2.3271	81.923
2.6681	90.214
2.8889	95.521
2.9691	96.847
2.9892	94.854
2.9089	90.214
2.8889	84.908
2.7885	76.945
2.6079	68.654
2.5076	62.022
2.2669	52.071
1.986	41.458
1.7855	32.503
1.4644	20.231
1.1836	10.945
0.86263	0.99498
0.66203	-3.98
0.40123	-11.94
0.12037	-20.231
-0.10031	-26.865
-0.44135	-33.498
-0.7824	-41.79
-1.2237	-51.742
-1.5046	-59.7
-1.8858	-70.313
-2.1666	-78.605
-2.4475	-87.23
-2.8287	-97.176
-3.0093	-102.15
-3.1295	-105.8
-3.1095	-99.169
-3.0293	-91.54
-2.8287	-83.578
-2.6681	-74.957
-2.4475	-64.01
-2.2068	-55.718
-1.966	-47.427
-1.6651	-38.141
-1.2438	-26.865
-0.92282	-15.92
-0.56172	-6.965
-0.42128	-1.3266
-0.12037	9.2866
0.18056	16.583
0.38117	21.89
0.68209	31.84
0.94289	40.131
1.2037	48.423
1.4243	56.052
1.6651	62.684
1.9459	69.65
2.2268	76.945
2.5277	84.574
2.8086	91.54
2.9491	95.188
2.9892	95.85
3.0493	95.85
2.9691	90.544
2.8086	80.593
2.6481	68.654
2.3873	57.378
2.1265	47.098
1.8256	36.152
1.5046	25.206
1.1234	13.266
0.80245	4.6435
0.58177	-1.6583
0.3611	-9.2866
0.040123	-17.578
-0.30093	-27.196
-0.68209	-36.152
-1.0432	-45.105
-1.5046	-59.037
-1.8457	-68.654
-2.2469	-80.593
-2.5879	-89.552
-2.9089	-98.835
-3.0693	-103.81
-3.1697	-103.81
-3.0693	-95.85
-2.9691	-88.555
-2.8086	-79.267
-2.5678	-67.657
-2.287	-58.04
-2.0663	-49.749
-1.7454	-40.463
-1.4444	-31.176
-1.0833	-20.895
-0.64196	-9.6184
-0.26079	0.99498
0.040123	11.277
0.34105	20.231
0.64196	30.182
1.0633	42.785
1.2639	49.749
1.6651	61.025
1.926	68.987
2.1265	73.961
2.4475	82.252
2.8287	89.881
2.929	93.199
2.9691	90.544
2.9691	86.562
2.6882	77.279
2.5076	66.003
2.3071	56.052
2.1064	46.101
1.7654	35.82
1.4243	26.201
1.1636	16.252
0.84258	5.3067
0.54166	-3.3166
0.26079	-10.282
0	-18.905
-0.44135	-29.518
-0.80245	-39.468
-1.304	-51.408
-1.7253	-63.018
-2.0262	-72.964
-2.5076	-87.892
-2.7083	-93.199
-2.9491	-100.16
-3.1095	-102.15
-3.0293	-95.521
-2.929	-86.896
-2.6681	-72.301
-2.3873	-62.684
-2.0061	-51.408
-1.6852	-41.458
-1.304	-29.85
-0.90277	-16.583
-0.62191	-9.6184
-0.3611	-1.99
-0.040123	7.2964
0.18056	15.257
0.46142	24.543
0.7824	34.825
1.1034	43.448
1.4444	53.396
1.7052	62.684
2.0061	70.976
2.3673	80.264
2.6079	86.233
2.8688	91.869
2.9691	93.199
2.9089	87.23
2.6882	74.294
2.5277	64.344
2.287	56.381
1.986	45.768
1.6852	34.161
1.3842	23.548
1.1034	13.266
0.84258	4.6435
0.5216	-5.3067
0.20061	-13.598
-0.10031	-20.231
-0.60184	-30.513
-0.90277	-39.136
-1.2037	-49.42
-1.5447	-59.037
-1.9459	-70.647
-2.287	-80.593
-2.5879	-88.884
-2.8287	-96.513
-2.9892	-100.49
-3.0693	-101.82
-2.9892	-93.528
-2.8487	-84.245
-2.6882	-74.957
-2.4275	-64.673
-2.1064	-54.393
-1.8457	-45.439
-1.4845	-34.825
-1.1836	-25.87
-0.90277	-16.252
-0.62191	-7.9601
-0.32098	0.99498
0.040123	11.277
0.34105	20.231
0.66203	29.518
0.94289	39.136
1.3241	50.745
1.7052	61.688
2.0262	70.976
2.4475	81.923
2.8688	91.869
2.9691	93.199
2.8287	84.908
2.628	73.298
2.4074	63.681
2.0663	51.408
1.7454	39.468
1.5046	29.187
1.2037	17.91
0.92282	7.2964
0.58177	-1.99
0.26079	-10.282
0	-15.588
-0.26079	-23.88
-0.58177	-34.825
-1.0432	-46.435
-1.4243	-55.056
-1.7855	-66.003
-2.1265	-75.62
-2.4676	-87.23
-2.6681	-92.536
-2.8889	-98.835
-3.0293	-103.48
-3.1095	-102.48
-2.9892	-91.869
-2.8688	-81.923
-2.6079	-71.972
-2.3472	-62.022
-2.0663	-52.734
-2.1064	-52.734
-1.8457	-44.776
-1.5046	-33.498
-1.1234	-22.553
-0.70214	-11.277
-0.34105	0.66332
0.10031	13.266
0.5216	25.538
0.90277	36.483
1.3241	49.086
1.6651	60.696
1.926	69.65
2.3873	80.927
2.8086	90.214
2.9089	92.536
2.9691	92.203
2.929	86.896
2.8287	78.271
2.6882	70.976
2.4275	59.366
2.0462	47.098
1.7052	35.82
1.2639	20.895
0.98301	10.945
0.70214	0.99498
0.5216	-7.6283
0.20061	-12.272
-0.10031	-18.905
-0.76233	-36.152
-1.2037	-46.435
-1.645	-59.366
-2.0061	-70.976
-2.4275	-83.578
-2.7283	-90.877
-2.9089	-96.513
-3.0493	-99.831
-3.0293	-93.528
-2.8487	-85.237
-2.6681	-74.957
-2.4877	-65.669
-2.1867	-54.393
-1.7855	-42.122
-1.4042	-32.503
-1.0231	-20.895
-0.64196	-9.9498
-0.3611	-1.6583
-0.060184	7.2964
0.18056	16.915
0.54166	28.191
0.8827	37.478
1.2237	46.764
1.4845	55.718
1.8056	65.669
2.1466	74.623
2.6079	87.23
2.8688	91.869
3.0093	92.536
2.8889	84.245
2.5879	70.313
2.3071	58.04
1.986	45.439
1.7454	36.483
1.4243	26.533
1.1234	14.593
0.84258	5.6381
0.56172	-2.3217
0.30093	-10.282
0.060184	-15.257
-0.22068	-22.222
-0.60184	-31.176
-0.92282	-39.8
-1.2037	-48.423
-1.6852	-60.033
-1.986	-68.987
-2.3271	-79.267
-2.6481	-88.884
-2.8688	-95.85
-3.0693	-102.15
-3.1095	-100.16
-3.0293	-90.214
-2.8688	-80.927
-2.6079	-70.647
-2.3071	-58.703
-1.986	-50.412
-1.645	-40.795
-1.3642	-31.508
-1.0432	-20.895
-0.64196	-10.613
-0.28086	0.99498
0.040123	11.608
0.40123	21.558
0.80245	33.166
1.1836	43.448
1.4644	53.067
1.7654	63.018
2.0663	72.635
2.5277	83.911
2.9089	91.869
3.0093	93.199
2.8287	83.911
2.5879	70.313
2.3673	57.711
2.1064	49.749
1.6852	36.152
1.3442	22.885
0.96295	10.613
0.62191	0
0.38117	-6.965
0.080245	-14.925
-0.22068	-23.217
-0.64196	-33.166
-1.0231	-44.443
-1.4644	-55.718
-1.8658	-66.995
-2.1265	-75.286
-2.5277	-87.559
-2.8086	-95.85
-3.0093	-100.83
-3.1295	-102.15
-3.0093	-93.199
-2.9089	-84.908
-2.6481	-71.972
-2.4074	-63.018
-2.0462	-51.074
-1.6049	-37.81
-1.1636	-25.87
-0.86263	-16.915
-0.56172	-8.6233
-0.30093	0
0.10031	13.266
0.44135	22.885
0.82252	33.498
1.1034	40.131
1.3642	48.423
1.4644	51.742
1.4444	42.785
1.2639	31.84
0.96295	19.9
0.62191	8.9552
0.42128	0.99498
0.16049	-5.3067
-0.080245	-12.935
-0.30093	-18.573
-0.5216	-26.533
-0.76233	-35.488
-1.0833	-44.111
-1.304	-51.408
-1.4042	-54.726
-1.4845	-52.405
-1.4644	-45.105
-1.2237	-36.152
-0.8827	-24.875
-0.58177	-16.252
-0.32098	-7.9601
-0.18056	-2.985
0	8.9552
0.30093	18.905
0.74228	33.166
1.1636	45.105
1.4444	55.718
1.8056	66.332
2.2068	77.279
2.6882	88.555
3.0293	95.521
3.4105	101.49
3.8317	105.47
4.1928	108.46
4.4336	109.12
4.574	109.78
4.6543	109.78
4.6142	109.78
4.5339	104.14
4.3734	94.854
4.253	86.233
3.9722	75.62
3.7314	63.347
3.5509	54.726
3.3101	45.439
3.0693	37.81
2.7283	27.528
2.3873	16.583
2.0262	8.2915
1.5848	0.66332
1.1836	-7.9601
0.80245	-14.925
0.46142	-18.905
0.24074	-22.553
-0.020061	-26.533
-0.46142	-32.171
-0.82252	-39.8
-1.1636	-46.101
-1.4644	-54.393
-1.8256	-64.01
-2.0864	-71.972
-2.4275	-82.915
-2.7083	-91.54
-2.9491	-96.513
-3.3703	-103.15
-3.7314	-108.79
-4.0123	-112.1
-4.4737	-116.75
-4.6342	-117.74
-4.7746	-117.74
-4.8147	-115.75
-4.7746	-109.45
-4.7144	-101.16
-4.5339	-91.54
-4.4336	-83.248
-4.2128	-73.961
-4.0123	-65.669
-3.7715	-57.048
-3.4707	-48.753
-3.1295	-40.131
-2.7283	-30.845
-2.2669	-23.217
-1.8256	-15.92
-1.3442	-8.2915
-0.7824	0.99498
-0.24074	11.277
0.26079	21.89
0.64196	30.513
1.0633	40.131
1.5246	50.083
1.986	60.362
2.2669	66.995
2.6481	74.957
2.9892	82.252
3.3904	89.881
3.7916	95.521
4.0725	100.49
4.273	103.48
4.3533	105.14
4.3934	103.48
4.3533	99.831
4.2931	93.528
4.1327	84.574
3.9922	76.616
3.7715	66.995
3.5309	58.703
3.27	49.42
2.9691	40.795
2.7083	30.845
2.3873	22.222
2.0262	14.593
1.6651	5.97
1.3241	-0.99498
1.1034	-5.6381
0.86263	-9.6184
0.46142	-15.257
0.12037	-20.895
-0.30093	-28.523
-0.72221	-35.488
-1.1034	-41.458
-1.5046	-48.423
-1.8056	-55.389
-2.1265	-63.018
-2.3873	-69.317
-2.6481	-76.945
-2.8487	-83.248
-3.1897	-90.214
-3.3703	-93.528
-3.6511	-98.506
-3.8919	-103.48
-4.1727	-107.13
-4.3934	-110.77
-4.5138	-111.77
-4.6342	-112.43
-4.6142	-108.46
-4.6142	-102.82
-4.5941	-98.172
-4.4938	-91.54
-4.4135	-84.908
-4.2329	-76.616
-3.9722	-67.328
-3.6712	-58.04
-3.3503	-48.753
-3.0293	-40.131
-2.4475	-27.528
-1.966	-17.578
-1.5046	-10.282
-0.94289	-2.985
-0.48147	4.3117
-0.060184	11.94
0.26079	19.9
0.50154	25.206
0.76233	31.84
1.0432	38.473
1.4042	46.764
1.7855	55.389
2.2268	63.018
2.5678	70.647
2.8889	76.945
3.2299	84.245
3.5309	90.214
3.7314	94.854
3.9922	98.506
4.253	101.82
4.4536	104.14
4.554	104.8
4.5941	103.48
4.4536	97.843
4.2931	89.552
4.0926	78.605
3.7916	67.991
3.571	59.037
3.3101	49.086
2.9491	38.473
2.6481	28.855
2.3071	19.568
1.7855	8.6233
1.4444	0.99498
1.0031	-6.965
0.60184	-13.598
0.5216	-14.925
0.14042	-20.895
-0.28086	-26.533
-0.74228	-31.84
-1.0432	-36.483
-1.4042	-44.111
-1.7052	-49.749
-2.0462	-58.04
-2.3271	-65.669
-2.6681	-74.294
-2.9491	-81.923
-3.2299	-87.23
-3.5309	-93.199
-3.8919	-99.831
-4.1526	-104.48
-4.3132	-106.46
-4.4536	-108.12
-4.5941	-109.45
-4.5941	-104.48
-4.554	-97.843
-4.4536	-89.552
-4.2329	-80.264
-3.9722	-70.313
-3.7314	-61.359
-3.4707	-50.745
-3.0894	-40.463
-2.6079	-29.187
-2.1867	-20.895
-1.6049	-12.935
-1.1636	-6.6332
-0.68209	0.66332
-0.28086	7.9601
0.18056	16.915
0.50154	25.538
0.90277	34.493
1.3642	45.768
1.7454	53.067
2.2068	62.351
2.6681	70.647
3.1496	80.927
3.5309	88.222
3.9722	97.176
4.3332	103.48
4.5138	104.8
4.574	104.14
4.4536	97.509
4.3132	90.214
4.1126	80.264
3.8117	67.991
3.4907	57.048
3.0894	45.105
2.8487	35.488
2.4475	24.543
2.0864	15.588
1.645	6.6332
1.304	-0.99498
0.84258	-8.9552
0.7824	-10.282
0.48147	-14.925
0.18056	-19.236
-0.24074	-25.206
-0.60184	-31.176
-0.8827	-35.82
-1.2639	-42.453
-1.8457	-50.412
-2.1666	-56.052
-2.4877	-64.01
-2.8086	-71.639
-3.1496	-80.927
-3.3904	-85.9
-3.611	-89.881
-3.9521	-96.184
-4.3132	-102.15
-4.5339	-106.13
-4.6342	-106.13
-4.7344	-106.13
-4.8147	-104.14
-4.7545	-97.509
-4.6342	-88.555
-4.4336	-79.267
-4.2128	-70.647
-3.9722	-62.022
-3.7515	-54.726
-3.5509	-48.09
-3.0493	-36.815
-2.628	-28.523
-2.0663	-18.905
-1.5447	-10.945
-1.0231	-3.3166
-0.70214	0.99498
-0.3611	7.2964
0.10031	14.593
0.46142	23.88
0.80245	32.171
1.1034	39.8
1.6049	50.745
2.0262	59.037
2.4275	67.328
2.7885	74.294
3.1295	81.923
3.4707	88.555
3.7715	93.528
4.0123	98.172
4.3533	102.48
4.5339	103.48
4.5339	101.49
4.4135	95.188
4.1727	82.252
3.8919	68.987
3.571	58.374
3.2901	49.086
2.9089	36.152
2.4877	25.538
2.1064	14.261
1.645	3.98
1.1234	-3.98
0.74228	-10.282
0.46142	-14.261
0.080245	-18.905
-0.28086	-23.88
-0.74228	-31.84
-1.1636	-37.81
-1.6651	-45.105
-2.0864	-53.067
-2.5879	-63.018
-2.9691	-71.972
-3.27	-79.267
-3.5911	-85.57
-4.0123	-93.862
-4.1928	-98.172
-4.4737	-103.48
-4.6744	-105.14
-4.6543	-100.16
-4.5339	-91.206
-4.3332	-82.915
-4.1126	-73.631
-3.7314	-61.359
-3.3503	-49.42
-2.8889	-36.815
-2.3673	-26.533
-1.9059	-18.905
-1.2237	-8.6233
-0.54166	2.3217
-0.34105	6.3018
0.040123	13.598
0.50154	23.548
0.90277	30.845
1.3642	41.458
1.7654	50.745
2.2669	60.362
2.6079	68.654
2.9892	78.271
3.4105	86.562
3.7515	92.866
4.0123	96.513
4.2128	98.172
4.3734	97.843
4.3934	93.528
4.1727	83.578
3.912	70.647
3.571	58.703
3.2098	46.764
2.8086	35.157
2.4074	24.212
1.986	13.266
1.5447	3.6483
1.1234	-3.98
0.62191	-11.608
0.28086	-15.92
-0.080245	-21.226
-0.48147	-27.196
-1.0231	-34.493
-1.625	-43.448
-2.0663	-52.071
-2.3873	-59.7
-2.6481	-65.34
-3.1295	-73.631
-3.4305	-81.589
-3.7314	-88.222
-3.9922	-92.866
-4.3533	-99.831
-4.5941	-104.8
-4.7746	-105.8
-4.6944	-98.506
-4.5339	-90.214
-4.2931	-80.593
-3.9922	-69.979
-3.611	-57.378
-3.3302	-47.427
-2.8487	-34.493
-2.3673	-24.875
-1.8858	-16.583
-1.2438	-6.965
-0.68209	0.66332
-0.22068	7.6283
0.060184	13.598
0.44135	21.226
0.86263	29.85
1.2438	38.473
1.645	48.423
2.0864	57.378
2.4475	65.669
2.8086	73.631
3.0693	80.264
3.5108	87.892
3.8117	92.866
4.1327	96.513
4.2931	98.172
4.3734	96.847
4.3332	90.214
4.0324	75.286
3.7113	64.01
3.4707	56.715
3.1295	45.439
2.7685	34.161
2.3673	21.558
1.8658	12.272
1.4845	3.6483
1.0633	-4.6435
0.64196	-10.613
0.30093	-15.92
0.020061	-20.231
-0.40123	-27.196
-0.82252	-32.835
-1.284	-39.136
-1.625	-44.443
-2.0462	-51.408
-2.4275	-60.362
-2.8889	-68.987
-3.2098	-76.616
-3.4305	-82.252
-3.7515	-89.552
-4.1126	-96.513
-4.4336	-102.48
-4.5941	-105.14
-4.8147	-106.46
-4.7746	-100.83
-4.5941	-92.866
-4.3332	-82.586
-3.9722	-70.647
-3.6311	-58.04
-3.1897	-44.443
-2.7685	-34.493
-2.287	-25.538
-1.645	-14.261
-1.1435	-6.3018
-0.62191	2.3217
-0.22068	10.613
0.14042	17.247
0.5216	25.538
0.94289	33.166
1.5447	46.101
1.9059	53.73
2.2068	60.362
2.628	69.317
3.0693	78.605
3.571	86.896
3.8919	93.862
4.1727	97.843
4.3332	98.506
4.3934	97.509
4.3533	91.869
4.1327	80.264
3.8317	68.325
3.5911	59.037
3.2098	48.423
2.9089	38.473
2.628	28.855
2.2068	17.578
1.7052	6.6332
1.1836	-2.985
0.82252	-9.2866
0.54166	-13.598
-0.080245	-21.226
-0.54166	-28.191
-0.90277	-33.166
-1.5246	-42.785
-1.9059	-49.42
-2.4475	-58.703
-2.8487	-68.987
-3.3503	-80.264
-3.7515	-89.552
-4.3332	-100.16
-4.6142	-104.8
-4.7746	-106.13
-4.6342	-97.509
-4.4135	-86.562
-4.0123	-73.961
-3.6913	-62.351
-3.3503	-50.412
-2.9089	-39.136
-2.3071	-27.196
-1.8256	-17.247
-1.4042	-9.2866
-1.0031	-2.6533
-0.40123	4.9749
-0.060184	10.945
0.40123	20.563
0.82252	30.513
1.2037	38.473
1.6852	48.09
2.2268	59.037
2.628	68.325
3.2098	80.593
3.7113	89.881
4.1126	96.513
4.3132	98.835
4.3934	98.172
4.3533	93.528
4.1126	79.93
3.8117	68.325
3.5309	57.378
3.2098	47.098
2.8688	35.82
2.3873	22.885
1.9459	12.935
1.5848	4.3117
1.2037	-2.985
0.7824	-10.282
0.42128	-15.257
0.12037	-19.236
-0.56172	-28.191
-0.90277	-33.498
-1.3241	-40.131
-1.8457	-47.761
-2.3271	-57.378
-2.8086	-68.325
-3.2098	-77.608
-3.5911	-84.574
-4.0123	-93.199
-4.3533	-100.83
-4.5941	-105.8
-4.7746	-106.13
-4.6944	-99.831
-4.4938	-88.555
-4.1727	-78.271
-3.8518	-66.666
-3.5509	-55.056
-3.2098	-45.105
-2.6079	-31.84
-2.1265	-22.553
-1.5447	-12.935
-1.0231	-4.6435
-0.54166	2.3217
0	11.608
0.34105	18.242
0.72221	26.201
1.1234	35.82
1.5648	44.776
1.926	53.067
2.2669	62.022
2.6481	69.979
3.0693	78.605
3.4707	85.57
3.8117	88.884
3.8919	90.214
3.8317	85.237
3.7314	78.605
3.5911	70.647
3.3503	62.351
3.1897	55.056
2.8688	43.78
2.4074	31.508
2.0262	20.895
1.7253	13.266
1.284	1.6583
1.0031	-2.985
0.64196	-7.6283
0.22068	-14.261
-0.16049	-20.231
-0.48147	-23.88
-1.0833	-33.166
-1.6049	-42.453
-1.986	-50.745
-2.4676	-60.696
-2.8287	-68.325
-3.2299	-77.279
-3.6511	-86.233
-3.912	-90.544
-4.3132	-98.835
-4.5138	-103.48
-4.6744	-105.8
-4.6342	-98.172
-4.5339	-90.877
-4.2931	-79.93
-3.9922	-68.654
-3.4105	-50.083
-2.8889	-38.473
-2.3873	-28.855
-1.9059	-19.568
-1.4243	-11.608
-0.60184	0.99498
-0.5216	2.985
-0.060184	11.277
0.3611	20.563
0.82252	29.85
1.304	39.136
1.6852	47.427
2.0864	55.389
2.3673	60.696
2.628	66.995
2.8086	69.979
2.9691	71.639
2.9691	68.325
2.8287	57.711
2.5879	47.761
2.3472	38.141
1.986	28.191
1.6852	20.895
1.3642	13.266
0.98301	4.3117
0.68209	-0.99498
0.22068	-9.9498
-0.3611	-18.905
-0.58177	-23.548
-0.92282	-29.518
-1.2237	-36.152
-1.5046	-40.131
-1.7454	-44.443
-2.0061	-50.412
-2.1064	-53.73
-2.3472	-57.711
-2.5076	-61.025
-2.3673	-53.067
-2.1265	-45.439
-1.8056	-34.825
-1.4644	-25.206
-1.1636	-15.92
-0.82252	-7.2964
-0.48147	1.6583
-0.10031	9.2866
0.22068	16.252
0.50154	23.217
0.96295	32.835
1.4243	42.453
1.966	53.73
2.4074	63.018
2.8086	71.639
3.3904	82.252
3.8117	90.544
4.2931	98.835
4.554	104.14
4.8749	106.8
5.256	109.12
5.5771	110.77
5.7577	110.77
5.898	110.77
5.898	107.79
5.8579	103.15
5.6975	96.513
5.6172	89.552
5.4767	82.915
5.2761	74.957
4.9953	66.003
4.7344	56.715
4.4135	47.098
4.1126	38.473
3.7113	28.191
3.4305	20.895
3.0293	12.935
2.7083	4.9749
2.2669	-1.3266
1.8457	-6.3018
1.3642	-11.94
0.90277	-16.915
0.48147	-20.895
0.38117	-23.217
0.060184	-25.87
-0.46142	-31.508
-0.80245	-34.825
-1.1836	-38.473
-1.5648	-44.111
-1.8858	-49.42
-2.1666	-54.726
-2.5076	-62.351
-2.8889	-69.979
-3.3503	-80.264
-3.7314	-89.552
-4.0725	-96.513
-4.4536	-103.48
-4.7344	-108.12
-4.9351	-111.11
-5.3162	-114.43
-5.6373	-117.41
-5.8579	-117.74
-6.2391	-119.07
-6.3194	-119.07
-6.3194	-112.77
-6.2391	-104.14
-6.1187	-95.521
-5.9783	-90.544
-5.7376	-80.927
-5.5169	-71.639
-5.216	-64.344
-4.895	-55.389
-4.6744	-48.09
-4.2931	-39.8
-3.9521	-33.498
-3.4707	-25.206
-2.9089	-18.573
-2.3472	-12.935
-1.8457	-7.6283
-1.4845	-2.985
-0.82252	3.98
-0.50154	9.2866
0.060184	16.252
0.56172	23.217
1.1034	32.503
1.7052	44.111
2.1867	53.067
2.8487	63.681
3.4707	74.294
3.912	81.923
4.5339	91.54
4.915	99.169
5.3564	104.48
5.6573	107.79
5.898	109.12
6.0987	109.12
6.2993	109.45
6.4798	110.11
6.5601	110.11
6.5801	106.8
6.5801	99.498
6.4798	92.866
6.2993	82.915
6.1187	74.623
5.8579	64.344
5.5169	54.059
5.2361	45.105
4.8348	36.483
4.554	28.855
4.0926	19.9
3.7916	13.266
3.3904	6.6332
3.0493	1.6583
2.6079	-4.3117
2.1867	-8.2915
1.7454	-12.935
1.3642	-15.92
0.8827	-20.563
0.30093	-25.538
0.060184	-26.865
-0.32098	-29.85
-0.68209	-33.83
-1.1034	-39.136
-1.7052	-46.435
-2.1666	-54.726
-2.5477	-60.696
-2.8889	-66.003
-3.3703	-73.961
-3.8518	-83.911
-4.3934	-93.199
-4.6744	-98.506
-5.1558	-105.14
-5.557	-109.78
-5.8579	-113.1
-6.1789	-115.42
-6.2793	-115.75
-6.2191	-110.44
-6.0987	-102.15
-5.9783	-94.191
-5.8378	-85.57
-5.557	-73.961
-5.3162	-64.673
-5.1157	-57.711
-4.7545	-49.42
-4.3934	-40.463
-3.9521	-33.498
-3.3904	-25.538
-2.8487	-17.578
-2.1466	-9.9498
-1.3642	-1.99
-0.66203	4.9749
-0.32098	9.9498
0.14042	16.583
0.74228	24.543
1.5046	35.157
2.0061	43.78
2.5076	52.071
2.929	60.033
3.3101	66.666
3.6712	72.301
4.3934	82.915
4.8749	88.555
5.2962	95.85
5.7577	100.49
5.9983	103.81
6.1589	104.48
6.2592	104.48
6.2191	101.16
6.1187	94.191
5.9582	85.9
5.7376	75.62
5.4165	64.01
5.1358	54.726
4.8548	46.101
4.4536	36.152
3.9922	25.87
3.6311	18.905
3.1697	11.94
2.7083	4.9749
2.1466	-2.3217
1.5447	-8.6233
0.66203	-16.583
0.26079	-20.231
-0.020061	-22.885
-0.44135	-27.196
-0.84258	-31.84
-1.3842	-38.141
-1.8858	-45.439
-2.4275	-54.059
-3.0293	-62.351
-3.2299	-67.328
-3.611	-73.631
-3.9521	-79.601
-4.2931	-87.23
-4.6744	-93.528
-4.9752	-98.172
-5.3564	-102.82
-5.7777	-107.79
-5.9783	-110.44
-6.1789	-110.44
-6.1589	-106.13
-6.1388	-100.16
-6.0585	-94.525
-5.898	-85.9
-5.6373	-76.283
-5.5169	-71.639
-5.256	-63.347
-5.0555	-57.048
-4.7344	-48.753
-4.253	-38.805
-3.8919	-32.171
-3.4907	-25.538
-3.1095	-20.563
-3.0093	-19.236
-2.5678	-14.593
-2.0663	-8.2915
-1.4243	-1.6583
-1.0633	1.99
-0.80245	5.6381
-0.12037	12.272
0.40123	21.558
1.0833	30.845
1.7654	40.463
2.4475	49.42
2.8487	56.715
3.3503	65.006
3.8117	71.972
4.3132	79.93
4.8348	88.222
5.2361	92.866
5.7376	98.835
5.9381	100.49
6.0184	100.83
5.9983	97.509
5.8779	89.881
5.7175	80.593
5.4767	69.979
5.1358	58.703
4.7545	48.09
4.4536	40.463
4.253	34.161
3.8518	24.875
3.5108	17.247
3.0093	9.9498
2.628	4.3117
2.1265	-2.985
1.645	-8.9552
0.92282	-16.252
0.48147	-18.905
0.14042	-22.553
-0.10031	-25.538
-0.66203	-31.84
-1.0031	-36.152
-1.625	-41.79
-2.5477	-53.73
-2.8487	-58.703
-3.3503	-67.657
-3.8718	-75.286
-4.253	-83.578
-4.895	-93.199
-5.216	-97.843
-5.5771	-102.48
-5.9983	-107.46
-6.1388	-107.13
-6.0987	-101.16
-5.9783	-92.866
-5.6975	-81.589
-5.4366	-69.317
-5.1558	-58.703
-4.8548	-51.408
-4.4536	-42.785
-3.7314	-30.182
-3.0894	-20.231
-2.5277	-14.261
-1.9459	-7.6283
-1.284	-1.3266
-0.70214	4.6435
-0.080245	12.603
0.54166	19.9
1.0231	26.201
1.645	36.815
2.287	46.101
2.8086	54.393
3.2499	62.351
3.5509	67.991
3.9722	74.957
4.4536	81.589
4.895	88.555
5.3162	94.191
5.7376	98.835
5.9381	99.831
6.0585	100.83
6.0385	99.169
5.8579	90.877
5.7175	83.248
5.4767	72.635
5.196	61.025
4.8348	50.412
4.253	35.82
3.7314	22.553
3.1496	12.272
2.628	3.6483
2.1466	-1.6583
1.5648	-9.6184
1.0231	-15.588
0.76233	-17.578
0.28086	-20.231
-0.16049	-24.875
-0.64196	-29.85
-1.0432	-34.825
-1.8858	-43.78
-2.4877	-53.067
-3.1496	-62.022
-3.5509	-69.65
-4.0926	-77.279
-4.6142	-87.892
-5.1759	-96.513
-5.5369	-101.16
-5.9582	-107.13
-6.1589	-107.46
-6.1789	-102.15
-6.0184	-93.199
-5.7978	-83.911
-5.557	-74.957
-5.3363	-67.328
-4.9953	-57.048
-4.6142	-47.761
-4.0524	-35.82
-3.4105	-25.87
-2.929	-19.236
-2.4676	-13.93
-1.966	-8.2915
-1.5648	-4.6435
-1.1234	0
-0.56172	4.9749
-0.16049	10.613
0.3611	16.915
0.96295	24.875
1.5046	32.835
2.0462	42.785
2.4074	49.42
2.7083	54.393
3.3302	65.006
3.9922	73.298
4.4536	81.256
5.0756	89.552
5.5369	96.184
5.898	99.831
6.0385	100.49
5.9783	96.513
5.8779	89.881
5.7376	82.586
5.3965	69.317
5.1157	60.033
4.7746	49.749
4.574	43.117
4.1327	33.166
3.7113	22.553
3.3904	16.252
2.7885	5.3067
2.3673	0.33166
1.926	-5.6381
1.5648	-9.6184
0.84258	-16.915
0.22068	-22.222
-0.34105	-26.533
-0.54166	-28.523
-1.0633	-33.498
-1.5848	-40.131
-2.1466	-47.427
-2.6681	-55.056
-3.3302	-65.669
-3.8718	-76.283
-4.554	-86.896
-5.0956	-94.191
-5.557	-101.16
-5.8779	-105.47
-6.0987	-106.13
-6.1789	-105.47
-6.0585	-97.509
-5.8779	-87.559
-5.6774	-79.267
-5.3564	-66.003
-5.0354	-56.715
-4.6142	-45.439
-4.1526	-36.483
-3.7515	-28.191
-3.27	-19.236
-2.7283	-12.272
-2.1867	-6.6332
-1.6651	-3.3166
-1.2438	0.33166
-0.70214	6.3018
-0.24074	12.272
-0.18056	11.94
0.30093	18.905
0.8827	24.212
1.7654	37.147
2.4074	47.761
3.0093	58.374
3.5509	66.332
4.1327	75.62
4.574	82.586
5.0154	89.552
5.1558	91.869
5.4968	94.854
5.8579	99.169
6.0184	99.831
6.0385	99.831
5.9783	95.521
5.8378	87.892
5.7376	81.589
5.5771	75.953
5.3764	67.657
4.9351	54.726
4.554	43.117
4.3533	37.147
3.7715	23.548
3.2499	12.935
2.7283	5.97
2.2469	-0.99498
1.8858	-4.9749
1.2037	-11.277
0.66203	-15.92
0.060184	-21.558
-0.38117	-26.201
-1.0231	-31.508
-1.4444	-36.815
-2.0262	-43.78
-2.7083	-51.074
-3.4105	-62.684
-3.9722	-73.298
-4.6142	-84.574
-5.0756	-92.536
-5.5369	-99.831
-5.8378	-102.48
-6.0987	-105.14
-6.0786	-98.835
-5.8779	-87.892
-5.5369	-75.953
-5.2761	-67.657
-4.9752	-57.711
-4.6342	-49.42
-4.1727	-39.136
-3.571	-29.187
-3.0693	-22.222
-2.5477	-15.92
-2.0663	-11.277
-1.3442	-1.99
-0.84258	3.3166
0	11.277
0.42128	17.91
1.1836	28.523
1.625	35.82
2.0462	42.453
2.5477	50.412
3.1496	60.033
3.8718	71.639
4.4536	80.927
5.0354	89.218
5.4366	94.191
5.7376	97.509
5.9783	99.498
6.0184	99.498
5.9582	95.521
5.8177	88.884
5.557	77.608
5.3965	71.309
5.216	64.344
4.915	53.067
4.4737	40.131
4.0324	27.528
3.3904	15.257
2.7885	4.9749
2.0462	-4.3117
1.284	-10.613
0.60184	-16.583
-0.080245	-23.548
-0.60184	-29.518
-1.1034	-34.161
-1.7052	-40.795
-2.2068	-47.098
-2.8487	-55.056
-3.4506	-65.006
-4.1327	-76.283
-4.6543	-85.237
-5.0354	-91.54
-5.5369	-98.835
-5.8378	-102.82
-6.0987	-105.47
-6.199	-105.47
-5.9983	-95.521
-5.6573	-80.927
-5.3764	-69.65
-4.8749	-56.381
-4.273	-43.448
-3.6511	-32.171
-2.8688	-20.563
-2.2268	-12.272
-1.6049	-4.9749
-1.0633	1.3266
-0.48147	8.9552
0.16049	16.583
1.0833	27.528
1.6651	36.483
2.2669	46.435
2.8086	55.389
3.3904	63.681
3.9922	73.961
4.574	81.923
5.0956	89.552
5.5971	95.521
5.9181	99.498
5.9181	97.509
5.8177	88.884
5.6172	79.93
5.4165	72.301
5.1558	63.018
4.8147	53.067
4.3734	39.468
3.9922	27.528
3.4305	15.588
2.7685	4.6435
2.1064	-3.3166
1.7052	-7.6283
0.80245	-14.925
0.40123	-19.9
-0.040123	-23.88
-0.66203	-28.523
-1.2037	-34.161
-1.7654	-39.468
-2.3472	-47.098
-3.27	-60.033
-3.7113	-67.991
-4.0725	-74.623
-4.554	-82.586
-5.0154	-90.214
-5.2962	-94.525
-5.6172	-99.498
-5.898	-104.14
-6.1187	-105.8
-6.2391	-105.8
-6.0786	-94.525
-5.6774	-79.601
-5.3363	-67.991
-4.895	-57.048
-4.574	-47.761
-4.0324	-37.147
-3.27	-24.212
-2.6481	-15.257
-2.0864	-9.2866
-1.4845	-2.6533
-0.34105	4.9749
0.040123	9.2866
0.50154	14.593
1.1435	22.885
1.9059	32.835
2.5477	43.78
3.0493	51.074
3.7515	61.688
4.3332	71.309
4.8749	79.267
5.3363	85.9
5.7577	91.54
6.0585	95.85
6.2391	97.509
6.3594	98.506
6.3594	95.521
6.2391	88.555
6.0385	80.927
5.7175	68.987
5.3764	58.374
5.1157	49.749
4.6744	37.81
4.1928	26.533
3.7916	16.915
3.27	7.9601
2.4877	-2.6533
1.8256	-9.9498
1.3241	-13.93
0.96295	-17.247
0.34105	-23.217
-0.12037	-27.196
-0.64196	-29.85
-1.3642	-34.161
-2.1064	-42.122
-2.628	-50.745
-3.1496	-59.366
-3.611	-67.328
-4.1126	-75.286
-4.6142	-84.245
-5.0154	-92.536
-5.4767	-101.16
-5.6774	-104.14
-5.7777	-104.48
-5.7577	-98.835
-5.5971	-89.552
-5.3564	-80.593
-4.9552	-66.003
-4.574	-56.052
-4.2128	-47.427
-3.8317	-38.805
-3.3101	-30.182
-2.8086	-21.89
-2.3873	-15.588
-1.7855	-7.2964
-1.2438	-0.99498
-0.62191	3.98
0	10.945
0.54166	16.915
1.1034	22.885
1.7654	30.513
2.3271	39.8
2.9892	50.412
3.4907	57.048
4.0324	64.01
4.2931	67.328
4.4536	68.654
4.5339	69.65
4.5339	66.666
4.3734	59.366
4.0725	46.435
3.7314	36.815
3.3703	27.86
3.0493	21.226
2.6882	13.93
2.3873	8.6233
2.1466	3.3166
1.7855	-0.66332
1.4243	-4.3117
1.0833	-8.6233
0.80245	-12.272
0.5216	-15.588
0.20061	-19.236
-0.16049	-23.217
-0.5216	-27.86
-0.94289	-31.176
-1.304	-35.157
-1.8858	-40.795
-2.3472	-48.09
-2.6882	-53.396
-3.1897	-59.366
-3.5509	-65.34
-3.932	-71.972
-4.2128	-76.945
-4.3332	-78.605
-4.5138	-79.267
-4.3132	-71.639
-4.0524	-63.681
-3.7715	-54.059
-3.3503	-43.78
-2.9491	-34.161
-2.4475	-25.87
-1.7654	-15.588
-1.2037	-7.6283
-0.84258	-1.3266
-0.3611	5.6381
-0.020061	9.9498
0.80245	16.252
1.304	21.558
1.9059	29.187
2.5678	38.805
3.2499	47.761
3.912	58.703
4.3734	66.332
4.8548	74.623
5.3564	82.586
5.9181	90.544
6.4597	98.506
7.0415	105.14
7.4828	110.11
7.9845	113.43
8.4659	115.09
8.8069	115.09
9.2282	116.08
9.6697	115.75
10.151	115.75
10.633	116.08
11.054	116.08
11.435	116.41
11.616	116.75
11.676	116.75
11.696	113.76
11.636	107.46
11.636	101.49
11.435	93.199
11.174	85.237
10.913	76.283
10.633	67.657
10.352	60.362
10.091	53.067
9.8702	44.443
9.6697	37.478
9.3887	30.513
8.9273	22.222
8.2252	12.603
7.6032	6.3018
7.0014	0
6.2793	-4.9749
5.6373	-8.9552
5.0756	-12.272
4.3734	-16.915
3.611	-21.558
3.1496	-24.543
2.6681	-27.86
2.0262	-31.508
1.4243	-36.815
0.80245	-43.117
0.20061	-49.086
-0.20061	-53.067
-0.76233	-58.04
-1.2639	-61.025
-1.8658	-65.669
-2.4074	-69.317
-2.9491	-73.961
-3.5309	-78.271
-4.2128	-83.248
-4.7545	-86.562
-5.5169	-91.54
-6.199	-96.184
-6.7206	-100.49
-7.2823	-103.81
-7.9042	-107.13
-8.2252	-108.46
-8.3456	-109.78
-8.3456	-103.15
-8.185	-93.199
-7.9243	-83.248
-7.5631	-72.301
-7.182	-62.684
-6.7206	-53.73
-6.199	-45.439
-5.6774	-37.81
-5.2361	-31.508
-4.7545	-26.865
-4.2329	-22.222
-3.5108	-16.583
-2.6481	-12.935
-1.645	-9.6184
-0.76233	-6.6332
0.060184	-2.3217
1.0833	1.6583
1.7052	5.3067
2.6882	9.6184
3.7916	15.257
4.554	18.905
5.1558	22.885
5.7978	26.533
6.9012	33.83
7.6434	39.136
8.3456	44.111
9.0076	48.423
9.5693	52.734
10.211	57.711
10.893	61.359
11.616	65.34
12.097	66.995
12.338	68.325
12.438	68.325
12.458	65.34
12.398	58.374
12.197	51.408
12.017	43.78
11.575	35.157
11.154	27.196
10.753	19.568
10.271	13.598
9.7498	7.6283
9.2884	3.6483
8.8471	-0.33166
8.3857	-3.98
7.8039	-7.9601
7.3024	-11.277
6.7407	-14.593
6.0585	-17.91
5.3162	-22.222
4.5339	-27.196
3.8718	-31.176
3.2901	-34.493
2.7083	-39.136
2.0864	-43.117
1.4042	-48.423
0.72221	-53.396
0.26079	-56.715
-0.28086	-60.362
-0.76233	-63.681
-1.4243	-68.325
-1.9059	-71.309
-2.7885	-76.945
-3.4105	-81.923
-3.9521	-86.233
-4.4536	-90.214
-5.0154	-94.854
-5.6573	-99.831
-6.199	-103.81
-6.6805	-107.13
-7.1418	-110.44
-7.7838	-113.76
-8.3054	-115.42
-8.8872	-119.07
-9.1279	-120.06
-9.5292	-120.72
-9.9504	-121.06
-10.452	-120.72
-10.813	-120.72
-11.194	-120.72
-11.375	-120.4
-11.395	-117.41
-11.194	-109.12
-11.014	-100.16
-10.733	-90.214
-10.372	-79.267
-9.9906	-70.647
-9.6095	-61.359
-9.168	-53.396
-8.827	-47.098
-8.486	-43.117
-8.0446	-36.815
-7.6233	-31.84
-6.9813	-26.865
-6.1589	-22.222
-5.1759	-16.583
-4.4135	-13.93
-3.8317	-12.603
-3.0093	-10.613
-2.3873	-9.6184
-1.7052	-8.2915
-1.3842	-7.6283
-0.80245	-4.9749
-0.080245	-1.6583
0.70214	0.33166
1.4243	2.6533
2.3472	6.6332
3.1697	9.9498
4.0725	13.93
4.9351	18.242
5.8579	23.217
6.6403	27.528
7.6233	32.503
8.3054	35.488
8.8671	39.468
9.5693	44.111
10.111	48.09
10.733	51.408
11.234	54.393
11.716	57.378
12.017	59.366
12.318	61.359
12.478	62.022
12.558	62.022
12.538	58.04
12.458	50.412
12.298	43.78
11.977	37.478
11.595	27.528
11.194	21.226
10.713	12.935
10.071	6.965
9.5292	1.6583
9.0678	-2.3217
8.5261	-6.3018
8.0847	-9.6184
7.543	-12.603
6.8008	-16.252
6.0385	-21.226
5.3764	-25.206
4.7344	-28.855
3.912	-33.498
3.3904	-36.483
2.7885	-40.131
2.2669	-43.117
1.4042	-50.083
0.66203	-54.059
0.080245	-59.7
-0.80245	-66.666
-1.4042	-69.979
-2.0663	-73.631
-2.8889	-79.267
-3.5509	-83.248
-4.1928	-87.892
-4.9552	-93.199
-5.6774	-98.835
-6.199	-102.48
-6.6805	-105.8
-7.3224	-110.11
-7.9644	-113.1
-8.6263	-116.41
-9.0678	-118.07
-9.469	-120.72
-9.8501	-121.39
-10.271	-124.04
-10.753	-124.37
-11.114	-123.38
-11.395	-121.39
-11.676	-118.74
-11.876	-117.08
-11.756	-108.46
-11.595	-99.831
-11.355	-90.214
-10.974	-81.923
-10.633	-73.631
-10.071	-63.347
-9.5292	-53.396
-9.1279	-47.098
-8.6464	-41.79
-8.165	-36.815
-7.7838	-33.498
-7.0214	-28.855
-6.2391	-24.212
-5.4767	-19.9
-4.8749	-17.247
-4.3132	-14.925
-3.611	-13.598
-2.9089	-11.277
-1.9459	-9.2866
-1.0231	-6.965
-0.24074	-3.98
0.62191	-0.66332
1.5246	1.6583
2.5477	5.6381
3.4707	9.6184
4.253	12.603
5.2761	16.252
6.1187	19.9
6.9012	23.88
7.6032	27.86
8.486	31.84
9.1881	35.488
9.8702	39.136
10.452	42.453
11.114	47.098
11.656	51.074
12.338	56.715
12.779	60.033
13.08	63.018
13.301	65.006
13.36	61.688
13.381	56.715
13.461	53.067
13.481	50.412
