BRI No. 3 (Japan) ws22bs	
2226	
0	0
0.09502	5.5652
0.15837	10.203
0.19004	15.768
0.22172	23.188
0.41175	29.99
0.41175	36.792
0.57012	43.593
0.69681	48.85
0.82351	55.652
1.0135	60.287
1.2036	65.545
1.2986	67.711
1.4253	68.947
1.3619	64.615
1.2986	59.362
1.2036	54.415
1.1086	46.684
0.88685	36.482
0.72848	27.516
0.60179	17.005
0.47509	8.9658
0.31674	0.9275
0.15837	-7.1109
-0.031674	-19.787
-0.22172	-31.227
-0.34841	-40.811
-0.47509	-47.921
-0.66514	-56.577
-0.79183	-63.378
-0.91853	-67.711
-0.98188	-64.926
-0.88685	-58.432
-0.72848	-50.394
-0.60179	-42.047
-0.41175	-32.772
-0.31674	-20.405
-0.19004	-11.749
-0.031674	-3.0917
0.09502	5.256
0.25339	16.696
0.47509	29.062
0.60179	38.956
0.76016	47.302
1.0135	57.507
1.3619	66.781
1.7421	75.13
2.2488	83.168
2.6605	88.115
2.7873	89.658
2.9456	90.588
2.9456	86.567
2.7555	78.529
2.5339	70.184
2.1538	59.668
1.8687	51.012
1.5203	40.811
1.0452	30.299
0.76016	22.569
0.53844	13.294
0.19004	0.30917
0	-9.5841
-0.31674	-22.26
-0.53844	-34.009
-0.69681	-42.975
-0.79183	-52.56
-0.91853	-59.98
-1.0769	-67.399
-1.3936	-74.512
-1.7103	-81.62
-2.1222	-89.04
-2.4705	-92.75
-2.6923	-94.605
-2.6605	-91.513
-2.5022	-85.949
-2.3122	-79.147
-2.0904	-69.873
-1.9004	-61.835
-1.6153	-52.249
-1.2986	-43.284
-1.0769	-37.101
-0.57012	-18.55
-0.28506	-8.0384
-0.031674	-1.2367
0.25339	9.8933
0.53844	21.024
0.79183	32.154
1.0769	44.212
1.4569	54.104
2.0904	65.851
2.4388	75.13
2.7239	82.239
2.9139	84.405
2.7555	78.222
2.4072	67.399
2.027	57.507
1.6471	47.302
1.2353	36.482
0.72848	23.806
0.50677	13.604
0.31674	1.5458
0	-10.512
-0.31674	-22.879
-0.76016	-37.41
-1.2986	-51.942
-1.7737	-64.615
-2.2172	-73.894
-2.5972	-84.712
-2.7239	-90.277
-2.7555	-92.75
-2.6923	-84.094
-2.3755	-73.582
-2.1222	-64.308
-1.7421	-53.797
-1.3936	-41.738
-1.0135	-31.227
-0.63346	-20.096
-0.34841	-11.13
-0.031674	0.30917
0.28506	11.439
0.63346	25.043
0.91853	36.173
1.2353	47.614
1.8687	61.523
2.3438	71.728
2.7873	79.459
2.6923	75.749
2.1854	61.523
1.7103	47.614
1.1719	35.245
0.72848	21.333
0.50677	11.439
0.25339	0
0.031674	-11.749
-0.28506	-22.879
-0.60179	-34.936
-1.0452	-46.377
-1.5519	-59.05
-1.9638	-68.636
-2.4072	-78.222
-2.6605	-87.803
-2.7873	-91.513
-2.5972	-83.168
-2.3438	-72.039
-2.027	-61.216
-1.6787	-51.012
-1.2986	-40.502
-0.91853	-30.608
-0.50677	-17.314
-0.28506	-8.9658
-0.031674	1.5458
0.19004	10.203
0.47509	21.642
0.79183	32.154
1.0135	41.738
1.3303	51.942
1.7421	60.287
2.0904	68.018
2.4705	74.512
2.7873	80.695
2.5655	73.582
2.2172	63.69
1.8687	52.249
1.4569	42.356
1.0769	33.7
0.82351	22.879
0.53844	12.985
0.31674	3.0917
0.19004	-3.0917
-0.063346	-14.84
-0.34841	-26.898
-0.76016	-38.337
-1.2986	-51.942
-1.8054	-65.545
-2.2172	-74.512
-2.5339	-85.023
-2.8189	-91.206
-2.6605	-82.55
-2.4072	-72.657
-2.027	-60.905
-1.6471	-49.157
-1.2669	-40.192
-0.85518	-28.444
-0.57012	-18.241
-0.28506	-8.0384
-0.12669	0
0.15837	10.821
0.53844	22.879
0.85518	35.245
1.2036	48.232
1.8687	60.598
2.2488	69.254
2.6289	76.674
2.7555	76.674
2.3438	66.474
1.9321	54.722
1.5203	42.047
1.1402	34.009
0.66514	20.096
0.34841	6.8018
0.031674	-5.5652
-0.28506	-22.879
-0.66514	-35.864
-1.0452	-47.302
-1.6787	-61.835
-2.027	-69.873
-2.4072	-78.84
-2.6923	-87.803
-2.8823	-91.513
-2.7239	-84.405
-2.3122	-71.421
-1.9321	-57.195
-1.4887	-45.447
-1.1402	-34.627
-0.63346	-21.642
-0.28506	-9.275
0.031674	4.3284
0.41175	17.932
0.72848	28.444
0.98188	39.574
1.2986	49.469
1.8371	61.835
2.3755	72.964
2.6923	77.604
2.6289	73.276
2.1222	60.287
1.8371	49.776
1.4253	39.265
0.9502	27.516
0.69681	17.623
0.41175	6.4926
0.22172	-3.0917
0.031674	-11.439
-0.15837	-19.787
-0.60179	-32.463
-0.91853	-42.047
-1.3303	-54.415
-1.7737	-63.997
-2.1538	-72.346
-2.4388	-80.695
-2.6605	-87.803
-2.8823	-90.588
-2.6289	-80.384
-2.2805	-68.329
-1.9954	-57.195
-1.5203	-43.903
-1.1402	-34.009
-0.63346	-21.642
-0.25339	-9.5841
-0.031674	3.7101
0.34841	17.005
0.57012	24.734
0.85518	35.864
1.1086	46.995
1.5837	56.888
2.0588	66.781
2.4705	74.819
2.8189	80.077
2.4388	69.254
2.0904	58.432
1.7421	47.921
1.1719	35.555
0.72848	22.879
0.41175	12.985
0.25339	1.855
0.031674	-10.512
-0.22172	-21.024
-0.53844	-31.845
-0.88685	-43.593
-1.3619	-54.722
-1.8687	-66.781
-2.3122	-76.985
-2.5655	-85.023
-2.8189	-88.733
-2.5339	-79.766
-2.1854	-67.711
-1.8687	-56.888
-1.6153	-47.302
-1.1719	-33.7
-0.57012	-20.096
-0.28506	-8.3475
0.12669	7.7292
0.44342	21.642
0.79183	29.99
1.0135	39.265
1.3936	49.469
1.8687	62.142
2.5022	72.964
2.7555	78.84
2.4072	67.093
1.9321	53.797
1.4569	40.192
0.98188	29.68
0.69681	20.405
0.38009	7.1109
0.031674	-8.3475
-0.25339	-20.714
-0.66514	-35.864
-1.1086	-48.85
-1.6471	-63.378
-2.1538	-74.201
-2.4705	-83.168
-2.7555	-89.04
-2.7555	-85.642
-2.3755	-73.894
-2.1222	-62.76
-1.7737	-51.324
-1.2353	-38.337
-0.72848	-23.806
-0.38009	-11.13
-0.09502	-0.30917
0.28506	13.294
0.50677	23.188
0.76016	33.7
1.0452	42.666
1.5837	55.959
1.9954	65.233
2.5972	76.985
2.8506	80.695
2.4388	68.018
1.9004	52.249
1.3936	39.883
0.91853	29.371
0.63346	18.55
0.41175	8.9658
0.25339	-0.9275
-0.031674	-15.149
-0.34841	-25.661
-0.57012	-34.627
-1.0769	-48.232
-1.5837	-59.98
-1.9638	-68.636
-2.4388	-80.695
-2.7239	-89.04
-2.8506	-91.825
-2.5022	-78.84
-2.2488	-68.636
-1.9321	-57.195
-1.3936	-42.975
-0.88685	-29.99
-0.47509	-17.314
-0.15837	-4.3284
0.12669	8.0384
0.38009	17.932
0.66514	28.444
0.9502	38.956
1.2669	49.776
1.6787	59.98
2.2172	68.636
2.5655	76.056
2.8189	78.529
2.3755	64.615
1.9638	54.104
1.4569	40.811
1.0135	29.371
0.69681	18.55
0.38009	4.6377
0.031674	-8.3475
-0.22172	-22.26
-0.66514	-36.482
-1.2036	-49.776
-1.7103	-63.378
-2.2172	-76.367
-2.6289	-86.26
-2.8506	-92.132
-2.5972	-81.314
-2.1538	-66.163
-1.8687	-54.415
-1.2986	-38.028
-0.66514	-23.497
-0.38009	-12.058
-0.09502	-2.1642
0.28506	10.203
0.69681	24.734
1.0135	39.265
1.3303	50.394
1.9004	63.378
2.5972	75.437
2.9456	84.712
3.5474	90.588
4.6559	99.244
5.3844	101.72
5.7329	102.03
5.8279	101.72
5.8279	95.841
5.5112	87.497
5.1311	77.911
4.6243	67.093
4.1808	59.98
3.3574	48.539
2.5655	36.792
1.7421	22.879
1.1402	13.604
0.60179	3.0917
0.34841	-3.0917
0	-14.531
-0.22172	-24.734
-0.60179	-34.936
-1.1402	-47.921
-1.6153	-58.432
-2.1854	-70.802
-2.5655	-79.766
-3.0406	-87.497
-3.8009	-95.223
-4.5926	-99.863
-5.1944	-101.72
-5.6062	-102.34
-5.8913	-102.65
-5.7645	-97.696
-5.5112	-89.97
-5.2578	-80.077
-4.9411	-72.964
-4.2758	-62.76
-3.6107	-53.485
-2.7555	-42.356
-2.1222	-30.917
-1.3303	-18.241
-0.63346	-4.9469
-0.12669	4.0192
0.25339	12.676
0.63346	22.569
1.2669	34.627
1.8054	46.066
2.4072	55.34
3.0723	65.233
3.9275	74.819
4.8461	84.405
5.4795	91.206
5.7962	93.68
5.4795	87.803
5.1628	80.077
4.7509	70.184
3.9592	56.888
3.0723	43.284
2.3122	33.081
1.6471	22.879
1.0769	13.604
0.63346	4.3284
0.31674	-3.7101
0	-11.749
-0.50677	-24.425
-1.0135	-35.864
-1.7421	-48.232
-2.5339	-60.905
-3.3257	-69.873
-4.0858	-78.84
-4.7509	-86.26
-5.3212	-91.513
-5.5745	-93.986
-5.7962	-96.46
-5.7012	-91.513
-5.5428	-85.33
-5.1628	-74.819
-4.5926	-65.851
-4.0225	-59.05
-3.389	-50.087
-2.8506	-41.429
-2.0588	-31.227
-1.3936	-21.642
-0.82351	-9.8933
-0.34841	-0.30917
0.031674	7.7292
0.41175	15.458
1.1402	29.371
1.6787	39.574
2.2488	50.705
3.0406	60.598
3.8641	71.421
4.466	78.222
5.1628	85.33
5.5745	89.04
5.7962	90.277
5.4478	81.314
5.0994	74.201
4.5293	64.308
3.7691	53.178
2.8823	39.883
2.027	27.825
1.3936	16.696
0.76016	6.4926
0.31674	-1.855
-0.19004	-14.222
-0.66514	-25.661
-1.2036	-37.101
-1.7421	-46.377
-2.2488	-55.652
-2.9773	-65.545
-3.6107	-72.964
-4.2442	-79.766
-4.7509	-84.405
-5.226	-89.351
-5.5428	-92.443
-5.7012	-93.68
-5.8595	-94.298
-5.7012	-89.351
-5.5428	-82.55
-5.226	-75.437
-4.6559	-66.781
-4.2442	-59.98
-3.5474	-51.012
-2.7555	-41.12
-2.1538	-31.536
-1.3303	-18.86
-0.85518	-10.203
-0.25339	0.9275
0.22172	12.058
0.76016	24.425
1.4253	36.792
2.1538	49.157
2.7555	58.432
3.5157	67.093
4.0858	73.894
4.6243	79.459
5.1311	84.405
5.5112	87.185
5.7645	88.733
5.3528	80.695
4.9727	71.421
4.3392	61.523
3.4524	47.921
2.5655	35.245
1.9321	26.28
1.1719	13.604
0.57012	2.7825
0.22172	-5.256
-0.25339	-16.386
-0.82351	-29.371
-1.3303	-40.192
-2.0588	-51.631
-2.6289	-60.598
-3.2306	-68.329
-3.9592	-76.674
-4.6243	-82.857
-5.226	-88.422
-5.6378	-92.443
-5.7645	-93.368
-5.5745	-87.185
-5.2894	-77.604
-4.9093	-68.947
-4.1492	-59.98
-3.2624	-49.157
-2.5972	-37.101
-1.7103	-25.043
-1.0135	-14.222
-0.47509	-3.0917
-0.063346	5.8743
0.38009	15.768
0.9502	27.516
1.4253	37.101
2.0588	47.302
2.5655	54.415
3.199	63.378
3.8325	71.109
4.466	77.292
5.1944	84.094
5.5428	86.567
5.7329	87.497
5.3212	78.84
5.0044	72.346
4.5926	66.474
4.0542	56.888
3.199	44.829
2.4388	35.245
1.8371	25.043
1.2036	13.604
0.76016	5.256
0.25339	-4.0192
-0.50677	-20.405
-0.9502	-30.917
-1.4253	-41.429
-2.027	-51.324
-2.5022	-57.814
-3.2624	-68.018
-4.0542	-76.056
-4.7509	-83.168
-5.3844	-90.277
-5.7645	-92.75
-5.5745	-86.878
-5.3844	-80.384
-4.9411	-72.039
-4.2126	-60.905
-3.5157	-53.178
-2.4705	-38.647
-1.7103	-26.898
-0.98188	-13.604
-0.47509	-3.4009
-0.063346	3.7101
0.34841	14.222
0.79183	24.116
1.3619	35.245
2.1538	48.539
2.7555	57.195
3.389	65.233
3.9275	71.109
4.5926	78.222
5.1628	83.168
5.5428	86.567
5.7329	87.497
5.226	78.222
4.7193	68.018
4.0858	58.125
3.4207	48.539
2.4388	34.936
1.8371	25.661
1.1719	14.531
0.69681	4.3284
0.19004	-5.5652
-0.28506	-17.314
-0.85518	-30.299
-1.5203	-43.284
-2.2488	-53.797
-3.104	-64.615
-3.8641	-73.582
-4.6559	-82.55
-5.3844	-89.658
-5.6695	-92.132
-5.8279	-92.443
-5.6378	-86.878
-5.4162	-80.077
-5.0044	-72.039
-4.5293	-63.997
-3.7057	-54.104
-2.7873	-41.738
-2.0588	-31.536
-1.3303	-19.787
-0.63346	-7.4201
-0.19004	1.2367
0.15837	11.439
0.82351	23.188
1.2986	32.772
2.027	45.759
2.6605	55.652
3.389	65.233
4.0542	73.276
4.7509	79.459
5.3212	84.712
5.6062	86.26
5.3212	79.147
5.1628	74.819
4.6559	64.308
3.6107	50.705
2.6289	37.41
1.9004	24.734
1.1086	12.367
0.50677	0.9275
-0.063346	-10.821
-0.50677	-22.569
-1.4253	-40.192
-2.2172	-52.56
-3.0723	-65.233
-4.1175	-76.674
-4.8143	-83.787
-5.4162	-90.588
-5.7645	-92.75
-5.6695	-87.803
-5.3528	-80.695
-5.0044	-73.894
-4.371	-64.308
-3.6107	-52.867
-2.7873	-42.975
-1.9954	-31.536
-1.3936	-20.714
-0.50677	-5.8743
-0.063346	4.9469
0.41175	16.696
1.1402	31.845
1.8371	43.593
2.5655	54.415
3.389	65.233
4.0225	72.657
4.7193	79.459
5.226	83.475
5.5112	85.023
5.0994	77.292
4.6243	66.781
3.9275	55.033
2.9456	42.047
2.1538	29.68
1.3303	16.386
0.72848	5.5652
0.31674	-1.855
-0.22172	-13.913
-0.9502	-29.68
-1.5519	-42.047
-2.4388	-55.959
-3.294	-67.093
-4.1492	-76.985
-4.8461	-84.405
-5.4162	-90.588
-5.7645	-92.75
-5.6062	-87.803
-5.3844	-80.384
-4.9411	-72.039
-4.2442	-61.835
-3.3257	-49.157
-2.5655	-39.265
-1.8371	-27.207
-0.98188	-14.222
-0.44342	-3.7101
0	5.5652
0.41175	15.458
1.0135	28.444
1.4569	36.792
2.0588	46.684
2.7555	56.27
3.389	63.997
4.1492	71.728
4.9093	79.147
5.3212	81.932
5.5428	82.55
5.1311	74.512
4.6559	66.474
3.9275	55.033
3.0723	42.975
2.3755	32.772
1.4887	20.096
0.98188	10.203
0.57012	2.7825
0.22172	-5.5652
-0.44342	-19.787
-0.98188	-32.154
-1.4569	-42.047
-2.2488	-54.415
-3.199	-67.093
-4.1492	-76.985
-5.0994	-86.567
-5.7329	-92.443
-5.5745	-85.023
-5.1628	-76.367
-4.4976	-65.233
-3.8325	-57.195
-3.0723	-46.995
-2.4388	-37.719
-1.8054	-27.825
-1.1086	-16.696
-0.57012	-7.7292
-0.12669	2.1642
0.22172	9.8933
0.63346	18.86
1.2986	30.608
1.7421	38.647
2.3755	48.232
3.009	58.125
3.7057	67.093
4.561	75.749
5.0677	80.384
5.4478	83.168
5.5745	83.168
5.0994	75.13
4.4976	62.76
3.6425	49.469
2.7555	37.719
2.0588	26.589
1.3619	15.458
0.72848	4.9469
0.09502	-7.1109
-0.53844	-20.714
-1.3303	-35.864
-1.9004	-46.995
-2.6605	-58.432
-3.7691	-69.873
-4.7827	-81.002
-5.3212	-86.567
-5.7329	-89.97
-5.5112	-83.475
-5.1311	-75.437
-4.7193	-67.711
-4.0542	-58.743
-3.104	-48.539
-2.4072	-38.647
-1.9004	-28.135
-1.3303	-17.623
-0.79183	-8.6567
-0.28506	0.61835
-0.063346	5.5652
0.28506	13.294
0.66514	21.333
1.2036	30.917
1.7737	39.883
2.2488	48.232
2.6289	52.867
2.6605	53.485
2.5339	48.85
2.1222	39.883
1.5837	30.608
0.9502	18.86
0.66514	10.512
0.31674	1.5458
-0.09502	-9.275
-0.60179	-21.951
-1.0769	-32.463
-1.5203	-40.811
-1.9954	-48.85
-2.5022	-55.959
-2.7239	-57.814
-2.5022	-51.942
-2.1538	-44.212
-1.9004	-34.009
-1.6153	-25.661
-1.0135	-14.531
-0.38009	-2.1642
0	6.4926
0.53844	17.623
1.1402	28.753
1.8687	42.356
2.3438	51.324
3.1356	60.287
4.1492	71.421
5.0044	79.147
5.6378	85.949
6.0813	89.04
6.9365	93.061
7.6332	95.223
8.2034	96.46
8.6468	97.389
8.8368	97.389
8.8052	93.986
8.5834	86.878
8.3618	81.62
7.9183	73.894
7.3798	64.926
6.7464	56.27
6.1129	48.85
5.3844	42.356
4.5926	35.245
3.7375	28.444
3.0406	23.188
2.3122	16.696
1.6153	9.8933
1.0452	3.4009
0	-12.985
-0.50677	-23.188
-1.1719	-34.936
-1.6153	-43.903
-2.5339	-55.959
-3.8641	-71.728
-4.9411	-83.787
-5.7962	-90.588
-6.588	-94.298
-7.4116	-97.696
-8.0133	-100.79
-8.4251	-101.41
-8.9002	-102.03
-8.7735	-96.771
-8.3301	-87.185
-7.9183	-78.84
-7.1899	-67.399
-6.398	-57.507
-5.6062	-50.087
-4.8777	-43.284
-4.2442	-36.792
-3.2624	-28.444
-2.4705	-21.024
-1.6153	-12.985
-1.0452	-4.9469
-0.38009	1.855
0.15837	11.439
0.85518	22.26
1.6471	34.318
2.3755	42.666
3.009	51.942
3.9908	61.523
5.1628	71.109
6.303	79.147
7.1265	85.642
7.9817	90.277
8.4884	93.061
8.7735	93.986
8.8052	94.298
8.6468	88.115
8.3618	78.84
7.76	68.018
7.0949	59.05
6.2396	49.776
5.3844	41.738
4.4976	33.391
3.6425	26.589
2.8823	20.714
1.8371	11.439
1.1086	4.0192
0.50677	-3.7101
0.09502	-10.821
-0.50677	-22.26
-1.1086	-31.845
-1.7103	-40.811
-2.4388	-49.776
-3.3257	-58.432
-4.1492	-65.545
-5.0361	-72.964
-6.1446	-80.077
-6.9365	-85.642
-7.6016	-90.588
-8.0767	-93.061
-8.4884	-95.534
-8.8052	-97.389
-8.4568	-90.277
-8.1717	-83.168
-7.8233	-76.367
-7.2532	-68.329
-6.3664	-57.814
-5.6695	-50.087
-4.8143	-42.666
-3.9908	-34.627
-3.0723	-25.352
-1.9004	-15.768
-1.0135	-6.4926
-0.28506	2.4734
0.31674	12.676
0.9502	24.116
1.8687	36.482
2.6923	46.377
3.4207	55.34
4.2442	63.378
5.1944	71.109
6.208	78.529
7.1265	84.094
7.8867	88.422
8.5202	91.825
8.8685	93.061
8.7418	87.803
8.4251	81.314
8.0133	73.276
7.5382	65.233
6.9681	56.577
6.1763	49.469
5.3212	40.811
4.4342	32.772
3.5791	25.97
2.7555	19.478
1.9321	12.058
1.2036	4.9469
0.69681	-1.5458
0.25339	-8.0384
-0.25339	-17.314
-0.91853	-27.825
-1.6471	-38.956
-2.5022	-48.539
-3.389	-57.814
-4.371	-66.163
-5.226	-72.657
-6.1129	-79.459
-7.0315	-85.642
-7.9183	-90.588
-8.3301	-93.061
-8.6468	-94.605
-8.7735	-94.916
-8.4884	-87.497
-8.0133	-79.459
-7.6016	-70.802
-6.9999	-63.69
-6.303	-55.959
-5.6378	-49.776
-4.8143	-41.738
-4.1175	-34.936
-3.4524	-28.135
-2.2488	-18.86
-1.2669	-9.275
-0.66514	-2.1642
-0.031674	6.4926
0.53844	17.005
1.2036	27.207
2.1222	41.738
2.8506	49.157
3.7691	58.125
4.5293	64.308
5.5112	71.109
6.208	76.985
7.0631	83.168
7.9183	88.115
8.4568	90.895
8.7735	92.443
8.8685	92.132
8.6468	86.567
8.3934	80.077
7.9817	72.346
7.57	65.233
6.8097	56.27
6.0179	46.684
5.1628	38.337
3.9908	28.444
3.0406	21.951
2.0588	12.676
1.1086	4.0192
0.44342	-3.7101
0	-11.13
-0.38009	-17.932
-1.0135	-29.062
-1.5837	-38.337
-2.4072	-48.232
-3.6107	-59.05
-4.8777	-70.491
-6.1446	-79.459
-7.0315	-84.712
-7.6966	-88.733
-8.1401	-91.206
-8.5518	-93.061
-8.6468	-93.368
-8.3301	-86.26
-7.9499	-78.529
-7.2848	-68.636
-6.5564	-59.05
-5.8913	-51.631
-5.0044	-42.356
-4.0858	-34.936
-3.1674	-26.28
-2.2172	-18.241
-1.3303	-10.203
-0.60179	-1.5458
-0.12669	5.256
0.44342	16.386
0.9502	24.734
1.9638	37.719
2.9773	49.157
3.8959	58.432
4.8461	66.781
5.9229	75.13
6.9047	81.62
7.7916	86.878
8.5518	90.588
8.8685	91.513
8.6152	83.787
8.2667	75.437
7.6332	65.233
6.9365	56.888
6.0496	46.995
5.3212	40.192
4.0858	29.371
2.7873	19.478
1.9004	11.749
1.0769	3.0917
0.53844	-2.4734
0.19004	-8.6567
-0.57012	-21.642
-1.1719	-31.227
-1.9004	-42.047
-2.6289	-50.087
-3.5474	-59.05
-4.5926	-67.711
-5.4795	-74.819
-6.398	-81.314
-7.0315	-85.642
-7.8867	-90.588
-8.3934	-93.368
-8.7102	-94.298
-8.4884	-88.422
-8.1083	-81.62
-7.6966	-73.894
-6.9999	-63.69
-6.1129	-54.722
-5.1628	-45.447
-4.2758	-36.792
-3.2624	-27.207
-2.3122	-18.55
-1.4253	-10.512
-0.66514	-1.5458
-0.15837	5.5652
0.31674	13.604
0.88685	22.569
1.6787	34.009
2.3755	42.666
3.1356	51.942
3.8959	59.05
4.9411	67.399
5.8279	74.201
6.6831	80.384
7.6332	85.642
8.3301	89.658
8.6785	91.513
8.9002	91.825
8.6785	85.949
8.3618	78.529
8.0133	71.728
7.5066	63.997
6.8097	55.652
6.0813	47.302
5.1311	38.647
4.466	32.772
3.8325	27.516
2.9139	21.024
2.027	13.604
1.2986	5.5652
0.69681	-1.2367
0.38009	-5.8743
-0.15837	-16.386
-0.79183	-26.589
-1.5837	-38.028
-2.3122	-46.684
-3.0723	-54.722
-4.4342	-65.545
-5.7645	-75.749
-6.6514	-82.239
-7.665	-88.422
-8.3934	-92.443
-8.6785	-93.68
-8.5518	-89.04
-8.2351	-82.857
-7.6016	-73.894
-6.9047	-63.997
-6.0179	-54.104
-5.1311	-45.141
-4.4342	-38.337
-3.5474	-29.68
-2.6923	-22.569
-1.5837	-12.676
-0.91853	-5.5652
-0.09502	4.9469
0	7.1109
0.57012	16.696
1.2036	26.898
1.7103	34.936
2.5655	44.212
3.4524	53.797
4.5926	63.997
5.5112	71.109
6.6514	79.766
7.5382	85.642
8.4251	89.351
8.7735	90.895
8.7735	88.422
8.3934	80.384
8.0133	72.039
7.4748	63.69
6.7781	55.959
5.8595	46.995
4.8777	37.41
3.9275	29.062
2.9773	21.642
1.8054	11.13
1.0452	3.4009
0.28506	-6.4926
-0.063346	-12.676
-0.63346	-22.569
-1.5203	-36.173
-2.2805	-45.141
-3.1674	-55.033
-4.3392	-64.308
-5.2894	-72.039
-6.1763	-78.84
-7.3165	-85.642
-8.0451	-90.277
-8.5202	-92.75
-8.7418	-93.061
-8.4884	-86.878
-7.9499	-77.911
-7.1265	-65.851
-6.303	-56.577
-5.4478	-47.614
-4.6877	-40.811
-3.6425	-30.608
-2.8189	-23.497
-1.6787	-13.604
-0.9502	-5.5652
-0.44342	0.9275
0.19004	12.058
0.76016	23.497
1.2669	33.081
1.9321	44.522
2.3755	51.012
3.2306	61.523
3.8009	68.018
4.4976	76.056
5.0994	81.62
5.5112	84.094
5.5428	82.55
5.1628	75.749
4.6877	66.163
3.8959	55.34
3.1674	45.141
2.2172	30.608
1.6471	21.024
1.0769	11.439
0.41175	0
0.063346	-8.6567
-0.47509	-19.478
-1.1086	-30.608
-1.7421	-40.811
-2.5972	-49.469
-3.7375	-60.905
-4.8143	-68.636
-5.9229	-76.985
-6.9999	-84.712
-7.7283	-89.351
-8.2667	-91.825
-8.7418	-93.061
-8.3934	-85.949
-8.0451	-78.529
-7.5382	-70.802
-6.6831	-60.287
-5.7962	-51.942
-4.7827	-41.738
-3.8325	-32.772
-2.8189	-23.497
-1.8054	-13.604
-1.0135	-5.256
-0.57012	-0.30917
0.031674	8.6567
0.60179	17.932
1.1719	27.516
1.9321	37.41
2.6923	45.759
3.6741	56.27
4.4026	62.453
5.4162	69.254
6.3664	75.749
7.1899	81.002
8.0451	86.26
8.5202	89.04
8.7418	89.658
8.8685	89.658
8.4568	81.62
7.9817	72.346
7.3165	61.523
6.493	52.249
5.5112	43.284
4.371	32.154
3.199	22.879
2.0904	14.531
1.3303	6.8018
0.63346	-2.4734
0.15837	-8.6567
-0.25339	-16.386
-1.0135	-28.444
-1.7103	-38.647
-2.4705	-47.614
-3.4207	-57.195
-4.7827	-67.711
-5.7962	-75.437
-6.8097	-82.239
-7.76	-87.803
-8.3301	-91.206
-8.7418	-93.061
-8.4568	-86.567
-8.1083	-79.766
-7.6966	-72.039
-6.8731	-61.835
-6.0179	-53.178
-5.0677	-44.212
-4.2442	-36.482
-3.4207	-28.444
-2.3438	-18.55
-1.4253	-10.512
-0.76016	-2.4734
-0.25339	4.0192
0.25339	13.604
0.85518	23.188
1.4887	32.463
2.5972	45.141
3.6107	55.34
5.0044	66.163
5.9229	72.964
6.8731	79.147
7.7916	84.405
8.5202	88.422
8.8368	89.97
8.9635	89.351
8.4884	79.766
7.9499	69.873
7.5066	62.142
6.3346	49.469
5.4162	39.883
4.466	31.845
3.4207	23.497
2.2805	13.913
1.4253	6.4926
0.72848	0
0.25339	-6.8018
-0.28506	-16.077
-1.0452	-28.135
-2.1222	-41.429
-2.9773	-51.631
-3.8959	-60.598
-4.8461	-68.018
-5.9863	-76.056
-6.8097	-81.314
-7.8233	-86.878
-8.2667	-89.04
-8.5202	-89.97
-8.6785	-89.97
-8.2351	-83.168
-7.7916	-74.819
-7.1899	-65.851
-6.3664	-56.27
-5.4478	-46.995
-4.7509	-40.502
-3.7375	-29.99
-2.8189	-21.642
-1.7103	-12.058
-0.9502	-5.256
-0.38009	2.4734
0.09502	10.203
0.63346	18.86
1.2669	25.97
1.7737	33.081
2.5022	41.738
3.1674	48.85
3.9592	56.888
4.561	62.453
5.226	67.399
5.5428	69.873
5.6695	70.802
5.4795	66.781
4.9093	58.125
4.371	49.776
3.6425	39.574
3.0723	32.463
2.5972	27.516
1.9954	19.787
1.2669	11.13
0.66514	2.1642
0.25339	-4.9469
-0.41175	-17.314
-1.2353	-29.062
-1.9954	-40.502
-2.6605	-47.302
-3.199	-53.178
-4.1808	-62.453
-4.9727	-68.329
-5.4162	-71.109
-5.7012	-72.657
-5.2578	-66.163
-4.2758	-55.652
-3.4841	-45.141
-2.9456	-37.101
-2.2172	-26.898
-1.5837	-17.623
-0.98188	-9.5841
-0.31674	1.855
0.031674	9.8933
0.50677	17.932
1.2036	27.516
1.9638	37.41
2.8506	46.995
3.4524	53.797
4.4976	62.142
5.3844	68.947
6.1129	74.512
7.0631	79.766
7.8867	84.405
8.5834	87.803
9.0903	89.97
9.9771	92.132
10.864	94.605
11.561	95.534
11.909	95.223
11.814	90.895
11.592	83.787
11.212	76.985
10.642	68.636
10.072	60.905
9.3753	52.867
8.6152	45.759
7.8233	39.265
6.5564	30.608
5.1311	23.188
4.1175	17.623
2.9773	11.749
2.1222	6.1835
1.2353	-0.30917
0.57012	-5.8743
0.19004	-10.512
-0.44342	-22.569
-1.0769	-32.463
-2.2805	-45.141
-3.389	-55.033
-4.8777	-67.711
-6.398	-77.604
-7.76	-85.949
-8.4568	-90.277
-9.2486	-92.75
-10.167	-94.916
-11.022	-95.841
-11.592	-96.46
-11.846	-96.771
-11.656	-91.825
-11.371	-83.787
-10.927	-73.276
-10.167	-63.997
-9.4386	-56.888
-8.5834	-49.469
-7.57	-41.738
-6.7147	-35.864
-5.7962	-29.99
-4.8777	-24.425
-3.7375	-17.932
-2.7873	-12.058
-1.7103	-4.3284
-0.88685	3.0917
-0.38009	9.5841
0.53844	20.714
1.2669	30.608
2.1222	39.883
3.1674	48.539
4.2758	55.959
5.2578	61.835
6.208	67.711
7.0315	72.039
8.1083	76.985
9.1535	81.314
10.072	85.642
10.832	88.422
11.466	90.588
11.814	91.825
11.878	91.206
11.561	82.55
11.149	73.582
10.579	64.308
9.8188	55.34
8.7735	46.066
7.8549	39.265
7.0315	34.318
6.2396	29.68
5.0994	23.806
4.0542	17.623
2.9139	11.439
1.7737	4.6377
1.0769	-0.30917
0.53844	-5.8743
-0.031674	-13.294
-0.76016	-23.188
-1.4253	-31.536
-2.3755	-42.666
-2.8189	-47.302
-3.6425	-54.415
-4.6243	-60.905
-5.8279	-68.329
-7.0315	-73.582
-8.1717	-79.459
-9.1853	-84.405
-10.104	-87.803
-10.769	-91.206
-11.434	-93.986
-11.782	-95.223
-11.782	-92.443
-11.592	-85.642
-11.244	-78.84
-10.801	-70.491
-10.104	-62.142
-9.2803	-53.178
-8.4884	-46.995
-7.3798	-38.956
-6.493	-33.391
-5.6062	-27.825
-4.5926	-21.951
-3.6107	-16.386
-2.5972	-10.203
-1.7737	-4.3284
-1.1086	0.9275
-0.34841	9.275
0.19004	17.005
0.88685	25.661
1.9954	36.792
2.5972	42.047
3.294	47.921
3.8641	53.178
4.8777	58.743
5.6695	62.76
6.398	66.781
6.9681	70.184
7.7916	74.201
8.5202	77.292
9.3753	81.314
10.357	85.023
11.054	88.115
11.592	89.97
11.814	90.277
11.814	88.422
11.592	82.857
11.529	79.766
11.244	74.819
10.801	67.711
10.262	59.98
9.6604	53.797
9.0585	48.539
8.2034	41.429
7.3165	35.864
6.303	29.68
5.4795	25.661
4.6559	21.024
3.7057	15.768
2.7239	10.512
2.0588	6.4926
1.5203	1.5458
0.91853	-2.7825
0.41175	-9.5841
-0.41175	-20.405
-1.2669	-30.608
-2.1222	-39.883
-2.9456	-47.302
-3.8325	-54.104
-4.9727	-61.523
-6.4296	-69.254
-7.2532	-73.894
-8.3618	-80.077
-9.2803	-83.787
-10.072	-86.878
-10.706	-89.658
-11.181	-92.132
-11.561	-93.68
-11.846	-93.986
-11.561	-87.497
-11.307	-81.002
-11.022	-72.964
-10.452	-65.851
-9.8821	-59.668
-9.0585	-51.631
-8.0451	-44.212
-7.2215	-37.719
-6.588	-33.391
-5.8279	-28.753
-4.9093	-23.497
-4.1492	-18.86
-3.2306	-13.913
-2.3438	-8.3475
-1.4887	-2.7825
-0.82351	3.7101
-0.25339	11.439
0.15837	16.386
0.85518	25.661
1.4887	33.081
2.1538	40.502
3.2306	48.539
4.371	55.34
5.226	59.98
6.1763	65.233
7.0631	69.873
7.9499	73.894
8.8052	77.604
9.502	81.002
10.294	84.405
10.959	86.567
11.497	88.115
11.814	89.04
11.878	88.422
11.656	84.405
11.244	75.437
10.832	67.399
10.135	58.432
9.4703	51.012
8.5518	43.903
7.2532	35.555
5.9545	28.135
5.0677	23.497
4.0542	17.005
2.6923	9.275
1.6787	2.7825
0.47509	-7.4201
-0.09502	-14.84
-0.9502	-25.043
-1.9954	-35.555
-3.0723	-46.684
-4.371	-56.27
-5.7962	-65.545
-7.1899	-73.276
-8.6785	-80.077
-9.787	-85.023
-10.801	-89.658
-11.434	-91.825
-11.814	-93.368
-11.624	-87.185
-11.339	-80.077
-10.896	-72.039
-10.357	-63.997
-9.5654	-56.27
-8.7735	-49.157
-7.7916	-42.356
-6.8415	-35.245
-5.8279	-28.753
-4.7509	-23.497
-3.5474	-17.005
-2.6605	-11.13
-1.8371	-4.9469
-0.91853	3.0917
-0.31674	9.275
0.19004	17.005
0.91853	25.97
1.7421	34.009
2.6605	42.356
3.7375	50.394
5.1944	58.125
6.0813	63.378
7.1899	68.947
8.2034	72.657
9.0585	76.674
9.9454	81.002
10.737	84.094
11.371	85.642
11.846	87.803
11.941	87.803
11.466	77.604
10.959	68.636
10.23	59.362
9.3119	50.394
8.3618	42.356
7.2215	34.936
5.8279	25.97
4.6243	19.478
3.2306	11.749
1.9954	4.9469
0.69681	-5.256
0	-15.149
-1.0452	-26.28
-2.1538	-36.482
-3.5474	-49.469
-4.7509	-58.125
-5.8595	-64.308
-7.0949	-70.491
-8.4251	-77.604
-9.7554	-84.405
-10.832	-89.04
-11.719	-91.513
-11.719	-87.497
-11.434	-80.384
-10.864	-71.728
-10.199	-62.453
-9.4703	-54.722
-8.6152	-47.921
-7.7283	-41.738
-6.7781	-35.245
-5.7962	-28.753
-4.5293	-21.333
-3.6741	-16.386
-2.4388	-9.5841
-1.6153	-3.0917
-1.0452	1.855
-0.38009	9.5841
0.28506	18.55
0.91853	25.97
1.5519	32.772
2.2172	40.192
3.199	47.614
4.2442	54.104
5.6062	60.287
6.9681	66.781
7.8549	71.109
8.8368	75.13
9.692	78.84
10.452	81.932
11.276	84.094
11.719	85.949
11.878	85.949
11.466	79.766
10.927	68.018
10.199	58.743
9.3753	51.012
8.7102	44.829
7.5382	36.173
6.3346	29.371
5.2578	22.879
4.1492	17.005
2.9456	10.203
1.8371	4.0192
0.91853	-3.0917
0.15837	-10.821
-0.72848	-21.642
-1.5837	-32.772
-2.8823	-46.377
-4.0542	-55.34
-5.4795	-62.76
-6.9365	-71.109
-8.2667	-77.604
-9.8188	-84.712
-10.927	-88.733
-11.529	-91.513
-11.846	-92.132
-11.561	-84.405
-11.212	-77.292
-10.579	-66.474
-9.8821	-58.743
-8.8368	-50.394
-8.0133	-44.212
-7.1581	-38.028
-6.3664	-32.154
-5.4162	-26.589
-4.4026	-20.714
-3.4207	-15.768
-2.4388	-9.5841
-1.5203	-1.5458
-0.79183	4.9469
-0.031674	12.985
0.47509	20.714
1.0769	28.135
1.9004	35.864
2.8189	44.522
4.0225	51.631
5.0677	56.888
5.9229	62.142
6.9681	67.399
8.2984	72.346
9.502	77.604
10.515	81.932
11.307	84.712
11.719	85.949
11.846	85.023
11.529	77.604
11.022	69.254
10.357	60.287
9.4703	51.012
8.6152	44.212
7.4116	35.245
5.9545	26.898
4.6243	19.169
3.5474	12.985
2.4705	6.8018
1.5837	1.5458
0.69681	-5.5652
0.031674	-13.294
-0.66514	-23.188
-1.8054	-34.627
-3.1356	-46.377
-4.5926	-56.577
-6.0813	-65.851
-7.6332	-73.276
-8.9002	-79.147
-10.104	-84.712
-11.086	-89.04
-11.656	-90.895
-11.909	-91.513
-11.624	-84.712
-11.181	-76.367
-10.674	-68.018
-10.199	-62.142
-9.2486	-52.56
-8.2034	-44.829
-7.0949	-37.41
-6.0179	-30.299
-4.9411	-24.425
-3.8325	-17.005
-2.7873	-11.13
-1.7103	-3.0917
-1.0769	2.1642
-0.25339	10.821
0.22172	16.696
1.1402	27.516
1.6787	33.391
2.6923	42.047
3.8325	50.087
5.0361	56.888
6.1446	62.453
7.2848	67.399
8.4251	72.964
9.597	77.911
10.515	81.932
11.212	84.405
11.719	85.949
11.973	86.26
11.561	79.459
11.054	68.018
10.199	57.507
9.3753	49.776
8.4568	41.738
7.2532	34.009
5.9545	26.28
4.8143	19.787
3.1674	11.749
2.2488	6.8018
1.2036	-0.61835
0.31674	-9.5841
-0.66514	-21.951
-1.8054	-33.7
-3.1356	-45.141
-4.561	-56.27
-5.7012	-62.76
-6.8731	-68.947
-8.0133	-75.13
-9.1853	-80.695
-10.167	-84.405
-10.864	-87.185
-11.592	-89.97
-11.846	-89.97
-11.687	-85.023
-11.402	-78.222
-10.832	-70.184
-10.325	-63.378
-9.692	-55.959
-8.6468	-47.302
-7.76	-40.502
-6.6514	-33.7
-5.8913	-29.371
-4.7827	-23.188
-3.7375	-17.005
-2.7239	-10.821
-1.8371	-4.9469
-1.1402	1.5458
-0.41175	8.6567
0.12669	15.768
0.85518	24.734
1.9004	35.555
3.0723	43.593
4.1492	51.012
5.1311	56.888
6.2713	62.76
7.3798	67.711
8.6468	72.964
9.407	76.367
10.389	80.695
11.181	83.168
11.624	84.405
11.846	85.023
11.624	79.766
11.181	70.802
10.579	61.835
10.009	55.033
9.3436	48.232
8.4251	41.12
7.4748	34.936
6.1446	26.589
5.0677	21.642
3.9275	15.149
2.9773	9.8933
1.9638	3.4009
1.0769	-3.0917
0.25339	-12.367
-0.25339	-19.169
-1.1719	-29.062
-2.3122	-40.502
-3.8641	-51.324
-5.4162	-59.668
-6.8097	-67.399
-8.4251	-74.201
-9.4703	-79.147
-10.547	-83.787
-11.339	-85.949
-11.687	-86.878
-11.941	-87.803
-11.592	-80.077
-11.117	-72.657
-10.515	-64.926
-9.8504	-58.125
-9.1535	-51.631
-8.2984	-44.829
-7.4432	-38.028
-5.8595	-28.135
-4.3392	-19.787
-3.5157	-14.531
-2.1854	-6.8018
-1.3619	0
-0.57012	6.8018
0.031674	14.222
0.60179	21.642
1.2036	29.371
2.5022	39.265
3.3257	45.447
4.3076	51.012
5.0677	55.34
5.7012	58.743
6.6197	63.071
7.2532	66.474
8.0133	69.566
8.5518	71.728
8.7418	72.657
8.4568	67.711
8.0767	60.598
7.4116	51.324
6.7781	44.829
5.9863	38.337
5.1628	31.227
3.9908	23.497
3.0406	16.077
2.2172	10.203
1.6787	4.3284
0.79183	-3.7101
-0.031674	-13.294
-1.1086	-24.734
-2.2805	-35.245
-3.5474	-46.377
-4.9093	-54.415
-6.0496	-61.835
-6.9999	-67.399
-7.8549	-71.109
-8.3301	-73.276
-8.6785	-74.201
-8.0767	-66.163
-7.4748	-59.668
-6.9047	-52.867
-6.0496	-44.522
-5.1944	-36.482
-4.3076	-28.753
-3.389	-21.951
-2.4388	-14.222
-1.7103	-5.5652
-0.76016	3.4009
-0.15837	11.13
0.38009	19.787
1.1086	28.444
2.0588	37.101
3.1674	45.141
4.1808	51.324
4.9093	55.34
5.7962	60.287
6.9999	65.545
8.4251	72.346
9.5336	76.674
10.642	81.314
11.497	83.475
12.384	86.26
13.367	87.803
14.633	89.04
15.551	89.658
16.471	90.277
17.325	89.658
17.8	89.658
17.959	89.351
17.959	85.949
17.864	78.222
17.389	68.636
16.85	59.362
16.217	51.942
15.425	45.447
14.38	38.337
13.208	32.463
12.036	26.589
10.769	21.333
9.502	16.077
7.9817	11.13
6.8415	8.0384
5.5428	4.3284
4.2126	0.30917
2.8823	-4.3284
1.6471	-9.275
0.57012	-16.696
0.063346	-20.714
-0.9502	-28.753
-2.6923	-42.047
-4.1492	-51.942
-5.3212	-59.05
-6.2396	-63.997
-7.3165	-69.873
-8.3934	-74.512
-9.2803	-78.84
-10.357	-82.857
-11.117	-85.642
-11.814	-87.803
-12.765	-89.97
-13.999	-91.825
-15.267	-93.061
-16.407	-92.75
-17.167	-92.443
-17.548	-92.75
-17.864	-92.75
-17.705	-86.26
-17.548	-78.529
-17.198	-71.109
-16.596	-62.142
-15.837	-53.797
-14.919	-46.684
-13.999	-40.502
-13.017	-35.864
-11.339	-29.68
-9.3436	-23.497
-7.8549	-17.623
-6.2713	-11.439
-4.466	-5.8743
-3.294	-0.61835
-2.1538	5.8743
-0.98188	14.84
0.031674	21.951
1.0135	29.99
1.9004	37.41
2.9456	44.522
4.1175	50.394
5.6062	55.959
6.9999	60.905
8.5518	64.615
10.072	68.636
11.656	72.657
13.271	75.13
14.728	77.604
15.805	78.84
16.787	80.077
17.452	80.695
17.864	80.695
18.023	81.002
17.832	75.437
17.516	68.947
16.882	60.598
16.217	52.249
15.33	44.829
14.412	38.956
13.24	31.845
12.068	26.28
10.737	21.642
9.597	16.696
8.4568	13.294
7.0949	8.9658
6.0179	5.256
4.8777	2.4734
3.8959	0
2.7873	-4.0192
1.5519	-9.275
0.53844	-16.696
-0.25339	-24.116
-1.2036	-32.463
-2.5655	-42.356
-4.0858	-51.631
-5.2578	-57.814
-6.303	-61.835
-7.4748	-65.851
-8.4568	-68.636
-9.7554	-72.346
-11.086	-75.13
-12.163	-76.985
-13.588	-79.766
-14.728	-81.932
-15.837	-83.475
-16.914	-85.023
-17.484	-86.26
-17.705	-86.26
-17.927	-85.642
-17.673	-79.459
-17.294	-70.802
-16.723	-63.071
-15.994	-55.34
-15.203	-49.157
-14.317	-43.903
-13.461	-39.265
-12.479	-34.936
-11.086	-29.371
-9.7554	-24.425
-8.5518	-21.024
-7.0315	-15.768
-5.1944	-9.8933
-3.9908	-4.3284
-2.7239	0.9275
-1.6787	8.0384
-0.41175	17.623
0.34841	25.043
1.2986	33.081
2.6605	40.192
3.7057	45.141
4.8143	49.469
6.493	54.104
8.0451	58.743
9.1535	62.142
10.611	65.851
11.878	69.254
13.556	72.039
14.76	74.201
15.869	75.749
16.882	76.674
18.148	77.911
19.352	78.222
20.493	78.84
21.57	79.459
22.963	79.766
23.565	80.077
23.976	79.766
24.23	79.766
24.167	77.604
24.008	70.184
23.755	61.835
23.249	52.867
22.583	45.141
21.854	39.265
21.063	33.081
20.018	26.898
19.068	22.26
17.927	17.314
16.153	12.058
14.981	8.6567
13.367	5.8743
11.973	3.4009
10.452	0.61835
8.8052	-1.2367
7.4116	-3.7101
6.1129	-7.1109
4.7827	-10.821
3.5791	-14.531
2.6605	-18.55
1.5519	-23.188
0.57012	-28.444
-0.31674	-33.7
-1.3936	-38.647
-2.4388	-44.829
-3.8325	-50.394
-4.8143	-53.178
-5.9545	-56.888
-6.9365	-60.598
-8.0451	-64.308
-9.1535	-68.018
-10.547	-71.109
-11.751	-74.201
-12.606	-76.056
-13.303	-77.604
-14.474	-79.459
-15.235	-80.384
-16.248	-81.314
-17.198	-82.55
-18.023	-83.168
-19.036	-84.094
-19.638	-84.405
-20.493	-84.405
-21.031	-84.712
-21.822	-85.023
-24.003	-85.317
-23.438	-76.367
-23.185	-70.184
-22.774	-61.216
-22.361	-55.033
-21.601	-47.614
-20.936	-42.666
-20.207	-37.41
-19.289	-33.391
-18.529	-29.99
-17.61	-25.661
-16.533	-22.569
-15.519	-19.478
-14.348	-16.386
-13.271	-13.604
-12.004	-10.203
-10.769	-7.4201
-9.4703	-5.256
-8.3618	-3.0917
-7.1265	-0.30917
-5.9545	2.4734
-4.7193	5.8743
-3.4841	9.5841
-2.3755	14.222
-1.3303	19.787
-0.50677	25.043
0.69681	30.917
1.8054	36.173
2.8823	39.883
4.4342	44.829
5.6378	47.921
7.4432	51.631
8.9002	55.652
10.199	58.125
11.782	60.598
13.271	63.071
14.696	64.926
15.837	66.781
17.071	67.399
18.148	68.329
19.416	69.566
20.683	70.184
21.918	70.491
22.868	71.109
23.628	70.491
24.167	70.491
24.483	70.491
24.483	67.093
24.294	62.142
24.135	55.959
23.755	48.85
23.185	42.666
22.297	34.627
21.474	29.062
20.62	23.806
19.479	18.55
18.339	14.84
17.167	11.13
15.394	6.1835
13.873	2.7825
12.765	0.9275
11.339	-1.855
9.4386	-4.0192
8.0767	-6.4926
6.9047	-8.6567
5.6378	-10.203
4.7827	-12.676
3.5157	-15.458
2.1854	-20.096
1.2986	-23.497
0.53844	-27.207
-0.28506	-31.845
-1.4253	-37.101
-2.7555	-43.903
-3.8641	-47.921
-4.8461	-51.012
-5.8595	-53.797
-7.1265	-56.888
-8.3618	-59.05
-9.7238	-61.523
-10.896	-63.071
-11.973	-65.233
-13.683	-67.399
-15.615	-69.873
-17.262	-71.421
-18.877	-72.346
-20.461	-72.964
-21.601	-73.276
-22.774	-73.276
-23.28	-72.657
-23.819	-72.964
-23.945	-72.346
-23.724	-64.926
-23.374	-56.27
-22.742	-48.232
-21.918	-39.574
-20.809	-32.772
-19.7	-26.589
-18.402	-21.951
-17.294	-17.932
-16.09	-14.84
-14.412	-10.512
-13.113	-7.4201
-11.814	-5.5652
-10.357	-2.1642
-8.7102	0
-7.1899	3.7101
-6.208	6.1835
-4.9093	9.5841
-3.5474	14.531
-2.1222	18.241
-0.88685	22.569
0.31674	27.516
1.6471	31.845
3.009	36.482
4.6243	39.883
6.1129	43.593
7.6016	46.377
9.0585	48.85
10.674	51.631
12.321	53.797
13.746	55.652
14.981	57.507
16.533	58.743
17.991	59.668
19.384	60.287
20.745	61.216
21.886	61.523
23.122	62.453
23.881	62.142
24.357	62.142
24.642	62.142
24.958	61.835
