BRI No. 3 (Japan) ws26bs	
2498	
0	0
0.088745	2.8983
0.1479	8.6949
0.20707	13.622
0.26623	18.55
0.35498	23.477
0.50288	29.273
0.70996	36.519
0.88745	42.606
1.0945	47.245
1.1833	50.429
1.3312	53.908
1.4495	56.23
1.5678	58.837
1.479	54.491
1.3903	49.273
1.272	42.606
1.1833	36.809
0.94661	30.433
0.7987	20.868
0.6508	11.883
0.50288	5.7965
0.3254	-1.739
0.1479	-8.985
0	-15.941
-0.1775	-24.346
-0.41415	-31.882
-0.56205	-39.417
-0.82828	-45.505
-0.94661	-49.851
-1.0354	-53.041
-1.1833	-57.097
-1.1241	-52.169
-1.0649	-47.534
-0.97619	-42.026
-0.85786	-33.911
-0.62121	-25.795
-0.41415	-17.39
-0.29582	-10.434
-0.11833	-2.8983
0	2.3187
0.088745	7.5357
0.29582	14.202
0.4733	21.738
0.68038	28.983
0.94661	37.099
1.2128	44.345
1.4199	51.59
1.8636	59.998
2.0707	65.794
2.3665	70.718
2.6327	74.779
2.8103	78.547
2.8694	79.703
2.7807	72.168
2.4553	62.893
2.2777	57.097
2.0411	49.562
1.6862	41.446
1.3903	32.461
1.0649	24.346
0.76912	14.492
0.62121	7.5357
0.35498	-1.4492
0.20707	-8.985
-0.11833	-20.578
-0.38456	-31.302
-0.70996	-42.606
-0.94661	-50.429
-1.272	-57.676
-1.5678	-65.794
-1.9524	-74.485
-2.3073	-80.864
-2.6623	-86.66
-2.8103	-89.271
-2.8694	-90.139
-2.8103	-84.921
-2.6031	-75.936
-2.3961	-67.822
-2.2482	-61.737
-2.1299	-55.936
-1.8932	-49.273
-1.6566	-42.316
-1.3608	-35.65
-1.1241	-28.114
-0.82828	-19.999
-0.53247	-12.173
-0.26623	-3.7679
0	3.478
0.29582	11.883
0.59163	19.419
0.82828	25.795
1.1833	34.78
1.479	43.186
1.9228	53.908
2.2186	62.893
2.4553	68.689
2.6919	73.618
2.8398	77.675
2.9286	77.675
2.6919	67.822
2.3961	57.387
2.0707	48.401
1.5974	36.519
1.1833	26.665
0.7987	15.361
0.50288	7.5357
0.3254	0.57965
0.11833	-7.8258
-0.38456	-17.97
-0.73953	-27.244
-1.0945	-36.519
-1.479	-45.794
-1.8044	-55.358
-2.1299	-64.344
-2.4257	-71.59
-2.7215	-78.258
-2.8694	-82.314
-2.7215	-77.675
-2.4553	-67.244
-2.2777	-58.258
-1.982	-48.69
-1.5678	-38.838
-1.272	-30.143
-0.94661	-20.288
-0.6508	-12.753
-0.29582	-4.0577
-0.059163	2.6085
0.26623	11.593
0.6508	19.419
0.97619	27.824
1.3903	41.736
1.7454	49.562
2.1003	58.258
2.3961	65.505
2.6623	71.59
2.8398	75.068
2.6327	66.083
2.3073	55.069
1.8932	44.633
1.4495	33.621
1.2128	25.216
0.7987	14.781
0.44373	4.6373
0.29582	-1.1593
-0.059163	-11.593
-0.59163	-24.056
-1.0354	-35.07
-1.3903	-44.345
-1.6862	-52.462
-2.1299	-63.765
-2.4257	-71.59
-2.6919	-78.258
-2.8398	-81.153
-2.6031	-71.301
-2.4257	-62.604
-2.0707	-53.041
-1.7454	-43.186
-1.5678	-37.389
-1.2424	-29.563
-0.85786	-19.999
-0.56205	-12.463
-0.35498	-6.9561
-0.11833	-0.28983
0	3.7679
0.35498	12.463
0.76912	22.317
1.0945	31.882
1.4199	40.577
1.7454	49.273
2.1003	56.23
2.3961	63.765
2.6623	71.301
2.8103	75.068
2.8103	75.357
2.5735	65.505
2.4257	57.676
2.189	48.984
1.7454	38.838
1.3608	28.983
0.94661	18.839
0.56205	8.4054
0.29582	-1.1593
-0.088745	-12.463
-0.53247	-22.897
-0.94661	-33.041
-1.3608	-43.186
-1.8044	-54.197
-2.2777	-64.922
-2.4553	-70.429
-2.6919	-75.357
-2.6327	-71.59
-2.3073	-63.472
-2.189	-56.808
-1.9524	-47.823
-1.6566	-39.417
-1.3903	-31.882
-0.97619	-21.448
-0.6508	-13.622
-0.29582	-5.5069
-0.059163	2.0288
0.20707	8.985
0.59163	18.26
0.82828	25.795
1.1241	32.751
1.479	42.316
1.8044	50.429
2.2482	59.704
2.5441	66.661
2.7807	72.751
2.8398	73.907
2.6327	63.765
2.2777	52.462
1.8932	42.316
1.5678	34.201
1.0649	19.999
0.68038	8.985
0.3254	-1.1593
0.088745	-8.4054
-0.38456	-18.55
-0.85786	-31.882
-1.3312	-44.055
-1.6862	-52.169
-1.982	-59.998
-2.3369	-67.822
-2.5441	-75.068
-2.7511	-78.836
-2.5145	-69.85
-2.2482	-59.998
-2.0707	-51.88
-1.834	-44.633
-1.479	-36.229
-1.1833	-28.983
-0.85786	-18.55
-0.4733	-8.985
-0.1479	-1.739
0.1479	8.1153
0.50288	17.1
0.88745	26.954
1.3608	39.128
1.6862	47.823
2.1003	58.837
2.5441	66.95
2.7215	71.301
2.7807	69.561
2.5441	59.998
2.1595	49.273
1.7158	38.258
1.2424	26.665
0.73953	12.753
0.35498	0.86949
0.1479	-4.6373
-0.3254	-16.521
-0.7987	-28.983
-1.2424	-39.708
-1.6862	-50.429
-2.1299	-62.315
-2.5145	-71.301
-2.7511	-77.386
-2.6031	-71.301
-2.3073	-61.154
-2.0116	-51.301
-1.6862	-42.316
-1.1537	-27.534
-0.7987	-17.1
-0.44373	-8.4054
-0.1479	0.57965
0.1775	8.4054
0.56205	18.55
0.82828	25.795
1.1833	35.07
1.627	45.216
1.9228	52.462
2.2777	62.026
2.6031	69.561
2.8103	71.879
2.6623	63.765
2.3073	52.169
1.834	41.446
1.479	31.882
1.0945	22.317
0.7987	15.651
0.59163	8.4054
0.26623	-0.86949
-0.088745	-10.724
-0.53247	-21.448
-0.85786	-29.853
-1.1537	-36.809
-1.5086	-46.084
-1.834	-55.647
-2.2482	-65.211
-2.5735	-74.196
-2.7807	-79.703
-2.899	-80.864
-2.5735	-69.561
-2.2482	-59.126
-2.0116	-50.14
-1.6566	-40.287
-1.2128	-29.273
-0.82828	-19.129
-0.50288	-8.6949
-0.23665	-1.4492
0.1479	7.5357
0.56205	15.651
0.97619	28.114
1.3608	36.519
1.7158	46.373
2.1299	55.647
2.3665	62.604
2.6623	66.372
2.7511	65.794
2.4257	55.069
1.9524	43.765
1.5086	32.751
0.97619	18.26
0.56205	7.5357
0.23665	-1.739
-0.088745	-11.883
-0.50288	-22.897
-1.0354	-35.07
-1.3903	-44.345
-1.8636	-55.358
-2.2777	-66.083
-2.6327	-76.225
-2.7807	-82.025
-2.6327	-72.457
-2.2777	-62.893
-2.0707	-53.041
-1.6566	-41.736
-1.3016	-31.592
-0.97619	-21.738
-0.50288	-10.434
-0.059163	-0.86949
0.29582	8.985
0.68038	18.839
0.91703	26.954
1.272	36.229
1.6862	45.505
2.0411	54.491
2.4257	64.344
2.6919	70.429
2.8103	70.718
2.6623	63.472
2.3665	53.619
1.982	42.896
1.4495	30.723
1.0058	18.55
0.56205	6.9561
0.1775	-4.9273
-0.11833	-13.912
-0.59163	-25.795
-1.0354	-34.78
-1.3903	-45.505
-1.775	-55.358
-2.1595	-63.472
-2.5441	-73.329
-2.7807	-78.836
-2.8694	-81.153
-2.6327	-71.301
-2.189	-58.837
-1.9228	-47.823
-1.5086	-36.229
-1.0945	-25.506
-0.68038	-15.071
-0.29582	-4.9273
0	3.1882
0.53247	15.651
0.88745	24.346
1.3016	33.621
1.7454	44.923
2.0707	54.197
2.3961	61.737
2.6919	68.111
2.8398	69.272
2.5735	58.548
2.0411	45.216
1.6862	35.939
1.272	26.085
0.88745	14.492
0.59163	6.0865
0.26623	-3.1882
-0.1479	-13.332
-0.73953	-26.665
-1.1833	-39.708
-1.627	-49.273
-2.0411	-59.415
-2.4257	-67.244
-2.7511	-74.779
-2.5145	-64.922
-2.189	-54.491
-1.775	-42.606
-1.272	-29.853
-0.85786	-18.26
-0.44373	-8.985
-0.1479	1.4492
0.23665	11.593
0.73953	23.766
1.1537	33.331
1.7454	46.955
2.3369	62.026
2.7511	72.457
3.2244	80.286
3.7864	87.239
4.2301	91.006
4.733	95.067
5.1472	96.807
5.4726	98.546
5.7683	99.413
5.7683	95.935
5.7387	91.006
5.5909	84.632
5.3542	78.258
5.1176	70.429
4.6739	60.576
4.2893	50.723
3.7273	39.708
3.1948	29.563
2.6327	17.39
2.0411	7.2457
1.3903	-2.0288
0.73953	-11.303
0.1775	-17.97
-0.26623	-24.926
-0.82828	-33.331
-1.3903	-44.633
-1.8932	-57.097
-2.4257	-70.14
-2.7807	-78.836
-3.1652	-85.793
-3.6386	-92.167
-4.2301	-97.674
-4.8514	-101.44
-5.4726	-102.89
-5.7683	-102.6
-5.7387	-99.702
-5.5613	-92.456
-5.2951	-83.764
-4.9402	-72.457
-4.4668	-63.183
-4.0823	-52.751
-3.4314	-42.316
-2.9286	-32.751
-2.3665	-23.477
-1.8636	-15.651
-1.0649	-4.0577
-0.50288	3.478
0.1479	12.753
0.91703	22.607
1.8044	33.331
2.6031	44.055
3.4018	55.936
3.8752	64.344
4.4964	73.04
4.9696	80.286
5.443	88.4
5.6205	92.167
5.6797	93.617
5.6501	86.371
5.443	78.836
5.236	72.457
4.8218	62.604
4.3781	52.462
3.8752	42.026
3.106	27.824
2.4257	16.81
1.5678	5.2169
0.76912	-4.3475
0.059163	-13.332
-0.59163	-22.897
-1.479	-34.49
-2.3961	-45.216
-3.1652	-55.069
-3.9343	-67.244
-4.4964	-77.675
-4.9106	-84.921
-5.2655	-90.428
-5.5613	-96.224
-5.7093	-98.252
-5.5613	-92.456
-5.4134	-86.371
-5.1176	-76.807
-4.7922	-66.95
-4.4077	-58.548
-3.9343	-49.562
-3.4018	-39.128
-2.8694	-30.143
-2.3073	-20.868
-1.7158	-12.463
-1.3016	-7.2457
-0.82828	-1.1593
-0.35498	5.2169
0	11.303
0.73953	20.288
1.7158	30.723
2.4553	40.577
3.106	50.14
3.609	59.126
4.2005	67.822
4.6739	75.357
5.1176	82.603
5.5021	87.821
5.7683	91.006
5.5909	83.764
5.3542	75.646
5.088	67.533
4.6739	57.965
4.2597	48.69
3.816	40.867
3.1356	30.143
2.5145	19.419
1.775	9.8546
1.0945	0.57965
0.56205	-5.7965
0	-13.332
-0.85786	-23.477
-1.5974	-35.07
-2.3369	-44.345
-3.0469	-55.069
-3.6681	-64.922
-4.1119	-71.011
-4.733	-80.286
-5.2655	-90.428
-5.6501	-95.067
-5.4726	-87.239
-5.1176	-77.964
-4.6739	-64.344
-4.1709	-53.619
-3.6977	-44.345
-3.2244	-34.201
-2.4553	-23.187
-1.834	-14.202
-1.272	-5.7965
-0.70996	1.1593
-0.1479	7.2457
0.44373	15.361
1.0354	23.187
1.834	32.172
2.5441	41.157
3.1356	49.562
3.6977	58.837
4.0823	66.083
4.733	74.779
5.236	82.314
5.5613	87.821
5.7387	90.139
5.5909	82.314
5.3247	73.618
4.881	63.183
4.4668	53.041
3.8752	43.765
3.4314	35.36
2.7511	23.477
2.1595	15.071
1.3903	4.0577
0.85786	-3.478
0.1479	-11.593
-0.53247	-19.129
-1.1833	-27.824
-1.8636	-36.809
-2.6031	-46.662
-3.2244	-56.519
-3.9343	-67.822
-4.526	-76.225
-4.9696	-84.054
-5.3838	-91.3
-5.6501	-95.357
-5.4726	-87.821
-5.1472	-77.097
-4.6739	-65.505
-4.2005	-53.908
-3.6386	-42.896
-2.9877	-31.882
-2.2482	-19.709
-1.4199	-8.6949
-0.68038	0.57965
0.059163	9.2745
0.70996	17.68
1.479	26.085
2.0411	33.041
2.8398	43.186
3.3132	51.012
3.8752	59.704
4.2893	67.244
4.8218	74.779
5.2064	81.153
5.4726	85.499
5.6797	88.978
5.5613	82.025
5.3838	74.485
4.9992	64.922
4.3781	52.751
4.0527	46.084
3.5498	35.65
2.9582	25.795
2.2186	15.651
1.3608	4.0577
0.70996	-5.5069
-0.1479	-14.492
-0.85786	-24.926
-1.5086	-34.49
-2.3073	-43.765
-2.9286	-53.041
-3.6681	-63.765
-4.3781	-74.779
-4.8218	-82.025
-5.236	-88.689
-5.4726	-92.167
-5.6205	-93.906
-5.4134	-86.371
-5.1768	-77.675
-4.8218	-66.95
-4.2893	-56.23
-3.6681	-43.765
-2.9582	-31.882
-2.3369	-22.317
-1.5974	-11.303
-1.0058	-2.8983
-0.3254	4.3475
0.1775	9.2745
0.82828	18.55
1.5086	26.665
2.2777	35.36
2.8398	44.055
3.461	53.041
4.0231	61.737
4.5555	70.718
4.9696	77.675
5.3838	83.471
5.6205	87.239
5.7387	87.821
5.4726	81.153
5.2951	74.485
5.1176	66.661
4.6443	56.808
4.3485	49.851
3.816	39.997
3.1356	28.404
2.5145	19.129
1.8636	10.724
1.2424	1.1593
0.50288	-7.8258
-0.20707	-16.231
-0.76912	-23.766
-1.5382	-33.621
-2.189	-42.026
-2.9582	-52.169
-3.6977	-63.183
-4.2301	-72.457
-4.7034	-79.992
-5.1768	-87.239
-5.5317	-93.328
-5.7093	-95.646
-5.5317	-89.271
-5.2951	-81.732
-5.0584	-72.168
-4.6443	-62.893
-4.2301	-53.908
-3.9047	-46.955
-3.5202	-39.708
-2.8398	-28.404
-2.3073	-20.868
-1.5974	-10.724
-1.0354	-2.6085
-0.38456	4.9273
0.1479	12.173
1.0058	21.448
1.7454	29.273
2.3369	37.389
2.8398	44.633
3.4018	52.751
3.9047	61.154
4.4077	69.85
4.7922	76.225
5.3542	83.182
5.6205	86.949
5.7093	85.21
5.4134	76.518
5.1768	70.429
4.733	60.287
4.2597	49.562
3.609	38.548
2.9877	28.404
2.3665	17.68
1.3903	5.5069
0.56205	-4.9273
-0.029582	-13.912
-0.76912	-23.766
-1.5678	-34.201
-2.3073	-43.186
-2.899	-51.301
-3.609	-61.154
-4.2005	-70.718
-4.7034	-79.703
-5.1768	-87.239
-5.4726	-92.167
-5.6797	-94.485
-5.7683	-95.646
-5.5613	-88.689
-5.3838	-82.314
-5.0584	-73.907
-4.7922	-65.794
-4.3485	-55.647
-3.9639	-47.245
-3.5498	-38.838
-2.9877	-30.723
-2.5145	-23.187
-1.9228	-13.912
-1.3016	-5.7965
-0.73953	0.86949
-0.3254	5.2169
0.23665	11.593
0.85786	18.839
1.5678	27.244
2.1299	35.36
2.6327	42.606
3.2244	51.301
3.9047	61.154
4.4668	69.272
4.9402	77.097
5.2951	82.314
5.5909	85.793
5.7093	87.821
5.5613	81.442
5.2951	75.357
4.9402	66.661
4.6443	59.126
4.2893	51.59
3.7568	40.867
3.1356	30.723
2.5441	21.738
2.0116	13.912
1.272	3.478
0.62121	-4.9273
0.059163	-11.883
-0.68038	-21.448
-1.5678	-32.751
-2.0707	-39.417
-2.8103	-50.14
-3.5794	-59.704
-4.1119	-69.272
-4.6443	-77.964
-5.1176	-86.371
-5.4726	-91.878
-5.7387	-95.067
-5.5613	-88.4
-5.2655	-79.125
-4.8514	-67.822
-4.3485	-56.23
-3.8752	-47.534
-3.2836	-36.809
-2.6919	-26.375
-1.982	-16.231
-1.4199	-8.4054
-0.88745	0
-0.4733	4.3475
0.088745	11.014
0.73953	17.97
1.5678	26.375
2.1595	34.78
2.6327	41.446
3.0764	47.823
3.7273	56.23
4.2893	64.633
4.6443	71.011
5.1472	78.547
5.443	82.893
5.6797	86.66
5.6205	82.603
5.3542	75.646
5.0584	66.372
4.7626	58.548
4.3781	50.14
3.8456	40.867
3.1948	31.302
2.6623	21.158
2.1003	13.332
1.3312	2.0288
0.41415	-9.5646
-0.1479	-17.1
-0.91703	-27.534
-1.5678	-35.65
-2.1595	-42.606
-2.899	-52.169
-3.3428	-60.287
-4.1415	-71.301
-4.8218	-80.575
-5.3838	-89.85
-5.6797	-94.485
-5.3838	-84.632
-5.1176	-75.646
-4.7626	-65.505
-4.2005	-53.041
-3.609	-42.316
-2.9582	-31.592
-2.4257	-23.477
-1.6566	-12.753
-1.0649	-4.0577
-0.56205	0.57965
0	7.2457
0.68038	15.071
1.3608	21.448
1.8932	28.404
2.4553	36.229
2.9582	44.055
3.6386	53.041
4.1415	61.154
4.7034	71.59
5.1176	77.675
5.4134	81.732
5.7093	85.21
5.5613	80.864
5.2655	73.04
4.881	62.026
4.526	53.33
3.8752	39.417
3.1948	28.404
2.5441	19.709
1.8932	11.303
1.2128	1.739
0.68038	-4.3475
0.059163	-11.303
-0.59163	-20.288
-1.3608	-31.012
-2.1299	-39.128
-2.7807	-48.112
-3.4018	-56.808
-4.0231	-65.794
-4.6443	-75.646
-5.0288	-81.442
-5.236	-86.949
-5.4726	-89.561
-5.6797	-92.745
-5.4134	-84.343
-5.088	-74.485
-4.7922	-65.211
-4.4373	-57.676
-4.0823	-49.851
-3.5202	-38.838
-2.9286	-29.273
-2.2777	-18.55
-1.4495	-6.9561
-0.70996	0.86949
-0.11833	6.9561
0.6508	15.941
1.3016	22.607
1.834	28.404
2.3073	34.78
2.6327	39.128
2.7511	40.867
2.7215	35.939
2.2777	28.404
1.8636	20.868
1.3016	12.463
0.82828	6.0865
0.11833	-2.8983
-0.23665	-8.6949
-0.7987	-15.651
-1.4495	-24.346
-1.9228	-31.012
-2.4257	-38.548
-2.6919	-42.316
-2.8398	-44.055
-2.7511	-36.519
-2.6327	-31.592
-2.4257	-24.346
-2.0411	-17.39
-1.5678	-9.5646
-0.97619	-3.478
-0.4733	2.6085
0.1775	9.5646
0.6508	14.492
1.479	24.636
2.1003	32.461
2.8103	42.026
3.4906	51.59
4.2301	63.183
4.7922	73.04
5.4134	81.732
5.7979	87.821
6.2713	92.167
6.8334	95.646
7.4841	98.252
8.1053	100.57
8.4012	101.15
8.6378	101.73
8.5194	96.513
8.2828	88.11
8.0758	78.547
7.8095	71.59
7.3362	60.865
6.8925	52.169
6.3896	43.475
5.5909	31.592
4.8514	22.317
4.2301	14.202
3.5498	5.5069
2.8398	-2.8983
2.0707	-9.8546
0.7987	-17.68
-0.059163	-24.056
-0.7987	-29.563
-1.4199	-33.331
-1.982	-38.258
-2.5441	-44.345
-3.1652	-52.751
-3.6681	-59.998
-4.2893	-70.14
-4.881	-79.125
-5.3247	-86.949
-5.6797	-91.3
-5.9755	-95.646
-6.567	-99.413
-7.0108	-101.44
-7.6321	-103.76
-8.2236	-104.34
-8.549	-104.63
-8.6674	-104.34
-8.6082	-99.992
-8.342	-92.745
-8.1644	-84.632
-7.9278	-75.357
-7.6321	-67.244
-7.2475	-59.998
-6.8334	-52.169
-6.4488	-44.633
-5.9459	-37.389
-5.4726	-30.433
-4.8514	-23.766
-4.2005	-17.1
-3.3132	-9.8546
-2.6031	-3.7679
-1.8636	1.1593
-0.97619	6.0865
-0.62121	8.985
0.35498	15.941
1.479	22.607
2.3665	30.143
3.3428	38.548
4.1119	45.794
5.0288	55.936
5.7387	62.893
6.4192	71.011
6.8925	76.518
7.4545	82.603
7.8687	88.11
8.2236	92.456
8.4604	95.646
8.5786	96.224
8.4012	88.11
8.2236	82.314
7.987	73.907
7.5433	63.183
7.07	53.041
6.508	44.345
5.7387	31.882
4.9696	22.317
4.1415	12.753
3.3428	4.0577
2.4257	-4.3475
1.4199	-11.303
0.53247	-17.97
-0.23665	-22.607
-1.1537	-29.853
-2.0411	-35.65
-3.0764	-42.606
-3.7864	-50.723
-4.5555	-58.837
-5.236	-66.083
-6.0642	-73.618
-6.863	-82.893
-7.6617	-91.589
-8.1053	-95.357
-8.49	-99.992
-8.697	-102.02
-8.5194	-96.513
-8.4012	-91.006
-8.194	-84.054
-8.0462	-77.097
-7.7503	-68.979
-7.3067	-60.576
-6.922	-52.751
-6.3896	-44.345
-5.7683	-35.65
-5.2064	-27.534
-4.5555	-20.578
-3.7864	-13.043
-2.9286	-5.7965
-2.0411	0
-1.0354	6.3765
-0.11833	13.622
0.76912	20.578
1.6566	26.665
2.6623	33.041
3.5202	40.287
4.4077	49.562
5.2064	56.808
5.8571	63.765
6.4192	71.011
7.07	77.675
7.6025	83.764
8.0166	88.4
8.342	93.039
8.6082	95.646
8.4012	86.371
8.1349	77.675
7.7799	67.533
7.2179	55.647
6.6854	45.794
5.9459	35.36
5.1768	24.636
4.4668	16.81
3.6977	8.4054
2.8398	0
2.3073	-4.3475
1.5678	-9.8546
0.23665	-18.839
-0.35498	-23.766
-1.3312	-31.302
-2.4553	-38.258
-3.3132	-45.216
-3.9639	-52.462
-4.7922	-59.415
-5.2951	-65.211
-5.9163	-72.168
-6.567	-79.703
-7.3362	-87.821
-7.9574	-94.485
-8.342	-97.963
-8.6082	-100.86
-8.7266	-101.44
-8.4308	-93.039
-8.2532	-86.082
-8.0462	-76.807
-7.6617	-66.95
-7.2179	-57.387
-6.6854	-47.534
-6.0347	-37.679
-5.4726	-28.983
-4.526	-19.709
-3.609	-11.593
-2.6623	-3.478
-1.4495	2.8983
-0.38456	10.434
0.11833	15.071
0.76912	20.288
1.7158	24.926
2.4849	31.012
3.1356	36.519
3.9047	43.475
4.6147	49.851
5.2655	56.519
5.8571	63.765
6.5375	70.429
7.0996	77.097
7.6912	84.343
8.1349	89.271
8.5194	93.328
8.6082	94.774
8.4012	86.082
8.1644	79.414
7.8983	70.718
7.4841	61.443
7.07	52.462
6.508	42.606
5.9163	33.911
4.9992	22.317
4.1709	12.753
3.3722	4.9273
2.7215	-1.1593
2.3073	-4.9273
1.6566	-8.6949
1.0354	-13.043
0.23665	-18.26
-0.41415	-23.187
-1.1537	-28.404
-1.8932	-33.331
-2.6031	-38.548
-3.461	-45.505
-4.0527	-51.59
-4.881	-58.548
-5.6501	-66.372
-6.2713	-73.618
-6.8334	-80.286
-7.3657	-86.082
-7.8095	-91.006
-8.194	-94.774
-8.4308	-97.385
-8.6674	-99.413
-8.4308	-91.006
-8.2236	-82.893
-7.9278	-74.196
-7.6321	-66.083
-7.1883	-56.519
-6.6262	-46.662
-6.1234	-38.838
-5.4726	-30.723
-4.7626	-23.187
-3.9935	-15.361
-3.254	-8.4054
-2.4553	-2.0288
-1.3903	4.3475
-0.1775	11.593
0.6508	17.39
1.6566	23.187
2.3961	28.694
3.2244	35.939
4.0231	43.475
5.0288	52.169
5.7683	60.576
6.5375	68.979
7.0996	75.936
7.7799	83.764
8.194	88.4
8.4308	91.589
8.6378	93.617
8.4604	86.371
8.194	77.386
7.7503	67.244
7.3067	56.808
6.5966	43.765
5.7979	33.041
4.9402	22.028
4.0527	11.593
3.254	3.478
2.3961	-3.478
1.5678	-8.985
0.70996	-15.651
0.059163	-19.419
-0.50288	-23.477
-1.3016	-28.983
-2.4257	-37.389
-3.3722	-44.633
-3.9935	-50.429
-4.8514	-58.548
-5.7093	-66.661
-6.5966	-75.646
-7.1883	-82.314
-7.7799	-89.271
-8.1644	-93.328
-8.4308	-95.935
-8.6378	-97.674
-8.4604	-89.271
-8.1644	-79.992
-7.7503	-69.272
-7.3657	-59.704
-6.8334	-50.14
-6.2417	-40.287
-5.5613	-31.012
-4.8514	-22.897
-4.0823	-15.071
-3.1652	-7.8258
-2.2777	-0.28983
-1.2128	5.2169
-0.53247	9.2745
0.3254	15.071
1.0945	20.288
1.8044	25.506
2.4849	30.433
3.254	36.809
3.9935	42.896
4.8514	51.301
5.5613	59.415
6.3304	66.95
7.0996	76.225
7.8095	82.893
8.342	88.689
8.5786	91.006
8.4308	85.793
8.194	78.258
7.8095	68.689
7.3953	59.704
6.8925	49.851
6.1529	39.128
5.5021	28.983
4.7626	19.419
3.9935	10.434
3.254	2.8983
2.4849	-2.8983
1.6862	-8.6949
0.91703	-13.912
0.1775	-18.55
-0.73953	-25.216
-1.3312	-29.273
-2.3369	-36.229
-2.9286	-40.287
-3.7864	-47.245
-4.4964	-54.197
-5.3247	-61.154
-6.0938	-69.272
-6.922	-78.547
-7.6912	-86.371
-8.2236	-92.456
-8.4604	-95.935
-8.5786	-96.224
-8.4012	-89.271
-8.1644	-80.864
-7.8391	-71.011
-7.4545	-62.604
-7.0404	-53.33
-6.3896	-42.896
-5.7683	-33.911
-5.0584	-25.216
-4.2597	-17.39
-3.5202	-10.724
-2.6919	-3.7679
-1.9524	0.86949
-0.94661	7.5357
0.029582	13.912
0.94661	19.709
1.8044	25.506
2.6031	31.302
3.5498	39.128
4.3781	46.662
5.1176	54.491
5.7683	60.865
6.3896	67.822
6.9812	75.068
7.5137	80.864
8.1349	87.239
8.4604	90.717
8.5786	91.006
8.3716	83.764
8.0166	73.618
7.6025	63.472
7.07	52.751
6.3896	41.446
5.6205	31.302
4.733	19.999
4.0231	11.303
3.0764	2.0288
2.0411	-5.7965
1.2424	-12.173
0.29582	-17.68
-0.29582	-22.897
-1.5678	-31.302
-2.5145	-38.258
-3.3722	-44.923
-4.3781	-52.751
-5.0288	-59.415
-6.0051	-69.85
-6.715	-77.964
-7.3953	-84.343
-7.8687	-89.271
-8.2828	-92.745
-8.549	-95.357
-8.3716	-89.271
-8.1053	-79.992
-7.8687	-71.011
-7.4249	-60.287
-6.863	-50.14
-6.2417	-40.287
-5.5317	-31.302
-4.7922	-22.317
-4.0527	-15.071
-3.106	-7.2457
-2.3073	-1.4492
-1.5086	3.1882
-0.6508	8.985
0.11833	13.912
1.0058	19.129
1.834	24.636
2.8398	32.751
3.816	40.867
4.5555	47.245
5.3542	55.358
6.1529	62.893
6.715	70.14
7.2475	75.936
7.8391	82.893
8.2532	87.532
8.5786	91.006
8.549	86.371
8.2236	79.125
7.9278	69.85
7.5137	60.576
6.9812	50.429
6.4192	39.708
5.5613	28.983
4.6443	18.55
3.9639	10.144
3.2836	2.3187
2.2777	-5.5069
1.1833	-12.173
0.20707	-18.55
-0.6508	-25.506
-1.5974	-31.882
-2.5735	-39.708
-3.5202	-47.534
-4.3781	-53.908
-5.1176	-60.287
-5.9163	-68.4
-6.8038	-76.807
-7.5729	-85.793
-8.0462	-90.717
-8.3716	-94.196
-8.549	-95.646
-8.4012	-89.271
-8.1349	-79.992
-7.6617	-68.979
-7.1291	-57.387
-6.567	-46.955
-6.1234	-39.417
-5.3838	-30.143
-4.6739	-21.158
-3.5794	-11.014
-2.5441	-3.478
-1.5974	2.8983
-0.6508	8.1153
0.1479	13.622
0.73953	17.97
1.834	25.506
2.6031	31.302
3.4906	37.389
4.2301	44.345
4.9106	50.429
5.5909	57.387
6.2417	64.633
7.0108	72.751
7.6321	81.442
8.1644	86.949
8.5786	90.717
8.4012	84.632
8.1644	75.936
7.6617	65.794
7.2475	55.647
6.8334	47.534
6.2713	37.389
5.6797	30.143
4.881	20.288
4.1119	11.593
3.3428	3.1882
2.7215	-2.8983
1.9228	-7.5357
1.0945	-14.202
0.059163	-20.868
-0.76912	-26.954
-1.4199	-31.592
-2.2482	-36.809
-3.2244	-43.475
-4.1119	-50.723
-4.7626	-55.936
-5.443	-62.315
-6.2121	-70.429
-6.922	-78.258
-7.5729	-85.499
-8.0758	-91.3
-8.3716	-94.196
-8.5786	-95.646
-8.3124	-87.239
-8.1644	-79.125
-7.8391	-70.14
-7.3362	-59.704
-6.8038	-49.273
-6.1234	-38.838
-5.4134	-29.273
-4.7626	-21.448
-3.8752	-13.912
-2.9286	-5.5069
-1.8932	2.0288
-0.82828	8.1153
0.059163	13.043
0.62121	17.1
1.6566	23.477
2.9877	33.041
3.8456	39.708
4.7922	49.273
5.6797	58.548
6.3896	66.372
7.07	73.329
7.5729	79.992
8.1349	85.499
8.49	89.561
8.549	90.139
8.2828	82.603
8.1644	75.357
7.8983	67.822
7.2475	55.358
6.5375	42.026
5.7387	30.143
4.733	16.81
3.8752	7.2457
2.9286	-2.0288
2.189	-5.7965
1.3016	-12.463
0.4733	-17.97
-0.3254	-23.766
-1.272	-29.273
-2.1003	-35.07
-3.1948	-42.316
-4.1709	-49.562
-4.7626	-54.78
-5.443	-62.026
-6.0642	-68.111
-6.715	-75.068
-7.3657	-81.153
-7.7799	-86.082
-8.194	-90.717
-8.49	-93.617
-8.6082	-93.617
-8.4308	-86.66
-8.194	-79.992
-7.8095	-69.85
-7.3657	-58.837
-6.8925	-49.851
-6.36	-41.446
-5.6205	-31.882
-5.0584	-24.636
-4.4077	-17.1
-3.4906	-9.2745
-2.6031	-3.1882
-1.5382	3.1882
-0.53247	10.144
0.38456	16.231
1.0649	21.448
2.3665	29.563
3.2244	35.939
3.9047	42.606
4.6443	49.851
5.3542	55.358
5.6501	58.548
5.5613	54.78
5.3542	49.273
5.0584	42.316
4.6739	35.939
4.3781	31.012
3.9047	23.766
3.461	19.419
2.7511	12.463
2.2186	7.2457
1.0649	-2.3187
0.35498	-7.8258
-0.1479	-12.753
-0.85786	-18.55
-1.6862	-24.636
-2.3073	-28.983
-2.899	-35.07
-3.461	-42.026
-3.9935	-48.401
-4.5555	-53.908
-4.9992	-57.676
-5.443	-62.026
-5.5317	-62.604
-5.443	-58.258
-5.2064	-52.169
-4.8218	-44.923
-4.526	-39.128
-3.8456	-28.404
-3.1652	-20.578
-2.6919	-15.361
-1.982	-8.985
-1.4199	-4.0577
-1.1537	-1.4492
-0.53247	3.7679
0.059163	8.985
0.94661	15.071
1.627	20.578
2.189	26.085
3.3428	35.36
4.1119	42.316
4.9696	51.012
5.8571	59.415
6.6854	68.4
7.4841	77.675
8.1349	84.632
8.6674	89.85
9.3477	94.774
10.058	97.385
10.679	98.835
10.886	99.702
11.27	100.28
11.507	100.57
11.596	100.28
11.537	96.513
11.359	91.006
11.241	84.343
10.916	77.097
10.679	70.14
10.354	61.154
9.9098	53.908
9.3181	43.475
8.4308	31.012
7.8391	23.766
7.0404	15.071
6.1825	6.0865
5.443	0.57965
4.2893	-6.6661
3.1356	-12.173
2.0116	-16.521
1.2128	-19.709
0.41415	-24.346
-0.38456	-28.114
-1.3903	-32.461
-2.0411	-36.809
-2.9582	-42.896
-3.816	-48.401
-4.4964	-53.908
-4.9992	-57.676
-5.5317	-63.183
-6.1825	-70.14
-6.9516	-77.097
-7.4841	-82.893
-8.1349	-90.428
-8.697	-94.774
-9.1111	-98.252
-9.9098	-100.57
-10.531	-102.6
-11.004	-103.47
-11.359	-104.05
-11.537	-104.34
-11.389	-99.413
-11.211	-91.589
-10.916	-83.471
-10.62	-72.168
-9.9986	-59.415
-9.4957	-50.723
-8.9632	-42.896
-8.2828	-33.911
-7.4841	-24.346
-6.567	-15.941
-5.5021	-8.6949
-4.2005	-0.57965
-3.106	4.3475
-1.5086	10.144
-0.53247	14.202
0.68038	19.999
1.5974	24.926
2.5441	29.563
3.5202	35.939
4.4964	41.736
5.4134	48.69
6.3896	55.647
7.1883	62.893
7.8983	68.689
8.549	74.779
9.4661	80.864
10.235	86.371
10.738	89.85
11.093	92.456
11.389	94.196
11.478	95.646
11.507	90.717
11.152	80.864
10.945	71.59
10.62	62.893
10.058	51.59
9.4365	42.606
8.6674	33.331
7.987	25.795
7.3657	18.839
6.5375	11.883
5.7683	5.7965
4.6739	-0.57965
3.2836	-8.4054
2.0707	-13.912
0.94661	-19.129
0.1479	-23.187
-0.70996	-27.534
-2.0116	-33.041
-3.254	-38.548
-4.1415	-44.345
-5.0288	-50.14
-5.7683	-56.808
-6.4192	-61.737
-7.2771	-68.689
-7.987	-73.618
-8.697	-79.414
-9.5548	-86.082
-10.117	-90.428
-10.62	-94.196
-11.034	-97.096
-11.27	-99.702
-11.478	-100.86
-11.33	-92.745
-11.063	-85.21
-10.738	-76.518
-10.442	-67.244
-9.8802	-56.23
-9.3181	-46.373
-8.549	-35.939
-7.8983	-27.824
-7.1291	-20.578
-6.1825	-12.463
-5.2655	-6.6661
-4.0823	-0.28983
-2.8398	5.2169
-1.5678	9.5646
-0.35498	14.202
0.73953	18.839
1.5086	24.056
2.5145	29.273
3.0764	31.882
3.9343	37.679
4.733	42.316
5.5613	48.984
6.4784	56.23
7.2179	62.026
7.987	68.4
8.697	73.907
9.614	79.992
10.324	85.21
10.916	89.85
11.241	92.167
11.537	93.617
11.418	87.532
11.182	77.675
10.797	68.111
10.383	59.126
9.8802	50.14
9.1407	39.128
8.3716	29.853
7.5137	20.868
6.6262	12.463
5.7387	5.7965
4.9992	0.28983
4.0823	-5.5069
2.8694	-11.593
1.7454	-16.521
1.3608	-18.55
0.59163	-21.448
-0.20707	-25.795
-1.3608	-30.433
-2.4849	-35.07
-3.2836	-38.838
-4.4668	-46.084
-5.1768	-51.301
-5.8571	-56.519
-6.5375	-60.865
-7.3067	-66.083
-7.8687	-71.301
-8.549	-76.225
-9.1999	-81.442
-9.7914	-86.371
-10.413	-90.428
-10.856	-93.617
-11.182	-96.807
-11.507	-98.546
-11.27	-91.3
-11.034	-83.471
-10.797	-73.329
-10.235	-63.183
-9.7027	-53.041
-9.1407	-42.896
-8.5194	-34.201
-7.8391	-26.375
-7.1587	-19.419
-6.3304	-13.043
-5.443	-6.3765
-4.526	-1.739
-3.5202	2.0288
-2.2186	7.2457
-1.3608	10.724
-0.35498	14.202
0.3254	17.68
1.1833	22.028
2.0707	26.375
2.8398	30.723
3.7568	35.07
4.5555	40.577
5.6205	47.823
6.5375	55.069
7.5433	63.472
8.3124	68.979
8.9336	74.196
9.8802	81.442
10.501	85.793
11.093	89.85
11.478	92.745
11.537	91.878
11.389	86.66
11.123	78.258
10.768	66.95
10.294	57.097
9.969	49.851
9.1407	39.128
8.194	27.534
7.2475	19.129
6.3896	11.883
5.5317	5.2169
4.5851	-1.1593
3.1356	-7.8258
1.9524	-14.781
0.94661	-19.709
0.11833	-23.187
-0.7987	-27.244
-1.8636	-32.172
-2.8103	-36.809
-3.6681	-40.577
-4.4964	-45.794
-5.3247	-51.59
-6.2713	-57.965
-7.2179	-64.633
-7.9574	-70.718
-8.8153	-77.097
-9.4957	-81.732
-10.058	-86.082
-10.561	-89.85
-10.916	-92.167
-11.211	-94.196
-11.389	-94.774
-11.182	-86.371
-10.797	-75.068
-10.413	-63.765
-9.8802	-54.491
-9.1703	-43.475
-8.6082	-34.78
-7.8391	-26.085
-6.9516	-17.97
-6.0938	-11.593
-5.088	-5.5069
-3.9639	0.57965
-2.7807	6.0865
-1.3608	10.724
-0.3254	14.202
0.44373	18.55
1.775	23.766
2.6919	28.114
3.3722	32.461
4.3189	39.417
5.3838	45.505
6.36	53.041
7.3067	60.576
8.0462	66.95
8.8153	72.751
9.5844	78.258
10.294	83.182
10.975	88.11
11.33	90.428
11.418	89.85
11.211	82.603
10.945	72.751
10.62	65.211
10.176	55.358
9.614	45.216
9.1407	38.838
8.4604	30.723
7.7503	22.897
7.0404	16.81
6.3304	10.434
5.5317	5.5069
4.5555	-0.57965
3.4314	-6.0865
2.6327	-11.593
1.5974	-16.231
0.53247	-21.448
-0.62121	-26.375
-1.7158	-31.012
-2.6623	-35.07
-3.9935	-41.446
-4.8218	-46.662
-5.7979	-54.491
-6.7446	-61.443
-7.6912	-67.533
-8.5786	-74.485
-9.7914	-83.764
-10.62	-89.85
-11.241	-95.646
-11.448	-97.096
-11.241	-90.139
-10.886	-82.025
-10.561	-71.011
-10.058	-57.965
-9.5548	-48.69
-8.8745	-39.417
-8.1349	-29.853
-7.2771	-20.868
-6.0938	-12.173
-4.7922	-4.0577
-3.1948	2.8983
-1.6862	8.985
-0.44373	14.492
0.62121	18.26
1.834	24.346
2.9286	29.273
3.8456	34.49
4.9106	42.896
5.8275	48.984
6.922	57.387
7.8687	65.211
8.697	72.168
9.6436	79.125
10.413	84.632
11.063	88.978
11.507	92.167
11.3	83.471
11.004	74.196
10.679	64.922
10.028	55.069
9.4365	44.345
8.7857	34.201
7.8095	23.766
7.0404	16.521
5.9755	8.6949
5.0288	1.739
4.0823	-4.0577
2.8103	-10.144
1.775	-15.651
1.0058	-19.129
-0.059163	-23.477
-0.91703	-26.954
-1.9228	-31.882
-3.0764	-37.679
-4.1119	-43.186
-5.1768	-49.562
-6.0938	-56.808
-7.0108	-63.472
-7.8687	-70.14
-8.6674	-76.518
-9.4365	-82.025
-10.176	-86.949
-11.034	-93.039
-11.389	-94.774
-11.182	-87.821
-10.945	-79.125
-10.709	-70.14
-10.146	-58.837
-9.4957	-48.401
-8.8449	-39.128
-8.1644	-30.723
-7.4249	-22.607
-6.4784	-14.781
-5.5021	-7.8258
-4.6739	-2.6085
-3.609	2.3187
-2.6327	5.7965
-1.5086	9.8546
-0.44373	13.622
0.41415	17.97
1.4495	22.028
2.4849	28.114
3.2244	32.172
4.0231	37.099
4.9696	43.475
5.9459	50.429
6.9516	57.676
7.7503	64.054
8.5194	70.14
9.614	77.675
10.354	82.893
10.975	87.239
11.359	90.139
11.507	91.006
11.359	84.921
11.123	75.068
10.738	65.505
10.176	55.069
9.7323	46.373
8.8745	35.65
8.1644	26.665
7.2475	17.68
6.3304	10.434
5.3247	4.3475
4.1119	-2.8983
3.1948	-7.8258
1.8932	-15.071
0.6508	-20.578
-0.20707	-24.346
-1.1833	-28.114
-1.9228	-31.592
-3.1356	-37.099
-4.0823	-42.606
-4.9992	-48.401
-5.9755	-55.647
-7.0996	-63.472
-7.8983	-68.689
-8.697	-75.357
-9.4957	-82.025
-10.206	-86.949
-10.856	-92.167
-11.211	-95.646
-11.507	-96.807
-11.241	-88.978
-11.063	-80.286
-10.797	-71.879
-10.442	-64.054
-9.969	-54.78
-9.3477	-45.216
-8.697	-36.809
-8.1644	-29.273
-7.1883	-20.288
-6.2417	-12.173
-5.088	-4.6373
-3.9047	0.57965
-2.6623	5.7965
-1.0945	10.724
-0.26623	13.912
0.41415	15.941
1.1241	19.419
2.2186	25.216
3.3132	31.592
4.2005	37.389
5.236	44.923
6.1825	51.88
6.922	57.387
7.8095	63.765
8.6378	70.718
9.4957	77.097
10.206	82.603
10.945	86.949
11.418	90.139
11.507	90.717
11.3	84.921
11.063	75.936
10.768	66.95
10.265	56.23
9.6436	45.216
9.1111	37.679
8.342	28.983
7.5433	20.868
6.6262	12.463
5.7387	6.3765
4.7034	-0.28983
3.6977	-6.0865
2.3961	-13.043
1.1833	-18.26
0.41415	-22.028
-0.38456	-25.216
-1.479	-30.143
-2.3665	-34.78
-3.2836	-39.708
-4.2005	-45.216
-5.2951	-50.723
-6.4192	-58.258
-7.3362	-64.633
-8.0758	-70.429
-8.9336	-76.518
-9.821	-82.603
-10.561	-88.978
-11.034	-92.167
-11.389	-93.328
-11.241	-88.4
-11.004	-82.314
-10.768	-74.485
-10.413	-64.922
-9.821	-55.069
-9.2885	-45.505
-8.6082	-35.36
-7.987	-28.404
-7.4545	-22.317
-6.6854	-15.941
-5.8571	-9.8546
-4.881	-4.0577
-3.5202	1.1593
-2.4849	5.5069
-1.4495	10.724
-0.23665	15.361
0.6508	19.129
1.5086	24.056
2.8398	30.723
3.816	36.229
4.6147	40.577
5.5613	47.534
6.3304	53.619
7.2475	59.704
8.1644	66.661
8.9927	72.751
9.7619	78.836
10.561	84.343
11.182	88.689
11.537	90.428
11.418	86.371
11.123	76.225
10.827	67.244
10.235	56.23
9.7027	46.373
9.2591	38.548
8.342	28.983
7.4249	19.999
6.6854	13.332
5.8275	7.2457
4.881	0.86949
3.9935	-4.0577
2.899	-9.8546
1.8636	-15.071
0.6508	-20.288
-0.11833	-23.766
-0.91703	-27.534
-1.5974	-30.143
-2.6327	-35.07
-3.5794	-39.997
-4.4964	-45.794
-5.5909	-52.169
-6.7742	-59.126
-7.6321	-66.372
-8.549	-73.04
-9.5253	-80.864
-10.413	-87.239
-10.916	-91.589
-11.211	-94.774
-11.418	-95.646
-11.3	-89.85
-11.063	-80.286
-10.738	-71.011
-10.294	-60.865
-9.6732	-49.851
-8.3716	-32.461
-7.6617	-24.636
-6.7446	-16.231
-5.8867	-9.8546
-4.9992	-4.0577
-3.9639	1.4492
-2.5441	6.3765
-1.627	10.434
-0.68038	13.622
0.3254	17.68
1.5086	23.766
2.5441	28.404
3.7568	35.36
4.6147	41.157
5.5021	48.69
6.508	57.676
7.4249	64.922
8.3716	71.879
9.3477	79.125
10.176	84.921
10.709	89.271
11.211	93.328
11.537	95.357
11.478	89.561
11.3	81.732
11.034	71.879
10.709	62.893
10.176	51.88
9.3773	39.708
8.3716	28.114
7.3362	18.55
6.36	11.014
5.3838	3.478
4.1415	-3.1882
2.8103	-10.144
2.1003	-13.912
1.0945	-18.55
0.4733	-20.868
-0.20707	-23.187
-1.2128	-27.824
-2.2482	-31.592
-3.0469	-35.939
-3.816	-40.577
-4.8218	-46.662
-5.8571	-53.33
-6.7742	-59.704
-7.6617	-65.794
-8.4308	-71.879
-9.1703	-77.097
-9.9986	-83.182
-10.472	-86.66
-10.916	-90.139
-11.241	-92.456
-11.389	-93.039
-11.211	-85.499
-11.034	-78.836
-10.797	-70.429
-10.442	-62.604
-10.146	-55.647
-9.6732	-48.112
-9.2591	-42.026
-8.6378	-33.911
-7.9574	-26.665
-7.1587	-18.55
-6.6262	-13.622
-5.7683	-7.2457
-4.881	-2.0288
-3.7568	3.1882
-2.5145	8.1153
-1.5382	11.303
-0.3254	16.521
0.59163	19.419
1.1833	22.607
1.982	26.375
3.6386	34.201
4.6147	39.417
5.5317	46.084
6.3896	52.751
7.2771	59.415
8.2828	66.372
8.5194	67.244
8.4012	62.315
8.194	57.097
7.8687	50.723
7.3067	41.736
6.7446	33.331
5.9755	24.056
5.1472	15.071
4.3781	8.4054
3.7273	3.1882
2.899	-0.86949
2.189	-5.5069
1.1537	-10.434
0.20707	-13.622
-0.53247	-17.39
-1.2424	-21.448
-2.0116	-25.506
-2.7807	-29.853
-3.3428	-32.461
-4.1709	-36.519
-5.3247	-44.055
-5.9755	-49.562
-6.7446	-55.647
-7.1883	-60.287
-7.6025	-64.922
-8.0758	-70.14
-8.4604	-72.168
-8.5786	-74.196
-8.549	-71.301
-8.3124	-64.922
-7.8687	-55.358
-7.3067	-45.505
-6.7446	-37.679
-6.1234	-29.273
-5.2951	-19.709
-4.4077	-13.043
-3.4906	-7.2457
-2.5145	-1.1593
-1.5678	4.0577
-0.73953	8.6949
0.029582	13.332
0.7987	17.68
1.627	22.028
2.2186	25.506
3.3132	31.592
4.1119	37.099
5.0288	42.606
5.9755	48.984
6.8334	55.069
7.5137	60.576
8.342	66.661
9.1999	73.329
9.9394	78.547
10.679	83.764
11.211	87.239
11.892	90.717
13.075	94.774
13.992	96.807
14.85	97.963
15.707	98.835
16.299	99.413
16.98	99.413
17.394	99.124
17.394	96.513
17.247	90.717
17.098	84.921
16.862	77.386
16.655	70.718
16.299	62.893
15.796	55.647
15.116	45.794
14.376	36.229
13.696	28.404
12.779	18.839
11.744	11.014
11.004	4.3475
10.058	-2.0288
8.904	-7.2457
7.4545	-11.883
6.3896	-15.361
5.5317	-16.81
4.6443	-19.129
3.5498	-21.448
2.3665	-24.636
1.4495	-26.954
0.23665	-30.143
-0.35498	-33.041
-1.0058	-35.36
-2.0116	-38.838
-2.9877	-43.475
-4.0527	-47.823
-4.9106	-51.012
-5.5317	-54.197
-6.5966	-60.287
-7.1883	-64.344
-8.1053	-70.429
-9.0223	-76.518
-9.7914	-82.603
-10.561	-87.532
-11.123	-89.561
-11.892	-92.456
-12.75	-95.067
-13.548	-97.096
-14.376	-97.963
-15.293	-100.28
-15.974	-101.15
-16.477	-101.44
-16.951	-101.44
-17.127	-101.44
-17.069	-96.224
-16.951	-88.4
-16.655	-80.286
-16.299	-69.85
-16.034	-62.604
-15.5	-53.33
-14.879	-45.505
-14.258	-37.389
-13.578	-30.433
-12.927	-23.766
-11.921	-14.781
-11.004	-8.985
-9.8506	-2.0288
-8.697	1.1593
-7.4545	4.9273
-5.9459	8.1153
-4.6443	10.724
-3.254	14.492
-1.8044	17.68
-0.53247	21.158
0.88745	25.506
2.2482	30.143
3.4314	34.78
4.7034	40.577
5.8867	46.084
6.8925	50.429
7.6617	55.069
8.8153	61.154
9.7914	66.661
11.004	72.751
11.773	76.518
12.957	81.153
13.637	84.054
14.732	87.821
15.825	90.428
16.566	91.878
17.069	92.745
17.276	92.456
17.187	88.11
17.009	80.575
16.713	72.751
16.359	64.344
15.974	56.808
15.382	49.273
14.85	42.316
14.287	35.07
13.666	28.404
12.838	20.578
12.128	14.781
11.359	7.8258
10.62	1.1593
9.9394	-2.0288
9.2591	-4.9273
8.4012	-7.8258
7.3657	-9.5646
6.4192	-12.463
5.2951	-15.071
4.0231	-18.55
2.6327	-22.028
1.1537	-26.085
0.1775	-29.273
-0.6508	-32.172
-1.272	-34.78
-2.0116	-37.968
-2.9877	-41.157
-4.0231	-45.216
-4.733	-47.823
-5.443	-50.14
-6.508	-53.619
-7.8687	-59.126
-8.697	-63.183
-9.5844	-67.822
-10.561	-73.329
-11.478	-77.964
-12.306	-81.732
-13.193	-84.921
-14.258	-88.978
-15.264	-93.039
-16.034	-95.935
-16.802	-97.674
-17.069	-97.674
-17.069	-92.456
-16.773	-83.471
-16.448	-72.168
-15.914	-61.443
-15.116	-49.562
-14.465	-40.867
-13.637	-31.302
-12.779	-22.028
-11.773	-13.622
-10.827	-7.2457
-9.7323	-1.739
-8.6674	2.0288
-7.4545	4.3475
-5.7683	8.1153
-4.526	11.593
-3.4018	13.622
-2.189	17.1
-0.70996	21.158
0.97619	26.375
1.9524	29.563
3.1948	33.621
4.0823	37.099
5.0584	40.287
6.3009	45.216
7.8687	51.301
9.2591	57.965
10.59	64.344
12.01	70.14
13.489	75.936
14.732	79.992
15.914	84.632
17.276	88.4
18.34	90.717
19.317	93.039
20.323	94.774
21.387	96.807
22.156	97.385
22.808	97.385
23.191	97.674
23.311	97.674
23.311	92.456
23.073	85.21
22.837	77.097
22.393	67.822
21.89	59.126
21.328	49.273
20.5	39.708
19.76	31.012
18.873	22.317
18.193	16.231
17.038	8.4054
16.063	3.478
15.204	-0.28983
14.111	-4.9273
13.134	-8.4054
12.188	-10.434
11.418	-12.753
10.709	-14.492
9.7027	-16.521
8.49	-20.288
6.7742	-23.477
5.7683	-26.085
4.6443	-28.114
3.3722	-30.723
2.2482	-33.041
1.0649	-35.939
0	-37.968
-0.85786	-40.577
-1.627	-42.606
-2.7511	-45.794
-3.8456	-48.984
-4.733	-51.301
-5.5613	-54.197
-6.508	-57.676
-7.3953	-60.865
-8.2236	-63.765
-9.4069	-68.111
-10.146	-70.718
-10.886	-73.329
-11.862	-76.807
-12.661	-80.286
-13.459	-83.764
-14.525	-87.239
-15.589	-90.717
-16.477	-93.617
-17.158	-95.067
-17.75	-97.385
-18.547	-98.835
-19.376	-100.28
-19.967	-101.15
-20.618	-101.73
-21.446	-102.31
-22.127	-102.02
-22.57	-102.02
-22.659	-102.02
-22.659	-97.674
-22.512	-88.4
-22.393	-78.547
-22.038	-69.272
-21.595	-60.287
-21.092	-52.169
-20.411	-43.765
-19.613	-35.36
-18.843	-28.404
-17.957	-20.868
-17.187	-15.651
-16.566	-10.144
-15.5	-4.6373
-14.643	-1.1593
-13.666	2.6085
-12.188	6.0865
-10.679	9.2745
-9.1407	12.173
-7.4249	15.941
-5.9755	18.55
-4.7034	21.158
-3.1948	23.766
-1.5678	26.954
-0.1775	29.563
1.1537	33.331
2.189	35.65
3.3428	38.838
4.6739	42.606
6.1825	46.662
7.4249	50.14
8.8745	54.78
10.146	58.548
11.626	63.472
12.957	67.244
14.318	71.011
15.707	74.779
17.247	79.703
18.754	83.764
20.263	87.239
21.417	89.271
22.305	91.3
22.955	91.3
23.222	91.3
23.162	86.949
22.955	79.703
22.63	71.59
22.156	63.183
21.802	56.23
21.032	46.373
20.382	37.679
19.672	28.694
18.843	22.028
18.164	15.651
17.127	7.8258
16.092	2.8983
15.057	-0.86949
13.726	-5.7965
12.898	-7.5357
11.921	-9.5646
10.797	-12.463
9.5253	-14.492
8.49	-17.39
7.1291	-20.288
5.5317	-23.766
4.9696	-24.926
3.6977	-27.244
2.4257	-29.563
1.4199	-31.882
0.11833	-34.201
-1.0354	-37.099
-1.8636	-38.548
-3.254	-42.896
-4.5851	-46.662
-5.3838	-48.69
-6.36	-50.723
-7.6321	-55.069
-8.549	-58.548
-9.6436	-62.026
-10.501	-64.922
-11.241	-66.661
-12.365	-70.429
-13.815	-74.485
-14.939	-77.964
-15.856	-80.286
-16.566	-82.893
-17.394	-85.21
-18.282	-87.821
-19.435	-90.428
-20.618	-92.167
-21.476	-93.328
-22.156	-94.196
-22.6	-95.067
-22.719	-94.485
-22.689	-88.11
-22.777	-81.442
-22.6	-72.751
-22.305	-62.893
-21.89	-53.619
-21.328	-45.216
-20.47	-36.229
-19.672	-28.114
-18.962	-21.738
-17.837	-15.071
-16.862	-9.2745
-15.796	-4.9273
-14.495	0
-13.666	2.6085
-12.572	4.9273
-11.566	6.9561
-10.383	9.5646
-8.8153	11.014
-7.5729	12.463
-6.0938	14.781
-4.9696	17.39
-3.816	17.97
-2.5441	19.419
-1.1833	21.738
-0.088745	23.187
1.0649	26.954
1.9228	28.983
3.0173	32.172
4.4964	35.65
5.7387	39.417
6.863	42.896
8.3124	46.955
9.614	51.012
10.856	55.358
12.336	59.126
13.755	62.893
15.116	66.95
16.299	70.718
17.601	73.618
18.903	77.097
20.027	80.286
21.299	83.471
22.363	86.371
22.955	87.239
23.162	87.821
23.429	88.11
