"Kanda et al 1988, Spec. PDC2"	
1106	
0	0.05886
0	0
0	0
0	-0.017952
0	0.0045126
0.0005	0.53886
0.007	0.93862
0.0155	2.196
0.0285	2.8562
0.044	3.0942
0.0505	4.0866
0.061	3.1975
0.061	4.3741
0.065	3.3097
0.0595	3.7004
0.0615	2.9954
0.0575	3.5702
0.062	3.3367
0.0595	3.7543
0.065	3.6914
0.0615	3.7454
0.064	3.4849
0.0595	3.1166
0.056	2.3621
0.047	2.1151
0.047	2.1107
0.0455	1.6705
0.0455	2.9055
0.053	3.4579
0.0645	4.6076
0.0805	4.5133
0.091	6.076
0.106	5.2048
0.111	6.9023
0.117	5.3216
0.112	6.3096
0.1065	4.4773
0.095	3.9295
0.08	3.202
0.0625	2.0478
0.045	1.0554
0.026	0.87574
0.0125	-0.31431
0.0005	-0.31883
0.0005	-0.22906
0.0105	1.3562
0.029	2.6766
0.053	4.0058
0.0815	5.5641
0.1075	6.7272
0.129	6.3096
0.131	7.4862
0.1215	5.0656
0.094	3.395
0.052	1.2934
-0.003	-1.1092
-0.0565	-3.4309
-0.097	-4.9175
-0.1165	-5.4563
-0.116	-3.2872
-0.093	-1.7918
-0.055	-0.076322
-0.0045	2.3576
0.053	4.8051
0.1135	7.4054
0.173	9.6238
0.2275	11.483
0.275	12.974
0.3095	14.061
0.332	13.118
0.3305	14.285
0.311	11.29
0.272	9.3768
0.222	7.4009
0.1695	5.3351
0.1145	3.2424
0.064	1.3158
0.0235	-0.28292
-0.0065	-1.4999
-0.0285	-2.1017
-0.045	-2.3801
-0.0505	-3.193
-0.06	-1.8322
-0.0685	-3.7004
-0.085	-3.6959
-0.1065	-5.4608
-0.1315	-6.1209
-0.1585	-7.5805
-0.188	-7.8409
-0.217	-9.6822
-0.249	-10.827
-0.286	-11.865
-0.3255	-13.409
-0.365	-14.932
-0.3965	-15.7
-0.4195	-15.911
-0.421	-16.293
-0.4125	-13.746
-0.3865	-12.215
-0.35	-10.688
-0.303	-8.5819
-0.2505	-6.579
-0.204	-4.7558
-0.168	-0.33079
-0.1495	-3.7678
-0.155	-4.1405
-0.1815	-6.2602
-0.231	-8.8738
-0.297	-11.649
-0.378	-14.703
-0.4695	-18.439
-0.561	-21.484
-0.644	-23.976
-0.7115	-25.791
-0.7525	-26.815
-0.7705	-25.068
-0.7535	-24.017
-0.702	-21.174
-0.6255	-18.129
-0.53	-14.6
-0.416	-10.621
-0.2795	-5.7213
-0.114	0.26948
0.085	7.1943
0.3085	14.438
0.5475	21.25
0.7755	27.169
0.972	31.153
1.12	33.47
1.213	35.118
1.239	35.176
1.193	30.308
1.076	27.156
0.8945	22.575
0.6535	16.589
0.364	8.6223
0.043	-1.455
-0.2905	-12.035
-0.616	-22.53
-0.912	-30.475
-1.164	-34.97
-1.37	-37.97
-1.5345	-40.049
-1.661	-41.926
-1.7555	-43.197
-1.822	-43.83
-1.8705	-44.36
-1.9115	-44.939
-1.9415	-45.016
-1.96	-44.432
-1.9515	-42.492
-1.9135	-40.772
-1.8465	-38.989
-1.744	-36.479
-1.6135	-33.367
-1.461	-29.976
-1.2995	-26.469
-1.138	-22.961
-0.983	-19.373
-0.84	-16.086
-0.72	-13.127
-0.6335	-10.89
-0.588	-9.6148
-0.5865	-12.022
-0.636	-14.398
-0.7335	-17.442
-0.8385	-20.334
-0.913	-22.207
-0.886	-19.284
-0.7	-13.921
-0.352	-3.1884
0.147	10.693
0.7555	25.072
1.4315	38.208
2.1375	46.403
2.8565	53.261
3.559	58.812
4.226	63.599
4.8395	67.658
5.39	70.568
5.869	72.23
6.2735	73.106
6.6065	73.784
6.864	74.228
7.0505	74.372
7.1675	74.413
7.2125	73.901
7.181	69.774
7.0705	68.063
6.881	65.35
6.6125	61.883
6.264	57.577
5.8375	52.529
5.3365	46.785
4.7675	40.727
4.1325	34.153
3.437	27.295
2.6835	19.539
1.8805	10.387
1.0405	-0.026977
0.174	-12.179
-0.698	-25.202
-1.558	-39.227
-2.384	-50.284
-3.1585	-58.524
-3.8805	-64.959
-4.5455	-70.187
-5.1545	-74.305
-5.7145	-76.694
-6.236	-77.709
-6.727	-78.948
-7.1995	-79.995
-7.659	-80.394
-8.118	-80.843
-8.582	-81.072
-9.053	-81.4
-9.5405	-81.589
-10.05	-81.598
-10.562	-81.405
-11.052	-81.315
-11.505	-81.463
-11.901	-81.328
-12.117	-81.288
-12.03	-74.862
-11.614	-69.104
-10.851	-59.238
-9.802	-47.158
-8.529	-34.224
-7.0645	-20.577
-5.4385	-6.8126
-3.7175	3.7454
-1.961	11.488
-0.2015	19.01
1.528	27.915
3.1845	39.991
4.717	52.273
6.084	62.597
7.25	68.081
8.1925	70.119
8.8925	71.336
9.339	72.176
9.523	72.67
9.438	67.456
9.087	63.109
8.473	56.032
7.5925	46.92
6.522	36.721
5.336	27.439
4.1715	18.489
3.174	10.365
2.319	3.7858
1.5835	-0.9655
0.9825	-4.3112
0.53	-6.7227
0.2045	-8.4472
-0.0185	-9.6193
-0.155	-10.437
-0.2185	-10.598
-0.241	-10.441
-0.2525	-10.315
-0.223	-8.7346
-0.121	-7.0236
0.0945	-4.1944
0.461	-0.094274
0.952	5.4518
1.5385	11.726
2.202	18.269
2.9285	24.264
3.691	29.841
4.4665	35.989
5.2325	42.124
5.961	48.002
6.6285	53.256
7.2175	57.725
7.7055	61.353
8.077	63.85
8.3195	65.391
8.422	66.033
8.379	63.599
8.1865	60.94
7.85	56.894
7.3735	51.518
6.763	45.124
6.0345	38.239
5.214	31.386
4.334	24.879
3.426	18.062
2.5175	10.185
1.647	2.6541
0.8475	-3.4714
0.1375	-8.3529
-0.4685	-12.538
-0.9675	-15.677
-1.363	-18.12
-1.6565	-20.123
-1.8475	-21.453
-1.943	-22.126
-1.9585	-21.727
-1.8965	-19.885
-1.7745	-18.233
-1.608	-16.131
-1.4185	-14.029
-1.2155	-11.874
-1.0145	-9.7451
-0.832	-7.9308
-0.68	-6.3635
-0.536	-5.0072
-0.374	-3.3996
-0.189	-1.446
0.0225	0.62872
0.244	2.7125
0.458	4.8456
0.6555	6.9159
0.83	8.6852
0.9655	10.037
1.0485	10.782
1.067	10.872
1.018	8.9592
0.8935	7.1718
0.687	4.5717
0.401	1.1811
0.033	-2.8606
-0.4075	-7.558
-0.919	-12.579
-1.4445	-17.456
-1.9295	-22.171
-2.3645	-25.62
-2.7385	-28.346
-3.0645	-30.861
-3.354	-33.178
-3.598	-35.091
-3.795	-36.569
-3.966	-37.821
-4.1265	-38.944
-4.278	-40.089
-4.4205	-41.217
-4.5715	-42.357
-4.757	-43.803
-4.865	-44.571
-4.7855	-41.738
-4.515	-37.952
-4.0545	-32.473
-3.4455	-26.28
-2.7285	-19.697
-1.9275	-12.799
-1.069	-4.6929
-0.196	3.6285
0.6445	11.173
1.4115	17.811
2.0685	22.764
2.668	26.999
3.2615	31.04
3.8545	35.72
4.451	40.143
5.02	44.477
5.5405	48.379
6.002	51.707
6.4055	54.693
6.726	56.939
6.944	58.268
7.052	58.951
7.0485	57.496
6.9155	55.439
6.6575	52.25
6.277	47.89
5.7875	42.847
5.223	37.498
4.619	32.307
3.9795	27.376
3.303	22.548
2.604	17.263
1.8985	11.236
1.1925	4.7602
0.4945	-1.3383
-0.1805	-6.6688
-0.828	-11.757
-1.4415	-16.576
-2.0225	-21.089
-2.5655	-25.31
-3.065	-29.352
-3.516	-33.326
-3.916	-36.591
-4.2405	-39.339
-4.471	-41.36
-4.5965	-42.469
-4.606	-41.513
-4.4925	-39.344
-4.261	-36.259
-3.9315	-32.302
-3.528	-28.094
-3.067	-23.604
-2.5705	-19.288
-2.059	-14.972
-1.5605	-10.455
-1.0935	-5.8291
-0.6795	-1.7738
-0.3435	1.3966
-0.1045	3.8127
0.0235	5.0162
0.032	4.1675
-0.0905	1.9176
-0.341	-1.3787
-0.6625	-5.1734
-0.9925	-8.8019
-1.309	-12.103
-1.5905	-14.725
-1.8365	-16.926
-2.0535	-18.799
-2.235	-20.393
-2.3815	-21.646
-2.475	-22.432
-2.5045	-22.697
-2.4665	-21.12
-2.362	-19.854
-2.207	-18.273
-2.018	-16.311
-1.8005	-14.128
-1.5655	-11.797
-1.328	-9.305
-1.107	-7.0416
-0.914	-4.9758
-0.757	-3.3052
-0.652	-2.1916
-0.613	-1.8592
-0.6415	-3.4085
-0.746	-4.9938
-0.927	-7.293
-1.191	-10.383
-1.5335	-13.836
-1.9515	-17.828
-2.4425	-22.153
-3.007	-27.133
-3.6245	-32.81
-4.279	-38.976
-4.957	-45.393
-5.6455	-50.535
-6.324	-55.232
-6.971	-59.252
-7.557	-62.696
-8.058	-65.4
-8.3775	-67.052
-8.427	-66.59
-8.239	-62.31
-7.848	-56.997
-7.2815	-49.992
-6.563	-41.931
-5.725	-33.434
-4.793	-25.625
-3.758	-17.743
-2.6145	-7.6254
-1.374	2.7259
-0.0425	11.425
1.3805	20.366
2.903	29.976
4.479	41.342
6.062	53.063
7.6145	63.486
9.604	70.802
10.491	73.654
11.752	74.592
11.752	74.592
13.847	75.162
14.651	74.911
15.262	74.79
15.672	74.758
15.866	74.709
15.828	69.742
15.544	66.127
15.013	60.361
14.24	52.655
13.227	43.574
11.988	34.135
10.618	24.969
9.2145	16.584
7.8025	8.6807
6.4075	2.3576
5.0285	-2.5553
3.6635	-6.5341
2.316	-10.091
0.9865	-13.755
-0.3295	-18.017
-1.645	-23.981
-2.9575	-32.213
-4.264	-41.194
-5.555	-49.92
-6.822	-57.621
-8.0705	-63.967
-9.302	-69.45
-10.479	-73.483
-11.559	-76.083
-12.429	-77.412
-12.976	-78.126
-13.222	-78.733
-13.186	-73.896
-12.876	-69.419
-12.31	-62.436
-11.517	-53.459
-10.533	-43.215
-9.405	-33.021
-8.175	-23.554
-6.8465	-14.011
-5.4155	-4.4325
-3.8785	3.2513
-2.225	9.04
-0.496	14.133
1.2835	19.724
3.094	27.062
4.9215	36.2
6.7275	45.483
8.3225	53.216
10.132	59.449
11.682	64.524
13.099	68.548
14.366	71.139
15.467	72.459
16.394	73.11
17.146	73.227
17.733	73.236
18.175	73.254
18.503	73.281
18.722	73.178
18.827	72.782
18.828	68.714
18.73	67.51
18.541	65.278
18.264	62.386
17.895	58.529
17.431	53.975
16.879	48.959
16.249	43.552
15.536	38.042
14.727	32.437
13.878	27.084
13.035	22.22
12.236	18.08
11.521	14.371
10.875	11.101
10.274	8.2361
9.7275	5.9458
9.2495	3.8755
8.817	2.2184
8.4175	0.91616
8.041	-0.36827
7.6845	-1.4236
7.3335	-2.425
6.9725	-3.5029
6.592	-4.5177
6.184	-5.4159
5.743	-6.5521
5.2655	-7.6389
4.768	-8.7526
4.2695	-9.8079
3.7815	-10.832
3.319	-11.847
2.8895	-12.664
2.504	-13.526
2.152	-14.384
1.8235	-15.125
1.5155	-15.861
1.2225	-16.562
0.934	-17.352
0.642	-18.215
0.3365	-18.983
0.013	-19.912
-0.3375	-21.111
-0.7235	-22.571
-1.1495	-24.313
-1.62	-26.514
-2.1355	-29.06
-2.699	-32.163
-3.2815	-35.536
-3.851	-38.872
-4.377	-41.823
-4.8265	-44.445
-5.182	-46.511
-5.4225	-47.733
-5.551	-48.361
-5.572	-48.011
-5.495	-45.393
-5.3225	-42.972
-5.07	-39.744
-4.7545	-36.205
-4.3755	-32.006
-3.938	-27.704
-3.4405	-23.132
-2.8845	-18.439
-2.281	-13.836
-1.6405	-9.6238
-0.976	-5.2542
-0.3035	-0.74095
0.371	3.6914
1.0405	8.1148
1.6915	12.206
2.316	15.848
2.9015	18.983
3.438	21.735
3.915	24.304
4.325	26.357
4.652	27.897
4.891	29.1
5.0295	29.765
5.059	29.81
4.976	27.834
4.7795	26.006
4.487	23.743
4.118	21.188
3.695	18.457
3.232	15.677
2.755	12.565
2.2855	9.1343
1.82	5.6539
1.361	2.1107
0.906	-1.5493
0.4565	-4.9399
0.0175	-7.9487
-0.4085	-10.755
-0.8005	-13.329
-1.142	-15.516
-1.4285	-17.415
-1.659	-18.861
-1.838	-20.033
-1.964	-21.035
-2.045	-21.587
-2.08	-21.776
-2.083	-20.806
-2.0535	-20.321
-2.0045	-19.548
-1.941	-18.888
-1.8535	-17.959
-1.732	-16.683
-1.5725	-15.237
-1.372	-13.603
-1.1375	-11.815
-0.866	-9.6103
-0.5695	-7.3245
-0.2625	-4.8815
0.05	-2.5553
0.3585	-0.1392
0.6565	2.0927
0.9405	4.3381
1.2115	6.5027
1.4655	8.3798
1.699	10.158
1.9035	11.573
2.0745	12.785
2.211	13.679
2.3085	14.29
2.3625	14.591
2.3775	14.222
2.3445	13.374
2.2745	12.601
2.1795	11.726
2.0685	10.702
1.9525	9.6193
1.8395	8.5864
1.7365	7.7017
1.6405	6.8126
1.5465	6.0222
1.4555	5.2722
1.368	4.4459
1.287	3.8217
1.211	3.1346
1.1385	2.6047
1.0715	2.0029
1.005	1.464
0.938	0.83532
0.863	0.17511
0.774	-0.64216
0.686	-1.4595
0.612	-2.0747
0.552	-2.663
0.507	-2.9414
0.4745	-3.3097
0.455	-3.3905
0.4455	-3.0043
0.456	-2.6181
0.4815	-2.0388
0.5205	-1.5179
0.5695	-0.93862
0.628	-0.33678
0.6905	0.36375
0.751	0.99699
0.804	1.5942
0.8485	1.9535
0.8745	2.2724
0.8815	1.5224
0.86	1.1137
0.8095	0.52091
0.721	-0.52994
0.584	-2.0703
0.4025	-3.9654
0.178	-5.7347
-0.0595	-7.5401
-0.2875	-9.1477
-0.4845	-10.657
-0.6285	-11.743
-0.7265	-12.417
-0.7795	-12.808
-0.795	-12.646
-0.77	-11.658
-0.72	-10.935
-0.653	-10.244
-0.5655	-9.296
-0.331	-6.4263
0.2585	-1.1407
1.109	6.0356
1.674	10.535
2.268	14.703
2.385	15.588
2.347	14.011
2.0775	11.636
1.664	8.1193
1.2175	4.2797
0.7995	0.55682
0.423	-2.7798
0.042	-5.9952
0.042	-5.9952
-0.1185	-7.2481
-0.1415	-7.3335
-0.1315	-6.8126
-0.123	-6.8035
-0.1085	-6.4758
-0.0585	-5.2677
0.039	-4.2124
0.1185	-3.3771
0.116	-3.8487
0.0325	-5.4833
-0.053	-6.4173
-0.0945	-6.835
-0.068	-5.7258
0.022	-4.3426
0.141	-3.1301
0.258	-1.931
0.3225	-1.747
0.291	-2.7393
0.1445	-4.4908
-0.0995	-6.9383
-0.386	-9.3813
-0.6825	-11.851
-1.0065	-14.393
-1.3615	-16.917
-1.648	-18.983
-1.8285	-20.298
-1.823	-18.884
-1.565	-16.293
-1.0705	-12.201
-0.36	-6.2242
0.5085	1.0149
1.466	8.8828
2.4235	15.79
3.2945	20.994
3.938	24.654
4.2715	26.55
4.3745	27.08
4.3265	25.458
4.1615	23.949
3.864	21.78
3.4625	19.194
2.968	16.117
2.413	12.404
1.8305	8.0206
1.2635	3.4669
0.763	-0.67365
0.383	-3.8531
0.144	-5.7213
0.0365	-6.5072
0.0195	-6.341
0.0405	-5.8605
0.0445	-5.9863
0.0185	-6.3994
-0.39	-6.9697
-0.121	-7.6748
-0.2195	-8.4517
-0.31	-9.1657
-0.3825	-9.1522
-0.3925	-8.6942
-0.363	-8.29
-0.2955	-7.4772
-0.2085	-6.5117
0.1625	-2.937
0.919	3.7678
1.9925	12.251
3.28	20.366
5.321	32.388
5.963	35.855
7.095	41.203
7.94	45.02
8.4105	46.96
8.4875	47.149
8.3	43.008
7.692	37.188
6.7625	29.94
5.6025	22.899
4.2555	15.888
2.76	6.2018
1.229	-4.2797
-0.243	-12.772
-1.6465	-21.264
-2.9775	-31.148
-4.23	-40.359
-5.4265	-48.784
-6.4735	-54.653
-6.908	-56.615
-6.5375	-49.534
-5.5495	-38.63
-4.099	-25.607
-2.261	-12.152
-0.1405	2.7798
2.0515	15.965
4.178	26.752
6.12	36.524
7.689	44.207
8.6895	48.712
8.9405	49.116
8.2795	41.05
6.846	29.725
4.9595	19.292
2.794	6.094
0.536	-8.3125
-1.5545	-19.804
-3.2685	-31.84
-4.392	-39.901
-4.7755	-42.672
-4.3775	-35.998
-3.341	-25.66
-1.9075	-14.258
-0.3325	-2.6989
1.13	7.9173
2.2075	14.981
2.6915	17.766
2.783	18.201
2.7205	16.477
2.491	14.613
2.1225	11.82
1.625	7.8275
0.9675	2.3487
0.119	-4.6974
-0.728	-11.106
-1.3165	-15.183
-1.6135	-17.299
-1.672	-17.725
-1.618	-15.857
-1.39	-13.621
-1.0565	-10.738
-0.727	-7.9038
-0.49	-5.8515
-0.4085	-5.3575
-0.49	-7.311
-0.6615	-9.2601
-0.8155	-10.76
-0.872	-10.459
-0.8105	-9.4306
-0.555	-6.7497
-0.1225	-2.8158
0.35	0.99699
0.742	4.136
0.946	5.8291
1.0445	6.588
1.081	5.9908
1.0465	5.3351
0.9935	4.7423
0.973	4.5985
1.0165	6.0491
1.0975	6.9068
1.176	7.576
1.2005	7.4906
1.093	5.4877
0.7825	2.2543
0.2175	-3.0088
-0.5935	-9.6732
-1.48	-16.32
-2.223	-21.843
-2.632	-24.973
-2.687	-24.196
-2.397	-20.828
-1.669	-14.568
-0.557	-5.8515
0.747	4.392
2.0445	13.948
3.137	20.307
3.899	24.497
4.2465	26.28
4.2125	24.753
3.8905	22.117
3.3685	18.673
2.7285	14.694
2.048	9.9426
1.3655	4.657
0.7695	-0.25153
0.357	-3.5837
0.2025	-4.7378
0.312	-2.1107
0.597	0.81286
0.954	4.2304
1.2655	6.9608
1.483	8.7077
1.607	9.7092
1.639	9.2331
1.6205	8.9188
1.604	8.5505
1.5295	7.6793
1.3505	5.8425
1.012	2.6766
0.4915	-2.178
-0.1575	-7.5176
-0.7815	-12.017
-1.2335	-15.206
-1.395	-16.356
-1.2805	-13.886
-0.9595	-10.868
-0.523	-7.073
-0.064	-3.2424
0.313	-0.067395
0.6235	2.4385
0.951	5.0926
1.339	8.1688
2.068	13.454
2.33	15.098
2.843	18.138
3.293	20.725
3.627	22.687
3.8045	23.693
3.827	23.747
3.788	22.333
3.684	21.471
3.581	20.586
3.5515	21.111
3.5925	21.646
3.6475	21.664
3.6615	21.479
3.6015	20.828
3.443	19.548
3.163	17.766
2.736	14.999
2.1365	10.85
1.3555	4.7513
0.4065	-3.1256
-0.6705	-11.267
-1.832	-19.454
-3.0285	-28.813
-4.195	-38.113
-5.2495	-46.287
-6.1315	-51.985
-6.807	-55.879
-7.292	-58.398
-7.6355	-59.943
-7.8895	-60.994
-7.97	-59.656
-7.6645	-53.863
-5.4945	-31.485
-3.6835	-18.102
-1.573	-3.0447
0.729	10.32
3.155	22.674
5.6015	34.682
7.911	45.703
9.941	53.643
11.573	58.466
12.752	61.798
13.483	63.738
13.767	64.295
13.626	59.526
13.118	54.006
12.319	46.453
11.319	38.024
10.163	29.922
8.8065	22.364
7.2325	14.748
5.5	5.591
3.657	-2.8472
1.7845	-9.4667
0.0035	-15.399
-1.649	-23.006
-3.1485	-32.522
-4.4135	-40.907
-5.3285	-46.727
-5.7995	-49.637
-5.855	-49.745
-5.636	-44.966
-5.0775	-38.477
-2.6675	-17.317
-4.2445	-30.21
-3.215	-21.52
-2.112	-13.472
-0.98	-5.4473
0.137	2.2768
1.1735	9.1972
2.1075	14.896
2.874	19.01
3.4185	21.758
3.6985	23.222
3.7395	23.325
3.6585	21.444
3.422	19.593
3.071	17.2
2.594	14.11
1.967	9.7092
1.1765	3.5163
0.258	-3.871
-0.72	-11.047
-1.687	-17.577
-2.569	-23.765
-3.2635	-29.267
-3.6865	-32.558
-3.825	-33.654
-3.7115	-30.717
-3.406	-27.349
-2.9835	-23.204
-2.5	-19.023
-2.0375	-15.556
-1.661	-12.767
-1.4145	-10.895
-1.2495	-9.6687
-1.043	-8.1643
-0.7505	-5.9772
-0.561	-4.5088
-0.338	-2.7888
0.198	1.2574
0.822	5.8784
1.4575	10.351
2.043	14.182
2.4845	16.773
2.6655	17.828
2.6305	16.364
2.512	15.332
2.3085	13.719
1.9605	11.088
1.43	6.8215
0.78	1.4505
0.24	-3.1525
-0.034	-5.2138
-0.0975	-5.1644
-0.045	-3.8935
0.0535	-2.6945
0.1825	-1.2754
0.373	0.54338
0.6355	2.9818
0.9425	5.6629
1.2595	8.2676
1.553	10.481
1.764	11.99
1.857	12.619
1.813	11.151
1.5595	8.9996
1.2	5.5281
0.577	-0.022465
-0.2845	-7.2302
-1.1925	-13.8
-1.894	-18.632
-2.181	-20.649
-1.9905	-17.528
-1.401	-12.377
-0.521	-5.3351
0.503	2.8741
1.526	10.621
2.414	16.351
3.0725	20.146
3.4035	22.009
3.4415	22.171
3.3725	20.321
3.2095	19.077
2.974	17.415
2.6325	15.183
2.3845	13.504
2.0465	11.11
1.503	6.9652
0.6985	0.39966
-0.381	-8.1822
-1.717	-17.577
-3.1835	-28.66
-4.5725	-39.86
-5.633	-48.209
-6.17	-52.003
-6.101	-48.86
-5.501	-41.652
-4.5275	-31.79
-3.3615	-22.149
-2.145	-13.401
-0.8985	-4.2752
0.3515	4.5358
1.546	12.354
2.5935	18.421
3.414	22.656
3.984	25.629
4.313	27.313
4.418	27.753
4.3545	25.862
4.1985	24.488
3.9815	22.903
3.657	20.756
3.1925	17.932
2.58	14.222
1.822	8.9906
0.9685	2.4026
0.0725	-4.7602
-0.8325	-11.452
-1.6605	-17.128
-2.211	-20.86
-2.365	-21.951
-2.1785	-18.704
-1.755	-15.071
-1.2145	-10.63
-0.677	-6.3859
-0.179	-2.2589
0.3015	1.5134
0.5435	3.3412
