"Kanda et al. 1988, Spec. PDC3"	
794	
0	0
0	0
0	0
0	-0.080834
-0.0005	-0.11223
-0.0005	-0.085347
0.013	1.5718
0.032	2.5283
0.056	3.7498
0.077	4.1316
0.097	5.0252
0.1135	5.4293
0.1285	4.5133
0.1315	5.0208
0.13	4.3381
0.111	3.2828
0.085	1.6751
0.0625	1.1811
0.0435	0.3099
0.0335	0.78588
0.0635	3.0403
0.1215	5.3845
0.1855	7.6209
0.229	8.6448
0.231	7.8364
0.218	6.9697
0.155	4.1316
0.064	0.83081
-0.026	-2.6181
-0.0775	-4.4773
-0.0565	-1.5268
0.045	2.6316
0.1795	7.4547
0.2635	10.221
0.2715	8.7615
0.2445	7.2706
0.1095	2.3756
-0.045	-3.2693
-0.1365	-6.5072
-0.149	-6.3365
-0.126	-3.9519
-0.0005	1.0554
0.196	8.043
0.404	14.168
0.5525	17.878
0.5815	18.394
0.581	16.149
0.4845	12.934
0.2945	7.4772
0.068	0.44459
-0.144	-7.0775
-0.2945	-11.694
-0.37	-14.186
-0.3835	-12.439
-0.371	-12.929
-0.322	-9.7046
-0.2575	-7.4547
-0.23	-8.528
-0.2655	-10.499
-0.3235	-12.556
-0.362	-13.818
-0.3665	-11.761
-0.3515	-10.724
-0.2845	-8.2855
-0.221	-6.2063
-0.198	-7.2302
-0.2635	-10.405
-0.409	-15.031
-0.6065	-19.8
-0.7915	-23.527
-0.8975	-25.885
-0.903	-23.693
-0.868	-22.701
-0.694	-18.049
-0.3355	-8.4068
0.238	9.5431
0.9155	26.065
1.4865	36.959
1.684	39.955
1.8015	41.145
1.8315	40.812
1.7595	37.09
1.3375	27.506
0.5975	11.537
-0.326	-13.715
-1.236	-32.203
-1.6375	-39.016
-1.9935	-44.203
-2.5615	-50.315
-2.947	-53.553
-3.1965	-55.277
-3.281	-54.59
-3.1175	-50.248
-2.703	-43.116
-2.1	-33.69
-1.4175	-23.244
-0.753	-11.77
-0.2365	-0.48049
-0.009	4.9938
-0.1265	-1.455
-0.2965	-6.5746
-0.0335	3.7363
0.7585	21.241
1.8845	41.535
2.5055	48.617
3.1295	54.114
4.3015	62.79
5.287	68.013
6.042	70.874
6.5455	72.293
6.797	72.67
6.821	70.86
6.758	68.013
6.38	62.629
5.664	53.373
4.6325	41.221
3.317	26.949
1.7675	10.383
0.058	-14.209
-1.6795	-35.697
-3.3225	-55.066
-4.806	-65.247
-6.1305	-71.66
-7.358	-74.916
-8.552	-76.348
-9.783	-76.856
-11.083	-77.215
-11.083	-77.215
-12.477	-77.475
-13.826	-77.134
-14.864	-76.9
-14.995	-76.644
-14.791	-70.133
-13.359	-55.125
-10.889	-33.672
-7.6445	-14.151
-4.027	2.663
-0.353	17.766
3.067	39.573
5.9215	61.228
7.903	68.561
8.853	70.501
8.919	70.281
8.6905	64.668
7.406	49.587
5.5505	31.476
4.0215	20.15
2.8175	11.119
1.994	4.5177
1.442	0.58379
1.044	-2.0163
0.6665	-4.2572
0.54	-4.0372
0.977	2.0299
1.8685	12.296
3.0835	22.952
4.4485	33.227
5.7815	44.275
6.9005	53.759
7.648	60.002
7.903	62.103
7.597	56.53
6.7135	46.579
5.334	32.859
3.678	20.635
1.9895	6.6284
0.51	-5.4114
-0.6095	-12.188
-1.362	-16.76
-1.7575	-19.355
-1.851	-19.346
-1.704	-16.445
-1.4295	-13.495
-1.1355	-10.491
-0.8845	-7.9622
-0.5375	-4.5626
-0.0615	-0.085347
0.4305	4.657
0.8555	8.7796
1.0885	10.904
1.0515	9.0489
0.6595	4.3964
-0.095	-3.3726
-1.1365	-13.383
-2.1145	-21.511
-2.93	-25.633
-3.6395	-29.051
-4.251	-32.154
-4.8685	-35.208
-5.5205	-38.648
-6.2065	-42.335
-6.3325	-42.797
-6.2665	-40.049
-5.5555	-33.34
-4.297	-24.812
-2.673	-15.287
-0.962	-0.74546
0.596	12.655
2.2365	23.905
3.974	36.663
5.6015	49.161
6.984	59.027
7.9385	65.355
8.3435	67.604
8.116	62.31
7.296	52.74
6.1065	40.561
4.636	27.623
3.005	16.984
1.2835	3.0179
-0.428	-9.2196
-2.073	-20.137
-3.597	-27.852
-4.9415	-34.925
-5.949	-40.893
-6.4975	-44.342
-6.5225	-42.766
-6.1105	-38.32
-5.3675	-32.091
-4.4665	-26.231
-3.554	-21.385
-2.7835	-16.692
-2.2775	-12.907
-2.082	-11.236
-1.921	-9.8932
-1.6805	-7.8185
-1.4215	-5.4967
-1.172	-3.3097
-0.882	-0.78588
-0.552	2.1421
-0.279	4.5222
-0.118	5.9099
-0.1505	4.1854
-0.432	0.63324
-0.986	-5.371
-1.803	-13.261
-2.87	-21.43
-4.159	-28.35
-5.656	-37.745
-7.251	-48.393
-8.85	-56.454
-10.307	-62.835
-11.356	-66.85
-11.519	-67.461
-11.446	-63.662
-10.683	-55.672
-9.2435	-42.613
-7.283	-28.552
-4.766	-16.333
-1.68	3.3008
1.931	23.536
5.7565	50.742
9.439	70.955
12.653	74.318
15.25	74.682
17.063	74.094
17.977	74.197
18.057	73.528
17.863	67.106
16.659	54.568
14.484	35.594
11.958	20.343
9.334	6.6688
6.652	-3.5253
3.9505	-10.333
1.1675	-16.369
-1.759	-23.55
-4.876	-35.545
-8.17	-51.608
-11.216	-63.621
-13.226	-68.884
-14.147	-70.092
-14.207	-69.643
-14.009	-65.602
-12.927	-54.55
-11.127	-39.488
-8.6055	-24.839
-5.3515	-8.4876
-1.6315	7.3065
2.357	20.783
6.367	40.143
10.113	54.671
13.439	64.335
16.113	70.528
18.144	72.859
19.674	73.218
20.736	73.169
21.323	73.115
21.445	72.805
21.442	68.678
21.034	64.236
20.101	55.223
18.654	42.577
17.037	30.434
15.558	22.243
14.168	16.122
12.903	10.163
11.692	4.7783
10.5	0.43556
9.254	-5.5506
7.917	-8.1463
6.477	-10.805
5.051	-13.329
3.7485	-15.516
2.634	-17.411
1.6555	-19.05
0.7675	-20.469
-0.1045	-22.18
-1.0225	-24.165
-2.0495	-26.774
-3.2305	-30.38
-4.56	-35.316
-5.8485	-40.839
-6.8645	-45.402
-7.456	-48.034
-7.624	-48.555
-7.39	-44.477
-6.817	-39.124
-5.9125	-31.687
-4.6815	-23.383
-3.193	-16.805
-1.538	-8.299
0.2145	1.931
1.962	11.488
3.585	18.592
4.9805	24.888
6.0345	29.801
6.643	32.72
6.757	33.214
6.755	32.114
6.4465	28.687
5.854	23.738
5.124	18.978
4.2545	14.627
3.229	9.2465
2.0865	1.9266
0.978	-5.2677
-0.031	-11.407
-0.9205	-16.333
-1.68	-19.903
-2.318	-22.8
-2.837	-25.126
-3.1345	-26.37
-3.179	-26.496
-3.154	-25.342
-2.8755	-23.132
-2.354	-19.948
-1.65	-16.055
-0.799	-10.491
0.159	-4.0552
1.15	2.6181
2.519	11.55
2.905	13.751
3.542	16.796
4.013	18.933
4.3615	20.478
4.607	21.789
4.701	22.229
4.6385	20.46
4.403	18.803
4.005	16.427
3.442	13.383
2.708	8.8693
1.923	3.386
1.1445	-2.2948
0.4215	-7.1
-0.185	-11.097
-0.63	-13.948
-0.8995	-15.583
-1.0055	-16.239
-0.9715	-15.031
-0.8325	-13.616
-0.657	-12.184
-0.5395	-11.209
-0.4985	-10.773
-0.3905	-9.9651
-0.117	-7.8814
0.2775	-4.868
0.7275	-1.455
1.154	1.5313
1.5525	4.5671
1.964	7.5535
2.4145	10.558
2.869	13.27
3.2405	15.219
3.465	16.302
3.482	15.498
3.2385	13.674
2.744	10.302
2.114	5.7168
1.4785	0.8622
0.8965	-3.395
0.3945	-6.8709
0.022	-9.5654
-0.205	-11.074
-0.3065	-11.734
-0.3045	-11.011
-0.212	-9.8752
-0.078	-8.6089
0.089	-7.2033
0.3125	-5.371
0.5875	-3.2154
0.8385	-1.2709
0.9875	-0.18865
1.022	-0.40417
0.988	-0.95206
0.9285	-1.6526
0.8795	-2.0613
0.848	-2.3801
0.817	-2.6451
0.773	-3.0133
0.6825	-3.8441
0.5155	-5.2273
0.255	-7.311
-0.0815	-9.9921
-0.4315	-12.713
-0.771	-14.981
-1.114	-17.272
-1.4705	-19.059
-1.745	-20.5
-1.911	-21.237
-1.892	-20.024
-1.605	-17.828
-1.056	-14.034
-0.2585	-8.299
0.7255	-1.1362
1.8305	6.7587
2.9625	13.908
4.036	19.117
4.9045	23.716
5.4775	26.684
5.8205	28.53
5.9945	29.482
6.0265	29.536
6.017	28.53
5.843	26.446
5.501	23.675
5.0045	20.28
4.394	17.007
3.697	13.8
2.9475	9.5071
2.1965	4.4729
1.512	-0.29636
0.932	-4.401
0.468	-7.365
0.11	-9.8034
-0.1685	-11.645
-0.402	-13.118
-0.591	-14.353
-0.7335	-15.219
-0.8215	-15.745
-0.847	-15.763
-0.797	-14.348
-0.665	-13.127
-0.433	-11.205
-0.1325	-8.8334
0.2065	-6.1344
0.5535	-3.4849
0.8145	-1.6304
1.1555	0.8622
2.107	7.9667
3.3375	15.143
4.7595	21.947
6.2505	30.699
7.6755	38.024
8.9035	43.125
9.836	46.323
10.386	48.343
10.499	48.541
10.5	46.417
10.142	42.672
9.3695	35.765
8.291	27.812
6.984	20.137
5.485	14.24
3.843	4.7602
2.1765	-5.3037
0.533	-13.387
-1.084	-20.078
-2.692	-26.581
-4.323	-33.923
-5.997	-42.24
-7.4365	-49.309
-8.111	-52.408
-8.1835	-52.506
-8.092	-50.023
-7.4265	-43.758
-6.2185	-34.22
-4.4475	-23.667
-2.2835	-13.409
0.1245	1.6705
2.621	14.55
5.0335	25.261
7.115	35.1
8.644	42.119
9.388	45.155
9.407	44.85
9.2115	41.886
8.3145	33.892
6.944	23.801
5.198	15.884
3.2965	5.4967
1.432	-6.112
-0.166	-14.514
-1.327	-19.742
-1.934	-22.234
-1.982	-21.309
-1.5685	-18.516
-0.861	-13.89
-0.036	-8.1598
0.695	-2.928
1.112	-0.19306
1.1545	-0.44008
1.1905	0.31431
1.2435	0.723
1.307	1.2125
1.3625	1.6437
1.3755	1.2799
1.356	0.95206
1.179	-1.0868
0.826	-4.2168
0.5575	-6.4084
0.493	-6.8305
0.5695	-5.398
0.759	-3.5522
0.9985	-1.5179
1.2295	0.38622
1.3535	1.5897
1.358	1.1676
1.3055	0.3458
1.0335	-2.4026
0.5625	-6.4173
0.003	-10.868
-0.5215	-14.514
-0.903	-16.903
-1.105	-18.066
-1.0195	-16.499
-0.639	-13.45
-0.091	-9.2646
0.489	-4.868
0.981	-1.2709
1.4405	2.3756
1.879	5.6405
2.249	8.1867
2.57	10.244
2.8635	11.999
3.282	14.245
3.397	14.86
3.5635	15.61
3.6015	15.713
3.601	15.192
3.412	13.468
2.931	9.9921
2.109	3.9699
0.968	-4.7647
-0.301	-13.499
-1.4565	-19.948
-2.294	-23.999
-2.7795	-26.029
-2.901	-26.015
-2.509	-22.921
-1.6185	-17.851
-0.3915	-9.6507
0.9895	-0.049442
2.321	9.296
3.44	15.466
4.2385	19.09
4.7225	21.309
4.9475	22.454
4.979	22.553
4.9625	21.574
4.8015	19.98
4.5135	18.322
4.109	16.149
3.6495	13.769
3.2125	11.299
2.8635	9.0265
2.6435	7.5266
2.4925	6.5566
2.3605	5.6629
2.1765	4.2259
1.9335	2.5418
1.6675	0.60626
1.4035	-1.3472
1.2045	-2.8113
1.1265	-3.44
1.112	-3.3546
1.104	-3.4759
1.019	-4.1226
0.807	-5.4743
0.472	-7.805
0.148	-10.136
-0.051	-11.425
-0.0625	-11.51
-0.0195	-10.302
0.228	-7.7422
0.6275	-4.401
1.082	-0.87123
1.501	2.6496
1.796	4.9803
1.9825	6.2961
2.164	7.6658
2.393	9.305
2.716	11.348
3.104	13.652
3.5175	15.704
3.91	17.438
4.235	18.875
4.4535	19.98
4.554	20.46
4.5995	20.586
4.6115	20.527
4.674	20.941
4.828	21.655
5.0185	22.93
5.192	23.819
5.291	24.309
5.3025	24.143
5.278	23.24
5.1035	21.574
4.754	19.122
4.204	16.427
3.429	12.435
2.421	5.9458
1.204	-3.0043
-0.1655	-12.556
-1.6335	-20.375
-3.1485	-27.542
-4.655	-34.682
-6.094	-41.931
-7.411	-48.788
-8.57	-54.231
-9.5855	-58.093
-10.483	-61.277
-11.267	-63.608
-11.722	-65.022
-11.751	-64.537
-11.622	-61.335
-10.833	-53.521
-9.337	-41.006
-7.2875	-27.699
-4.804	-17.514
-1.9395	-1.6885
1.197	11.546
4.4445	24.488
7.628	39.196
10.561	50.18
13.094	57.051
15.182	62.135
16.799	65.593
17.931	67.753
18.569	68.979
18.732	68.081
18.422	62.534
17.705	55.421
16.57	45.33
14.998	33.2
13.068	21.771
10.891	13.113
8.5	2.2095
6.0665	-6.3096
3.6975	-12.242
1.3995	-17.402
-0.804	-22.207
-2.8495	-28.44
-4.636	-35.45
-6.0575	-41.827
-7.0695	-46.516
-7.6935	-49.439
-7.891	-50.086
-7.649	-46.43
-7.03	-40.763
-6.0665	-33.367
-4.811	-25.404
-3.3355	-19.243
-1.671	-10.441
0.0725	-0.14372
1.769	9.3768
3.3005	16.329
4.611	21.677
5.6995	26.559
6.5675	30.528
7.155	33.115
7.3995	34.233
7.2355	31.139
6.627	26.24
5.626	19.8
4.3035	13.98
2.741	5.38
1.044	-5.6225
-0.61	-15.3
-2.1195	-22.256
-3.4335	-27.924
-4.529	-33.012
-5.392	-37.507
-6.004	-40.714
-6.3575	-42.627
-6.49	-43.121
-6.412	-41.176
-6.1385	-38.504
-5.5695	-33.995
-4.6765	-28.139
-3.4695	-21.987
-1.973	-14.981
-0.2485	-3.8127
1.5735	8.766
3.336	17.339
4.93	24.228
6.1995	30.142
7.0335	34.287
7.54	36.739
7.7505	37.691
7.5995	34.826
7.036	29.666
6.073	22.979
4.899	17.213
3.7555	12.305
2.7215	6.3814
1.736	-0.026977
0.813	-6.0671
-0.031	-11.465
-0.704	-15.417
-1.1305	-17.725
-1.276	-18.408
-1.1555	-16.445
-0.771	-13.414
-0.196	-8.8559
0.4845	-3.5388
1.1965	1.6212
1.845	6.341
2.336	9.4801
2.603	11.079
2.5035	9.3902
2.064	5.7751
1.514	1.455
1.065	-2.1601
0.8995	-3.4804
1.0025	-1.5224
1.339	1.482
1.813	5.5776
2.3175	9.2241
2.755	11.887
3.061	13.639
3.1705	14.168
3.0275	12.175
2.755	10.212
2.4955	9.2486
2.268	6.7542
2.148	5.8471
2.107	6.0131
2.105	5.7797
2.0075	4.7692
1.683	2.232
1.0885	-2.3487
0.175	-9.1388
-1.0035	-16.832
-2.3075	-22.952
-3.546	-28.427
-4.525	-33.124
-5.1125	-36.164
-5.263	-36.874
-5.0495	-33.757
-4.5385	-29.927
-3.8605	-25.845
-3.031	-21.722
-2.016	-17.186
-0.826	-9.5115
0.4695	-0.38171
1.747	7.9397
2.912	14.281
3.9275	18.695
4.785	22.432
5.4785	25.795
6.0345	28.526
6.4795	30.843
6.76	32.343
6.808	32.477
6.792	31.296
6.533	28.687
5.968	24.246
5.1345	19.391
4.0765	14.734
2.8255	8.1598
1.422	-1.0059
0.0565	-10.167
-1.031	-16.746
-1.769	-20.37
-2.202	-22.234
-2.3825	-23.074
-2.401	-22.948
-2.3865	-22.324
-2.2475	-20.837
-1.9375	-19.135
-1.419	-16.073
