"Kanda et al. 1988, Spec. STC2"	
652	
0.0485	4.0327
0.099	6.3275
0.1485	8.5505
0.198	10.405
0.248	12.211
0.1515	4.5133
0.052	0.33678
0.0015	-1.9625
-0.048	-3.8531
-0.099	-5.8784
-0.148	-7.585
-0.1995	-9.489
-0.2485	-10.931
-0.152	-3.5792
-0.052	0.38171
-0.002	2.2679
0.248	12.215
0.4985	20.707
0.7485	27.82
0.9995	33.093
1.2485	37
1.498	40.161
1.749	43.484
1.9995	46.264
2.2485	49.098
2.499	51.734
2.2515	42.191
1.751	32.401
1.252	23.15
0.752	12.399
0.252	-0.74546
0.001	-7.9263
-0.249	-14.806
-0.4985	-21.453
-0.748	-26.693
-0.998	-31.391
-1.2485	-34.925
-1.499	-38.423
-1.748	-41.275
-1.9985	-44.32
-2.249	-46.92
-2.498	-49.448
-2.2515	-40.655
-1.7515	-31.701
-1.2515	-23.235
-0.752	-13.742
-0.252	-1.94
-0.0015	4.3785
0.2495	10.755
1.2495	30.286
2.2485	46.682
2.499	50.288
2.251	41.589
1.2515	23.963
0.252	2.3756
0.002	-4.1135
-0.248	-10.167
-1.248	-28.835
-2.2485	-44.306
-2.499	-48.038
-2.2515	-39.968
-1.252	-23.473
-0.2515	-3.1166
-0.0015	3.0447
0.2485	9.4397
1.249	29.127
2.248	45.272
2.4985	49.363
2.251	41.311
1.252	24.08
0.2515	2.8158
0.002	-3.4938
-0.249	-9.6193
-1.249	-28.036
-2.249	-43.368
-2.498	-47.248
-2.2515	-39.923
-1.2505	-23.622
-0.251	-3.633
-0.0015	2.5104
0.499	14.667
1.4995	32.504
2.498	48.936
3.4985	60.523
3.9985	64.69
4.323	67.304
4.0005	57.639
3.501	49.758
2.501	35.473
1.502	21.506
0.002	-6.8126
-0.499	-16.531
-1.498	-32.078
-2.499	-47.01
-3.498	-57.967
-3.998	-62.193
-4.3245	-64.703
-4.001	-55.493
-3.5005	-47.993
-2.502	-34.373
-1.502	-21.435
-0.002	4.4189
0.498	14.258
1.498	29.496
2.499	42.263
3.498	55.102
4.3245	65.292
3.5015	48.537
2.502	34.889
1.501	21.56
0.001	-5.1195
-0.498	-14.42
-1.498	-28.588
-2.4985	-40.579
-3.4995	-52.875
-4.3235	-62.826
-3.5005	-46.785
-2.5015	-33.753
-1.501	-21.471
-0.0015	3.413
0.498	13.136
1.4995	28.355
2.4995	40.817
3.498	53.351
4.3235	64.052
3.502	47.697
2.502	34.368
1.5015	21.34
0.002	-4.7423
-0.498	-13.953
-1.4985	-27.749
-2.498	-39.559
-3.498	-51.527
-4.324	-62.004
-3.501	-46.556
-2.5015	-33.825
-1.5005	-21.682
-0.0015	2.7214
0.498	12.52
1.4995	27.627
3.498	52.345
4.498	65.224
5.4995	73.941
6.4995	77.067
7.498	78.602
8.649	79.824
8.501	72.158
7.501	58.794
5.5015	36.838
3.501	17.375
1.5015	-2.3576
0.0015	-16.724
-0.499	-21.691
-1.499	-31.436
-3.499	-53.086
-4.4995	-64.398
-5.499	-71.107
-6.499	-73.573
-7.4995	-75.311
-8.6485	-76.393
-8.5015	-69.522
-7.502	-56.705
-5.5005	-35.998
-3.5005	-18.444
-1.502	-0.90262
-0.001	10.738
1.4995	23.047
3.499	39.438
5.4995	56.678
7.499	71.943
8.648	77.664
8.502	71.125
7.502	58.142
5.501	37.013
3.5015	19.836
1.5015	1.7289
0.001	-11.115
-1.499	-23.101
-3.499	-38.455
-5.4985	-55.214
-7.498	-69.908
-8.648	-75.432
-8.502	-68.844
-7.5015	-56.31
-5.502	-36.137
-3.5015	-20.236
-1.502	-2.69
-0.0015	9.4217
1.4985	21.722
3.4995	37.233
5.498	54.011
7.499	69.639
8.6495	76.676
8.501	70.483
7.5005	57.72
5.5015	36.941
3.501	20.393
1.5015	2.8696
0.001	-10.226
-1.499	-22.009
-3.4985	-36.488
-5.498	-52.664
-7.4985	-67.586
-8.6485	-74.431
-8.501	-68.548
-7.501	-56.148
-5.501	-36.169
-3.502	-20.932
-1.5015	-3.8172
-0.0005	8.7705
1.4985	21.188
3.4995	36.304
5.4995	52.735
7.4985	68.399
8.9995	77.668
9.9995	79.343
11	79.837
11.998	80.026
12.974	79.415
12.5	68
12.001	62.202
10.002	41.76
8.002	25.813
6.001	11.443
4.002	-0.76793
2.001	-9.0444
0.0015	-16.266
-1.499	-22.463
-3.499	-35.078
-5.4995	-49.965
-7.4985	-63.545
-8.9985	-70.514
-9.999	-72.257
-10.998	-73.896
-11.999	-75.526
-12.976	-76.294
-12.501	-65.368
-12	-59.638
-10.002	-40.009
-8.0015	-25.297
-6.002	-11.86
-4.001	-0.63765
-2.002	7.2796
-0.002	14.249
1.499	20.667
3.4995	32.181
5.4985	45.065
7.498	56.665
9.4985	66.388
11.499	74.408
12.975	77.821
12.5	67.196
12.002	61.412
10.001	41.208
8.002	25.674
6.001	12.278
4.0015	0.19306
2.0005	-8.2631
0.002	-15.129
-1.499	-20.739
-3.4985	-31.337
-5.499	-43.803
-7.4985	-55.071
-9.498	-64.322
-11.498	-71.678
-12.973	-75.252
-12.502	-64.932
-12	-59.229
-10.002	-39.95
-8.0005	-25.53
-6.0015	-12.821
-4.0005	-1.3562
-2.001	7.9981
-0.002	14.029
1.498	19.962
3.4985	31.036
5.499	43.395
7.498	54.68
9.4995	64.308
11.498	72.657
12.974	77.381
12.502	67.51
12	61.034
10.002	41.023
8.002	25.768
6.002	12.969
4.0015	1.0688
2.001	-7.5894
0.002	-14.353
-1.499	-19.517
-3.4995	-29.379
-5.499	-41.567
-7.4985	-52.857
-9.499	-62.256
-11.498	-70.048
-12.974	-74.754
-12.502	-64.546
-12.002	-58.91
-10.001	-39.667
-8.001	-25.544
-6.001	-13.369
-4.0015	-1.6301
-2.0015	6.8126
-0.0005	13.288
1.499	19.117
3.4995	29.832
5.499	41.863
7.4995	53.054
9.4995	62.741
11.498	71.305
13	76.662
14.498	78.571
15.498	78.76
16.499	78.8
17.298	78.423
17.002	69.836
16.501	63.926
14.502	44.216
12.502	28.557
10.5	16.459
8.5005	5.3934
7.501	0.80383
6.5015	-2.937
4.502	-8.8648
2.501	-13.189
1.0015	-15.915
0	-18.179
-1.4995	-21.727
-3.499	-29.451
-5.499	-40.476
-7.498	-51.101
-9.4995	-59.71
-11.499	-66.482
-12.999	-70.833
-14.498	-73.366
-15.498	-74.48
-16.499	-75.212
-17.299	-75.252
-17	-66.527
-16.502	-60.837
-14.502	-41.809
-12.502	-27.677
-10.502	-16.459
-8.502	-5.7706
-7.5005	-1.6975
-6.501	1.8906
-4.5015	7.7107
-2.5015	12.04
-0.0005	17.397
1.499	21.596
5.498	40.009
9.4995	57.172
13.498	69.805
17.299	76.999
17.002	68.601
14.502	43.417
10.501	16.656
6.502	-2.5912
2.501	-13.014
0.0005	-17.851
-1.498	-21.197
-5.4995	-37.804
-9.4985	-54.631
-13.498	-66.167
-17.299	-73.555
-17.001	-65.759
-14.502	-41.414
-10.501	-16.697
-6.502	1.7334
-2.5005	11.905
-0.002	16.867
1.499	20.909
5.498	38.679
9.4985	55.129
13.499	67.483
17.299	75.85
17.002	67.973
14.501	43.013
10.502	16.778
6.5015	-2.2948
2.501	-12.938
0.0015	-17.842
-1.499	-21.188
-5.498	-37.197
-9.499	-53.355
-13.498	-64.398
-17.298	-72.621
-17.001	-64.187
-14.5	-40.278
-10.502	-16.409
-6.501	1.7425
-2.5005	11.986
-0.0005	16.823
1.4985	20.824
6.4995	42.73
11.5	60.208
16.498	73.384
18.499	75.526
20.5	75.288
22.499	74.269
24.499	73.411
25.949	72.109
25.002	55.771
22.5	35.1
17.501	8.6897
15	-0.52994
10.001	-12.008
5.002	-18.394
0.0015	-25.4
-1.4995	-28.768
-6.4985	-45.164
-11.5	-58.838
-16.499	-68.332
-18.5	-70.07
-20.499	-70.914
-22.499	-71.202
-24.499	-70.95
-25.949	-71.085
-25.001	-56.018
-22.501	-35.751
-17.5	-10.423
-15.001	-1.4864
-10.002	9.4801
-5.0005	16.122
-0.0015	23.155
3.998	33.205
8.9995	47.629
13.998	57.105
18.998	64.906
23.999	68.444
25.949	69.32
25.001	55.125
20.001	20.42
15	0.2425
10.002	-11.6
5.0015	-18.646
0.0005	-25.845
-3.9985	-35.437
-8.999	-48.411
-14	-56.849
-18.998	-63.706
-24	-67.973
-25.949	-69.055
-25.001	-54.837
-20	-21.421
-15.001	-1.6077
-10	9.4306
-5.002	16.333
-0.0015	23.303
3.9985	32.671
8.9995	45.474
13.999	54.029
19	61.12
23.998	66.149
25.949	67.227
25.001	53.189
20.002	19.701
15.002	0.29636
10	-11.591
5.001	-18.736
0.0005	-26.114
-3.9995	-35.459
-8.998	-47.171
-13.999	-55.012
-19	-61.326
-23.998	-66.167
-25.949	-67.515
-25.001	-53.162
-20.001	-20.869
-15	-1.7334
-10.002	9.3993
-5.002	16.333
-0.0015	23.455
3.999	32.45
8.9985	44.212
13.998	52.044
18.998	58.973
23.998	63.783
26	65.301
27.999	66.096
29.999	66.432
31.999	66.657
33.999	66.378
34.598	66.814
34	56.265
29.001	21.857
24.001	2.4205
19	-9.2646
14	-16.064
9.0015	-20.914
4.0005	-26.222
0.002	-32.365
-3.999	-39.753
-8.998	-48.541
-13.998	-54.828
-18.998	-59.683
-23.999	-63.671
-25.999	-64.843
-27.999	-65.507
-30	-65.997
-31.998	-66.208
-34	-65.947
-34.598	-66.648
-34.001	-54.581
-29.001	-21.502
-24.002	-3.3277
-19.001	7.9038
-14.002	14.398
-9.0015	19.216
-4.0005	24.169
-0.0015	29.626
3.999	36.101
8.998	43.83
14	49.502
18.998	54.065
23.998	57.954
28.999	60.446
33.999	60.756
34.598	61.847
34.001	51.105
29.001	19.324
24.001	1.3293
19	-10.306
14.002	-17.254
9.0015	-22.337
4.002	-27.776
0.001	-33.425
-3.9995	-39.447
-8.998	-45.914
-13.999	-50.724
-18.999	-54.5
-23.998	-57.81
-28.999	-59.952
-33.998	-60.28
-34.599	-61.47
-34.002	-49.92
-29.002	-19.328
-24.001	-2.3667
-19	8.7391
-14.001	15.107
-9.002	19.885
-4.001	24.704
-0.0005	29.222
4.002	34.382
8.9985	40.112
14	44.787
19	48.878
23.999	52.497
28.999	55.021
33.998	55.928
34.599	57.038
34.001	46.682
29.001	17.02
24	0.53886
19.001	-10.257
14.002	-16.76
9.002	-21.753
4.002	-27.205
0.0015	-32.248
-3.9985	-36.703
-8.998	-41.499
-13.998	-45.77
-19	-49.345
-24	-52.893
-29	-55.556
-33.999	-56.746
-34.599	-57.85
-34.001	-46.345
-29.001	-17.564
-24.001	-1.913
-19.001	9.6867
-14.002	14.963
-9.0015	19.364
-4.001	24.331
-0.0015	28.642
3.9985	32.747
8.998	37.292
13.998	41.145
18.999	44.877
23.998	48.317
28.999	51.384
33.999	53.238
34.998	54.325
36	54.671
37	54.824
38	54.914
38.998	55.044
39.999	54.81
40.998	54.985
42	55.003
43.249	54.734
43.001	47.908
42.502	43.713
37.5	15.085
32.502	-0.52994
27.502	-10.845
22.501	-16.715
17.502	-20.756
12.502	-24.601
7.5015	-28.355
2.502	-32.54
0.0015	-34.651
-3.946	-38.154
-8.9995	-40.781
-13.998	-43.749
-18.999	-46.731
-23.999	-49.48
-28.999	-51.959
-33.998	-52.726
-35	-50.382
-35.999	-50.894
-36.998	-51.105
-37.999	-51.393
-38.998	-51.649
-39.999	-51.756
-41	-51.626
-42	-51.658
-43.25	-51.496
-43.002	-43.561
-42.501	-39.263
-37.5	-12.655
-32.501	1.4146
-27.5	10.576
-22.501	15.821
-17.501	19.481
-12.501	22.728
-7.5015	26.123
-2.5	29.572
-0.002	31.148
3.999	33.322
8.9995	36.057
14	38.374
18.999	40.449
24	42.541
29	44.454
33.999	45.698
38.998	46.188
43.499	46.085
44.499	47.055
45.5	47.109
46.499	47.068
47.498	47.001
48.499	46.794
49.499	46.606
50.499	46.588
51.499	47.239
52.5	46.26
50.002	24.879
47.501	12.66
45.001	3.4624
44.126	0.98345
43.752	0.1392
