"""Matamoros et. al 1999 Specimen c10-10 North"""	
1769	
-0.0251714	-0.367867928
-0.037846	-0.362530062
-0.037846	-0.340288954
-0.035306	-0.375429905
-0.037846	-0.37231615
0.00251714	-0.449270384
0.234188	-0.423025876
0.38862	7.02819016
0.54102	11.38744735
0.6477	14.0118981
0.89408	17.92633313
1.37922	24.73211221
2.0066	35.09646858
2.5908	44.08187625
3.1496	49.82008214
3.683	54.71312593
4.2418	59.16134755
5.3086	66.7233243
5.8674	70.2819016
6.5278	73.39565673
6.5278	72.06119024
7.0612	76.0645897
7.6962	80.06798916
8.2804	82.29209997
8.3058	81.40245565
8.8646	85.85067727
9.5758	87.62996591
10.1854	90.74372105
10.8458	90.74372105
11.4808	93.41265402
12.2174	94.30229834
12.9032	94.30229834
12.9286	94.74712051
12.2936	85.4058551
11.7348	80.95763348
11.1506	76.0645897
10.1092	68.50261295
9.4996	64.49921349
8.9408	60.05099187
8.3566	55.60277025
7.6454	49.82008214
7.0612	45.81668269
6.477	41.10156777
5.9436	36.5198995
5.0292	29.53619156
4.445	24.91004107
4.0132	20.15044394
3.5814	15.47981124
3.1242	10.76469632
2.54	5.159937079
2.20726	0.249990055
2.19456	0.4937526
2.1971	1.997251507
2.15138	3.447371756
1.26746	-8.807478808
0.79756	-13.87845145
-0.0075438	-25.39934545
-0.51308	-31.00410469
-0.96012	-37.32057939
-1.49098	-41.81328323
-2.6416	-53.37865944
-3.2004	-57.82688106
-3.7084	-61.38545836
-4.2926	-66.27850214
-5.1562	-71.61636808
-5.7658	-74.73012322
-6.3246	-78.28870051
-7.0358	-81.84727781
-7.6454	-84.51621078
-8.255	-85.85067727
-8.8392	-88.9644324
-9.398	-89.85407672
-10.1854	-92.07818753
-10.7188	-92.07818753
-11.3284	-93.41265402
-12.1158	-93.85747618
-12.7762	-93.41265402
-12.2428	-83.62656646
-11.684	-78.28870051
-11.0998	-73.39565673
-10.16	-67.16814646
-9.5758	-62.27510268
-9.017	-57.3820589
-8.4074	-52.93383728
-7.5946	-47.15114917
-7.0358	-42.34706982
-6.5278	-38.03229485
-5.9436	-33.4951088
-5.1054	-27.71242069
-4.5466	-23.57557459
-3.9878	-19.39424626
-3.4544	-15.34636459
-2.48666	-7.428530105
-1.80086	-2.913585161
-1.34874	-0.140563803
-0.508	9.919534213
-0.015113	14.36775583
0.25908	17.5704754
1.2954	24.95452329
1.82372	29.49170934
2.6162	34.25130647
3.2004	38.21022372
3.7338	41.63535436
4.3688	45.37186052
5.1562	50.70972647
5.7404	54.26830376
6.3246	57.3820589
6.9342	60.94063619
7.6454	65.38885781
8.2804	68.50261295
8.8646	72.06119024
9.4996	75.17494538
10.1854	79.623167
10.8204	82.29209997
11.43	85.4058551
12.065	88.07478808
12.7254	91.18854321
12.065	84.07138862
11.4554	79.623167
10.8712	75.17494538
10.033	68.50261295
9.398	64.05439133
8.8646	60.49581403
8.2804	56.04759241
7.6454	51.15454863
7.0358	47.59597133
6.477	43.3701608
5.8674	39.41124355
5.0292	33.4951088
4.445	29.26929826
3.8354	25.17693437
3.3274	20.90664161
2.5908	14.76809578
2.2606	11.07607183
2.16408	7.561976754
2.0193	3.905538582
0.5588	-2.535486323
-0.0050292	-8.851961024
-0.4826	-12.67743162
-1.37414	-20.99560605
-1.92278	-24.28729005
-2.6162	-31.53789129
-3.175	-35.45232631
-3.7338	-39.2777969
-4.2672	-42.8363742
-5.1816	-49.82008214
-5.7658	-53.8234816
-5.7658	-52.93383728
-6.3754	-56.93723674
-6.9342	-60.49581403
-7.7978	-65.83367998
-8.382	-68.94743511
-8.9662	-71.61636808
-9.5504	-75.17494538
-10.16	-78.73352267
-10.16	-79.623167
-10.795	-82.29209997
-11.3284	-84.96103294
-11.938	-87.62996591
-12.8016	-90.74372105
-12.2174	-83.62656646
-11.3538	-75.61976754
-10.795	-71.61636808
-10.1346	-66.27850214
-9.4742	-61.83028052
-8.9408	-57.82688106
-8.3566	-53.8234816
-7.5438	-47.15114917
-6.985	-43.14774971
-6.4262	-39.09986804
-5.842	-35.4078441
-4.9022	-28.64654723
-4.3942	-24.37625448
-3.81	-20.28389059
-3.2512	-16.72531329
-2.5019	-9.741605348
-1.96088	-6.094063619
-1.46304	-2.513245215
-0.96266	-0.032961322
-0.4445	7.695423403
0.0125984	11.520894
0.48006	16.68083108
1.44272	22.81937691
1.93294	27.53449183
2.6416	32.16064231
3.2258	36.07507734
3.7846	39.45572577
4.3942	42.70292755
5.1816	47.59597133
5.7658	51.15454863
6.3754	54.71312593
7.0612	58.27170322
7.6962	63.164747
8.2804	66.7233243
8.9408	69.83707943
9.4488	73.39565673
10.1854	76.95423403
10.8458	80.51281132
11.4554	84.51621078
12.1158	87.62996591
12.7254	90.29889889
13.3096	92.96783186
13.9954	92.5230097
14.6558	94.30229834
15.3162	94.30229834
15.9258	93.85747618
16.6116	93.85747618
17.2212	95.63676483
18.0086	92.5230097
18.669	92.5230097
19.4056	92.07818753
19.4056	91.63336537
18.796	84.51621078
17.8054	78.73352267
17.2212	74.28530105
16.637	70.72672376
16.0528	67.16814646
15.2146	61.83028052
14.6304	58.27170322
14.0208	54.26830376
13.4112	51.15454863
12.7	46.26150485
12.0396	42.03569431
11.5316	39.23331469
10.9474	36.11955955
10.1092	31.49340907
9.525	27.62345626
8.9154	24.9990055
8.382	21.9742148
7.6962	18.77149524
7.239	15.74670453
6.9596	13.43362929
5.8166	10.49780302
5.08	6.138545836
4.5974	3.647541728
3.9624	0.667233243
3.9624	0.840713886
3.9624	1.347811151
3.937	3.425130647
3.5814	-1.245502054
2.49936	-7.473012322
1.90246	-9.786087564
1.35636	-12.09916281
0.81788	-14.05638032
0.48768	-17.08117102
-0.085598	-19.97251507
-0.63754	-22.77489469
-1.36652	-27.26759853
-1.97358	-30.95962248
-2.5908	-34.78509307
-3.2004	-38.03229485
-3.7846	-41.23501442
-4.3434	-44.92703836
-5.08	-49.37525998
-5.6896	-52.93383728
-6.2484	-56.04759241
-6.8834	-59.16134755
-7.6962	-64.49921349
-8.3312	-67.61296862
-8.9154	-70.72672376
-9.525	-73.39565673
-10.2362	-77.39905619
-10.8458	-80.06798916
-11.43	-83.18174429
-12.0142	-85.4058551
-12.7508	-88.51961024
-13.3858	-89.85407672
-14.0462	-90.74372105
-14.732	-90.74372105
-15.4432	-91.18854321
-16.1798	-91.18854321
-16.8402	-90.74372105
-17.5768	-91.18854321
-18.2372	-91.18854321
-18.9738	-90.74372105
-19.5834	-89.85407672
-19.0246	-83.62656646
-17.7038	-76.0645897
-17.0942	-71.61636808
-16.4592	-67.61296862
-15.9004	-63.60956917
-15.875	-64.05439133
-15.24	-57.82688106
-14.6304	-54.26830376
-14.0716	-50.26490431
-13.4874	-46.26150485
-12.7	-41.14604999
-12.1412	-37.72091934
-11.557	-34.20682426
-10.9728	-30.78169361
-10.1854	-26.24450756
-9.6266	-22.73041248
-8.9662	-20.72871275
-8.382	-17.70392205
-7.5438	-12.8998427
-6.9596	-10.54228524
-6.2738	-8.140245565
-5.6642	-5.515794809
-5.0546	-2.958067377
-4.4704	-0.809576335
-2.7178	4.759597133
-2.45364	7.117154592
-1.85928	9.519194267
-1.36906	12.01019837
-0.7239	15.03498908
0.0226568	17.70392205
0.69596	20.55078388
1.27508	23.70902123
1.85674	26.33347199
2.5654	29.84756707
3.2258	33.05028664
3.8354	34.82957528
4.445	38.25470593
5.2578	41.94672988
5.8674	44.4822162
6.477	48.0407935
7.1882	50.26490431
7.747	53.37865944
8.3566	56.04759241
8.9662	58.27170322
9.6012	61.83028052
10.2362	64.94403565
10.8458	67.16814646
11.4808	68.94743511
12.1158	72.06119024
12.7	73.39565673
13.3096	76.0645897
13.9446	77.84387835
14.605	80.06798916
15.24	81.84727781
15.8242	84.07138862
16.4592	84.51621078
17.1196	87.18514375
17.7038	87.62996591
18.3642	89.40925456
19.05	89.85407672
18.415	82.73692213
17.8308	78.28870051
17.2466	74.28530105
16.6878	70.72672376
16.0782	66.7233243
15.2654	61.38545836
14.6558	57.3820589
14.0462	54.26830376
13.462	50.26490431
12.7254	45.81668269
12.1158	42.43603425
11.5062	39.23331469
10.8966	35.67473739
10.0838	31.49340907
9.4742	28.73551167
8.9154	25.39934545
8.3566	22.46351918
7.62	18.72701302
7.0866	16.1915267
6.4008	13.61155816
5.842	10.63124967
5.08	6.627850214
4.445	4.288085642
3.81	1.485706021
3.6322	0.876299659
3.6068	1.414534475
3.5814	2.886895831
2.51714	-4.670632701
1.89484	-6.850261295
1.2827	-9.385747618
0.71882	-11.07607183
-0.042672	-15.88015118
-0.64008	-19.43872848
-1.16586	-21.66283929
-1.75768	-24.46521891
-2.5654	-28.77999388
-3.1242	-31.44892685
-3.683	-34.20682426
-4.2672	-37.18713274
-5.1562	-41.99121209
-5.7658	-44.4822162
-6.3246	-47.59597133
-6.9342	-50.26490431
-7.747	-54.26830376
-8.4074	-56.93723674
-9.0424	-60.05099187
-9.652	-63.164747
-10.2362	-65.83367998
-10.8458	-67.61296862
-11.43	-69.83707943
-12.0396	-72.06119024
-12.7254	-75.17494538
-13.2842	-76.50941186
-13.9446	-78.28870051
-14.5796	-80.06798916
-15.1892	-81.40245565
-15.8496	-82.29209997
-16.4592	-84.07138862
-17.1196	-85.4058551
-17.8054	-85.85067727
-18.4658	-87.18514375
-19.1262	-88.07478808
-18.542	-81.84727781
-17.9324	-77.39905619
-17.145	-72.06119024
-16.4846	-66.27850214
-16.4846	-66.27850214
-15.875	-62.71992484
-15.24	-57.82688106
-14.6558	-54.26830376
-14.0462	-50.26490431
-13.462	-47.15114917
-12.6746	-41.54638993
-12.1666	-38.25470593
-11.557	-34.82957528
-10.9728	-31.71582015
-10.16	-27.08966967
-9.5504	-24.02039675
-8.9916	-21.21801713
-8.4328	-18.50460194
-7.62	-14.50120248
-7.0612	-12.32157389
-6.4008	-8.985407672
-5.8166	-6.183028052
-5.0546	-3.171582015
-4.4958	-1.418982697
-3.8862	1.09871074
-3.8608	0.925230097
-3.175	3.780988377
-2.48158	6.716814646
-1.95326	9.118854321
-1.42494	11.34296513
-1.00584	13.30018264
0.050292	16.28049113
0.56642	19.61665734
1.12014	22.37455475
1.9812	25.71072096
2.667	28.37965394
3.2512	30.69272918
3.8862	33.89544874
4.4704	36.65334615
5.1562	40.12295901
5.715	42.52499869
6.3246	45.37186052
6.985	48.0407935
7.6708	51.15454863
8.3058	53.8234816
8.89	56.49241457
9.5504	58.71652538
10.1854	62.27510268
10.795	64.49921349
11.43	67.16814646
12.1158	69.39225727
12.7	71.61636808
13.335	73.84047889
13.9954	76.0645897
14.6304	78.28870051
15.24	79.623167
15.875	81.40245565
16.5354	82.73692213
17.145	84.07138862
17.78	85.85067727
18.4912	86.74032159
19.0754	87.62996591
19.7358	88.51961024
20.3962	88.9644324
21.082	89.40925456
21.7424	88.9644324
22.4536	89.40925456
23.0886	89.40925456
23.8252	88.9644324
24.511	88.51961024
25.1714	88.51961024
25.908	88.07478808
25.2476	81.40245565
24.13	75.17494538
23.5204	71.61636808
22.86	67.61296862
22.1488	63.164747
21.5138	60.05099187
20.9296	56.49241457
20.32	53.37865944
20.32	53.37865944
19.7104	49.82008214
19.1262	45.81668269
18.5166	42.74740977
17.78	39.09986804
17.1958	36.03059512
16.6116	33.27269772
16.0274	30.4703181
15.2654	26.73381194
14.6812	23.79798567
13.9954	21.1290527
13.462	19.12735297
12.9032	16.81427772
11.9634	13.34466486
11.4046	11.34296513
10.8458	9.385747618
10.1346	7.206119024
9.4996	5.38234816
8.9154	3.549680853
8.2296	1.779288648
7.7216	0.2468763
7.7216	0.800679892
7.0612	-2.731208075
6.4262	-4.412635847
5.7404	-5.426830376
5.1054	-6.67233243
4.445	-8.095763348
3.81	-10.09746308
3.1496	-11.56537621
2.5654	-13.47811151
1.97358	-15.6577401
1.47066	-16.85875994
0.7366	-19.34976405
-0.0226568	-21.35146378
-0.61976	-24.02039675
-1.27508	-26.37795421
-1.84658	-28.60206502
-2.6162	-32.38305339
-3.2258	-34.78509307
-3.8608	-37.40954382
-4.4704	-40.30088788
-5.0292	-43.23671415
-5.6642	-45.81668269
-6.4516	-49.37525998
-7.0358	-52.04419295
-7.6962	-54.71312593
-8.2804	-56.93723674
-8.9408	-59.60616971
-9.4996	-61.83028052
-10.16	-64.94403565
-10.795	-66.7233243
-11.4554	-69.39225727
-12.065	-71.17154592
-12.7	-72.95083457
-13.3604	-74.73012322
-14.0208	-76.95423403
-14.6304	-78.28870051
-15.2654	-79.623167
-15.9512	-80.95763348
-16.5862	-82.29209997
-17.272	-83.18174429
-17.9324	-84.07138862
-18.6182	-85.4058551
-19.304	-85.85067727
-19.9898	-86.74032159
-20.6756	-86.74032159
-21.3868	-87.18514375
-22.1488	-86.74032159
-22.3012	-87.18514375
-23.0378	-86.74032159
-23.749	-86.74032159
-24.765	-86.74032159
-25.1206	-86.29549943
-25.4	-85.85067727
-24.8412	-79.623167
-23.9776	-73.39565673
-23.3426	-69.39225727
-22.733	-65.38885781
-21.971	-60.94063619
-21.4884	-56.93723674
-20.8788	-53.37865944
-20.2692	-50.26490431
-19.6342	-46.26150485
-19.0246	-42.08017653
-18.4404	-38.74401031
-17.78	-35.00750415
-17.2212	-32.51650004
-16.637	-29.62515599
-16.0528	-27.08966967
-15.1892	-23.17523464
-14.605	-20.50630167
-13.9954	-17.70392205
-13.2588	-14.72361356
-12.7	-12.67743162
-12.065	-10.45332081
-11.4808	-8.674032159
-10.8712	-7.295083457
-10.1854	-3.727609718
-9.5758	-1.761495762
-8.9916	0.036475417
-8.3566	1.285536048
-7.5946	3.193823123
-6.985	4.670632701
-6.3754	6.360956917
-5.8166	7.873352267
-5.0292	9.385747618
-4.445	10.89814297
-3.81	12.27709167
-3.3528	13.70052259
-2.44602	15.12395351
-1.91262	17.48151097
-1.20142	19.57217513
-0.52324	21.66283929
-0.0100584	23.17523464
0.5842	25.13245215
1.2827	27.00070523
1.88214	29.71412042
2.6162	31.67133793
3.2258	34.20682426
3.8862	35.94163069
4.5212	37.80988377
5.1562	40.52329896
5.7658	42.52499869
6.4008	45.37186052
7.0612	47.59597133
7.6708	49.82008214
8.3312	51.59937079
8.9408	54.71312593
9.6012	56.49241457
10.2108	58.71652538
10.8458	60.49581403
11.4808	62.71992484
12.1666	64.05439133
12.7762	66.27850214
13.4112	67.61296862
14.0462	69.39225727
14.6558	71.17154592
15.3416	72.50601241
15.9004	73.84047889
16.6116	75.17494538
17.1958	76.50941186
17.9324	77.84387835
18.542	78.73352267
19.177	79.17834484
19.8374	80.51281132
20.4978	80.95763348
21.1582	81.84727781
21.844	82.73692213
22.5044	83.18174429
23.1902	84.07138862
23.876	83.62656646
24.5364	84.51621078
25.2222	84.96103294
25.4	84.96103294
24.8158	78.73352267
24.1808	75.17494538
23.5204	70.2819016
22.9108	66.7233243
22.3266	63.60956917
21.6154	59.60616971
21.0058	56.04759241
20.3962	52.48901512
19.8374	49.37525998
19.05	44.92703836
18.4912	42.12465874
17.907	39.14435026
17.2974	36.29748842
16.5354	32.1161601
15.9766	29.44722712
15.3162	26.60036529
14.732	23.97591453
13.9446	20.90664161
13.4112	18.77149524
12.6746	15.88015118
12.0142	13.56707594
11.3284	10.80917854
10.8204	8.851961024
10.16	7.02819016
9.525	4.848561566
8.89	2.833517172
8.2042	0.809576335
7.6454	-0.849610329
7.6454	-0.389664214
7.0358	-3.095962248
6.35	-5.426830376
5.6896	-6.049581403
5.0546	-7.428530105
4.4704	-8.718514375
3.81	-10.40883859
3.2766	-11.74330508
2.6162	-14.14534475
1.96088	-15.43532902
1.27	-17.17013545
0.60452	-18.9494241
0.0251714	-20.95112383
-0.56134	-23.53109237
-1.27762	-25.84416761
-1.94056	-28.33517172
-2.54	-30.4703181
-3.1496	-33.09476885
-3.8354	-35.00750415
-4.445	-37.14265053
-5.0292	-40.0784768
-5.6388	-42.74740977
-6.5024	-45.37186052
-7.0866	-47.59597133
-7.6962	-50.26490431
-8.3312	-52.04419295
-8.9662	-54.71312593
-9.5758	-57.3820589
-10.16	-59.16134755
-10.9474	-61.38545836
-11.4554	-63.164747
-12.1158	-65.38885781
-12.7	-66.7233243
-13.4366	-68.50261295
-14.0208	-69.83707943
-14.6558	-71.17154592
-15.3416	-72.95083457
-16.0528	-73.84047889
-16.7132	-75.17494538
-17.2974	-76.0645897
-17.9324	-76.95423403
-18.6436	-77.84387835
-19.3548	-78.73352267
-20.066	-79.17834484
-20.7264	-80.06798916
-21.3868	-80.95763348
-22.1234	-81.40245565
-22.8346	-81.84727781
-23.5458	-82.29209997
-24.1046	-83.18174429
-24.511	-83.18174429
-24.8412	-84.51621078
-25.4	-83.18174429
-24.9428	-77.39905619
-24.257	-72.95083457
-23.6728	-68.94743511
-23.0632	-63.60956917
-22.4536	-59.60616971
-21.5646	-55.15794809
-20.9296	-52.04419295
-20.2946	-48.48561566
-19.5326	-44.34876955
-19.05	-40.74571004
-18.4912	-37.27609718
-17.8308	-33.89544874
-17.2212	-30.91514026
-16.51	-27.49000961
-15.9258	-24.77659442
-15.24	-21.57387486
-14.6304	-18.9494241
-13.9192	-16.1915267
-13.3604	-14.23430918
-12.7	-11.29848291
-12.0904	-9.207818753
-11.4554	-6.538885781
-10.8204	-4.323671415
-10.1346	-2.090664161
-9.5504	-0.436815363
-8.89	1.988355064
-8.2804	3.856608145
-7.7216	5.159937079
-7.6962	4.581668269
-6.985	8.89644324
-6.35	10.54228524
-5.7658	11.69882286
-5.08	13.56707594
-4.4196	15.79118675
-3.81	17.25909989
-3.048	19.61665734
-2.54	20.8621594
-2.02946	22.64144805
-1.23698	24.77659442
-0.63754	26.33347199
0.0075438	28.42413615
0.64008	30.4703181
1.24206	32.16064231
1.85166	34.42923534
2.5908	36.38645285
3.2512	39.05538582
3.8608	40.61226339
4.4704	42.61396312
5.1054	44.4822162
5.7404	46.70632701
6.3754	48.48561566
7.0358	50.70972647
7.62	52.93383728
8.3058	55.15794809
8.89	56.93723674
10.16	60.05099187
10.8458	61.83028052
11.6332	64.05439133
12.1412	64.94403565
12.7254	66.7233243
13.4112	68.05779079
14.0208	69.83707943
14.6812	70.72672376
15.3162	71.61636808
15.9512	72.95083457
16.5608	74.28530105
17.2466	74.73012322
17.907	75.61976754
18.4658	76.95423403
19.0246	77.39905619
19.7104	78.28870051
20.3708	78.73352267
21.1074	79.623167
21.6662	80.51281132
22.3266	80.95763348
22.8854	80.95763348
23.5712	81.40245565
24.1046	81.84727781
24.765	82.29209997
25.4	82.73692213
26.162	82.73692213
26.67	82.73692213
27.432	83.18174429
28.194	83.18174429
28.702	82.73692213
29.464	83.18174429
29.718	82.73692213
30.48	82.73692213
31.242	83.18174429
31.75	82.29209997
31.242	75.61976754
30.48	70.72672376
29.972	67.61296862
29.21	63.60956917
28.448	59.60616971
27.94	56.49241457
27.432	53.37865944
26.67	49.82008214
25.908	45.81668269
25.4	42.74740977
24.7904	39.90054793
24.1554	36.43093507
23.5712	33.62855545
22.9616	30.95962248
22.3774	28.42413615
21.59	25.39934545
20.955	22.73041248
20.3708	20.68423053
19.7866	18.46011972
19.0246	15.74670453
18.4658	13.65604037
17.7546	11.29848291
17.4498	9.697123132
16.4338	7.784387835
15.8496	5.827170322
15.2654	4.016744123
14.6812	2.459866556
14.0716	1.009746308
13.335	-1.063124967
12.6238	-2.255248361
12.065	-3.825470593
11.3284	-5.248901512
10.7696	-6.3164747
10.1854	-7.384047889
9.525	-8.496103294
8.9154	-9.786087564
8.255	-10.9871074
7.6454	-11.69882286
6.9596	-12.54398497
6.3246	-14.14534475
5.715	-15.56877567
5.08	-16.1915267
4.445	-17.70392205
3.7338	-18.86045967
3.2004	-20.5952661
2.5654	-22.2411081
1.94564	-23.53109237
1.25984	-25.17693437
0.64262	-26.95622302
0.0226568	-28.2906895
-0.57912	-30.29238923
-1.25476	-32.33857118
-1.9939	-34.34027091
-2.6162	-36.03059512
-3.2512	-38.03229485
-3.8608	-40.30088788
-4.4958	-42.12465874
-5.1054	-44.12635847
-5.7404	-46.26150485
-6.4262	-48.48561566
-6.985	-50.26490431
-7.6454	-52.48901512
-8.3058	-54.71312593
-8.9408	-56.04759241
-9.6012	-57.82688106
-10.2362	-60.05099187
-10.8458	-61.83028052
-11.4808	-63.164747
-12.192	-64.94403565
-12.7508	-66.27850214
-13.2588	-67.61296862
-13.8938	-68.50261295
-14.6812	-69.83707943
-15.1638	-70.72672376
-15.8242	-72.06119024
-16.5862	-72.95083457
-17.1704	-73.84047889
-17.8816	-74.28530105
-18.5166	-75.17494538
-19.1516	-76.50941186
-19.4056	-76.0645897
-20.32	-76.95423403
-21.0312	-77.39905619
-21.717	-78.28870051
-22.2504	-78.73352267
-22.9616	-79.17834484
-23.622	-79.623167
-24.1554	-80.06798916
-24.892	-80.51281132
-25.273	-80.51281132
-25.908	-80.95763348
-26.67	-80.95763348
-27.432	-80.95763348
-28.194	-81.40245565
-28.702	-80.95763348
-29.464	-81.40245565
-29.718	-81.84727781
-30.48	-81.40245565
-31.496	-80.51281132
-31.75	-80.51281132
-30.988	-72.50601241
-30.48	-69.83707943
-29.972	-66.27850214
-29.21	-60.94063619
-28.448	-57.3820589
-27.94	-54.26830376
-27.432	-49.82008214
-26.67	-46.26150485
-25.908	-43.19223193
-25.4	-39.8115835
-24.892	-36.74231058
-24.1046	-32.69442891
-23.5458	-29.66963821
-22.7584	-26.68932972
-22.1234	-24.28729005
-21.5138	-21.30698156
-20.7772	-18.59356637
-20.2946	-16.59186664
-19.6596	-14.14534475
-19.0246	-12.14364502
-18.4404	-10.23090973
-17.78	-7.828870051
-17.1704	-5.916134755
-16.5608	-4.319223193
-15.9512	-2.660036529
-15.24	-0.689474351
-14.5796	0.929678319
-13.9446	2.566623875
-13.3604	4.132397885
-12.6746	5.204419295
-12.6746	4.626150485
-7.1628	2.668932972
-8.4836	17.92633313
-5.4102	22.77489469
-4.318	23.93143232
-3.7338	25.62175653
-2.9972	26.51140086
-2.48412	28.20172507
-1.84912	29.62515599
-1.26238	31.35996242
-0.5461	32.64994669
-0.015113	34.16234204
0.67564	36.56438172
1.70688	39.36676134
2.6162	42.21362317
2.6416	42.08017653
4.3434	44.92703836
5.1562	48.0407935
5.969	49.82008214
6.8326	52.04419295
7.6962	54.26830376
9.4742	58.27170322
10.287	59.60616971
11.176	61.38545836
12.0142	63.164747
12.9032	64.94403565
13.7668	66.27850214
14.6304	67.61296862
15.4686	68.50261295
16.4084	69.83707943
17.2212	70.72672376
18.034	71.61636808
18.8214	72.50601241
19.8628	73.39565673
20.7518	74.28530105
21.5646	75.17494538
21.971	75.61976754
22.8346	75.61976754
23.6728	76.50941186
24.638	77.39905619
25.654	77.84387835
26.416	78.28870051
27.178	78.73352267
28.194	79.17834484
29.21	79.17834484
29.464	79.623167
30.226	80.06798916
30.988	80.06798916
31.75	80.06798916
31.242	72.50601241
30.48	67.61296862
29.718	62.71992484
28.956	58.27170322
27.94	52.48901512
27.178	47.59597133
26.162	43.45912523
25.654	40.03399458
25.654	40.16744123
23.9268	32.20512453
22.8346	28.33517172
21.844	23.6200568
21.0566	20.50630167
20.2692	17.88185091
19.5072	14.50120248
18.8214	12.41053832
17.6784	8.407138862
16.6878	5.960616971
15.8496	3.892193918
15.1638	1.886045967
13.5636	-2.446521891
12.827	-3.438475312
11.9634	-5.070972647
11.1252	-6.494403565
10.0838	-8.762996591
9.1694	-9.786087564
8.3058	-12.09916281
7.493	-12.54398497
6.604	-14.63464913
5.7912	-15.88015118
4.9276	-16.94772437
3.1242	-20.10596172
2.35458	-21.61835707
0.68072	-25.2658988
-0.040386	-25.57727432
-1.6891	-31.35996242
-2.54	-33.89544874
-4.2672	-37.27609718
-5.08	-40.34537009
-5.08	-40.30088788
-6.7056	-46.26150485
-7.6454	-47.59597133
-9.6774	-52.48901512
-10.1854	-55.60277025
-11.8618	-60.94063619
-12.7508	-60.94063619
-14.478	-66.27850214
-15.4432	-65.38885781
-17.272	-68.94743511
-18.1356	-69.39225727
-20.3454	-71.61636808
-21.336	-72.95083457
-22.3266	-73.84047889
-22.7584	-75.61976754
-23.7744	-74.73012322
-24.6634	-75.17494538
-25.654	-76.0645897
-26.416	-76.0645897
-27.178	-76.50941186
-28.194	-76.95423403
-29.21	-76.95423403
-30.226	-77.39905619
-30.734	-77.84387835
-31.496	-77.39905619
-32.004	-77.84387835
-31.242	-70.72672376
-30.734	-67.61296862
-29.718	-62.27510268
-28.956	-57.82688106
-28.194	-53.37865944
-27.432	-49.82008214
-26.416	-44.92703836
-25.3238	-37.67643712
-24.4856	-33.67303766
-23.6728	-29.00240496
-22.8346	-25.2658988
-22.0472	-22.01869702
-20.4216	-15.61325789
-19.4818	-12.05468059
-18.3388	-9.074372105
-17.6784	-5.960616971
-16.8402	-4.074571004
-16.0274	-3.46071642
-15.1892	-1.961665734
-14.3764	-0.498200821
-14.3002	2.424280783
-13.5128	5.782688106
-12.8016	6.3164747
-11.9634	8.362656646
-11.2014	10.27539194
-10.16	11.29848291
-9.4234	13.52259372
-8.8392	14.63464913
-7.5438	17.08117102
-6.7818	18.50460194
-5.9944	20.10596172
-5.0546	22.37455475
-4.1402	24.19832561
-3.3528	26.24450756
-2.5654	27.93483177
-1.68656	29.40274491
-0.79248	31.40444464
0.9271	36.60886393
1.7526	39.05538582
2.5908	41.10156777
3.4036	42.8363742
4.2672	44.4822162
5.1054	47.59597133
5.9182	48.93043782
6.858	50.26490431
7.6708	52.93383728
8.5344	54.71312593
9.398	57.3820589
10.2616	58.71652538
10.9474	60.05099187
12.1666	61.38545836
12.6746	62.71992484
13.5382	64.05439133
14.351	66.27850214
15.2146	66.27850214
16.129	67.61296862
16.9926	67.61296862
17.78	68.94743511
18.669	70.2819016
19.5072	70.72672376
20.3708	71.61636808
21.3868	72.50601241
22.225	72.50601241
22.225	72.06119024
23.0632	73.84047889
23.9522	73.84047889
24.4348	74.28530105
25.273	74.73012322
26.162	75.17494538
27.178	75.61976754
27.94	76.0645897
28.956	76.0645897
29.718	77.84387835
30.48	76.95423403
31.496	76.95423403
32.258	77.39905619
33.274	77.84387835
34.036	77.39905619
34.544	77.84387835
35.56	77.39905619
36.576	77.39905619
37.338	77.39905619
38.1	76.95423403
37.338	68.94743511
36.576	64.05439133
35.814	59.60616971
34.798	55.15794809
34.29	52.04419295
33.02	45.37186052
32.004	40.9236389
32.004	41.23501442
31.242	37.32057939
30.48	33.53959101
29.464	29.26929826
28.956	26.77829415
28.194	23.35316351
27.178	20.01699729
26.416	17.25909989
25.4	13.166736
24.4856	9.964016429
24.13	8.006798916
18.7706	-2.393143232
17.8816	-5.026490431
16.891	-6.939225727
15.9004	-9.652640915
15.1638	-10.58676746
14.2494	-11.47641178
13.462	-12.6329494
12.5984	-13.78948702
11.7856	-14.94602464
10.9982	-15.83566897
10.9982	-15.74670453
10.1346	-17.97081534
9.0424	-18.6825308
8.4074	-20.81767718
7.5692	-20.81767718
6.5532	-22.2411081
5.6642	-23.44212794
4.8768	-25.31038102
3.8354	-26.24450756
3.0734	-28.20172507
2.21996	-29.31378048
1.50114	-31.22651577
0.7112	-33.27269772
-0.115824	-33.85096653
-0.98552	-35.76370182
-1.88722	-37.36506161
-2.7432	-39.45572577
-3.6322	-41.7243188
-4.5212	-43.99291182
-5.3594	-46.26150485
-5.9436	-47.59597133
-6.7564	-50.70972647
-7.6962	-52.04419295
-8.5598	-53.37865944
-9.398	-56.04759241
-10.287	-56.93723674
-11.176	-59.16134755
-12.0396	-60.05099187
-12.9286	-62.27510268
-13.7414	-63.60956917
-14.7066	-63.60956917
-15.2146	-64.94403565
-16.1798	-66.27850214
-16.9418	-68.05779079
-17.907	-68.50261295
-18.7706	-69.39225727
-19.7612	-69.39225727
-20.6248	-70.2819016
-21.336	-70.72672376
-21.8948	-71.17154592
-22.8346	-72.06119024
-23.876	-72.06119024
-24.7142	-72.50601241
-25.654	-72.95083457
-26.67	-72.95083457
-27.686	-73.39565673
-28.194	-74.73012322
-28.956	-75.17494538
-29.972	-74.28530105
-30.48	-74.73012322
-31.496	-74.28530105
-32.512	-76.0645897
-33.02	-74.73012322
-34.036	-74.73012322
-35.052	-76.0645897
-36.068	-75.17494538
-36.322	-74.28530105
-37.338	-75.17494538
-38.1	-75.17494538
-37.338	-66.7233243
-36.322	-60.49581403
-35.56	-53.8234816
-34.544	-50.26490431
-34.036	-46.26150485
-33.02	-41.90224766
-32.258	-38.12125928
-31.242	-33.80648431
-30.48	-28.77999388
-29.718	-25.17693437
-28.956	-22.10766145
-27.94	-18.14874421
-27.94	-18.05977978
-26.416	-12.81087827
-25.4	-9.83056978
-24.6126	-7.384047889
-23.8506	-5.248901512
-22.9616	-1.543532902
-22.0726	0.032783393
-21.2598	2.210766145
-20.4978	3.963365463
-20.4978	3.798781263
-18.6436	7.161636808
-16.764	10.67573189
-16.0528	12.98880713
-15.2654	13.38914708
-14.5542	14.94602464
-14.1732	15.56877567
-12.6238	17.3035821
-11.9126	19.03838853
-11.1506	20.37285502
-10.287	21.26249934
-9.4488	22.86385913
-8.4836	23.93143232
-7.6454	25.39934545
-6.7564	26.55588307
-5.8674	28.77999388
-5.0292	30.38135366
-4.191	32.60546447
-3.3274	34.11785983
-2.42316	35.27439745
-1.51638	36.60886393
-0.62738	38.1657415
0.108204	41.10156777
1.04902	42.61396312
1.88722	44.92703836
2.7686	45.81668269
3.6576	47.59597133
4.4958	50.26490431
5.4102	50.70972647
6.8326	54.26830376
7.7216	54.71312593
8.5852	57.3820589
9.398	58.27170322
10.287	60.05099187
11.2014	60.94063619
12.2428	63.164747
12.8524	63.164747
13.7922	64.05439133
14.7574	66.27850214
15.8242	66.27850214
16.0274	67.61296862
17.0434	67.16814646
17.8562	68.05779079
18.6944	68.50261295
19.558	70.72672376
20.4216	70.2819016
21.1582	70.2819016
22.0218	71.61636808
22.9108	72.06119024
23.876	71.17154592
24.6634	72.06119024
25.654	72.50601241
26.416	72.50601241
27.432	72.95083457
28.194	73.39565673
29.718	72.95083457
29.972	73.84047889
30.48	73.84047889
31.496	74.28530105
32.258	74.73012322
33.02	74.28530105
34.036	74.28530105
34.798	74.73012322
35.814	74.73012322
36.83	73.84047889
37.338	75.61976754
38.354	74.28530105
37.338	66.27850214
36.322	60.94063619
35.56	56.04759241
34.544	52.04419295
34.036	48.0407935
33.274	44.25980512
33.274	44.34876955
32.258	40.12295901
31.496	36.47541728
30.48	31.09306912
29.718	27.35656296
28.956	24.28729005
27.94	20.8621594
27.178	17.8373687
26.416	14.90154243
25.4	11.78778729
24.7142	9.074372105
23.6474	6.227510268
22.9616	4.274740977
22.1488	2.157387486
21.3868	0.163249733
20.2692	-1.850460194
19.4056	-3.883297474
19.0754	-4.248051647
20.4216	-4.848561566
12.3444	-16.54738443
11.8618	-19.61665734
10.922	-20.5952661
10.1346	-20.63974832
8.7884	-22.37455475
7.7724	-23.8869501
6.731	-25.66623875
5.9944	-26.60036529
4.9276	-27.89034956
3.6068	-29.98101372
2.4892	-32.20512453
1.6256	-32.29408896
0.76962	-33.85096653
-0.047752	-36.03059512
-0.89154	-38.12125928
-1.8034	-39.90054793
-2.7178	-41.59087215
-3.6068	-42.79189198
-4.4958	-44.92703836
-5.3848	-46.26150485
-6.2484	-48.48561566
-7.1374	-49.82008214
-8.001	-51.59937079
-8.9408	-52.93383728
-9.7028	-55.15794809
-10.668	-56.93723674
-11.6332	-58.27170322
-12.4714	-59.16134755
-13.3858	-60.94063619
-14.0716	-61.38545836
-14.7828	-62.71992484
-15.6464	-63.164747
-15.9766	-64.05439133
-17.018	-65.38885781
-17.8054	-65.83367998
-18.796	-65.83367998
-19.7104	-66.7233243
-20.574	-67.16814646
-21.2598	-67.61296862
-22.1742	-68.05779079
-23.0886	-68.50261295
-24.1554	-68.94743511
-24.2316	-68.05779079
-25.0444	-68.94743511
-26.162	-69.83707943
-26.924	-69.83707943
-27.94	-70.2819016
-28.956	-70.72672376
-29.972	-70.72672376
-30.734	-71.17154592
-31.75	-71.17154592
-32.766	-71.61636808
-33.528	-71.17154592
-33.782	-69.83707943
-34.798	-71.17154592
-35.814	-71.17154592
-36.83	-71.17154592
-37.846	-71.17154592
-38.608	-71.17154592
-37.846	-64.49921349
-36.83	-60.05099187
-36.068	-55.60277025
-35.56	-52.48901512
-34.798	-48.0407935
-33.782	-44.43773398
-33.02	-38.78849253
-32.004	-34.69612864
-31.242	-30.91514026
-30.48	-27.00070523
-29.718	-23.21971686
-28.702	-20.15044394
-27.94	-16.36945556
-27.178	-13.56707594
-26.416	-11.03158962
-25.4	-7.60645897
-24.6126	-5.293383728
-23.7998	-3.135996242
-22.86	-0.229973058
-21.9456	1.86825308
-21.0566	3.634197064
-20.2438	5.960616971
-19.4056	7.695423403
-18.5928	9.385747618
-17.8054	10.89814297
-16.8656	12.32157389
-16.1036	13.65604037
-15.24	15.03498908
-14.8844	16.05808005
-12.7254	18.28219086
-12.192	19.34976405
-11.3538	21.30698156
-10.16	23.08627021
-9.0678	24.55418334
-8.2296	25.57727432
-7.4676	26.82277637
-6.5532	28.06827842
-5.6134	29.53619156
-4.826	31.09306912
-3.937	32.38305339
-3.1242	33.93993096
-2.24536	36.03059512
-1.32334	37.40954382
-0.52832	38.74401031
0	39.05538582
0.81788	41.27949663
1.6891	43.68153631
2.7178	46.26150485
3.5306	47.59597133
4.445	48.48561566
5.207	49.82008214
6.1468	51.15454863
7.0358	52.93383728
7.8232	53.8234816
8.6614	55.15794809
9.6012	56.04759241
10.0584	57.3820589
11.049	58.27170322
11.7348	59.16134755
12.6492	60.49581403
13.6398	61.38545836
14.4526	62.27510268
15.2654	63.164747
16.1036	64.05439133
16.9672	65.38885781
17.8308	65.38885781
18.7198	66.27850214
19.6342	66.7233243
20.3962	67.16814646
21.3106	68.05779079
22.2758	68.50261295
22.987	69.39225727
23.5712	69.39225727
25.3492	70.2819016
26.416	70.72672376
27.178	70.72672376
27.94	71.17154592
28.956	71.17154592
29.718	71.61636808
30.734	71.17154592
31.496	71.61636808
32.258	72.06119024
33.274	72.50601241
34.036	72.50601241
35.052	72.50601241
35.814	72.50601241
36.576	72.50601241
37.592	72.50601241
38.354	72.06119024
39.116	72.50601241
40.132	72.50601241
40.64	72.50601241
41.402	72.50601241
42.418	72.06119024
43.18	72.06119024
43.942	71.61636808
44.45	71.61636808
43.942	65.83367998
43.18	61.83028052
42.418	56.93723674
41.656	53.37865944
40.894	48.93043782
39.878	44.03739404
39.37	41.41294328
38.354	37.00920388
37.338	32.56098226
36.576	29.71412042
35.814	26.60036529
35.052	22.73041248
34.036	19.79458621
33.274	15.96911562
32.512	12.94432491
31.75	10.40883859
30.734	7.02819016
29.464	3.580818404
28.956	1.579118675
27.94	-0.245986656
27.432	-2.237455475
26.67	-3.976710128
25.654	-5.649241457
24.8666	-7.473012322
24.0792	-8.674032159
22.8854	-11.12055405
22.0472	-12.45502054
21.3106	-13.65604037
20.4216	-14.59016691
19.5834	-15.88015118
18.7452	-16.90324216
17.9578	-18.01529756
17.1196	-19.75010399
16.3068	-20.37285502
15.3162	-21.52939264
14.5034	-22.95282356
13.716	-23.75350345
12.8524	-25.35486323
12.0142	-27.08966967
11.0744	-27.71242069
10.3632	-28.5575828
9.4742	-29.98101372
8.5852	-30.55928253
7.6454	-32.1161601
6.8326	-33.7620021
5.969	-34.82957528
5.08	-36.2530062
4.2164	-37.76540155
3.4036	-39.5446902
2.53238	-40.83467447
1.64846	-41.50190771
0.69596	-42.70292755
0.0075438	-44.25980512
-1.38684	-47.15114917
-2.6924	-48.48561566
-4.0386	-51.59937079
-5.3848	-53.37865944
-6.731	-54.71312593
-8.1026	-56.93723674
-9.2202	-57.82688106
-10.287	-59.60616971
-11.3538	-60.05099187
-12.8524	-61.38545836
-14.1478	-62.71992484
-15.5448	-63.164747
-17.4752	-65.38885781
-19.2532	-64.94403565
-20.5232	-65.83367998
-21.7678	-66.7233243
-23.0632	-67.61296862
-24.0284	-67.16814646
-25.654	-67.16814646
-26.924	-67.61296862
-27.94	-68.50261295
-29.464	-68.05779079
-30.48	-68.50261295
-31.75	-68.94743511
-33.274	-67.61296862
-34.798	-68.05779079
-35.56	-68.50261295
-37.084	-68.50261295
-38.1	-68.50261295
-39.37	-67.61296862
-40.894	-67.61296862
-42.164	-67.61296862
-43.18	-67.61296862
-43.942	-67.61296862
-44.45	-67.16814646
-43.18	-56.04759241
-41.91	-49.37525998
-40.64	-41.90224766
-39.624	-36.16404177
-38.354	-29.09136939
-37.084	-23.8869501
-35.56	-17.97081534
-34.29	-13.38914708
-33.02	-9.074372105
-31.75	-5.293383728
-30.48	-0.845162108
-28.956	2.38869501
-27.94	5.916134755
-26.67	8.229209997
-25.2476	11.20951848
-24.1554	13.65604037
-22.9108	15.61325789
-21.7424	17.52599318
-20.193	19.75010399
-19.2532	21.61835707
-17.526	22.77489469
-16.3576	24.73211221
-15.0368	26.06657869
-13.7668	27.71242069
-12.446	29.40274491
-11.2014	31.00410469
-9.8806	33.00580442
-8.6106	34.65164642
-7.5692	36.29748842
-6.3754	38.29918815
-4.953	40.03399458
-3.81	42.74740977
-2.35712	44.2153229
-1.0414	45.81668269
0.068072	47.59597133
1.50368	49.37525998
2.44856	49.82008214
3.7084	52.04419295
5.0292	54.26830376
6.4262	55.60277025
7.747	56.49241457
8.9408	58.27170322
10.287	58.71652538
11.4554	60.49581403
12.7762	61.83028052
14.0462	62.27510268
15.3162	64.05439133
16.5608	64.05439133
17.8054	64.49921349
19.1516	66.7233243
20.3708	65.83367998
21.6916	65.83367998
22.9616	67.61296862
23.114	67.16814646
24.1808	67.61296862
25.4	67.61296862
26.67	67.61296862
27.94	68.05779079
29.21	68.05779079
30.48	68.94743511
31.75	68.50261295
33.02	68.50261295
34.29	68.50261295
35.56	68.50261295
37.084	69.39225727
37.846	68.50261295
39.116	68.50261295
40.64	67.61296862
41.91	67.61296862
43.18	68.05779079
43.942	68.05779079
44.45	66.7233243
43.688	60.49581403
42.926	56.04759241
41.91	50.70972647
40.386	43.1032675
39.116	36.60886393
38.1	31.62685572
36.83	26.28898977
35.56	20.90664161
34.29	16.10256226
32.004	7.072672376
30.48	3.256098226
29.21	-0.560475924
27.94	-3.456268199
26.924	-6.494403565
25.273	-10.09746308
24.1046	-12.81087827
22.86	-14.67913135
21.59	-17.70392205
20.4216	-20.3283728
19.2786	-22.2411081
17.7292	-24.06487896
16.51	-26.33347199
15.3162	-27.26759853
14.0208	-29.66963821
12.573	-31.71582015
11.3792	-34.56268199
10.0838	-35.85266626
8.89	-36.83127501
7.5184	-39.63365463
6.223	-41.32397885
4.8768	-43.14774971
3.6322	-45.37186052
2.34442	-47.15114917
1.06426	-48.0407935
0.0226568	-48.48561566
-1.25476	-50.70972647
-2.6416	-51.59937079
-3.937	-53.8234816
-5.2578	-54.26830376
-6.7056	-56.49241457
-8.0518	-56.93723674
-8.8392	-56.93723674
-10.16	-57.82688106
-11.5824	-58.27170322
-12.9032	-59.60616971
-14.2494	-60.05099187
-15.621	-60.49581403
-16.637	-60.94063619
-17.9324	-61.38545836
-19.3548	-62.27510268
-20.2184	-61.83028052
-21.6154	-62.27510268
-22.8854	-61.83028052
-24.384	-62.27510268
-25.4	-62.27510268
-26.924	-61.38545836
-28.194	-61.83028052
-29.21	-61.83028052
-30.734	-62.71992484
-32.004	-61.83028052
-33.274	-61.38545836
-34.29	-61.83028052
-35.814	-60.94063619
-37.338	-59.16134755
-38.608	-59.60616971
-39.624	-58.71652538
-40.64	-57.3820589
-42.164	-57.3820589
-43.434	-56.49241457
-44.196	-58.27170322
-44.45	-55.60277025
-44.45	-54.26830376
-43.942	-47.15114917
-43.434	-40.65674561
-42.164	-34.74061085
-40.386	-28.69102945
-39.116	-21.84076815
-37.846	-15.83566897
-36.576	-11.16503627
-35.306	-5.248901512
-33.782	0.150349891
-32.766	3.411785983
-31.496	6.983707943
-30.226	10.49780302
-28.956	12.8998427
-27.686	16.72531329
-26.416	18.81597745
-25.0952	21.04008826
-23.8506	24.06487896
-22.7076	26.02209648
-21.5392	27.84586734
-20.2184	29.53619156
-19.177	31.49340907
-17.907	33.27269772
-16.51	34.47371756
-15.2908	36.38645285
-12.7	38.38815258
-11.3792	39.67813685
-8.89	41.63535436
-7.493	42.8363742
-6.8072	43.85946517
-5.08	46.26150485
-3.7846	47.15114917
-2.48412	48.0407935
-1.12522	48.0407935
0.065532	49.37525998
2.794	50.26490431
5.3086	52.04419295
7.9756	53.37865944
10.6426	54.71312593
13.2588	55.60277025
15.0876	56.04759241
17.653	56.93723674
20.3454	56.49241457
22.9108	57.82688106
25.654	57.3820589
28.194	57.3820589
30.48	54.71312593
33.02	55.60277025
35.56	54.26830376
38.354	52.93383728
40.894	52.48901512
43.434	50.26490431
