"""Matamoros et. al 1999 Specimen c10-20 North"""	
1425	
0.052832	-0.520441927
0.032766	-0.515993706
0.037846	-0.507097262
0.037846	-0.52933837
0.052832	-0.533786592
0.037846	-0.538234814
0.062992	-0.685026126
0.062992	-0.707267234
0.070612	-0.725060121
0.068072	0.248210765
0.74422	16.32497327
1.32334	29.62515586
2.06502	41.72431861
2.5654	50.70972624
3.2258	59.16134728
3.8862	66.723324
4.4958	72.50601208
5.1308	78.28870016
5.7658	81.84727744
6.4008	85.85067688
6.985	88.07478768
7.5946	90.74372064
8.2042	92.96783144
8.9154	95.19194224
9.6266	97.41605304
10.16	98.75051952
10.922	100.5298082
11.557	102.753919
12.2174	103.1987411
12.9032	104.0883854
12.0904	95.19194224
11.3792	90.74372064
10.7696	87.62996552
10.1346	83.62656608
9.525	79.62316664
8.8646	75.17494504
8.2296	71.1715456
7.5946	67.16814616
6.985	62.71992456
6.3246	57.8268808
5.6896	52.04419272
5.0292	46.26150464
4.445	39.98951218
3.7592	32.60546433
3.1242	25.04348761
2.27838	16.19152662
1.88214	8.22920996
1.26746	-0.154798112
0.6096	-10.49780298
-0.045212	-20.06147942
-0.66802	-29.49170921
-1.30302	-39.23331451
-1.94818	-48.04079328
-2.5908	-55.60277
-3.2004	-60.94063592
-3.8862	-67.61296832
-4.5212	-72.50601208
-5.1308	-76.06458936
-5.7658	-79.62316664
-6.3754	-83.62656608
-7.0358	-84.96103256
-7.6708	-88.07478768
-8.2804	-90.29889848
-8.9154	-92.96783144
-9.525	-94.74712008
-10.16	-96.08158656
-10.8712	-96.97123088
-11.7856	-99.19534168
-12.1412	-99.64016384
-12.7762	-100.9746303
-12.7762	-97.8608752
-12.7762	-97.41605304
-12.0142	-90.74372064
-11.43	-85.85067688
-10.795	-81.84727744
-10.1346	-77.39905584
-9.525	-72.95083424
-8.8646	-68.50261264
-8.2296	-64.05439104
-7.5692	-59.16134728
-7.0104	-55.15794784
-6.2992	-50.70972624
-5.6642	-45.37186032
-5.0546	-39.85606554
-4.445	-34.60716405
-3.7846	-27.57897392
-3.175	-20.68423044
-2.49428	-15.12395344
-1.90246	-11.20951843
-1.79324	-10.72021406
-1.22682	-6.805779048
-0.42672	-1.846011964
-0.163576	-0.264224363
0.201422	5.426830352
0.27686	10.80917849
0.32766	16.59186657
0.66802	23.79798556
1.32334	32.29408882
1.90246	39.94502997
2.6162	47.15114896
3.2258	52.04419272
3.8608	58.27170296
4.4958	62.2751024
5.1308	67.16814616
5.8166	70.28190128
6.4008	73.84047856
7.0358	76.95423368
7.6708	80.0679888
8.3312	83.18174392
8.89	86.29549904
9.5758	88.51960984
10.1854	91.1885428
10.8458	93.4126536
11.4554	96.08158656
12.1412	98.30569736
12.7762	100.9746303
12.7762	97.8608752
12.1158	94.74712008
11.43	90.74372064
10.7442	87.18514336
10.1346	84.07138824
9.525	80.51281096
8.8392	76.95423368
8.2296	73.84047856
7.5692	69.39225696
6.985	65.83367968
6.3246	61.83028024
5.6896	57.38205864
5.0292	52.48901488
4.3688	47.15114896
3.7846	41.27949645
3.1496	34.11785967
2.44094	26.73381182
1.85674	19.92803277
1.24714	12.05468054
0.635	4.492703816
-0.0125984	-1.067573184
-0.66802	-10.31987411
-1.34112	-20.46181936
-2.08026	-29.7586025
-2.5654	-36.38645269
-3.2004	-42.88085622
-3.8608	-48.04079328
-4.6228	-54.71312568
-5.1562	-58.71652512
-5.8166	-62.71992456
-6.477	-67.16814616
-7.0866	-71.1715456
-7.6708	-73.84047856
-8.2804	-77.39905584
-8.9408	-80.51281096
-9.5504	-84.07138824
-10.1854	-86.29549904
-10.8204	-88.51960984
-11.4808	-92.07818712
-12.1158	-93.85747576
-12.8778	-96.97123088
-9.3218	-71.61636776
-8.4582	-66.723324
-7.5692	-61.83028024
-6.7056	-56.93723648
-6.096	-53.3786592
-5.0038	-45.81668248
-4.4704	-41.59087196
-3.9624	-37.18713258
-3.4798	-32.69442876
-2.7686	-25.5772742
-2.08026	-18.41563742
-1.96088	-17.5259931
-1.95072	-17.74840418
-1.96088	-18.32667299
-1.90754	-14.27879134
-1.82372	-8.184727744
-1.23952	-1.370052253
-0.58928	7.739905584
0.0075438	14.1898269
0.66294	22.28559022
1.39192	30.15894245
1.96088	37.36506144
2.5654	43.3701606
3.2004	49.82008192
3.8608	54.71312568
4.4704	58.71652512
5.1054	63.16474672
5.842	67.61296832
6.477	70.72672344
7.0866	74.28530072
7.6708	76.95423368
8.3058	79.62316664
8.9662	82.73692176
9.5504	85.85067688
10.2108	88.51960984
10.795	90.29889848
11.4554	93.4126536
12.0904	96.52640872
12.7762	99.19534168
13.335	100.084986
14.0208	102.753919
14.6558	104.0883854
15.3416	105.8676741
15.9512	106.3124962
16.5608	106.7573184
17.2212	107.6469627
17.8562	105.8676741
18.4912	105.4228519
19.0754	105.8676741
19.0754	103.1987411
19.1008	103.1987411
19.1008	103.1987411
18.415	99.19534168
17.7546	96.52640872
17.145	93.4126536
16.4846	90.29889848
15.875	87.18514336
15.2146	83.62656608
14.5542	81.40245528
13.97	78.28870016
13.2842	74.73012288
12.7254	72.06118992
12.065	69.39225696
11.4046	65.83367968
10.7696	62.71992456
10.1854	60.0509916
9.525	56.49241432
8.89	52.93383704
8.2042	49.37525976
7.5946	46.26150464
6.9596	43.01430287
6.3246	39.1888323
5.6896	35.18543286
5.08	30.8706579
4.4196	26.4224363
3.7846	22.15214357
3.1496	17.7928864
2.5273	12.32157383
1.88976	6.850261264
1.25222	1.370052253
0.6223	-2.553279198
-0.0226568	-10.80917849
-0.70866	-18.0597797
-1.34874	-25.17693426
-1.93294	-33.00580427
-2.54	-39.09986786
-3.2512	-45.81668248
-3.8862	-50.70972624
-4.5466	-54.71312568
-5.08	-58.27170296
-5.8166	-63.16474672
-6.35	-66.27850184
-7.112	-71.1715456
-7.62	-73.3956564
-8.4836	-75.6197672
-8.9408	-78.73352232
-9.5758	-81.84727744
-10.1854	-84.5162104
-10.8458	-87.18514336
-11.4808	-89.85407632
-12.1158	-92.52300928
-12.7254	-94.74712008
-13.4112	-96.52640872
-14.0462	-99.19534168
-14.5288	-99.19534168
-15.2654	-100.084986
-15.9258	-100.084986
-16.5862	-100.9746303
-17.2212	-100.9746303
-17.7546	-100.9746303
-18.4912	-100.9746303
-19.2786	-100.084986
-18.4404	-92.52300928
-17.7292	-88.964432
-17.0942	-84.5162104
-16.4846	-81.40245528
-15.7734	-77.843878
-15.748	-78.28870016
-15.24	-73.3956564
-14.5288	-70.28190128
-13.97	-66.723324
-13.335	-63.60956888
-12.7	-60.0509916
-12.0396	-56.49241432
-11.4046	-52.48901488
-10.7442	-50.26490408
-10.1346	-46.7063268
-9.4996	-43.77050054
-8.8392	-40.3008877
-8.255	-37.40954366
-7.5946	-34.29578854
-6.985	-31.18203342
-6.2992	-26.60036517
-5.7404	-23.3531634
-5.0546	-18.94942402
-4.4196	-14.63464906
-3.7846	-10.0084986
-3.175	-5.33786592
-2.53238	0.207731949
-1.87706	5.382348136
-1.24968	11.43192951
-0.61722	16.45841992
0.032766	22.06317914
0.635	27.17863398
1.30302	32.2496066
2.03962	38.87745678
2.6416	43.45912503
3.2004	47.15114896
3.81	51.1545484
4.4958	54.71312568
5.1308	57.8268808
5.7658	60.94063592
6.477	64.05439104
7.0358	66.723324
7.6962	69.39225696
8.3312	71.61636776
8.9408	73.84047856
9.5758	76.50941152
10.16	78.28870016
10.8966	80.51281096
11.4554	82.73692176
12.0904	84.96103256
12.7254	86.7403212
13.3604	88.51960984
14.0208	90.29889848
14.6558	92.52300928
15.2908	93.85747576
15.9258	95.19194224
16.5608	96.52640872
17.1958	97.8608752
18.0086	99.64016384
18.4912	100.084986
18.4404	94.74712008
17.7546	92.07818712
17.145	88.964432
16.4846	86.29549904
15.9004	83.18174392
15.2146	80.0679888
14.605	76.95423368
13.97	74.28530072
13.3096	71.1715456
12.7	68.50261264
12.065	65.38885752
11.3792	62.71992456
10.7696	59.60616944
10.1346	56.49241432
9.4996	52.93383704
8.89	50.26490408
8.2042	46.7063268
7.5946	43.6370539
6.9596	40.47881656
6.35	37.00920371
5.6896	33.22821535
5.0292	29.58067364
4.3688	25.75520306
3.81	21.79628584
3.175	17.74840418
2.7432	14.76809571
2.51206	12.89984264
1.88976	8.140245528
1.2573	3.193823109
1.25476	3.536336172
0.61976	1.125400065
-0.0050292	-5.248901488
-0.68072	-11.83226946
-1.43764	-20.15044385
-2.0828	-25.13245204
-2.5908	-30.60376461
-3.4036	-37.32057922
-3.8354	-40.47881656
-4.4958	-44.92703816
-5.1308	-48.9304376
-5.7912	-52.48901488
-6.4008	-56.04759216
-7.0612	-59.16134728
-7.6708	-61.83028024
-8.3058	-64.05439104
-8.9662	-67.16814616
-9.5504	-69.83707912
-10.1854	-72.06118992
-10.8458	-73.84047856
-11.4808	-76.50941152
-12.1158	-79.17834448
-12.7762	-80.95763312
-13.3858	-82.73692176
-14.0208	-84.96103256
-14.6558	-86.7403212
-15.2908	-88.51960984
-15.9258	-89.85407632
-16.5862	-91.1885428
-17.2212	-92.52300928
-17.8054	-93.85747576
-18.4912	-94.30229792
-19.1008	-95.6367644
-18.3896	-88.964432
-17.7292	-84.5162104
-17.0688	-81.40245528
-16.4846	-77.843878
-15.8496	-74.73012288
-15.2146	-71.61636776
-14.605	-68.50261264
-13.9446	-64.94403536
-13.335	-61.83028024
-12.6492	-58.71652512
-12.0396	-55.15794784
-11.43	-52.48901488
-10.795	-49.37525976
-10.16	-46.26150464
-9.525	-43.23671395
-8.8646	-40.25640548
-8.2296	-36.78679263
-7.62	-33.98441302
-7.0104	-30.78169347
-6.35	-27.26759841
-5.6896	-23.21971675
-5.0292	-18.72701294
-4.4196	-14.94602458
-3.81	-10.05298082
-3.175	-5.78268808
-2.5654	-0.475959711
-1.91516	4.626150464
-1.2954	6.6723324
-0.65532	13.21121815
0.0226568	19.34976396
0.64262	24.77659431
1.2954	30.51480018
1.93548	36.11955939
2.5908	41.36846088
3.2766	45.37186032
3.8354	48.9304376
4.5466	52.93383704
5.1308	55.60277
5.7404	58.27170296
6.3754	60.94063592
7.0358	63.60956888
7.6708	66.27850184
8.255	68.50261264
9.017	71.61636776
9.525	73.3956564
10.1854	75.6197672
10.8204	77.39905584
11.5316	79.62316664
12.1158	81.40245528
12.7508	83.18174392
13.3858	85.40585472
14.0208	87.18514336
14.6812	88.51960984
15.621	91.1885428
15.9512	92.07818712
16.5608	93.85747576
17.1704	94.74712008
17.8308	96.52640872
18.4658	97.41605304
19.1262	98.30569736
19.7358	98.75051952
20.3962	99.64016384
21.0058	99.64016384
21.6916	99.19534168
22.2758	99.19534168
22.9108	99.19534168
23.5458	98.30569736
24.2062	98.30569736
24.8412	96.97123088
25.4	96.97123088
24.765	90.74372064
24.1046	88.07478768
23.4696	84.96103256
22.86	82.2920996
22.1996	79.62316664
21.6154	77.39905584
20.955	74.73012288
20.2946	72.06118992
19.685	68.9474348
18.9992	66.723324
18.9992	66.723324
18.3896	64.4992132
17.7546	61.83028024
17.1196	59.16134728
16.4846	56.49241432
15.8496	53.3786592
15.2654	51.1545484
14.5796	48.04079328
14.0208	45.81668248
13.3096	43.41464282
12.6746	40.74570986
12.0396	38.29918798
11.4046	35.89714831
10.7696	33.22821535
10.1092	30.69272904
9.4996	28.51310046
8.89	26.15554301
8.2296	23.75350334
7.62	21.17353482
7.0358	18.94942402
6.2992	16.05807998
5.6896	13.78948696
5.08	11.3874473
4.3942	8.496103256
3.7592	5.560277
3.1242	2.548830977
2.7686	0.911885428
1.83896	-0.279348316
1.22936	-4.89304376
0.60198	-9.430229792
-0.030226	-13.70052253
-0.64262	-18.50460186
-1.41478	-25.04348761
-1.95326	-29.04688705
-2.5908	-34.51819962
-3.2258	-39.94502997
-3.9624	-44.482216
-4.5212	-48.04079328
-5.1054	-50.70972624
-5.7404	-53.82348136
-6.4516	-57.8268808
-7.0866	-60.49581376
-7.62	-62.71992456
-8.3312	-65.83367968
-8.9154	-67.61296832
-9.5758	-70.28190128
-10.2616	-72.06118992
-10.8458	-73.84047856
-11.4808	-76.06458936
-12.0904	-77.843878
-12.7508	-80.0679888
-13.3604	-81.84727744
-14.0462	-83.18174392
-14.6304	-84.5162104
-15.3162	-86.7403212
-15.9258	-87.62996552
-16.5608	-88.964432
-17.2466	-89.85407632
-17.8308	-91.63336496
-18.4912	-92.07818712
-19.1262	-92.96783144
-19.7612	-93.85747576
-20.4216	-94.30229792
-20.9804	-94.74712008
-21.6154	-94.30229792
-22.3012	-94.30229792
-22.9362	-94.30229792
-23.5712	-93.85747576
-24.1808	-93.85747576
-24.8412	-93.85747576
-25.654	-92.52300928
-24.7904	-84.07138824
-24.13	-80.0679888
-23.495	-77.843878
-22.7838	-74.73012288
-22.1996	-71.61636776
-21.6154	-68.05779048
-20.955	-65.83367968
-20.2438	-62.71992456
-19.7104	-60.0509916
-19.05	-57.38205864
-18.4658	-54.71312568
-17.7546	-51.59937056
-17.145	-49.37525976
-16.4846	-46.7063268
-15.875	-43.77050054
-15.2146	-41.81328304
-14.5796	-39.14435008
-13.97	-36.78679263
-13.3604	-34.78509291
-12.6746	-32.29408882
-12.0396	-30.20342466
-11.3792	-27.57897392
-10.795	-25.39934534
-10.1346	-22.95282346
-9.4996	-20.41733714
-8.8646	-17.70392197
-8.1788	-14.99050679
-7.5946	-12.36605605
-6.9088	-9.519194224
-6.2738	-6.89474348
-5.6896	-4.163535418
-5.08	-1.708117094
-4.4196	1.757047532
-3.8354	4.848561544
-3.2512	8.140245528
-2.5146	11.65434059
-1.90246	15.79118668
-1.26746	19.83906834
-0.65532	23.84246778
0.0075438	28.0682783
0.67056	31.89374887
1.30302	36.65334598
1.97104	40.3008877
2.5654	44.17084049
3.2258	48.04079328
3.81	49.82008192
4.4958	53.3786592
5.1054	56.49241432
5.7658	58.27170296
6.4008	60.49581376
7.0358	63.16474672
7.6708	64.4992132
8.2804	66.723324
8.9408	68.9474348
9.779	71.61636776
10.2108	72.06118992
10.8204	73.84047856
11.4808	75.17494504
12.0904	76.95423368
12.7	78.73352232
13.3604	80.0679888
13.9954	81.40245528
14.6558	82.2920996
15.2908	83.62656608
15.9258	84.5162104
16.5608	85.85067688
17.1704	87.18514336
17.8308	87.62996552
18.4658	88.07478768
19.1008	88.964432
19.7612	89.85407632
20.3962	90.29889848
21.0058	91.1885428
21.6408	91.1885428
22.2758	91.63336496
22.8854	91.63336496
23.5458	92.52300928
24.1808	92.52300928
24.8158	92.07818712
25.4	92.52300928
24.765	86.7403212
24.13	84.07138824
23.4696	81.84727744
22.8346	79.17834448
22.225	76.06458936
21.4884	73.84047856
20.955	71.1715456
20.2946	68.50261264
19.6596	66.27850184
19.05	63.16474672
18.4404	60.94063592
17.8054	58.27170296
17.1196	56.04759216
16.51	53.3786592
15.875	50.70972624
15.2146	47.59597112
14.5796	45.37186032
13.9446	42.74740958
13.335	40.65674542
12.7	37.67643695
12.065	35.18543286
11.43	32.82787541
10.7696	30.20342466
10.16	28.20172494
9.4996	25.79968528
8.8138	23.44212783
8.2042	21.04008817
7.5946	17.61495754
6.985	16.32497327
6.3754	13.83396918
5.6896	11.34296508
5.0546	9.029889848
4.4196	6.627850184
3.7846	3.47406107
2.51714	-0.155242934
1.89484	-3.97671011
1.23952	-8.22920996
-0.035306	-15.52429338
-0.70866	-19.52769282
-1.34112	-24.4652188
-1.99136	-29.1803337
-2.667	-33.18373314
-3.2258	-37.36506144
-3.8354	-40.65674542
-4.5212	-44.2153227
-5.1054	-47.59597112
-5.7912	-50.70972624
-6.4008	-53.3786592
-7.0358	-56.04759216
-7.6962	-58.27170296
-8.3312	-60.49581376
-8.9662	-63.16474672
-9.5504	-65.38885752
-10.2362	-67.16814616
-10.8204	-68.50261264
-11.6586	-70.72672344
-12.1412	-71.61636776
-12.8016	-73.3956564
-13.3858	-74.73012288
-13.9954	-76.50941152
-14.6812	-77.843878
-15.2654	-78.73352232
-15.9512	-80.0679888
-16.5608	-81.40245528
-17.2212	-81.84727744
-17.8308	-83.18174392
-18.4912	-83.62656608
-19.1262	-84.07138824
-19.7358	-85.40585472
-20.3962	-86.29549904
-21.0058	-86.29549904
-21.6408	-87.18514336
-22.2758	-87.62996552
-22.9108	-88.51960984
-23.5966	-88.51960984
-24.2316	-88.51960984
-24.8158	-88.964432
-25.4	-89.40925416
-24.765	-81.84727744
-24.13	-77.843878
-23.5712	-75.6197672
-22.8854	-72.50601208
-22.225	-69.83707912
-21.5646	-66.723324
-20.955	-63.60956888
-20.2946	-60.94063592
-19.6596	-58.27170296
-19.0246	-55.15794784
-18.415	-52.48901488
-17.8054	-49.82008192
-17.1704	-47.15114896
-16.5354	-44.92703816
-15.8496	-42.12465855
-15.2654	-39.63365446
-14.605	-37.27609701
-13.97	-34.96302178
-13.3604	-32.78339319
-12.7	-29.98101358
-12.0904	-28.29068938
-11.43	-25.44382755
-10.8204	-23.39764562
-10.16	-20.95112374
-9.525	-18.14874413
-8.8646	-15.70222225
-8.2296	-13.0777715
-7.62	-10.45332076
-6.9596	-8.140245528
-6.2992	-4.759597112
-5.7404	-2.824620716
-5.0546	0.213069815
-4.4196	2.820172494
-3.7846	6.494403536
-3.175	8.8964432
-2.53746	13.74500474
-1.90246	17.25909981
-1.31826	21.21801703
-0.65532	24.82107653
0.035306	28.9134404
0.7493	32.91683984
1.2827	36.83127485
1.9177	40.56778099
2.50952	43.72601833
3.175	47.15114896
3.7846	49.82008192
4.445	52.04419272
5.08	54.26830352
5.6896	56.93723648
6.3754	59.16134728
7.6454	63.16474672
8.2804	64.94403536
8.9662	66.27850184
9.6266	68.50261264
10.1854	70.28190128
10.8458	71.61636776
11.4554	73.3956564
12.1158	74.73012288
12.7254	76.06458936
13.4112	77.39905584
13.9954	78.73352232
14.6304	79.62316664
15.2654	80.95763312
15.9004	82.2920996
16.5354	82.73692176
17.1958	84.07138824
17.8308	85.40585472
18.4912	85.40585472
19.1262	86.29549904
19.7866	87.18514336
20.3454	87.62996552
20.9804	88.51960984
21.6408	88.51960984
22.2758	89.40925416
22.9108	89.85407632
23.5458	89.85407632
24.2062	89.85407632
24.7904	90.29889848
25.4	90.29889848
26.162	90.29889848
26.67	90.29889848
27.432	90.29889848
27.94	89.40925416
28.702	88.51960984
29.21	88.51960984
29.972	88.07478768
30.48	87.62996552
31.242	87.18514336
31.75	86.29549904
31.242	80.0679888
30.48	76.95423368
29.972	74.28530072
29.21	71.61636776
28.448	68.50261264
27.94	66.723324
27.432	64.05439104
26.67	61.38545808
25.908	58.71652512
25.4	56.49241432
24.7396	53.82348136
24.13	51.59937056
23.5204	49.37525976
22.8854	47.15114896
22.2504	44.92703816
21.5392	42.2581052
20.955	40.25640548
20.32	37.89884803
19.6342	35.63025502
19.05	33.67303751
18.415	31.53789114
17.78	29.62515586
17.1704	27.66793835
16.51	25.48830977
15.9512	23.57557448
15.24	21.88525027
14.351	20.0169972
13.9192	18.01529748
13.3096	16.23600884
12.6746	14.90154236
12.065	13.38914702
11.3792	10.8536607
10.8712	9.875051952
10.16	7.695423368
9.5504	6.316474672
8.89	4.403739384
8.255	2.931378034
7.5946	1.098710735
6.9596	-0.876299655
6.2992	-2.486555874
5.6896	-2.495452318
5.1308	-6.183028024
4.4196	-8.985407632
3.7846	-10.8536607
3.1242	-13.43362923
2.15138	-17.39254646
1.2192	-21.30698146
0.48514	-23.13075232
-0.042672	-26.51140074
-0.71628	-29.89204915
-1.31826	-32.96132206
-2.00406	-36.25300604
-2.6416	-39.45572559
-3.2512	-43.28119617
-3.8354	-44.92703816
-4.6482	-48.9304376
-5.1054	-51.1545484
-5.7912	-53.82348136
-6.3754	-56.04759216
-7.0358	-58.71652512
-7.5946	-60.49581376
-8.3058	-62.2751024
-8.9408	-64.4992132
-9.5504	-66.723324
-10.1854	-68.50261264
-10.8712	-69.39225696
-11.43	-71.1715456
-12.065	-72.95083424
-12.7254	-74.28530072
-13.3858	-75.17494504
-14.0462	-76.06458936
-14.6812	-77.39905584
-15.2654	-77.843878
-15.9004	-79.62316664
-16.5608	-80.0679888
-17.272	-81.40245528
-17.8562	-82.2920996
-18.3896	-81.84727744
-19.1008	-83.18174392
-19.7358	-83.18174392
-20.3708	-84.5162104
-21.0058	-84.96103256
-21.6408	-85.40585472
-22.2504	-85.85067688
-22.9362	-85.85067688
-23.5204	-85.85067688
-24.1808	-86.29549904
-24.8666	-86.29549904
-25.4	-86.7403212
-26.162	-86.29549904
-26.67	-86.7403212
-27.432	-85.85067688
-27.94	-85.85067688
-28.702	-85.40585472
-29.21	-84.5162104
-29.972	-84.96103256
-30.48	-84.07138824
-31.242	-83.18174392
-31.75	-83.18174392
-30.988	-76.06458936
-30.48	-73.3956564
-29.718	-69.39225696
-29.21	-66.723324
-28.448	-64.05439104
-27.94	-60.94063592
-27.432	-58.71652512
-26.67	-55.60277
-25.908	-52.93383704
-25.4	-50.70972624
-24.7904	-47.59597112
-24.13	-45.37186032
-23.495	-42.83637401
-22.8854	-40.47881656
-22.2504	-38.47711684
-21.59	-35.71921945
-20.955	-33.76200194
-20.32	-31.71582001
-19.685	-29.66963807
-19.05	-27.66793835
-18.415	-25.48830977
-17.8054	-23.6200567
-17.145	-22.241108
-16.4592	-19.79458612
-15.9004	-17.88185083
-15.24	-16.19152662
-14.5796	-14.1898269
-13.9192	-12.45502048
-13.335	-10.63124962
-12.6746	-8.629549904
-12.065	-6.89474348
-11.4046	-4.492703816
-10.795	-2.66893296
-10.1346	-0.831817439
-9.525	1.30777715
-8.89	3.3361662
-8.255	5.426830352
-7.5692	7.250601208
-7.0104	9.652640872
-6.2738	12.2326094
-6.2484	11.83226946
-5.715	14.59016685
-5.0546	17.12565316
-4.445	19.92803277
-3.81	22.33007243
-3.2004	24.77659431
-2.54	27.40104506
-1.90246	29.80308472
-1.27762	32.47201768
-0.60198	34.78509291
0.0226568	37.63195474
0.65532	40.21192326
1.27254	42.48051628
1.97358	44.482216
2.5908	47.15114896
3.2258	49.37525976
3.81	51.1545484
4.4704	53.3786592
5.1562	55.60277
5.7912	57.38205864
6.3754	58.27170296
7.0358	60.49581376
7.6454	62.2751024
8.3566	64.05439104
8.9408	64.94403536
9.5758	66.723324
10.1854	67.61296832
10.795	68.9474348
11.4554	70.28190128
12.0904	71.1715456
12.6492	72.06118992
13.3604	73.3956564
13.9954	74.28530072
14.6304	75.17494504
15.24	75.6197672
15.9258	76.50941152
16.5862	77.39905584
17.1958	78.28870016
17.8308	78.73352232
18.4658	79.17834448
19.0754	79.62316664
19.685	80.0679888
20.3454	80.51281096
21.0058	80.95763312
21.6662	80.95763312
22.2758	81.84727744
22.9108	81.84727744
23.5458	81.84727744
24.1554	82.2920996
24.8158	81.84727744
25.4	82.2920996
26.162	82.2920996
26.67	81.84727744
27.432	82.2920996
27.94	81.84727744
28.702	81.84727744
29.21	81.84727744
29.972	81.40245528
30.48	80.95763312
31.242	81.40245528
31.75	80.51281096
31.242	75.6197672
30.48	72.06118992
29.972	69.83707912
29.464	68.05779048
29.21	66.723324
28.448	64.4992132
27.94	61.83028024
27.432	59.60616944
26.67	56.93723648
26.162	54.71312568
25.4	52.04419272
24.7904	49.82008192
24.1046	47.15114896
23.5204	44.92703816
22.8854	42.5249985
22.1996	40.16744105
21.6154	38.0767769
20.955	35.80818388
20.2946	33.40614422
19.685	31.35996228
19.0754	29.22481591
18.4404	27.08966954
17.8054	24.95452318
17.1704	22.86385902
16.51	21.08457038
15.8496	19.21631731
15.113	17.30358202
14.5542	15.16843566
13.9954	13.96741582
13.3858	12.18812718
12.7254	10.54228519
12.0904	8.851960984
11.4046	7.161636776
10.7696	5.693723648
10.16	4.136846088
9.525	2.393143221
8.8646	0.836265661
8.2296	-0.969712309
7.5692	-2.424280772
7.5438	-0.702819013
6.985	-3.967813667
6.3246	-5.960616944
5.6896	-7.917834448
4.9784	-9.78608752
4.445	-11.60985838
3.7592	-13.70052253
3.1242	-15.65774003
2.49936	-17.97081526
1.88976	-20.0169972
1.25476	-22.241108
0.64516	-24.33177215
-0.050292	-27.00070511
-0.66294	-29.1803337
-1.31572	-31.67133779
-1.97358	-34.2068241
-2.5908	-36.51989934
-3.2512	-39.1888323
-3.8608	-41.45742531
-4.5212	-44.25980492
-5.1054	-46.26150464
-5.7404	-48.48561544
-6.4262	-50.70972624
-7.0358	-52.93383704
-7.6708	-54.71312568
-8.3058	-56.93723648
-8.9154	-58.71652512
-9.6012	-60.49581376
-10.2108	-62.2751024
-10.8458	-64.05439104
-11.4808	-65.38885752
-12.1158	-66.723324
-12.7508	-68.05779048
-13.462	-69.39225696
-14.0462	-70.72672344
-14.6812	-71.61636776
-15.2654	-72.50601208
-15.9258	-73.3956564
-16.6116	-74.28530072
-17.1958	-74.73012288
-17.8562	-75.6197672
-18.4658	-76.06458936
-19.1262	-76.50941152
-19.7612	-77.39905584
-20.3708	-77.843878
-20.9804	-78.28870016
-21.7424	-78.73352232
-22.3012	-78.73352232
-23.0124	-79.17834448
-23.5712	-79.17834448
-24.1808	-79.62316664
-24.8412	-79.62316664
-25.4	-80.0679888
-26.162	-79.62316664
-26.67	-79.62316664
-27.432	-79.62316664
-27.94	-79.62316664
-28.702	-79.62316664
-29.21	-79.62316664
-29.972	-79.17834448
-30.48	-79.17834448
-31.242	-78.73352232
-31.75	-77.843878
-30.988	-71.1715456
-30.48	-68.05779048
-29.718	-64.94403536
-29.21	-62.71992456
-28.448	-59.60616944
-27.94	-56.49241432
-27.178	-54.26830352
-26.67	-51.1545484
-25.908	-48.9304376
-25.4	-45.81668248
-24.765	-43.54808946
-24.13	-41.10156758
-23.5204	-38.43263462
-22.8346	-36.03059496
-22.225	-33.71751973
-21.59	-31.35996228
-20.9804	-29.40274478
-20.32	-27.22311619
-19.685	-25.17693426
-19.0754	-23.26419897
-18.415	-21.30698146
-17.8054	-19.30528174
-17.145	-17.48151089
-16.4846	-15.47981117
-15.875	-13.65604031
-15.24	-11.83226946
-14.605	-10.09746303
-13.9192	-7.828870016
-13.3096	-6.405439104
-12.7	-4.377050054
-12.0904	-3.02923891
-11.43	-1.370052253
-10.7696	0.29447227
-10.0838	2.184076806
-9.4996	3.981158332
-8.9154	5.560277
-8.2042	7.473012288
-7.62	9.741605304
-6.985	11.65434059
-6.3246	13.6115581
-5.715	15.5687756
-5.0546	18.01529748
-4.445	20.15044385
-3.8354	22.33007243
-3.1242	24.99900539
-2.54	27.04518733
-1.95326	29.35826256
-1.23952	31.44892671
-0.62484	34.25130632
-0.015113	36.47541712
0.65532	38.74401014
1.29032	40.96812094
1.94564	43.19223174
2.54	44.92703816
3.2004	47.15114896
3.8354	48.9304376
4.4958	51.1545484
5.1054	52.93383704
5.7404	54.71312568
6.3754	56.49241432
7.0358	57.8268808
7.7216	59.60616944
8.2804	60.94063592
8.9662	62.2751024
9.525	63.60956888
10.1854	64.4992132
11.4808	66.723324
12.1412	67.61296832
12.7254	68.9474348
13.3858	69.83707912
14.0208	70.72672344
14.6304	71.61636776
15.3416	72.06118992
15.9004	72.95083424
16.4592	73.84047856
17.1704	74.28530072
17.8308	75.17494504
18.4658	75.17494504
19.1008	76.06458936
19.7866	76.50941152
20.3708	76.50941152
21.0058	77.39905584
21.6408	77.39905584
22.2758	77.39905584
22.9108	77.843878
23.5712	78.28870016
24.1554	78.28870016
24.8412	78.73352232
25.4	78.73352232
26.162	78.73352232
26.67	78.73352232
27.432	78.73352232
27.94	78.73352232
28.702	78.73352232
29.21	78.28870016
29.972	78.28870016
30.48	78.28870016
30.988	78.28870016
31.75	77.843878
32.512	77.843878
33.02	77.39905584
33.782	77.39905584
34.29	76.95423368
35.052	76.50941152
35.56	76.06458936
36.322	75.6197672
37.084	74.73012288
37.592	74.73012288
38.1	73.84047856
37.592	67.61296832
36.83	64.94403536
36.322	62.71992456
35.56	60.0509916
34.798	56.93723648
33.782	53.3786592
33.02	50.26490408
32.258	46.7063268
31.242	43.28119617
30.48	40.07847662
29.718	36.78679263
28.702	33.6285553
27.94	30.91514012
27.178	27.84586722
26.162	25.13245204
25.4	22.33007243
24.5618	19.92803277
23.5966	17.43702867
22.86	15.12395344
21.9964	12.81087821
21.209	11.07607178
20.3454	9.074372064
19.5326	7.250601208
18.7198	5.471312568
17.8562	3.727609701
16.891	2.152939254
16.0274	0.257552031
15.2146	-1.343362923
14.351	-3.118203342
13.5128	-4.715114896
12.8016	-6.049581376
11.3792	-9.207818712
10.1346	-12.36605605
9.271	-14.36775577
8.4328	-16.4139377
7.5946	-18.46011964
6.7564	-20.59526601
5.8674	-22.73041238
5.0292	-24.91004096
4.1656	-27.22311619
3.3274	-29.44722699
2.51714	-31.76030222
1.60782	-34.16234189
0.80772	-36.4309349
-0.226568	-38.12125911
-0.92202	-41.10156758
-1.73228	-43.23671395
-2.5908	-45.81668248
-3.4544	-48.48561544
-4.2164	-50.70972624
-5.1308	-53.82348136
-5.969	-55.60277
-6.8326	-57.8268808
-7.6708	-59.60616944
-8.4836	-61.38545808
-9.3726	-63.60956888
-10.2108	-64.94403536
-11.0744	-66.27850184
-11.938	-68.05779048
-12.7762	-69.39225696
-13.6398	-70.72672344
-14.478	-71.1715456
-15.2908	-72.50601208
-16.1544	-73.3956564
-16.9672	-73.84047856
-17.8308	-74.28530072
-18.6944	-75.17494504
-19.5326	-75.17494504
-20.3962	-75.6197672
-21.2344	-75.6197672
-22.0726	-76.50941152
-22.9616	-75.17494504
-23.7998	-76.06458936
-24.6126	-76.50941152
-25.4	-75.6197672
-26.416	-76.50941152
-27.178	-75.17494504
-27.94	-76.06458936
-28.956	-76.06458936
-29.718	-74.73012288
-30.48	-74.73012288
-31.496	-74.73012288
-32.258	-74.28530072
-33.02	-73.84047856
-34.036	-73.3956564
-34.798	-72.06118992
-35.56	-72.06118992
-36.576	-71.61636776
-37.338	-70.72672344
-38.354	-69.39225696
-37.338	-60.0509916
-36.322	-56.49241432
-35.56	-52.93383704
-34.544	-48.04079328
-33.782	-44.92703816
-33.02	-41.45742531
-32.258	-37.58747252
-31.242	-34.4737174
-30.48	-30.73721126
-29.718	-27.5344917
-28.702	-23.97591442
-27.94	-21.35146368
-26.924	-18.23770856
-26.162	-15.52429338
-25.4	-12.85536042
-24.511	-10.0084986
-23.6982	-7.917834448
-22.8346	-5.471312568
-21.9456	-3.08706579
-21.1328	-1.023090968
-20.2946	0.969712309
-19.4056	2.913585148
-18.669	5.026490408
-17.7546	6.405439104
-16.9164	8.496103256
-16.0528	10.05298082
-15.24	11.78778724
-14.351	13.56707588
-13.5128	15.3018823
-12.7	17.30358202
-11.8364	19.34976396
-10.9728	21.17353482
-10.16	23.13075232
-9.1948	25.62175642
-8.4328	27.57897392
-7.3406	29.89204915
-6.6802	32.16064217
-5.8674	34.16234189
-5.0038	36.65334598
-4.191	39.58917224
-3.3782	41.63535418
-2.49428	43.72601833
-1.71958	45.37186032
-0.7493	48.04079328
0.103124	49.82008192
1.36144	52.93383704
2.5908	55.15794784
3.7846	57.8268808
5.1562	60.0509916
6.4516	62.71992456
7.6962	64.05439104
8.9916	66.27850184
10.287	67.61296832
11.5316	69.39225696
12.7762	70.28190128
14.1224	71.61636776
15.3416	72.06118992
16.637	72.95083424
17.8562	72.95083424
19.0754	73.84047856
20.447	74.28530072
21.717	74.28530072
22.987	74.28530072
24.1808	74.28530072
25.4	73.84047856
26.924	74.28530072
28.194	74.28530072
29.464	72.95083424
30.48	73.3956564
31.75	72.95083424
33.02	71.61636776
34.544	72.06118992
35.56	70.28190128
36.83	70.28190128
38.1	69.39225696
36.83	60.0509916
35.56	55.15794784
34.29	50.26490408
33.02	44.482216
31.75	39.50020781
30.48	34.42923518
29.21	29.53619142
27.94	24.95452318
26.67	20.32837271
25.1968	16.72531322
24.0284	12.67743156
22.7584	9.163336496
21.5392	5.960616944
20.2692	2.971412029
19.0246	-0.075174945
17.7038	-3.131548006
16.4084	-5.78268808
15.1892	-8.407138824
13.9192	-10.8536607
12.6238	-13.43362923
11.3538	-16.23600884
10.033	-18.94942402
8.8138	-21.57387476
7.5184	-23.79798556
6.2738	-26.4224363
4.9784	-29.1803337
3.7084	-31.9827133
2.46634	-34.56268183
1.14046	-37.49850809
-0.226568	-40.34536991
-1.41224	-42.92533844
-2.7178	-45.81668248
-3.937	-48.9304376
-5.1816	-51.1545484
-6.6548	-53.3786592
-7.6454	-56.04759216
-9.017	-58.27170296
-10.287	-60.0509916
-11.5824	-60.94063592
-12.8524	-62.71992456
-14.1224	-64.05439104
-15.3416	-65.38885752
-16.7132	-66.27850184
-17.9324	-66.27850184
-19.177	-66.723324
-20.4216	-67.16814616
-21.7424	-67.16814616
-23.0124	-66.723324
-24.3332	-66.723324
-25.4	-66.27850184
-26.924	-65.38885752
-28.194	-64.4992132
-29.464	-63.16474672
-30.734	-62.2751024
-32.004	-61.38545808
-33.274	-60.49581376
-34.544	-57.8268808
-35.814	-56.93723648
-36.83	-53.3786592
-38.608	-52.04419272
