"""Matamoros et. al 1999 Specimen c10-20 South"""	
1425	
-0.058166	0.564924143
-0.07493	0.573820586
-0.078994	0.578268808
-0.07493	0.5560277
-0.058166	0.5560277
-0.07493	0.551579478
-0.091694	0.12766396
-0.095758	0.108091785
-0.091694	0.075619767
-0.154178	1.1120554
0.5715	15.79118668
1.28778	28.24620716
1.93548	40.25640548
2.54	48.48561544
3.2004	56.93723648
3.81	64.05439104
4.445	69.83707912
5.1054	75.17494504
5.7912	78.73352232
6.4262	82.2920996
7.0104	84.96103256
7.6962	87.62996552
8.255	89.85407632
8.9916	91.63336496
9.6266	94.30229792
10.16	95.19194224
10.8458	96.97123088
11.4808	98.75051952
12.065	98.75051952
12.7	99.64016384
12.0396	90.29889848
11.3792	85.85067688
10.8204	82.2920996
10.1092	78.28870016
9.525	74.28530072
8.7376	69.83707912
8.1534	66.27850184
7.5438	61.83028024
6.9596	57.38205864
6.35	52.48901488
5.715	47.15114896
5.08	41.1460498
4.3942	35.05198621
3.7592	27.57897392
3.175	19.97251498
2.47396	10.98710735
1.82372	4.381498276
1.28778	-4.00339944
0.59436	-13.52259366
-0.0249936	-22.68593016
-0.65024	-31.62685558
-1.26238	-41.10156758
-1.88976	-49.37525976
-2.6416	-56.93723648
-3.2004	-62.2751024
-3.9116	-68.50261264
-4.4704	-72.95083424
-5.207	-76.50941152
-5.7658	-80.0679888
-6.4262	-84.07138824
-7.0358	-84.96103256
-7.62	-88.51960984
-8.2804	-90.29889848
-8.89	-93.4126536
-9.6266	-95.19194224
-10.16	-96.97123088
-10.922	-96.97123088
-11.5062	-99.64016384
-12.1158	-100.084986
-12.7	-101.4194525
-12.7508	-98.75051952
-12.7508	-98.30569736
-12.0396	-92.52300928
-11.3792	-88.07478768
-10.8204	-84.07138824
-10.16	-80.0679888
-9.525	-76.06458936
-8.8138	-71.61636776
-8.255	-67.61296832
-7.5438	-63.16474672
-6.9596	-59.60616944
-6.3246	-54.71312568
-5.6134	-49.82008192
-4.953	-44.92703816
-4.4196	-39.45572559
-3.7846	-32.5164999
-3.1496	-25.79968528
-2.7432	-19.43872839
-2.47396	-14.27879134
-2.45618	-13.70052253
-2.30632	-8.318174392
-2.10566	-1.347811145
-2.032	0.840713882
-1.14046	3.478509291
-0.63754	7.028190128
0.033274	10.98710735
0.65278	17.74840418
1.31572	26.60036517
1.97866	34.25130632
2.5908	41.81328304
3.2004	46.7063268
3.8608	52.93383704
4.4704	57.38205864
5.207	61.83028024
5.715	64.94403536
6.35	68.9474348
7.0866	72.06118992
7.6454	75.17494504
8.4836	78.28870016
9.017	80.95763312
9.525	84.07138824
10.16	86.29549904
10.8712	88.51960984
11.4554	91.63336496
12.0396	94.30229792
12.7	96.52640872
12.7	93.85747576
12.0396	89.85407632
11.4046	85.85067688
10.795	82.2920996
10.0838	78.73352232
9.4996	75.17494504
8.89	71.61636776
8.3058	68.50261264
7.493	64.4992132
6.9088	60.49581376
6.2992	56.49241432
5.715	52.04419272
5.08	46.7063268
4.4196	41.45742531
3.8354	35.63025502
3.1496	28.6465471
2.5146	21.08457038
1.86944	14.54568463
1.22428	6.850261264
0.59436	-0.578268808
-0.033274	-5.960616944
-0.65278	-15.12395344
-1.36144	-24.82107653
-2.0066	-34.2068241
-2.5654	-40.38985213
-3.2004	-46.7063268
-3.8354	-52.04419272
-4.5466	-58.27170296
-5.1308	-61.83028024
-5.7658	-65.83367968
-6.4262	-69.83707912
-7.0612	-73.3956564
-7.6454	-76.06458936
-8.4074	-79.17834448
-8.9662	-82.73692176
-9.5758	-85.85067688
-10.2108	-88.07478768
-10.7696	-90.29889848
-11.4808	-93.4126536
-12.1158	-95.19194224
-12.7508	-98.30569736
-9.652	-73.84047856
-8.9154	-68.9474348
-8.128	-64.4992132
-7.366	-59.60616944
-6.858	-56.04759216
-5.8674	-48.48561544
-5.3848	-44.43773378
-4.9022	-39.98951218
-4.445	-35.36336172
-3.7846	-27.97931386
-3.175	-20.55078379
-3.0734	-19.66113947
-3.0734	-19.92803277
-2.9972	-20.41733714
-2.51968	-18.01529748
-1.83134	-14.10086247
-1.32334	-6.583367968
-0.58674	2.144042811
-0.070866	8.940925416
0.70866	16.50290214
1.3081	24.99900539
1.92278	31.9827133
2.54	38.12125911
3.2004	44.482216
3.8354	49.37525976
4.445	53.82348136
5.08	58.27170296
5.7404	62.2751024
6.3246	65.83367968
7.0104	69.39225696
7.6708	72.06118992
8.2804	74.73012288
8.9154	77.843878
9.525	80.95763312
10.1854	83.62656608
10.7442	85.85067688
11.4554	88.964432
12.065	92.07818712
12.8524	94.74712008
13.335	95.6367644
13.9954	98.75051952
14.605	99.64016384
15.2908	100.9746303
15.9004	101.4194525
16.5608	101.4194525
17.145	101.8642746
17.8308	100.9746303
18.415	100.084986
19.0246	100.5298082
19.05	97.41605304
19.05	97.41605304
19.05	97.41605304
18.3642	93.4126536
17.7546	89.85407632
17.1958	86.7403212
16.51	83.62656608
15.9512	80.51281096
15.113	76.95423368
14.5796	74.28530072
13.9954	71.1715456
13.1826	67.61296832
12.6492	64.94403536
12.0396	62.2751024
11.4046	58.71652512
10.6934	55.60277
10.1346	52.48901488
9.4996	49.37525976
8.89	45.81668248
8.2296	42.08017634
7.62	39.05538565
7.0104	35.71921945
6.35	31.93823109
5.6896	28.11276051
5.0292	23.97591442
4.2926	19.79458612
3.7846	15.5687756
3.175	11.3874473
2.5146	6.138545808
1.88214	0.898540763
1.26238	-4.408187606
0.59944	-7.828870016
-0.087376	-15.65774003
-0.70358	-22.81937681
-1.29032	-29.80308472
-2.0066	-37.00920371
-2.5654	-43.1032673
-3.2766	-49.37525976
-3.9624	-54.26830352
-4.5212	-58.27170296
-5.08	-61.83028024
-5.7912	-65.83367968
-6.4008	-68.9474348
-7.3406	-73.3956564
-7.8232	-75.6197672
-8.3566	-78.28870016
-8.9916	-80.95763312
-9.5504	-84.07138824
-10.1854	-86.7403212
-10.8966	-88.964432
-11.4554	-91.63336496
-12.0904	-94.30229792
-12.7508	-96.08158656
-13.4112	-97.8608752
-14.224	-100.084986
-14.6812	-100.9746303
-15.2908	-101.8642746
-15.9512	-102.3090968
-16.5608	-103.1987411
-17.2974	-103.1987411
-17.8054	-103.6435633
-18.4658	-103.6435633
-19.0754	-103.1987411
-18.3896	-95.6367644
-17.78	-92.52300928
-16.9926	-88.964432
-16.4846	-85.85067688
-15.8496	-82.73692176
-15.8496	-82.73692176
-15.367	-78.28870016
-14.732	-75.17494504
-13.9954	-72.06118992
-13.3604	-68.9474348
-12.7	-65.83367968
-11.9888	-62.71992456
-11.2268	-59.16134728
-10.7696	-56.49241432
-10.1346	-53.3786592
-9.4742	-50.26490408
-8.763	-47.15114896
-8.255	-44.08187606
-7.62	-41.05708537
-7.0104	-37.94333025
-6.1976	-33.6285553
-5.715	-30.11446023
-5.0546	-25.71072085
-4.4704	-21.30698146
-3.81	-16.59186657
-3.2004	-11.92123389
-2.53238	-6.316474672
-1.90754	-0.969712309
-1.1938	4.848561544
-0.59944	10.23090968
0.020828	16.01359776
0.67564	20.95112374
1.22428	26.46691852
2.00152	32.96132206
2.667	37.72091917
3.175	41.36846088
3.8354	45.37186032
4.5466	49.37525976
5.1308	52.48901488
5.7404	56.04759216
6.4262	59.16134728
7.0612	61.83028024
7.6708	64.4992132
8.4328	66.723324
8.9154	68.9474348
9.6266	71.61636776
10.1854	73.3956564
10.8966	75.6197672
11.4046	77.843878
12.1412	80.51281096
12.7254	82.2920996
13.4112	84.07138824
14.0208	85.85067688
14.605	87.62996552
15.24	89.40925416
15.9258	90.29889848
16.51	92.07818712
17.1704	92.96783144
17.9324	94.74712008
18.4658	95.19194224
18.3896	89.40925416
17.7546	86.29549904
17.1704	82.73692176
16.5354	79.62316664
15.875	76.50941152
15.24	73.3956564
14.5034	70.28190128
13.97	67.61296832
13.3604	64.4992132
12.7	61.83028024
12.0904	58.71652512
11.4046	55.60277
10.8204	52.48901488
10.1346	49.37525976
9.398	46.26150464
8.8646	43.32567838
8.2042	39.67813667
7.5946	36.56438155
6.9596	33.45062643
6.3246	30.0254958
5.6388	26.37795409
5.0546	22.86385902
4.3942	18.9049418
3.7846	15.16843566
3.1496	11.25400065
2.7686	8.318174392
2.51968	6.538885752
1.90246	1.961665726
1.27	-2.793483165
1.26492	-2.442073658
0.60706	-4.492703816
0.0124968	-10.8536607
-0.66548	-17.12565316
-1.52908	-24.7321121
-1.97866	-30.15894245
-2.5908	-35.14095064
-3.3782	-41.59087196
-3.81	-44.92703816
-4.5466	-48.9304376
-5.08	-52.93383704
-5.7658	-56.04759216
-6.4008	-59.16134728
-7.0612	-62.2751024
-7.62	-64.94403536
-8.255	-66.723324
-9.017	-70.28190128
-9.5758	-72.50601208
-10.2108	-74.28530072
-10.795	-76.50941152
-11.43	-79.17834448
-12.065	-81.40245528
-12.7	-83.62656608
-13.3604	-84.96103256
-14.0208	-87.18514336
-14.605	-88.964432
-15.3416	-90.74372064
-15.9258	-92.07818712
-16.637	-93.4126536
-17.2212	-94.74712008
-17.8562	-96.08158656
-18.4404	-96.97123088
-19.1008	-98.30569736
-18.4658	-92.07818712
-17.7038	-88.51960984
-17.145	-85.40585472
-16.383	-82.2920996
-15.875	-79.17834448
-15.24	-76.50941152
-14.6558	-73.3956564
-13.8684	-70.28190128
-13.335	-67.16814616
-12.7	-64.4992132
-11.938	-61.38545808
-11.4046	-58.71652512
-10.7442	-55.60277
-10.1346	-52.48901488
-9.4742	-49.82008192
-8.9154	-46.7063268
-8.128	-43.59257168
-7.62	-40.74570986
-6.9088	-37.72091917
-6.3754	-34.07337746
-5.715	-30.11446023
-4.9784	-25.88864971
-4.4704	-21.92973249
-3.7592	-17.17013538
-3.2004	-12.72191378
-2.53238	-7.428530072
-1.92278	-2.161835698
-1.27508	0.083626566
-0.64008	6.6723324
0.020828	13.03328929
0.67818	18.41563742
1.3081	24.33177215
1.94564	29.98101358
2.667	35.18543286
3.2766	39.45572559
3.8354	43.32567838
4.572	47.15114896
5.1308	50.26490408
5.715	52.93383704
6.3246	56.04759216
7.0104	58.71652512
7.5946	60.94063592
8.2804	63.60956888
9.0678	66.27850184
9.5504	68.50261264
10.16	70.72672344
10.8712	72.50601208
11.5062	74.73012288
12.065	76.50941152
12.7	78.28870016
13.4112	80.95763312
14.0208	82.73692176
14.605	84.07138824
15.6464	86.29549904
15.9258	87.62996552
16.51	88.964432
17.1958	90.29889848
17.78	91.63336496
18.4912	92.96783144
19.1008	93.4126536
19.6596	93.85747576
20.3454	94.74712008
20.955	94.74712008
21.6154	93.85747576
22.2504	93.85747576
22.9108	93.85747576
23.495	92.96783144
24.1808	92.96783144
24.7904	91.63336496
25.4	91.63336496
24.765	84.96103256
24.13	81.84727744
23.495	78.73352232
22.7584	76.06458936
22.1234	72.95083424
21.5646	70.72672344
20.955	68.05779048
20.2946	64.94403536
19.5072	62.2751024
19.0246	59.60616944
19.0246	59.60616944
18.4658	56.93723648
17.7546	54.26830352
17.145	51.59937056
16.5354	49.37525976
15.7734	46.26150464
15.1892	43.72601833
14.5288	40.83467429
13.9954	38.69952792
13.3096	36.11955939
12.7	33.49510865
12.0904	31.1375512
11.4554	28.77999375
10.795	26.24450744
10.1346	23.84246778
9.525	21.70732141
8.8646	19.43872839
8.2296	16.99220651
7.5692	14.7236135
7.0104	12.4995027
6.3246	9.741605304
5.715	7.56197672
5.1308	5.248901488
4.3942	2.571072085
3.7592	-0.354078439
3.1496	-3.327269757
2.794	-4.937525976
1.87452	-6.049581376
1.29032	-10.63124962
0.64516	-14.94602458
-0.0124968	-19.12735288
-0.62992	-23.6200567
-1.40716	-29.7586025
-1.95326	-33.71751973
-2.5654	-38.96642122
-3.302	-43.85946498
-3.9624	-48.48561544
-4.5212	-51.59937056
-5.1308	-54.26830352
-5.715	-57.38205864
-6.5024	-60.94063592
-7.0612	-63.16474672
-7.62	-65.38885752
-8.3058	-68.50261264
-8.89	-70.28190128
-9.525	-72.50601208
-10.2108	-74.73012288
-10.795	-76.50941152
-11.5062	-78.28870016
-12.065	-80.0679888
-12.8016	-82.2920996
-13.3604	-84.07138824
-14.0716	-85.40585472
-14.605	-86.7403212
-15.3416	-88.964432
-15.9004	-89.85407632
-16.5862	-91.63336496
-17.1958	-92.52300928
-17.8816	-93.85747576
-18.4658	-94.74712008
-19.1008	-95.6367644
-19.685	-96.52640872
-20.4724	-96.97123088
-20.955	-97.41605304
-21.6154	-96.97123088
-22.2758	-96.97123088
-22.8854	-97.41605304
-23.5204	-96.52640872
-24.13	-96.97123088
-24.8158	-96.52640872
-25.654	-95.19194224
-24.765	-88.07478768
-24.003	-84.5162104
-23.495	-82.2920996
-22.7838	-79.17834448
-22.225	-76.50941152
-21.4122	-73.3956564
-20.9296	-71.1715456
-20.32	-68.50261264
-19.7104	-65.83367968
-19.05	-63.16474672
-18.415	-60.94063592
-17.653	-57.8268808
-17.1704	-55.60277
-16.4592	-52.93383704
-15.7988	-50.26490408
-15.2654	-48.48561544
-14.5796	-45.81668248
-13.8684	-43.59257168
-13.335	-41.54638974
-12.6238	-39.05538565
-12.0904	-36.92023928
-11.3538	-34.29578854
-10.8204	-32.07167774
-10.1346	-29.62515586
-9.525	-27.08966954
-8.9154	-24.42073658
-8.2042	-21.88525027
-7.5946	-19.21631731
-6.9088	-16.28049106
-6.2738	-13.70052253
-5.6388	-11.03158957
-5.08	-8.45162104
-4.2926	-5.11545484
-3.7592	-1.966113947
-3.2258	1.383396918
-2.50698	4.982008192
-1.90754	9.11885428
-1.25222	13.21121815
-0.61214	17.21461759
0.037592	21.48491033
0.66294	25.48830977
1.31572	30.38135353
1.93294	34.38475297
2.5654	38.16574133
3.2258	41.94672969
3.81	44.39325157
4.4704	48.04079328
5.207	50.70972624
5.842	52.93383704
6.3754	55.60277
7.0866	58.27170296
7.5946	59.60616944
8.3312	61.83028024
8.9154	64.05439104
9.7028	66.723324
10.1854	67.16814616
10.8966	68.9474348
11.5062	70.72672344
12.0904	72.50601208
12.7254	73.84047856
13.335	75.6197672
13.9954	76.50941152
14.605	77.39905584
15.24	79.17834448
15.9004	79.62316664
16.4846	80.95763312
17.3482	82.2920996
17.7546	82.73692176
18.4404	83.62656608
19.0246	84.07138824
19.7612	84.96103256
20.32	84.96103256
21.2344	86.29549904
21.6154	86.29549904
22.3012	86.7403212
22.8346	86.7403212
23.5204	87.62996552
24.4348	87.18514336
24.8158	87.18514336
25.4	87.62996552
24.638	81.40245528
24.0284	78.28870016
23.495	75.6197672
22.8854	72.95083424
22.0726	69.83707912
21.5646	67.16814616
20.9042	64.94403536
20.2946	61.83028024
19.7104	59.16134728
18.9484	56.49241432
18.3896	54.26830352
17.78	51.59937056
17.145	48.9304376
16.5354	46.26150464
15.9258	43.45912503
15.0368	40.52329878
14.605	38.12125911
13.97	35.63025502
13.3858	33.49510865
12.6492	30.73721126
11.9888	28.29068938
11.3792	26.02209636
10.7188	23.48661005
10.16	21.52939254
9.4488	19.21631731
8.89	16.680831
8.255	14.54568463
7.2644	11.65434059
6.9596	10.05298082
6.3754	7.695423368
5.6896	5.33786592
5.0546	3.202719552
4.445	0.800679888
3.81	-2.233007243
2.54	-5.738205864
1.92278	-9.608158656
1.19126	-13.56707588
-0.037592	-20.72871266
-0.64516	-24.55418323
-1.33604	-29.22481591
-2.032	-33.6285553
-2.6162	-37.67643695
-3.302	-41.32397866
-3.81	-44.482216
-4.4958	-48.04079328
-5.1054	-51.1545484
-5.8166	-53.82348136
-6.35	-56.49241432
-6.985	-58.71652512
-7.5946	-61.38545808
-8.3312	-63.16474672
-8.9408	-65.38885752
-9.6012	-67.61296832
-10.1854	-69.39225696
-10.8712	-70.72672344
-11.6332	-72.95083424
-12.0396	-74.28530072
-12.7	-75.6197672
-13.4112	-76.50941152
-13.97	-78.73352232
-14.6812	-79.62316664
-15.2146	-81.40245528
-16.0274	-82.2920996
-16.5862	-83.62656608
-17.145	-84.07138824
-17.78	-85.40585472
-18.4404	-86.29549904
-19.05	-86.7403212
-19.7104	-88.07478768
-20.32	-88.51960984
-20.9804	-88.964432
-21.59	-89.85407632
-22.3774	-90.29889848
-22.9108	-91.1885428
-23.4696	-91.1885428
-24.13	-91.63336496
-24.8666	-91.63336496
-25.4	-92.07818712
-24.7142	-85.85067688
-23.9522	-82.2920996
-23.495	-80.0679888
-22.8346	-76.95423368
-22.2758	-74.28530072
-21.5646	-71.61636776
-20.955	-68.9474348
-20.2438	-66.27850184
-19.7104	-63.60956888
-18.9738	-60.94063592
-18.4404	-58.27170296
-17.7292	-56.04759216
-17.0688	-53.3786592
-16.51	-51.1545484
-15.8496	-48.9304376
-15.1892	-46.26150464
-14.5796	-43.99291162
-13.9192	-41.72431861
-13.3604	-39.54469002
-12.4714	-37.00920371
-12.065	-35.00750399
-11.303	-32.29408882
-10.8204	-30.11446023
-10.16	-27.66793835
-9.4742	-24.95452318
-8.8392	-22.64144794
-8.2296	-19.88355055
-7.5946	-17.34806424
-6.985	-14.90154236
-6.1722	-11.78778724
-5.715	-9.608158656
-5.0546	-6.6723324
-4.4704	-4.056778099
-3.7592	-0.560475922
-3.1242	1.877149515
-2.4511	6.44992132
-1.85166	10.18642746
-1.2192	14.10086247
-0.62992	17.97081526
0.0124968	22.15214357
0.69596	26.4224363
1.29794	30.24790688
1.96596	34.11785967
2.5908	37.40954366
3.2512	40.92363872
3.8608	43.81498276
4.4958	46.7063268
5.1308	48.9304376
5.715	51.59937056
6.35	53.82348136
7.6454	58.27170296
8.255	60.0509916
8.9154	61.83028024
9.5758	64.05439104
10.3124	65.38885752
10.8204	67.16814616
11.4808	68.9474348
12.1158	70.28190128
12.7762	71.61636776
13.3858	72.95083424
13.9954	74.28530072
14.6558	75.17494504
15.24	76.50941152
15.9004	77.39905584
16.51	78.28870016
17.1704	79.62316664
17.9832	80.51281096
18.4658	80.95763312
19.1008	81.40245528
19.7104	82.73692176
20.3708	82.73692176
20.955	83.62656608
21.6662	83.62656608
22.3012	84.5162104
22.8854	84.96103256
23.6474	84.96103256
24.257	84.96103256
24.8412	85.40585472
25.4	85.40585472
25.908	85.40585472
26.67	85.40585472
27.432	85.40585472
28.194	84.07138824
28.448	83.62656608
29.21	83.62656608
29.972	82.73692176
30.48	82.73692176
31.242	82.2920996
31.75	81.40245528
31.242	73.84047856
30.48	70.72672344
29.972	67.61296832
29.21	64.94403536
28.448	61.83028024
27.94	59.60616944
27.432	56.93723648
26.67	54.26830352
25.908	51.1545484
25.3492	49.37525976
24.7142	46.7063268
24.13	44.30428714
23.495	41.81328304
22.8854	39.45572559
22.2504	37.23161479
21.59	34.69612848
21.0058	32.69442876
20.2946	30.51480018
19.6088	28.20172494
19.0246	26.28898966
18.3896	24.24280772
17.78	22.41903686
17.1704	20.59526601
16.4846	18.41563742
15.9004	16.59186657
15.24	14.85706014
14.605	12.72191378
13.8938	11.25400065
13.2588	9.519194224
12.7254	8.140245528
12.1158	6.805779048
11.2268	4.581668248
10.795	3.442923518
10.1092	1.347811145
9.525	0.023531092
8.89	-1.868253072
8.2296	-3.353959086
7.5946	-5.204419272
6.985	-7.161636776
6.35	-8.851960984
5.6642	-8.540585472
5.08	-12.41053826
4.3942	-15.34636452
3.7846	-17.30358202
3.2004	-19.97251498
2.31394	-24.06487886
1.2192	-27.49000949
0.5334	-29.31378034
0	-32.56098211
-0.7112	-35.5857728
-1.31572	-38.52159906
-1.90246	-41.76880082
-2.5908	-44.482216
-3.3528	-47.59597112
-3.8608	-49.37525976
-4.5974	-52.93383704
-5.1562	-54.71312568
-5.715	-57.38205864
-6.35	-59.16134728
-7.1374	-61.38545808
-7.62	-63.60956888
-8.2296	-64.94403536
-8.9408	-67.16814616
-9.5504	-68.9474348
-10.2108	-70.72672344
-10.795	-72.06118992
-11.4808	-73.3956564
-12.065	-75.17494504
-12.8016	-76.50941152
-13.3858	-77.39905584
-14.0208	-78.28870016
-14.605	-79.62316664
-15.3416	-80.51281096
-15.9258	-82.2920996
-16.5608	-82.2920996
-17.1704	-83.62656608
-18.034	-84.5162104
-18.4404	-84.5162104
-19.05	-85.85067688
-19.7104	-85.85067688
-20.3962	-86.7403212
-20.955	-87.62996552
-21.6408	-87.62996552
-22.225	-88.07478768
-22.987	-88.07478768
-23.495	-88.51960984
-24.1808	-88.964432
-24.8158	-88.964432
-25.4	-89.40925416
-25.908	-88.964432
-26.67	-89.40925416
-27.178	-88.51960984
-27.94	-88.51960984
-28.702	-88.07478768
-29.21	-87.62996552
-29.718	-87.62996552
-30.48	-87.18514336
-31.242	-85.85067688
-31.75	-85.85067688
-31.242	-79.17834448
-30.734	-76.95423368
-29.718	-73.84047856
-29.21	-71.1715456
-28.448	-68.50261264
-27.94	-65.83367968
-27.178	-63.60956888
-26.67	-60.94063592
-25.908	-58.71652512
-25.4	-56.49241432
-24.638	-53.82348136
-24.1046	-51.59937056
-23.4442	-48.9304376
-22.8092	-47.15114896
-22.3012	-44.92703816
-21.4884	-42.43603406
-20.9804	-40.34536991
-20.32	-38.34367019
-19.6342	-36.34197047
-19.1008	-34.25130632
-18.3134	-32.2496066
-17.78	-30.20342466
-17.2212	-28.69102932
-16.4846	-26.24450744
-15.7734	-24.42073658
-15.24	-22.55248351
-14.605	-20.59526601
-13.97	-18.9049418
-13.335	-16.99220651
-12.6238	-14.99050679
-12.1158	-13.16673594
-11.4046	-10.94262514
-10.7188	-9.207818712
-10.1854	-7.33956564
-9.4742	-5.382348136
-8.8646	-3.411785967
-8.2804	-1.441223798
-7.6962	0.393667612
-6.985	2.459866545
-6.3246	5.11545484
-6.3246	4.67063268
-5.7658	7.250601208
-5.1054	9.697123088
-4.3942	12.32157383
-3.7846	14.67913128
-3.175	17.12565316
-2.52222	19.66113947
-1.91516	22.241108
-1.2446	24.82107653
-0.60706	27.49000949
0.0249936	30.2923891
0.70358	33.00580427
1.31064	35.40784394
1.93294	37.98781246
2.53238	40.47881656
3.1496	42.83637401
3.81	44.92703816
4.445	47.59597112
5.1562	49.82008192
5.7404	51.59937056
6.3754	53.3786592
7.0358	55.60277
7.62	57.38205864
8.2804	59.16134728
8.8392	60.49581376
9.5504	61.83028024
10.2362	63.16474672
10.8204	64.4992132
11.43	65.83367968
12.0904	66.723324
12.5984	67.61296832
13.4112	68.9474348
13.9954	69.83707912
14.5796	70.72672344
15.24	71.1715456
15.875	72.06118992
16.5354	72.95083424
17.2466	73.84047856
17.8308	74.28530072
18.415	74.73012288
19.2024	75.17494504
19.812	75.6197672
20.32	76.06458936
21.0312	76.50941152
21.6408	76.50941152
22.2504	77.39905584
22.9616	77.39905584
23.5966	77.39905584
24.1554	77.39905584
24.7904	77.39905584
25.4	77.843878
25.908	77.843878
26.67	77.39905584
27.178	77.39905584
27.94	77.39905584
28.702	77.39905584
29.464	77.39905584
29.972	76.50941152
30.48	76.50941152
31.242	76.50941152
31.75	75.6197672
30.988	69.83707912
30.48	66.27850184
29.718	64.05439104
29.464	61.83028024
28.956	60.49581376
28.448	58.27170296
27.94	55.60277
27.432	52.93383704
26.67	50.26490408
26.162	48.04079328
25.4	45.37186032
24.8158	42.83637401
24.13	40.0339944
23.5712	37.8098836
22.8854	35.3188795
22.2504	32.91683984
21.6408	30.82617569
21.0058	28.60206489
20.2438	26.33347187
19.6596	24.28728994
19.0246	22.241108
18.3896	20.19492606
17.7038	18.14874413
17.0688	16.19152662
16.4592	14.41223798
15.8242	12.58846713
15.24	10.72021406
14.3256	8.940925416
13.97	7.606458936
13.3604	5.916134728
12.7	4.359257168
12.065	2.704518733
11.3538	1.192123389
10.795	-0.291803337
10.16	-1.734806424
9.525	-3.465164626
8.89	-4.982008192
8.255	-6.805779048
7.6454	-8.273692176
7.62	-6.538885752
7.0358	-9.741605304
6.2992	-11.69882281
5.6896	-13.74500474
5.0546	-15.70222225
4.3942	-17.34806424
3.7846	-19.61665726
3.2004	-21.66283919
2.41554	-23.75350334
1.88214	-25.93313193
1.24968	-27.97931386
0.65786	-30.11446023
-0.07493	-32.64994654
-0.65024	-34.82957513
-1.2573	-37.23161479
-1.93294	-39.58917224
-2.5654	-41.81328304
-3.2512	-44.2153227
-3.8608	-46.26150464
-4.5974	-48.9304376
-5.1054	-50.70972624
-5.7912	-52.48901488
-6.35	-54.71312568
-7.0866	-56.49241432
-7.5946	-58.27170296
-8.382	-60.0509916
-8.89	-61.83028024
-9.525	-63.60956888
-10.2108	-64.94403536
-10.7696	-66.723324
-11.43	-68.05779048
-12.1412	-69.39225696
-12.6746	-70.72672344
-13.4112	-72.06118992
-14.0208	-72.95083424
-14.6558	-73.84047856
-15.2654	-74.73012288
-15.9512	-75.6197672
-16.51	-76.50941152
-17.1704	-77.39905584
-17.8054	-77.843878
-18.4658	-78.28870016
-19.0754	-79.17834448
-19.7612	-79.62316664
-20.2946	-80.0679888
-20.9804	-80.51281096
-21.6154	-80.95763312
-22.2504	-80.95763312
-22.8346	-81.84727744
-23.7236	-81.84727744
-24.2316	-81.84727744
-24.765	-82.2920996
-25.2984	-82.2920996
-26.162	-82.2920996
-26.67	-82.2920996
-27.432	-82.2920996
-27.94	-82.2920996
-28.702	-82.2920996
-29.21	-81.84727744
-29.972	-81.84727744
-30.48	-81.40245528
-31.242	-81.40245528
-31.75	-80.51281096
-31.242	-74.73012288
-30.48	-71.61636776
-29.718	-68.9474348
-29.21	-66.723324
-28.448	-64.05439104
-27.94	-61.38545808
-27.432	-58.71652512
-26.67	-56.49241432
-26.162	-53.82348136
-25.4	-51.59937056
-24.765	-49.37525976
-24.1808	-47.15114896
-23.495	-44.482216
-22.8854	-42.12465855
-22.225	-39.94502997
-21.5646	-37.72091917
-21.0312	-35.67473723
-20.32	-33.6285553
-19.685	-31.53789114
-19.05	-29.58067364
-18.415	-27.57897392
-17.7546	-25.53279198
-17.2212	-23.57557448
-16.5354	-21.61835698
-15.9004	-19.7501039
-15.2146	-17.88185083
-14.6304	-16.19152662
-13.843	-13.87845139
-13.3604	-12.27709162
-12.5222	-10.45332076
-12.0142	-8.940925416
-11.43	-7.206118992
-10.7696	-5.604759216
-10.1346	-3.69647215
-9.4488	-1.997251498
-8.9408	-0.370092037
-8.2804	1.47236135
-7.5692	3.509646842
-7.0104	5.515794784
-6.35	7.33956564
-5.7912	9.252300928
-5.08	11.56537616
-4.4958	13.6115581
-3.81	15.70222225
-3.1242	18.32667299
-2.54	20.32837271
-1.92024	22.59696573
-1.28778	24.91004096
-0.60706	27.5344917
0.0166624	29.80308472
0.66548	32.16064217
1.30302	34.4737174
1.92278	36.83127485
2.5654	38.83297457
3.175	41.05708537
3.7846	43.23671395
4.4704	45.37186032
5.1562	47.15114896
5.7404	49.37525976
6.3246	51.1545484
6.9596	52.93383704
7.5946	54.71312568
8.255	56.04759216
8.89	57.38205864
9.6266	58.71652512
10.1854	60.0509916
11.4554	62.2751024
12.0396	63.16474672
12.7	64.05439104
13.3858	65.38885752
13.9954	66.27850184
14.605	67.16814616
15.24	68.05779048
15.9512	68.50261264
16.51	69.39225696
17.1958	69.83707912
17.78	70.72672344
18.4404	70.72672344
19.0246	71.61636776
19.6596	72.06118992
20.3454	72.06118992
20.955	72.95083424
21.5392	72.95083424
22.225	72.95083424
22.8092	73.3956564
23.5712	73.3956564
24.1554	73.84047856
24.7904	73.84047856
25.3746	74.28530072
25.908	74.28530072
26.67	73.84047856
27.432	74.28530072
27.94	74.28530072
28.702	74.28530072
29.21	73.84047856
29.972	73.84047856
30.48	73.84047856
30.988	73.3956564
31.75	72.95083424
32.512	73.3956564
33.02	72.95083424
33.782	72.50601208
34.29	72.06118992
35.052	71.61636776
35.56	71.1715456
36.322	70.72672344
36.83	69.83707912
37.592	69.83707912
38.1	68.9474348
37.338	61.83028024
36.83	58.71652512
36.322	56.49241432
35.56	53.3786592
34.798	50.26490408
33.782	46.26150464
33.02	43.19223174
32.004	39.50020781
31.242	35.89714831
30.48	32.56098211
29.718	29.1803337
28.702	25.97761414
27.94	23.21971675
26.924	20.19492606
26.162	17.43702867
25.3238	14.81257793
24.511	12.45502048
23.6728	9.964016384
22.86	7.873352232
21.9456	5.693723648
21.1328	4.079019207
20.2692	2.117353482
19.431	0.390998679
18.6182	-1.30777715
17.7546	-2.971412029
16.9164	-4.581668248
16.0528	-6.360956888
15.24	-7.873352232
14.3764	-9.652640872
13.5382	-11.25400065
12.8524	-12.54398491
11.3538	-15.47981117
10.1092	-18.86045958
9.2964	-20.99560595
8.4836	-23.17523454
7.5692	-25.22141647
6.8326	-27.5344917
6.0452	-29.7586025
5.08	-31.71582001
4.191	-34.02889524
3.4036	-36.34197047
2.50952	-38.56608127
1.62814	-40.96812094
0.78232	-43.05878509
0.229108	-44.92703816
-0.89408	-47.15114896
-1.58242	-49.37525976
-2.54	-51.59937056
-3.429	-53.82348136
-4.1656	-55.60277
-5.1816	-58.27170296
-5.8674	-60.0509916
-6.858	-61.38545808
-7.62	-63.16474672
-8.5344	-64.94403536
-9.2964	-67.16814616
-10.2108	-68.05779048
-10.922	-69.39225696
-11.811	-70.28190128
-12.7762	-71.61636776
-13.5382	-72.95083424
-14.4018	-73.3956564
-15.3416	-74.28530072
-16.0782	-75.6197672
-16.764	-76.06458936
-17.8816	-76.06458936
-18.6436	-76.95423368
-19.4818	-76.95423368
-20.3454	-77.39905584
-21.3106	-77.843878
-22.0472	-78.73352232
-22.9108	-77.39905584
-23.8252	-77.843878
-24.511	-78.73352232
-25.4	-77.843878
-26.416	-78.73352232
-27.178	-77.39905584
-27.94	-78.28870016
-28.956	-77.843878
-29.718	-76.95423368
-30.734	-76.50941152
-31.242	-76.95423368
-32.258	-76.06458936
-33.02	-76.06458936
-34.036	-75.6197672
-34.798	-74.28530072
-35.814	-74.28530072
-36.576	-73.84047856
-37.084	-73.3956564
-38.1	-71.61636776
-37.338	-62.71992456
-36.322	-59.60616944
-35.814	-56.04759216
-34.544	-52.48901488
-33.782	-48.9304376
-33.02	-46.26150464
-32.258	-42.48051628
-31.496	-39.45572559
-30.48	-36.03059496
-29.718	-32.96132206
-28.702	-29.7586025
-27.94	-27.04518733
-27.178	-23.79798556
-26.162	-21.30698146
-25.3492	-18.46011964
-24.4602	-15.61325782
-23.7744	-13.21121815
-22.8854	-10.98710735
-21.844	-8.540585472
-21.1328	-6.183028024
-20.2692	-4.243603406
-19.5326	-2.019492606
-18.5166	-0.138784514
-17.7292	1.659186657
-16.9672	3.825470576
-16.0782	5.248901488
-15.24	7.028190128
-14.4526	8.940925416
-13.6652	10.76469627
-12.5984	12.54398491
-11.811	14.59016685
-11.0236	16.36945549
-10.1346	18.14874413
-9.271	20.59526601
-8.5344	22.46351908
-7.5692	24.91004096
-6.9596	26.91174068
-6.1976	28.86895818
-5.1308	31.00410455
-4.0894	33.49510865
-3.3528	35.5857728
-2.5654	37.72091917
-1.74752	39.09986786
-0.91948	41.81328304
0.037592	43.81498276
1.27508	46.7063268
2.5654	49.37525976
3.7846	52.04419272
5.08	54.71312568
6.4008	56.93723648
7.6454	58.27170296
8.7884	60.94063592
9.9822	62.2751024
11.43	64.05439104
12.827	65.38885752
14.097	66.723324
15.24	67.16814616
16.4592	68.50261264
17.78	68.05779048
19.1008	68.9474348
20.3962	69.83707912
21.6154	69.39225696
22.9616	69.39225696
24.0792	69.39225696
25.4	69.39225696
26.67	69.39225696
27.94	69.39225696
29.21	67.61296832
30.48	68.05779048
31.75	68.05779048
33.02	65.83367968
34.544	66.723324
35.814	64.4992132
37.084	64.4992132
38.1	64.05439104
36.83	53.82348136
35.56	48.48561544
34.29	43.41464282
33.02	37.58747252
31.496	32.16064217
30.226	26.91174068
28.956	21.92973249
27.686	17.39254646
26.416	12.89984264
25.2984	8.940925416
24.0792	5.159937056
22.7838	1.948321061
21.5138	-1.152089394
20.2438	-4.025640548
18.9992	-6.939225696
17.6784	-9.875051952
16.4084	-12.45502048
15.24	-14.99050679
14.0462	-17.34806424
12.7254	-19.70562169
11.3792	-22.41903686
10.033	-25.08796982
8.89	-27.84586722
7.62	-29.93653137
6.2992	-32.33857103
5.0546	-35.14095064
3.7846	-37.8098836
2.54	-40.25640548
1.22936	-43.01430287
0.037592	-45.81668248
-1.3335	-48.04079328
-2.42824	-50.70972624
-3.9116	-52.93383704
-5.1054	-55.15794784
-6.4008	-56.93723648
-7.6708	-59.16134728
-9.017	-60.94063592
-10.2362	-62.2751024
-11.4808	-62.71992456
-12.7762	-64.4992132
-13.9954	-65.83367968
-15.2908	-66.723324
-16.4846	-67.61296832
-17.8054	-67.61296832
-19.0754	-68.05779048
-20.4216	-68.50261264
-21.6154	-68.50261264
-22.987	-68.05779048
-24.1554	-67.61296832
-25.4	-67.61296832
-26.67	-66.27850184
-27.94	-65.38885752
-29.21	-64.05439104
-30.48	-62.71992456
-31.75	-61.38545808
-32.766	-60.94063592
-34.29	-58.27170296
-35.56	-57.38205864
-36.83	-55.15794784
-38.354	-54.26830352
