"""Matamoros et. al 1999 Specimen c10-05 South"""	
1817	
-0.203962	0.765094115
-0.14986	0.747301229
-0.14986	0.69392257
-0.237236	0.75174945
-0.237236	0.685026126
-0.241554	0.404343343
0.10414	5.604759216
0.51562	9.830569736
2.6416	31.71582001
3.1496	36.20852382
3.6576	39.94502997
3.683	38.34367019
4.191	42.08017634
4.7244	45.37186032
5.1054	44.92703816
5.6388	48.9304376
5.6388	48.04079328
5.6388	47.59597112
6.1722	50.26490408
6.731	53.82348136
7.2644	55.15794784
7.2644	54.71312568
7.2898	54.26830352
7.8232	58.27170296
8.3566	60.49581376
8.9154	62.71992456
10.2108	67.16814616
10.2108	66.723324
10.2108	66.27850184
10.7442	68.05779048
11.303	67.16814616
11.8618	68.05779048
12.4206	67.16814616
12.0396	60.49581376
11.4554	56.04759216
10.9728	52.48901488
10.4394	48.48561544
10.4394	48.48561544
9.8806	44.92703816
9.3726	41.01260315
8.8138	37.40954366
7.5438	27.75690278
7.0104	24.15384329
6.477	20.72871266
5.9182	17.30358202
5.0038	13.52259366
4.4958	9.964016384
3.9624	7.56197672
3.4544	4.715114896
2.44856	-2.246351908
2.03708	-4.492703816
1.59512	-8.585067688
1.19126	-11.78778724
0.0166624	-18.72701294
-0.41656	-21.84076806
-0.84074	-24.82107653
-1.31572	-27.93483165
-2.6162	-34.4737174
-3.175	-37.8098836
-3.683	-39.72261889
-4.1656	-42.74740958
-5.0038	-46.26150464
-5.4864	-48.04079328
-6.0198	-51.1545484
-6.5278	-52.93383704
-7.5438	-58.27170296
-7.5438	-56.93723648
-7.5438	-55.15794784
-8.0772	-59.60616944
-8.5598	-62.2751024
-9.0424	-64.4992132
-10.3886	-64.94403536
-10.922	-65.38885752
-11.4808	-65.83367968
-12.065	-65.83367968
-12.4968	-66.27850184
-12.1158	-60.94063592
-11.5824	-56.93723648
-11.0998	-52.93383704
-10.1854	-46.26150464
-9.6266	-41.85776526
-9.144	-38.38815241
-8.6614	-35.00750399
-7.62	-30.0254958
-7.112	-26.15554301
-6.604	-22.59696573
-6.096	-19.43872839
-5.2578	-15.79118668
-4.7752	-11.120554
-4.2672	-7.917834448
-3.7592	-5.026490408
-2.5273	0.010453321
-2.0574	2.215214357
-1.64846	4.043433434
-1.27	5.649241432
-0.12065	8.985407632
0.29972	10.80917849
0.72136	11.43192951
1.17348	13.6115581
2.54	18.0597797
3.0988	20.72871266
3.6576	23.21971675
4.1656	25.53279198
5.0546	28.60206489
5.6134	31.27099785
6.1722	33.80648416
6.7056	36.60886377
7.3406	39.36676116
7.366	38.87745678
7.366	36.87575706
7.9502	40.96812094
8.4836	44.30428714
9.0424	47.59597112
9.5758	49.82008192
10.3886	52.93383704
10.922	55.15794784
11.4554	57.38205864
11.938	59.60616944
12.827	61.83028024
12.319	56.49241432
11.7856	52.93383704
11.2268	48.9304376
10.6426	45.37186032
10.16	42.92533844
9.6012	39.14435008
9.0932	35.8526661
8.5598	32.42753546
7.5946	28.15724273
7.0358	24.55418323
6.477	21.57387476
5.9436	18.41563742
5.1308	14.54568463
5.1308	14.63464906
4.6228	12.05468054
4.064	9.430229792
3.5306	6.983707912
2.6416	4.061226321
2.03708	2.015044385
2.16408	2.749000949
1.64846	0.858506769
1.14554	-0.295361914
0.59436	-1.365604031
0.050038	-5.293383704
-0.4699	-8.362656608
-1.02362	-10.72021406
-1.43764	-12.67743156
-2.52222	-16.36945549
-3.048	-19.30528174
-3.4798	-21.52939254
-3.9624	-24.28728994
-5.1054	-28.0682783
-5.6388	-30.78169347
-6.1722	-34.02889524
-6.7056	-36.60886377
-7.747	-42.2581052
-8.2804	-44.92703816
-8.8138	-48.04079328
-9.2964	-50.26490408
-10.1346	-53.82348136
-10.1092	-53.3786592
-10.668	-56.49241432
-11.176	-58.71652512
-11.7348	-60.94063592
-12.6492	-63.60956888
-12.2174	-58.71652512
-11.7094	-54.71312568
-11.2014	-51.1545484
-10.1854	-44.34876935
-9.7028	-40.65674542
-9.1948	-37.14265036
-8.6868	-33.93993081
-7.5946	-28.11276051
-7.0866	-24.86555874
-6.5532	-21.70732141
-6.0452	-18.59356629
-5.1054	-14.4567202
-4.5974	-11.74330502
-4.064	-8.762996552
-3.5814	-6.316474672
-2.53492	-2.971412029
-2.5019	-3.594163053
-1.99898	-0.338509664
-1.56972	1.410086247
-1.17348	3.282787541
0.033274	6.761296832
0.45466	8.496103256
0.91694	9.919534168
1.3335	11.60985838
2.5654	15.12395344
2.921	16.680831
3.3528	18.14874413
3.7592	20.19492606
5.0546	24.50970102
5.6134	27.44552727
6.1468	30.0254958
6.731	33.05028649
7.2644	35.80818388
7.6454	36.20852382
8.2042	39.09986786
8.7122	41.85776526
9.2202	44.92703816
10.1854	49.37525976
10.7442	52.04419272
11.2776	54.71312568
11.811	57.38205864
12.7254	60.0509916
13.3096	61.38545808
13.7922	62.2751024
14.4272	62.71992456
15.0114	63.60956888
15.5702	63.60956888
16.1798	64.05439104
16.7386	64.4992132
17.8816	64.4992132
18.4404	65.38885752
18.9484	64.94403536
18.5166	59.16134728
18.0086	55.60277
18.0086	55.60277
17.4498	52.04419272
16.9164	48.48561544
16.383	44.92703816
15.1892	38.52159906
14.6304	35.27439729
14.0716	32.02719552
13.5382	29.09136926
12.6746	25.13245204
12.1412	22.37455465
11.6078	19.66113947
11.0744	16.99220651
10.16	13.92293361
9.6266	11.34296508
9.0932	8.851960984
8.509	6.627850184
7.62	3.522991507
7.0866	1.801529748
6.5532	0.747301229
5.9944	-0.600509916
5.4356	-1.908287066
4.9276	-3.091514012
4.9276	-2.090664152
3.81	-7.606458936
3.2766	-9.029889848
2.7178	-10.05298082
2.19456	-11.29848286
1.63322	-12.36605605
1.09474	-13.56707588
0.137414	-14.27879134
-0.37592	-16.32497327
-0.39116	-16.63634878
-0.84074	-18.41563742
-2.5654	-21.66283919
-3.1242	-23.75350334
-3.683	-25.75520306
-4.2164	-27.44552727
-5.08	-30.24790688
-5.6388	-32.47201768
-6.1468	-34.65164626
-6.6802	-36.92023928
-7.6708	-40.61226321
-8.2296	-43.23671395
-8.7376	-45.81668248
-9.2456	-48.04079328
-10.2616	-52.93383704
-10.795	-55.15794784
-10.7442	-54.71312568
-11.2522	-56.93723648
-11.7856	-58.71652512
-12.7508	-60.49581376
-13.2842	-61.38545808
-13.843	-61.83028024
-14.4526	-62.2751024
-15.1892	-62.71992456
-15.8242	-63.60956888
-16.383	-63.60956888
-16.9418	-63.60956888
-17.78	-63.60956888
-18.3642	-64.05439104
-19.0754	-64.05439104
-18.6436	-59.16134728
-17.7546	-54.26830352
-17.272	-49.82008192
-16.7132	-46.26150464
-16.2306	-43.28119617
-15.1892	-38.16574133
-14.6558	-34.82957513
-14.1478	-31.93823109
-13.6652	-28.86895818
-12.5984	-24.24280772
-12.1158	-21.1290526
-11.6078	-18.54908407
-11.0998	-15.88015111
-10.1346	-12.36605605
-10.1346	-12.4995027
-9.6266	-10.18642746
-9.1186	-8.095763312
-8.5852	-6.138545808
-7.62	-3.589714831
-7.0866	-2.041733714
-6.5532	-0.631647467
-6.096	0.765094115
-5.08	2.620002522
-5.08	2.58441675
-5.08	2.277489459
-5.0546	1.792633305
-4.6736	3.625300604
-4.2418	5.293383704
-3.9878	5.78268808
-3.556	6.627850184
-2.53238	7.56197672
-2.00152	8.807478768
-1.55194	9.652640872
-1.03632	10.54228519
-0.0166624	11.78778724
0.47498	12.72191378
1.04394	13.78948696
1.51892	14.54568463
2.5019	15.79118668
2.9972	17.08117094
3.7846	18.19322634
4.2418	19.7501039
4.8006	20.95112374
5.2832	21.84076806
5.8674	23.3531634
6.3754	24.68762988
7.6962	27.04518733
8.255	28.95792262
8.7884	30.60376461
9.3726	32.47201768
9.906	34.42923518
10.4902	36.20852382
11.557	38.74401014
12.1158	40.65674542
12.6492	42.61396293
13.2334	44.482216
13.7922	46.26150464
14.3764	48.04079328
15.2654	50.26490408
15.8496	52.04419272
16.4084	53.82348136
16.9672	55.15794784
17.5514	56.49241432
18.1356	57.8268808
19.1008	58.71652512
18.5928	53.82348136
18.0594	50.26490408
17.5006	46.7063268
16.9418	43.41464282
16.3322	40.12295883
15.875	37.00920371
15.2654	34.38475297
14.7066	31.27099785
14.1732	28.33517159
13.6144	25.62175642
13.081	22.95282346
12.446	20.10596163
11.3792	16.45841992
10.8204	14.10086247
10.2616	12.05468054
9.7028	10.14194525
9.144	8.318174392
8.5598	6.627850184
7.3406	4.715114896
6.8072	3.149340893
6.2484	1.783736862
5.6896	0.782887002
5.1816	-0.02188525
4.6482	-1.036435633
3.81	-4.221362298
3.302	-5.204419272
2.7686	-6.316474672
2.29362	-7.250601208
1.7526	-8.22920996
1.21666	-9.296783144
0.062484	-11.56537616
-0.4826	-12.72191378
-0.9652	-14.01189804
-0.3048	-12.89984264
-0.48006	-14.23430912
-0.91694	-16.01359776
-4.0894	-20.0169972
-4.6482	-22.01869692
-5.1816	-23.57557448
-5.7404	-25.17693426
-6.35	-27.04518733
-6.9088	-28.6465471
-7.7216	-31.04858677
-8.382	-33.22821535
-8.8138	-34.96302178
-9.3726	-36.51989934
-9.906	-38.6550457
-10.4394	-40.3008877
-11.7094	-43.3701606
-12.319	-45.37186032
-12.7762	-47.15114896
-13.3858	-48.9304376
-13.8684	-50.26490408
-14.4018	-52.04419272
-15.2654	-53.82348136
-15.7734	-55.15794784
-16.3322	-56.49241432
-16.891	-57.38205864
-17.4752	-58.27170296
-18.034	-59.60616944
-19.05	-60.94063592
-18.6436	-56.93723648
-18.0848	-52.93383704
-17.6784	-50.26490408
-17.1704	-47.15114896
-16.637	-43.81498276
-16.129	-40.83467429
-15.5956	-37.67643695
-15.4178	-37.09816814
-15.4178	-36.87575706
-14.9352	-33.31717978
-14.3764	-30.24790688
-13.8938	-27.26759841
-13.3604	-24.33177215
-12.8524	-21.84076806
-11.303	-16.32497327
-10.795	-13.83396918
-10.287	-11.83226946
-9.7282	-9.652640872
-9.1948	-7.695423368
-8.6868	-6.00509916
-8.1788	-4.537186032
-8.1788	-4.759597112
-8.2296	-5.827170296
-7.6962	-4.065674542
-7.2644	-2.157387476
-6.8326	-0.371871326
-6.2738	1.33446648
-5.8674	2.228559022
-5.4102	3.3361662
-3.81	5.159937056
-3.302	6.22751024
-2.8194	7.11715456
-2.39522	7.295083424
-1.95326	7.7843878
-1.46558	8.629549904
-0.083312	11.34296508
0.46228	12.32157383
0.94996	13.30018258
1.47828	14.14534469
1.9939	14.99050679
2.49936	16.10256219
2.9718	16.99220651
3.8354	17.70392197
4.4196	19.39424618
4.9784	20.50630158
5.5626	21.92973249
6.1214	23.26419897
6.6802	24.7321121
7.7216	26.4224363
8.2804	28.15724273
8.8138	29.80308472
9.3726	31.76030222
9.9822	33.18373314
10.5156	35.14095064
11.4808	37.27609701
11.4808	36.4309349
12.0142	39.01090343
12.6238	41.01260315
13.1826	42.88085622
13.7414	44.92703816
14.3002	46.7063268
15.2654	48.9304376
15.875	50.70972624
16.4592	52.04419272
17.018	53.82348136
17.8308	55.15794784
18.415	56.49241432
19.05	57.38205864
19.6088	58.27170296
20.193	59.16134728
20.8026	59.60616944
21.4122	59.60616944
22.0218	60.0509916
23.0886	60.0509916
23.6982	60.49581376
24.2824	61.38545808
24.892	61.38545808
25.0444	56.49241432
25.0444	56.04759216
24.4856	52.48901488
23.8506	49.37525976
22.7076	43.45912503
22.1742	40.34536991
21.6154	37.14265036
21.0312	33.98441302
20.4216	31.27099785
19.9136	28.46861824
18.9738	24.42073658
18.415	21.79628584
17.907	19.34976396
17.3228	16.99220651
16.7894	14.7236135
16.2052	12.63294934
15.2908	9.697123088
14.732	7.7843878
14.1478	6.183028024
13.6144	4.759597112
13.0048	3.545232615
12.446	2.326419897
11.3792	-0.244652188
11.3792	0.129888071
11.3792	0.720611899
10.8458	-1.539084674
10.287	-2.962515586
9.7536	-4.016744105
9.1948	-4.626150464
8.9916	-5.159937056
8.4328	-6.00509916
7.6962	-6.805779048
7.2898	-7.56197672
6.7056	-8.318174392
6.1468	-8.985407632
5.588	-9.741605304
5.0038	-10.40883854
3.81	-11.60985838
3.2766	-13.03328929
3.302	-13.3446648
3.048	-13.96741582
2.5654	-15.21291787
2.0574	-16.05807998
-0.0124968	-17.34806424
-0.5588	-18.46011964
-1.10236	-19.83906834
-1.71196	-20.68423044
-2.21488	-22.19662578
-2.7686	-22.99730567
-3.8608	-24.4652188
-4.4196	-25.97761414
-4.9784	-27.40104506
-5.5118	-28.46861824
-6.4008	-30.24790688
-6.9088	-31.71582001
-7.4422	-33.13925092
-8.001	-34.65164626
-8.5598	-35.94163053
-9.0932	-37.36506144
-10.1854	-39.45572559
-10.7442	-41.10156758
-11.4554	-42.61396293
-11.9634	-44.17084049
-12.4968	-44.92703816
-13.0556	-46.7063268
-13.589	-48.04079328
-14.1478	-49.37525976
-15.24	-51.1545484
-15.7988	-52.48901488
-16.3576	-53.82348136
-16.9164	-54.71312568
-17.5006	-56.04759216
-18.034	-56.49241432
-19.05	-57.38205864
-19.6342	-58.27170296
-20.193	-58.71652512
-20.7772	-59.16134728
-21.336	-59.60616944
-21.9202	-60.0509916
-22.9108	-60.0509916
-23.4696	-60.49581376
-24.0538	-60.94063592
-24.638	-60.49581376
-25.3746	-60.94063592
-24.9428	-56.49241432
-24.4094	-52.93383704
-23.9014	-49.82008192
-22.8092	-43.85946498
-22.8346	-43.90394719
-22.3012	-40.3008877
-21.7932	-37.32057922
-21.2598	-34.38475297
-20.7264	-31.80478444
-20.193	-29.00240483
-19.0754	-25.04348761
-18.542	-22.55248351
-17.9832	-19.92803277
-17.4498	-17.70392197
-16.9164	-15.43532895
-16.383	-13.38914702
-15.1892	-10.98710735
-14.6558	-8.985407632
-14.097	-7.250601208
-13.589	-5.649241432
-13.081	-4.265844514
-12.5476	-2.731208062
-11.3538	-1.378948696
-10.8204	0.402564055
-10.3378	1.485706014
-9.906	2.357557448
-9.4488	3.416234189
-8.9916	4.012295883
-7.6454	5.293383704
-7.1628	6.183028024
-6.7564	6.805779048
-6.223	7.517494504
-5.7912	7.962316664
-5.4102	7.695423368
-3.7338	9.830569736
-3.2766	11.120554
-2.7178	11.87675167
-2.7178	11.47641173
-2.20218	12.41053826
-1.74752	12.94432486
-1.2319	13.52259366
-0.041656	14.67913128
0.41148	15.65774003
0.80772	16.36945549
1.2954	16.85875986
1.74498	18.01529748
2.08534	18.50460186
3.9878	19.57217504
4.5212	20.77319487
5.08	21.52939254
5.6896	22.73041238
6.1722	23.79798556
6.7818	25.04348761
7.747	25.75520306
8.3058	27.22311619
8.8646	28.24620716
9.4488	29.40274478
9.9822	30.42583574
10.5156	31.76030222
11.5062	33.0947687
12.0904	35.14095064
12.6492	36.20852382
13.208	37.5429903
13.8176	38.921939
14.3002	40.25640548
15.3162	41.59087196
15.9004	43.14774952
16.4846	44.30428714
17.0688	45.37186032
17.6784	46.7063268
18.2372	48.04079328
19.177	48.48561544
19.7358	49.82008192
20.32	51.1545484
20.8788	52.04419272
21.5138	52.93383704
22.1488	53.82348136
22.86	54.26830352
23.4696	55.15794784
24.0792	55.60277
24.6634	56.49241432
25.273	56.93723648
24.7904	52.04419272
24.2316	48.48561544
23.622	44.92703816
22.8092	40.96812094
22.225	37.94333025
21.6662	35.00750399
21.082	32.2496066
20.4978	29.53619142
19.9136	26.9562229
19.0246	23.48661005
18.4404	20.95112374
17.8816	18.81597737
17.3228	16.59186657
16.764	14.41223798
16.2052	12.81087821
15.2654	10.2753919
15.2146	11.120554
14.6558	8.67403212
14.1224	6.89474348
13.589	5.33786592
12.9794	4.248051628
12.3952	3.104858677
11.4554	1.214364497
10.8712	0.229083412
10.3124	-0.366088638
9.8298	-1.22326094
9.2964	-2.259696573
8.763	-2.846861824
7.5438	-5.070972624
6.985	-6.271992456
6.477	-6.716814616
5.9182	-7.473012288
5.4102	-8.362656608
4.826	-8.851960984
3.81	-10.2753919
3.2258	-11.60985838
3.1496	-11.65434059
2.6924	-12.94432486
2.0701	-13.70052253
1.55702	-14.41223798
-0.062484	-14.99050679
-0.60452	-16.72531322
-1.14808	-17.70392197
-1.65354	-18.54908407
-2.11836	-19.7501039
-2.4765	-20.63974822
-3.7846	-21.44042811
-4.3434	-22.99730567
-4.8768	-23.84246778
-5.461	-25.3103809
-6.0706	-26.11106079
-6.5786	-27.31208062
-7.5692	-28.9134404
-8.1534	-30.24790688
-8.7122	-31.44892671
-9.271	-32.69442876
-9.8552	-33.89544859
-10.4394	-35.22991507
-11.4808	-36.74231042
-11.9888	-37.89884803
-12.573	-39.23331451
-13.1318	-40.47881656
-13.6652	-41.50190753
-14.224	-42.70292736
-15.2654	-44.17084049
-15.8242	-45.37186032
-16.383	-46.26150464
-16.9418	-47.15114896
-17.526	-48.04079328
-18.0848	-48.9304376
-18.6944	-49.82008192
-19.05	-49.82008192
-19.6088	-51.1545484
-20.1676	-52.04419272
-20.7518	-52.93383704
-21.3614	-53.82348136
-21.9202	-54.26830352
-22.479	-55.15794784
-22.8854	-54.71312568
-23.4696	-55.60277
-24.0538	-56.04759216
-24.638	-56.93723648
-25.1714	-57.38205864
-25.4	-56.93723648
-25.4	-56.49241432
-24.9936	-52.48901488
-24.4856	-48.9304376
-23.9268	-45.81668248
-22.733	-40.3008877
-22.1742	-37.18713258
-21.6662	-34.38475297
-21.1582	-31.71582001
-20.6248	-29.13585148
-20.0406	-26.51140074
-18.9738	-23.53109226
-18.4658	-21.17353482
-17.9324	-18.81597737
-17.3736	-16.76979543
-16.8148	-14.67913128
-16.3068	-12.81087821
-15.2654	-10.14194525
-14.6812	-8.362656608
-14.1732	-6.805779048
-13.6398	-5.382348136
-13.1064	-4.021192326
-12.5984	-2.882447597
-11.4808	-1.330018258
-10.922	-0.174815109
-10.414	0.880747877
-9.9314	1.823770856
-9.9314	1.75259931
-9.9314	1.031987411
-9.4488	2.877999375
-9.0932	4.025640548
-7.5946	5.738205864
-7.1374	6.405439104
-6.6802	7.028190128
-6.1722	7.33956564
-5.7404	7.56197672
-5.2832	7.695423368
-3.8608	9.608158656
-3.3274	10.76469627
-2.8448	11.47641173
-2.35966	12.05468054
-1.86182	12.67743156
-1.36652	13.03328929
-0.050038	14.36775577
0.229108	15.3018823
0.8001	16.19152662
1.22936	16.9477243
1.60274	17.21461759
2.11074	18.46011964
2.5908	19.34976396
3.1242	19.88355055
5.08	20.95112374
5.6388	22.10766135
6.1976	23.21971675
6.8072	24.50970102
7.62	25.71072085
8.2042	26.77829403
8.7376	28.0682783
9.3218	28.86895818
10.2108	30.24790688
10.7696	31.53789114
11.3284	32.73891098
11.9126	33.93993081
12.4714	35.05198621
13.0302	36.38645269
13.9192	37.63195474
14.5034	39.1888323
15.24	40.3008877
15.7988	41.50190753
16.383	42.5249985
16.9672	43.68153611
17.78	44.92703816
18.3388	46.26150464
18.9738	46.7063268
19.5834	48.04079328
20.2946	48.9304376
20.9042	49.82008192
21.5138	50.70972624
22.0472	51.1545484
22.8854	52.04419272
23.5458	52.93383704
24.1046	53.3786592
24.7142	54.26830352
25.4	54.26830352
26.162	55.15794784
26.67	55.15794784
27.432	55.60277
27.94	55.60277
28.448	56.04759216
29.21	56.04759216
29.718	56.04759216
30.226	56.49241432
30.988	56.49241432
32.004	56.49241432
31.496	51.1545484
30.734	48.04079328
30.226	44.92703816
29.718	41.72431861
29.21	38.921939
27.94	33.80648416
27.432	31.09306898
26.924	28.60206489
26.162	25.88864971
25.3238	22.81937681
24.7904	20.63974822
24.257	18.41563742
23.622	16.14704441
22.9616	13.87845139
22.479	12.32157383
21.8948	10.67573184
21.2344	9.029889848
20.3454	6.716814616
19.7612	5.293383704
19.2024	3.950020781
18.6182	3.011446023
17.8308	1.485706014
17.272	0.30069978
16.6878	-0.711715456
16.2052	-1.543532895
15.2146	-2.989204915
14.6558	-3.749850809
14.1478	-4.626150464
13.589	-5.426830352
12.7254	-5.693723648
12.192	-7.11715456
11.6332	-7.828870016
11.1506	-8.273692176
10.1346	-9.207818712
9.779	-9.430229792
9.2456	-10.36435633
8.636	-11.20951843
7.62	-11.52089394
7.0866	-12.85536042
6.604	-13.47811145
6.6548	-13.3446648
5.1054	-14.59016685
4.5466	-15.43532895
4.0386	-16.23600884
3.5306	-16.81427765
2.43586	-17.21461759
1.88722	-18.6380485
1.32842	-19.1718351
0.70866	-19.79458612
0.20828	-20.41733714
-0.32512	-21.44042811
-0.88392	-22.59696573
-1.45796	-23.3531634
-2.6924	-24.02039664
-3.2258	-24.91004096
-3.7592	-25.93313193
-4.3688	-26.64484738
-5.0546	-27.57897392
-5.6388	-28.82447597
-6.2484	-29.84756694
-6.7564	-30.20342466
-7.5692	-31.27099785
-8.1534	-32.42753546
-8.7376	-33.45062643
-9.2964	-34.42923518
-10.1854	-35.54129058
-10.795	-36.74231042
-11.3538	-37.49850809
-11.8872	-38.6550457
-12.827	-39.54469002
-13.3604	-40.74570986
-13.9192	-41.50190753
-14.478	-42.5249985
-15.3416	-43.32567838
-15.9258	-44.30428714
-16.4846	-45.37186032
-17.0688	-46.26150464
-17.8308	-46.7063268
-18.415	-47.59597112
-18.9738	-48.04079328
-19.6342	-48.9304376
-20.32	-49.37525976
-20.8788	-49.82008192
-21.4884	-50.70972624
-22.0726	-51.59937056
-22.9108	-51.59937056
-23.5204	-52.48901488
-24.1046	-52.93383704
-24.6888	-53.3786592
-25.3746	-53.3786592
-25.908	-53.82348136
-26.416	-53.82348136
-27.178	-54.71312568
-27.94	-54.26830352
-28.448	-54.71312568
-29.21	-55.15794784
-29.718	-55.60277
-30.226	-55.60277
-30.734	-56.04759216
-31.75	-55.15794784
-31.496	-50.70972624
-30.734	-47.59597112
-30.226	-44.482216
-29.718	-42.16914077
-29.21	-39.36676116
-27.94	-32.87235762
-27.178	-30.06997802
-26.67	-27.801385
-26.162	-25.53279198
-25.3492	-22.99730567
-24.8412	-20.81767709
-24.3078	-18.41563742
-23.749	-16.54738435
-22.9616	-14.54568463
-22.4028	-12.67743156
-21.844	-10.89814292
-21.3106	-9.252300928
-20.7518	-7.873352232
-20.4216	-7.695423368
-20.3708	-8.362656608
-19.7866	-6.094063592
-19.2786	-4.408187606
-18.7198	-2.935826256
-17.8054	-1.539084674
-17.3736	-0.364309349
-16.8148	0.591613473
-16.3068	1.467913128
-15.1892	2.940274478
-14.224	4.626150464
-13.7668	5.248901488
-12.6746	5.960616944
-12.1666	6.44992132
-11.7348	7.028190128
-11.1506	7.473012288
-9.9822	7.56197672
-9.4488	8.985407632
-8.9154	9.875051952
-8.4582	10.36435633
-7.6708	10.76469627
-7.1882	11.43192951
-6.7056	11.87675167
-6.2738	12.41053826
-4.953	13.30018258
-4.5466	13.92293361
-4.0132	14.54568463
-3.4798	14.99050679
-2.5908	15.43532895
-2.21488	16.19152662
-1.84404	16.54738435
-1.43256	17.30358202
-0.054102	17.70392197
0.49022	18.41563742
1.02362	19.26079953
1.59766	19.61665726
2.5654	20.41733714
3.1242	21.44042811
3.6576	22.10766135
4.953	22.95282346
5.5118	23.70902113
6.0706	24.28728994
6.6294	25.22141647
7.6708	25.8441675
8.2296	27.08966954
8.8138	27.97931386
10.1346	29.31378034
10.7442	30.2923891
11.2776	31.58237336
11.8618	31.84926666
12.7	31.53789114
13.2842	33.71751973
13.7922	34.4737174
14.4272	35.54129058
15.3162	36.83127485
15.875	37.94333025
16.4592	38.61056349
17.0434	39.50020781
17.7546	39.58917224
18.3642	41.32397866
18.923	42.39155185
19.5326	42.61396293
20.32	43.1032673
20.9296	44.482216
21.463	44.92703816
22.1488	45.37186032
22.9362	46.26150464
23.622	47.15114896
24.1808	47.59597112
24.765	48.48561544
25.3746	48.04079328
25.908	48.9304376
26.416	49.37525976
27.178	50.26490408
27.94	50.26490408
28.448	50.70972624
29.21	52.04419272
29.718	51.1545484
30.48	51.59937056
30.988	52.04419272
31.75	52.04419272
31.242	47.59597112
30.48	42.48051628
29.972	39.54469002
29.21	36.65334598
28.702	33.98441302
27.94	31.31548006
27.178	28.77999375
26.67	26.33347187
26.162	24.1983255
25.654	22.10766135
24.9174	20.10596163
24.4094	18.01529748
23.8252	16.05807998
22.8092	13.25570037
22.1742	11.47641173
21.6408	10.0084986
21.082	8.45162104
20.5232	7.295083424
19.9644	5.960616944
19.304	4.67063268
17.6276	2.206317914
17.1704	1.040883854
16.6624	0.129443249
16.1036	-0.604958138
15.2146	-2.104008817
15.1892	-1.294432486
14.6558	-3.11375512
14.1732	-4.221362298
13.6906	-5.293383704
13.1572	-6.22751024
12.6238	-6.983707912
12.1158	-7.56197672
11.6332	-8.45162104
11.1252	-8.851960984
10.6172	-9.430229792
9.906	-10.36435633
9.3726	-10.80917849
8.8646	-11.43192951
8.3058	-11.92123389
7.493	-12.32157383
6.4516	-13.65604031
6.0452	-14.1898269
5.0292	-14.76809571
4.5212	-15.34636452
3.9878	-16.19152662
3.5052	-16.72531322
2.25552	-17.21461759
1.69418	-18.28219078
1.10236	-18.77149515
0.56134	-19.66113947
-0.062484	-19.83906834
-0.57404	-20.41733714
-1.10744	-21.44042811
-1.70688	-22.46351908
-2.53238	-22.77489459
-3.0734	-23.97591442
-3.683	-24.59866545
-4.2418	-25.48830977
-5.1562	-26.11106079
-5.715	-27.08966954
-6.2738	-27.75690278
-6.9342	-28.51310046
-7.9248	-29.53619142
-8.5344	-30.60376461
-9.0678	-31.44892671
-9.6266	-32.87235762
-10.2108	-32.91683984
-10.7442	-34.02889524
-11.3284	-34.91853956
-11.9888	-36.07507718
-12.9794	-36.65334598
-13.5382	-37.94333025
-14.1224	-38.83297457
-14.7574	-39.36676116
-15.2654	-39.7671011
-15.875	-40.74570986
-16.4846	-41.54638974
-17.0688	-42.21362298
-17.8308	-42.65844514
-18.4404	-43.85946498
-19.0754	-43.94842941
-19.6342	-44.92703816
-20.2946	-44.92703816
-20.9042	-45.81668248
-21.5138	-46.26150464
-22.098	-47.15114896
-22.8854	-47.15114896
-23.495	-47.59597112
-24.0538	-48.48561544
-24.6634	-48.9304376
-25.4	-48.9304376
-26.162	-49.82008192
-26.67	-50.70972624
-27.178	-50.26490408
-27.94	-50.70972624
-27.94	-50.26490408
-28.448	-51.1545484
-29.21	-51.1545484
-29.718	-51.59937056
-30.48	-51.1545484
-30.988	-52.04419272
-32.258	-51.59937056
-31.75	-47.59597112
-30.226	-40.0339944
-29.718	-37.23161479
-29.21	-34.78509291
-28.448	-32.42753546
-27.94	-30.11446023
-27.432	-27.84586722
-26.924	-25.5772742
-26.416	-23.48661005
-25.3746	-21.04008817
-24.8666	-18.94942402
-24.3078	-16.90324208
-23.749	-15.07947122
-22.7838	-13.12225372
-22.225	-11.25400065
-21.6662	-9.741605304
-21.1074	-8.318174392
-20.2184	-6.805779048
-19.6596	-5.426830352
-19.1516	-3.994502997
-18.5928	-2.900240483
-17.78	-1.730358202
-17.2974	-0.685026126
-16.764	0.386995279
-16.2814	1.392293361
-15.0114	1.841563742
-14.5034	3.353959086
-14.0208	4.403739384
-13.5636	4.982008192
-12.827	5.515794784
-12.2682	6.360956888
-11.684	7.028190128
-11.2268	7.428530072
-10.16	7.828870016
-9.652	8.985407632
-9.144	9.608158656
-8.6868	10.14194525
-7.1882	10.89814292
-6.604	11.78778724
-6.1468	12.14364497
-5.6388	12.81087821
-5.1054	13.21121815
-4.572	13.87845139
-4.0386	14.36775577
-3.556	14.94602458
-3.0988	15.47981117
-2.5908	15.47981117
-2.14376	16.36945549
-1.66878	16.90324208
-1.17094	17.39254646
0.129032	17.70392197
0.69596	18.81597737
1.24968	19.52769282
1.81102	19.92803277
2.54	20.46181936
3.0988	21.21801703
3.6576	21.79628584
4.2164	22.46351908
5.0038	22.86385902
5.6134	24.06487886
6.1976	24.86555874
6.7818	25.17693426
7.8994	25.5772742
8.4582	23.97591442
9.0424	25.66623863
9.6012	27.17863398
10.1854	28.46861824
10.7188	29.58067364
11.3284	30.33687131
11.9126	31.00410455
12.6746	31.62685558
13.1826	32.60546433
13.7922	33.49510865
14.351	34.2068241
15.2908	35.05198621
15.7734	35.98611274
16.4338	36.65334598
16.9672	37.45402587
17.8308	38.25470576
18.415	39.05538565
18.923	39.94502997
19.5834	40.52329878
20.4978	41.23501423
21.0566	42.12465855
21.6408	42.92533844
22.2758	43.77050054
23.0886	43.72601833
23.6982	44.34876935
24.2824	44.92703816
24.892	45.81668248
25.4	45.81668248
26.162	46.7063268
26.67	47.15114896
27.432	47.59597112
27.94	47.59597112
28.448	48.04079328
29.21	48.48561544
29.718	48.9304376
30.48	48.9304376
30.988	49.37525976
31.75	49.82008192
32.258	49.82008192
33.02	49.82008192
33.782	50.70972624
34.29	50.70972624
35.052	50.70972624
35.56	50.70972624
36.322	50.70972624
36.83	51.1545484
37.338	51.1545484
38.1	50.70972624
37.592	46.7063268
37.084	43.45912503
36.576	40.65674542
35.56	35.5857728
34.798	32.91683984
33.782	28.15724273
33.02	25.26589869
32.258	23.17523454
31.75	21.04008817
31.242	19.03838845
30.48	16.76979543
29.718	15.03498901
29.21	13.21121815
28.448	11.65434059
27.686	9.608158656
27.178	8.140245528
26.67	6.805779048
26.162	5.604759216
25.2476	4.096812094
24.6888	2.922481591
23.9522	1.77928864
23.4442	0.827369218
22.7584	-0.202394083
22.1742	-1.107607178
21.4884	-2.08621593
20.955	-2.91803337
20.2438	-3.945572559
19.6342	-4.581668248
19.177	-5.33786592
18.6436	-5.960616944
17.4498	-6.939225696
16.9672	-7.695423368
16.4084	-8.22920996
16.002	-8.851960984
15.113	-9.11885428
14.6558	-10.0084986
14.1224	-10.67573184
13.589	-11.120554
12.5984	-11.65434059
12.1412	-12.36605605
11.811	-12.85536042
11.7602	-13.16673594
10.0584	-13.92293361
9.6012	-14.54568463
8.8392	-15.16843566
8.4328	-15.5687756
7.62	-16.10256219
7.0104	-16.76979543
6.4262	-17.34806424
5.8674	-17.61495754
5.0038	-18.19322634
4.4958	-18.94942402
3.937	-19.1718351
3.3274	-19.83906834
2.53492	-20.23940828
1.96088	-21.08457038
1.40208	-21.26249925
0.83312	-21.84076806
-0.0124968	-22.46351908
-0.5715	-23.0862701
-1.15316	-23.48661005
-1.71958	-24.37625437
-2.7178	-25.08796982
-3.2766	-25.75520306
-3.8354	-26.37795409
-4.4196	-26.91174068
-5.08	-27.5344917
-5.6642	-28.42413602
-6.2484	-28.95792262
-6.858	-29.40274478
-7.62	-30.42583574
-8.2296	-31.4044445
-8.8138	-31.76030222
-9.3726	-32.82787541
-10.1346	-33.361662
-10.7188	-34.02889524
-11.303	-34.82957513
-12.0396	-35.36336172
-12.9032	-36.51989934
-13.4874	-37.00920371
-14.097	-37.67643695
-15.2654	-39.01090343
-16.4084	-40.61226321
-17.653	-41.19053202
-19.0246	-42.03569412
-20.5232	-43.14774952
-21.717	-44.2153227
-22.9108	-44.92703816
-24.1046	-45.37186032
-25.3746	-46.26150464
-26.416	-47.15114896
-27.94	-47.59597112
-29.21	-48.04079328
-31.496	-48.48561544
-33.02	-49.37525976
-34.036	-49.82008192
-35.56	-49.82008192
-36.83	-50.26490408
-38.1	-50.26490408
-37.338	-43.28119617
-35.306	-35.76370166
-34.29	-31.18203342
-33.02	-26.51140074
-32.004	-22.19662578
-30.48	-18.19322634
-29.21	-14.54568463
-27.94	-11.29848286
-26.924	-8.362656608
-25.3746	-5.426830352
-24.1046	-2.846861824
-22.7584	-0.52933837
-21.7932	1.55687756
-20.32	3.42068241
-19.0246	5.026490408
-17.7546	6.22751024
-17.1958	6.939225696
-16.4084	7.7843878
-15.9512	8.051281096
-15.1892	8.095763312
-14.6558	9.252300928
-13.9192	9.430229792
-13.4366	10.40883854
-12.5984	10.63124962
-12.065	11.47641173
-11.557	11.9657161
-11.049	12.32157383
-10.0076	13.03328929
-9.4742	13.6115581
-8.9154	14.10086247
-8.4074	14.59016685
-7.62	14.90154236
-7.0866	15.34636452
-6.7056	15.92463333
-6.3246	16.36945549
-5.08	16.76979543
-4.572	17.5259931
-4.0132	17.92633305
-3.4798	18.46011964
-2.5654	18.0597797
-1.99136	19.08287066
-1.40716	19.52769282
0.037592	20.55078379
0.61976	21.26249925
1.19126	21.66283919
1.7526	22.10766135
2.6162	22.73041238
3.175	22.90834124
3.7592	23.66453891
4.318	24.10936107
5.0546	24.64314766
5.6642	25.3103809
6.223	25.75520306
6.8326	26.46691852
7.62	27.00070511
8.1534	27.49000949
8.7376	28.11276051
9.3472	28.82447597
10.2362	29.1803337
10.7696	30.11446023
11.3284	30.82617569
11.938	31.27099785
12.6492	31.76030222
13.2334	32.5164999
13.7922	33.31717978
14.351	33.85096638
15.2654	34.2068241
15.748	34.91853956
16.4084	35.71921945
16.9672	35.89714831
17.78	36.4309349
18.3388	37.23161479
18.9484	37.89884803
19.5072	38.47711684
20.3708	38.61056349
20.9296	39.58917224
21.5392	39.98951218
22.1742	40.47881656
22.9108	40.8791565
23.5204	41.19053202
24.13	41.54638974
24.7142	42.08017634
25.3492	42.12465855
26.416	43.19223174
27.94	43.50360725
28.448	44.08187606
29.21	44.43773378
29.718	44.92703816
30.226	44.92703816
30.988	45.81668248
31.496	45.81668248
32.004	45.81668248
33.02	46.26150464
33.528	46.7063268
34.036	46.26150464
34.798	46.26150464
35.56	47.15114896
36.322	47.15114896
36.83	47.59597112
37.338	47.59597112
38.1	47.59597112
37.592	42.61396293
37.084	40.21192326
36.576	37.63195474
35.56	33.13925092
34.798	30.8706579
34.29	28.42413602
33.782	26.33347187
33.02	24.15384329
32.512	21.9742147
32.004	20.15044385
31.242	18.28219078
30.48	15.96911554
29.972	14.14534469
29.464	12.58846713
28.956	11.07607178
27.686	9.029889848
27.178	7.517494504
26.67	6.360956888
26.162	5.070972624
25.654	4.021192326
24.9936	2.877999375
24.4602	2.068423044
23.876	1.236605605
22.733	-0.357637017
22.1996	-1.209916275
21.6916	-1.89049418
21.1582	-2.633347187
20.6248	-3.064824682
20.574	-2.33531634
20.0406	-3.852159906
19.5326	-4.89304376
18.9992	-5.871652512
17.6022	-7.606458936
17.0942	-8.45162104
16.5862	-8.095763312
16.0528	-9.11885428
15.0622	-10.14194525
14.5034	-10.89814292
13.9954	-11.34296508
13.462	-11.83226946
12.573	-12.27709162
12.0904	-13.03328929
11.557	-13.52259366
11.0236	-13.92293361
10.1092	-14.36775577
9.6012	-15.21291787
9.0932	-15.47981117
8.5598	-16.14704441
7.4676	-16.36945549
6.9342	-17.08117094
6.3246	-17.48151089
5.8166	-17.92633305
5.0292	-18.6380485
4.5212	-19.30528174
3.937	-19.48321061
2.51968	-20.59526601
1.39954	-21.57387476
0.220726	-22.68593016
-0.91948	-23.6200567
-1.50368	-24.28728994
-2.5908	-24.77659431
-3.0988	-25.53279198
-3.7084	-25.93313193
-4.2672	-26.6893296
-5.1308	-27.26759841
-5.715	-27.40104506
-6.2992	-28.02379608
-6.8834	-29.26929813
-7.7978	-29.66963807
-8.382	-30.55928239
-8.9408	-30.8706579
-9.525	-31.4044445
-10.1092	-31.67133779
-10.1092	-31.35996228
-10.6934	-32.73891098
-11.2522	-33.27269757
-11.8364	-33.76200194
-12.7762	-34.56268183
-13.3858	-35.14095064
-14.3256	-35.89714831
-15.2654	-36.78679263
-16.0782	-37.58747252
-16.8148	-38.12125911
-17.9578	-38.87745678
-18.7198	-39.7671011
-19.5072	-40.25640548
-20.3454	-40.83467429
-21.1836	-41.36846088
-21.971	-41.90224747
-22.987	-42.16914077
-23.9776	-42.96982066
-24.5872	-43.19223174
-25.3746	-43.59257168
-26.162	-44.08187606
-26.924	-44.2153227
-27.686	-44.2153227
-28.448	-44.92703816
-29.464	-45.37186032
-30.226	-45.37186032
-30.988	-45.81668248
-31.75	-46.26150464
-32.512	-46.26150464
-33.274	-46.26150464
-34.036	-46.26150464
-35.56	-45.81668248
-36.322	-45.81668248
-37.084	-46.7063268
-37.846	-46.26150464
-38.1	-46.26150464
-37.592	-41.67983639
-37.084	-38.25470576
-35.306	-33.53959086
-34.544	-30.60376461
-33.782	-27.75690278
-32.766	-24.4652188
-32.004	-21.88525027
-31.496	-19.43872839
-30.734	-17.21461759
-29.972	-14.99050679
-29.21	-12.94432486
-27.686	-10.45332076
-27.178	-8.496103256
-26.416	-6.538885752
-25.654	-4.89304376
-24.8158	-3.260546433
-24.0792	-1.672531322
-22.7838	0.256217564
-22.0726	1.579118668
-21.5138	2.673381182
-20.2946	3.945572559
-19.6342	5.204419272
-18.923	5.916134728
-17.7292	7.33956564
-17.018	8.00679888
-16.2814	8.67403212
-15.1892	9.608158656
-14.4526	10.49780298
-13.6906	11.120554
-12.7254	11.78778724
-11.8872	12.2326094
-11.3284	12.89984264
-10.2108	13.92293361
-9.398	14.90154236
-8.7122	15.34636452
-7.62	15.8356689
-6.9342	16.81427765
-6.3754	17.25909981
-5.1054	17.65943975
-4.3688	18.6380485
-3.5814	19.08287066
-2.54	19.83906834
-1.80594	20.32837271
-1.08204	20.90664152
-0.170688	21.3959459
0.59182	22.33007243
1.3335	22.77489459
2.5908	23.30868118
3.3782	24.37625437
4.1402	24.4652188
5.1562	25.22141647
5.8928	26.15554301
6.6548	26.64484738
7.62	27.31208062
8.3566	28.51310046
9.144	29.09136926
10.1346	29.53619142
10.8966	30.42583574
11.6332	30.8706579
12.6492	31.35996228
13.4366	31.93823109
14.1732	33.00580427
15.2908	33.76200194
16.0274	34.38475297
16.7894	35.18543286
17.7292	35.98611274
18.542	36.65334598
19.2786	36.92023928
20.0914	37.85436582
21.082	38.69952792
21.8694	39.36676116
22.6314	39.85606554
23.5966	40.61226321
24.384	41.1460498
25.1968	41.54638974
26.162	42.12465855
26.924	41.94672969
27.686	42.96982066
28.702	43.01430287
29.464	43.6370539
30.226	42.96982066
30.988	43.6370539
31.75	43.85946498
33.02	44.482216
33.782	44.482216
34.544	44.482216
35.56	44.92703816
36.068	45.81668248
37.084	45.37186032
38.1	45.37186032
38.862	45.81668248
39.878	45.81668248
40.64	46.26150464
41.402	46.26150464
42.164	46.26150464
43.18	45.81668248
43.688	45.81668248
44.45	45.81668248
25.1968	-4.715114896
24.3078	-6.405439104
23.749	-7.473012288
22.7838	-8.629549904
22.1234	-9.830569736
21.3868	-10.76469627
20.2184	-11.47641173
19.2278	-12.81087821
17.5768	-13.47811145
16.9164	-14.59016685
16.256	-15.16843566
15.113	-15.47981117
13.6906	-17.21461759
12.6746	-17.7928864
11.6078	-18.32667299
10.16	-19.66113947
8.9916	-20.50630158
7.5692	-21.26249925
6.5024	-22.59696573
5.08	-23.26419897
3.937	-24.42073658
2.5273	-24.95452318
1.37922	-26.06657858
0.191516	-26.9562229
-0.98298	-27.5344917
-2.5654	-28.55758267
-3.7338	-29.84756694
-5.207	-30.38135353
-6.35	-31.53789114
-7.6454	-31.67133779
-8.89	-32.96132206
-10.0584	-33.80648416
-11.2014	-34.69612848
-12.7508	-34.96302178
-13.8938	-36.4309349
-15.24	-36.74231042
-16.4084	-37.58747252
-17.8054	-38.25470576
-19.0246	-38.47711684
-20.32	-39.63365446
-21.5392	-40.38985213
-22.7584	-40.3008877
-24.003	-41.32397866
-25.4	-41.32397866
-26.67	-41.54638974
-27.94	-42.08017634
-28.956	-42.21362298
-30.226	-42.5249985
-31.496	-42.79189179
-33.02	-43.23671395
-34.29	-43.54808946
-35.306	-43.94842941
-36.576	-44.39325157
-38.1	-43.94842941
-39.116	-44.92703816
-40.64	-44.25980492
-41.656	-43.99291162
-43.18	-43.99291162
-44.704	-43.77050054
-43.942	-37.63195474
-41.91	-29.04688705
-38.354	-17.74840418
-36.068	-11.43192951
-33.02	-5.026490408
-30.48	-0.202838905
-27.94	3.629748826
-25.273	6.627850184
-22.6568	9.074372064
-20.447	10.8536607
-20.4978	10.54228519
-17.6784	13.70052253
-15.1638	15.52429338
-12.6746	17.08117094
-10.1346	18.6380485
-7.8232	20.32837271
-5.0292	21.84076806
-2.7686	23.70902113
-0.050038	24.82107653
2.5908	26.33347187
5.1054	27.89034943
7.6454	29.26929813
10.1346	30.95962234
12.5222	32.47201768
15.1892	33.85096638
17.7292	34.7406107
20.2692	36.4309349
22.86	37.49850809
25.273	38.52159906
27.94	39.54469002
30.48	40.25640548
33.02	40.65674542
35.56	41.50190753
38.1	41.4129431
40.386	41.9912119
43.18	42.16914077
44.45	41.85776526
43.434	35.05198621
40.386	23.75350334
38.1	16.19152662
35.56	10.09746303
33.02	4.425980492
30.48	-0.43859465
27.94	-4.399291162
22.7584	-11.120554
20.2438	-13.38914702
17.6022	-15.52429338
15.1384	-17.43702867
12.6492	-19.52769282
10.1092	-21.44042811
7.5692	-23.0862701
5.2832	-24.59866545
2.46888	-26.20002522
-0.199898	-27.66793835
-2.5908	-29.26929813
-5.2832	-30.64824682
-7.62	-31.89374887
-10.033	-32.82787541
-12.3952	-34.11785967
-15.3924	-34.78509291
-17.7546	-36.38645269
-20.2184	-37.67643695
-22.733	-38.34367019
-25.1714	-38.34367019
-27.686	-39.32227894
-30.48	-39.58917224
-33.02	-40.52329878
-35.814	-40.56778099
-38.1	-41.05708537
-40.64	-41.27949645
-42.926	-41.67983639
-44.196	-41.23501423
-43.688	-34.25130632
-43.18	-31.18203342
-40.386	-21.79628584
-38.354	-14.76809571
-36.068	-9.029889848
-32.766	-4.537186032
-30.226	1.636945549
-27.94	5.471312568
-25.908	8.184727744
-22.733	10.76469627
-19.8882	13.47811145
-17.7038	14.81257793
-15.6464	16.54738435
-12.827	17.83736862
-10.2616	19.7501039
-7.874	21.61835698
-5.5118	22.73041238
-2.5019	24.1983255
-0.31242	25.26589869
2.5654	26.46691852
5.4356	27.75690278
7.747	29.09136926
10.1854	30.11446023
14.859	31.93823109
17.1704	32.96132206
20.193	33.67303751
22.9362	33.53959086
25.3746	33.85096638
27.94	33.71751973
30.48	33.361662
33.02	32.82787541
35.306	32.47201768
37.846	31.35996228
40.386	30.69272904
42.164	29.66963807
33.02	29.80308472
35.56	29.80308472
38.1	29.49170921
41.656	29.00240483
41.402	29.09136926
41.656	29.00240483
41.91	27.71242057
	
