"""Matamoros et. al 1999 Specimen c10-05 North"""	
1817	
0.198882	-0.443487694
0.15113	-0.75174945
0.158496	-0.765094115
0.209042	-0.578268808
0.209042	-0.622751024
0.203962	-1.00084986
0.3175	5.604759216
0.38862	11.3874473
2.8956	32.5164999
3.4544	36.74231042
3.9878	40.43433434
4.0386	38.87745678
4.5974	42.70292736
5.1816	46.26150464
5.2324	46.26150464
5.7658	49.82008192
5.7658	48.9304376
5.7658	48.48561544
6.3754	51.1545484
6.9596	54.26830352
7.5692	55.60277
7.5946	55.15794784
7.5946	55.15794784
8.1534	58.71652512
8.763	61.38545808
9.3726	63.16474672
10.6426	68.05779048
10.6426	67.16814616
10.6426	67.16814616
11.303	69.39225696
11.9888	68.9474348
12.6238	70.28190128
13.2842	68.9474348
12.8524	62.2751024
12.2936	57.8268808
11.7094	54.26830352
11.1252	50.26490408
11.1252	50.26490408
10.541	46.7063268
9.9822	42.83637401
9.398	39.23331451
7.4676	30.33687131
6.858	26.6893296
6.2992	23.21971675
5.7404	19.7501039
5.1308	15.52429338
4.6736	11.74330502
4.3688	8.985407632
3.9624	5.871652512
2.53238	-0.800679888
2.21996	-3.772091917
1.71196	-7.7843878
1.14046	-11.03158957
-0.13081	-18.23770856
-0.70866	-21.21801703
-1.24968	-24.10936107
-1.82372	-27.26759841
-2.794	-34.29578854
-3.3274	-37.63195474
-3.9116	-39.63365446
-4.445	-42.70292736
-5.0292	-46.26150464
-5.588	-48.48561544
-6.1468	-51.59937056
-6.731	-53.3786592
-8.0264	-58.71652512
-8.0264	-57.38205864
-8.1026	-55.60277
-8.6868	-59.60616944
-9.2202	-62.71992456
-9.8298	-64.94403536
-10.4394	-65.38885752
-11.049	-65.83367968
-11.7094	-65.83367968
-12.3444	-66.27850184
-12.9286	-66.27850184
-12.4206	-60.94063592
-11.8364	-56.93723648
-11.2776	-52.93383704
-10.16	-46.26150464
-9.5758	-41.94672969
-9.017	-38.47711684
-8.4836	-35.05198621
-7.6962	-29.84756694
-7.1374	-25.88864971
-6.5786	-22.33007243
-5.9944	-19.21631731
-5.0546	-15.79118668
-4.4958	-10.98710735
-3.9116	-7.7843878
-3.3274	-4.89304376
-2.33172	0.52933837
-1.77546	2.637795409
-1.28016	4.439325157
-0.8509	6.00509916
0.057912	9.608158656
0.61722	11.43192951
0.7493	12.36605605
1.25984	14.50120242
2.6924	19.12735288
3.302	21.66283919
3.8862	24.24280772
4.445	26.55588295
5.0292	29.89204915
5.6388	32.56098211
6.2484	35.05198621
6.8072	37.85436582
7.4168	40.70122764
7.4168	40.21192326
7.3914	38.25470576
8.0264	42.2581052
8.6106	45.37186032
9.2202	48.9304376
9.8298	51.1545484
10.1092	54.71312568
10.7188	56.93723648
11.303	59.16134728
11.9126	61.38545808
12.7762	63.16474672
12.2682	58.27170296
11.7094	54.26830352
11.1252	50.26490408
10.5664	46.7063268
10.2362	44.30428714
9.652	40.47881656
9.0678	37.18713258
8.4582	33.80648416
7.7216	29.09136926
7.1628	25.62175642
6.5532	22.59696573
5.969	19.43872839
5.1308	15.43532895
5.1308	15.61325782
4.572	12.98880707
3.9878	10.23090968
3.4036	7.695423368
2.6162	4.626150464
2.1336	2.375350334
2.15138	3.144892671
1.89484	0.845162104
1.74498	-0.685026126
1.53416	-1.681427765
-0.040386	-5.248901488
-0.60198	-8.051281096
-1.17094	-10.31987411
-1.7653	-12.18812718
-2.667	-16.19152662
-3.2766	-18.94942402
-3.8608	-21.04008817
-4.4196	-23.70902113
-5.0038	-28.11276051
-5.5626	-30.78169347
-6.1722	-34.02889524
-6.731	-36.56438155
-7.8486	-42.39155185
-8.4074	-44.92703816
-9.017	-48.04079328
-9.5504	-50.70972624
-10.1092	-54.26830352
-10.1092	-53.82348136
-10.6934	-56.93723648
-11.2522	-59.16134728
-11.8364	-61.38545808
-12.8778	-63.60956888
-12.3698	-58.71652512
-11.8364	-55.15794784
-11.2522	-51.1545484
-10.16	-44.482216
-9.6012	-40.79019207
-9.017	-37.27609701
-8.4836	-34.02889524
-7.5692	-27.89034943
-6.985	-24.68762988
-6.4008	-21.61835698
-5.8166	-18.54908407
-5.08	-14.10086247
-4.4958	-11.47641173
-3.937	-8.585067688
-3.3528	-6.183028024
-2.5654	-2.513245204
-2.5908	-3.216064217
-2.05486	0.004848562
-1.5494	1.717013538
-0.99568	3.505198621
-0.0226568	7.295083424
0.45212	9.074372064
0.98298	10.45332076
1.5367	12.2326094
2.5654	16.14704441
3.0988	17.57047532
3.5306	19.08287066
4.064	20.95112374
5.1562	25.5772742
5.7404	28.37965381
6.2992	30.91514012
6.9596	33.89544859
7.5438	36.60886377
7.5438	37.40954366
8.128	40.16744105
8.7122	42.96982066
9.3218	45.81668248
10.3124	50.26490408
10.8966	52.93383704
11.4808	55.60277
12.0904	58.27170296
12.7	61.38545808
13.3604	62.71992456
13.97	63.60956888
14.605	64.05439104
15.2654	64.94403536
15.875	65.38885752
16.5354	65.38885752
17.0688	66.27850184
17.8054	66.27850184
18.4404	67.16814616
19.1008	66.723324
18.5928	60.94063592
18.034	57.38205864
18.034	57.38205864
17.4498	53.3786592
16.891	50.26490408
16.2814	46.7063268
15.113	40.21192326
14.5796	36.9647215
13.9954	33.71751973
13.4366	30.82617569
12.6746	26.64484738
12.1158	23.88694999
11.5316	21.1290526
10.9474	18.41563742
10.3378	14.99050679
9.779	12.32157383
9.1948	9.741605304
8.636	7.428530072
7.5692	4.350360725
7.1628	2.375350334
6.985	0.920781871
6.7056	-0.587165251
6.2738	-1.934976396
5.8928	-3.171582001
6.2992	-2.152939254
3.7846	-7.384047856
3.175	-8.718514336
2.5654	-9.741605304
1.95326	-10.98710735
1.31826	-12.01019832
0.7112	-13.21121815
0.077978	-14.23430912
-0.50038	-16.01359776
-1.09474	-15.79118668
-1.74244	-17.57047532
-2.667	-21.44042811
-3.2766	-23.30868118
-3.8862	-25.26589869
-4.4704	-26.91174068
-5.1054	-29.93653137
-5.6642	-32.11615995
-6.2484	-34.29578854
-6.8072	-36.51989934
-7.6454	-40.38985213
-8.1788	-43.01430287
-8.6868	-45.81668248
-9.1948	-48.04079328
-10.2362	-52.93383704
-10.2362	-54.71312568
-10.795	-54.26830352
-11.3538	-56.93723648
-11.9888	-58.71652512
-12.6492	-60.49581376
-13.2588	-61.38545808
-13.843	-62.2751024
-14.5034	-62.71992456
-15.1384	-63.16474672
-15.748	-63.60956888
-16.383	-64.05439104
-17.018	-64.05439104
-17.7038	-64.05439104
-18.3388	-64.05439104
-19.1516	-64.05439104
-18.6436	-59.16134728
-17.8308	-53.82348136
-17.2974	-49.82008192
-16.7132	-46.26150464
-16.1798	-43.28119617
-15.2908	-37.8098836
-14.7066	-34.56268183
-14.1224	-31.71582001
-13.5636	-28.6465471
-12.6492	-23.88694999
-12.065	-20.8621593
-11.5062	-18.23770856
-10.922	-15.65774003
-10.16	-12.01019832
-10.16	-12.14364497
-9.5758	-9.875051952
-9.017	-7.873352232
-8.382	-5.916134728
-7.62	-3.216064217
-7.0358	-1.75259931
-6.4516	-0.423915518
-5.8674	0.911885428
-5.0546	2.913585148
-5.0292	2.842413602
-5.0292	2.562175642
-5.0292	2.00169972
-4.5466	3.651989934
-4.064	5.382348136
-3.7592	5.827170296
-3.2766	6.761296832
-2.5908	7.917834448
-1.97866	9.11885428
-1.41732	10.0084986
-0.8128	10.80917849
-0.0226568	12.32157383
0.60198	13.21121815
1.1303	14.32327355
1.7145	15.12395344
2.5908	16.63634878
3.2004	17.92633305
3.8354	19.30528174
4.4196	20.77319487
5.08	21.92973249
5.6896	22.90834124
6.3246	24.4652188
6.985	25.79968528
7.62	28.6465471
8.2804	30.55928239
8.89	32.29408882
9.5504	34.11785967
10.1346	36.11955939
10.7442	37.89884803
11.5062	40.61226321
12.1158	42.48051628
12.6746	44.39325157
13.3096	46.26150464
13.9192	48.04079328
14.5542	49.82008192
15.3162	52.04419272
15.9258	53.82348136
16.5862	55.60277
17.1958	56.49241432
17.8308	57.8268808
18.4404	59.16134728
19.0754	60.0509916
18.542	55.15794784
18.0086	52.04419272
17.399	48.48561544
16.7894	44.92703816
16.2052	41.85776526
15.6464	38.78849235
15.1638	35.98611274
14.5796	32.87235762
13.97	29.98101358
13.4112	27.26759841
12.827	24.55418323
12.1666	21.70732141
11.3284	17.70392197
10.7442	15.25740009
10.1092	13.16673594
9.525	11.120554
8.8646	9.207818712
8.2296	7.428530072
7.5946	5.11545484
7.1374	3.47406107
6.5786	2.081767709
6.223	0.894092542
5.969	-0.12143645
5.7404	-1.330018258
3.7592	-3.825470576
3.2258	-4.937525976
2.7686	-6.094063592
2.34188	-7.028190128
1.85674	-8.051281096
1.3716	-9.11885428
0.032766	-11.3874473
-0.61468	-12.36605605
-1.21412	-13.56707588
-1.85674	-11.65434059
-2.44856	-12.67743156
-3.0734	-14.63464906
-3.9116	-19.83906834
-4.5212	-21.75180362
-5.1054	-23.17523454
-5.715	-24.7321121
-6.3246	-26.51140074
-6.9342	-28.0682783
-7.62	-30.60376461
-8.382	-32.78339319
-8.8646	-34.42923518
-9.4996	-36.03059496
-10.1092	-38.16574133
-10.6934	-39.81158332
-11.4808	-43.28119617
-12.0904	-45.37186032
-12.6492	-46.7063268
-13.2842	-48.9304376
-13.8938	-50.26490408
-14.478	-51.59937056
-15.2908	-53.82348136
-15.875	-55.15794784
-16.51	-56.49241432
-17.1196	-57.38205864
-17.7292	-58.71652512
-18.3896	-59.60616944
-19.1516	-60.94063592
-18.7198	-56.93723648
-18.1102	-52.93383704
-17.7292	-50.26490408
-17.145	-47.15114896
-16.5608	-43.85946498
-16.002	-40.83467429
-15.4178	-37.67643695
-15.2908	-37.05368593
-15.2908	-36.87575706
-14.732	-33.31717978
-14.1478	-30.24790688
-13.589	-27.26759841
-13.0048	-24.33177215
-12.4206	-21.84076806
-11.3538	-15.96911554
-10.795	-13.6115581
-10.2108	-11.60985838
-9.6012	-9.56367644
-8.9916	-7.650941152
-8.4074	-5.960616944
-7.7978	-4.537186032
-7.7978	-4.759597112
-7.7978	-5.738205864
-7.5184	-3.829918798
-6.9596	-2.063974822
-6.3754	-0.351409506
-5.8166	1.289984264
-5.3086	2.157387476
-4.8006	3.22496066
-3.6068	5.204419272
-3.2258	6.360956888
-2.7686	7.295083424
-2.7178	7.695423368
-2.6416	8.407138824
-2.17678	9.252300928
0.105664	11.83226946
0.69342	12.72191378
1.2065	13.74500474
1.65354	14.7236135
2.18694	15.52429338
2.7686	16.72531322
3.2766	17.65943975
3.8862	18.72701294
4.5466	20.37285493
5.1562	21.52939254
5.8166	23.04178789
6.477	24.42073658
7.0866	25.93313193
7.7724	28.0682783
8.4074	29.66963807
9.017	31.31548006
9.652	33.27269757
10.2616	34.69612848
10.8966	36.65334598
11.5062	39.09986786
11.5062	38.16574133
12.1158	40.65674542
12.7508	42.61396293
13.3604	44.482216
13.9446	46.26150464
14.5542	48.04079328
15.4178	50.70972624
16.0274	52.48901488
16.6624	53.82348136
17.2466	55.15794784
17.8816	56.49241432
18.5166	57.8268808
19.1262	59.16134728
19.7612	60.0509916
20.3962	60.49581376
21.0566	60.94063592
21.717	61.38545808
22.352	61.38545808
23.0124	61.83028024
23.6982	61.83028024
24.3078	62.71992456
24.9936	62.71992456
25.1968	57.8268808
25.1714	57.8268808
24.5872	54.26830352
24.003	50.70972624
22.8854	44.482216
22.3012	41.67983639
21.6916	38.52159906
21.082	35.36336172
20.5232	32.69442876
19.8882	29.89204915
19.0246	25.79968528
18.4404	23.17523454
17.8816	20.68423044
17.272	18.28219078
16.6624	15.92463333
16.1036	13.78948696
15.2654	10.67573184
14.6558	8.67403212
14.097	6.983707912
13.589	5.471312568
13.2842	4.070122764
12.7508	2.789034943
11.3792	0.218852503
11.3792	0.627199246
11.3792	1.201019832
10.8204	-1.192123389
10.3632	-2.717863398
9.9568	-3.856608127
9.4742	-4.492703816
9.0424	-4.89304376
8.4328	-5.78268808
7.7724	-6.627850184
7.3152	-7.384047856
6.8072	-8.184727744
6.2992	-8.851960984
5.7912	-9.608158656
5.3086	-10.31987411
3.7592	-11.52089394
3.175	-12.76639599
2.50444	-12.63294934
1.89992	-13.25570037
1.26238	-14.4567202
0.61976	-15.25740009
-0.042672	-17.30358202
-0.66294	-18.10426191
-1.29032	-19.39424618
-1.93294	-20.19492606
-2.5654	-21.61835698
-3.2004	-22.37455465
-3.81	-24.15384329
-4.4196	-25.39934534
-5.0292	-26.73381182
-5.6134	-27.71242057
-6.4516	-29.49170921
-7.0358	-30.8706579
-7.6454	-32.29408882
-8.2804	-33.80648416
-8.9154	-35.05198621
-9.4996	-36.51989934
-10.2616	-38.87745678
-10.8966	-40.47881656
-11.5062	-42.16914077
-12.1158	-43.77050054
-12.7	-44.482216
-13.335	-46.26150464
-13.9446	-48.04079328
-14.605	-48.9304376
-15.1892	-51.1545484
-15.8242	-52.48901488
-16.4338	-53.82348136
-17.0688	-55.15794784
-17.7038	-56.04759216
-18.3388	-56.93723648
-19.177	-57.8268808
-19.8374	-58.71652512
-20.4724	-59.16134728
-21.1074	-59.60616944
-21.7678	-59.60616944
-22.4028	-60.0509916
-23.114	-60.49581376
-23.7236	-60.49581376
-24.384	-60.94063592
-25.0444	-60.94063592
-25.654	-60.94063592
-25.273	-56.49241432
-24.638	-53.3786592
-24.0284	-49.82008192
-22.8092	-44.17084049
-22.7838	-44.17084049
-22.1742	-40.47881656
-21.59	-37.5429903
-20.955	-34.51819962
-20.3708	-31.93823109
-19.7612	-29.13585148
-18.9738	-24.82107653
-18.415	-22.37455465
-17.8054	-19.79458612
-17.1958	-17.57047532
-16.5862	-15.34636452
-16.002	-13.38914702
-15.3924	-10.63124962
-14.8082	-8.762996552
-14.2494	-7.072672344
-13.589	-5.515794784
-13.0048	-4.185776526
-12.3698	-2.682277625
-11.4554	-0.996401638
-10.8458	0.547131257
-10.287	1.574670446
-9.7536	2.366453891
-9.1948	3.380648416
-8.6614	3.914435008
-7.5946	5.293383704
-7.1628	6.183028024
-6.7056	6.850261264
-6.2484	7.56197672
-5.8674	8.051281096
-5.9944	7.962316664
-3.8608	10.18642746
-3.2512	11.34296508
-2.6416	12.14364497
-2.6416	11.69882281
-2.10566	12.67743156
-1.61798	13.21121815
-1.16332	13.87845139
-0.0050292	15.03498901
0.62992	15.96911554
1.27508	16.63634878
1.91262	17.17013538
2.5654	18.28219078
3.2258	18.81597737
3.8608	20.50630158
4.445	21.70732141
5.1308	22.41903686
5.7658	23.6200567
6.4008	24.68762988
7.0866	25.93313193
7.747	26.91174068
8.382	28.33517159
9.0424	29.40274478
9.6774	30.64824682
10.287	31.67133779
10.9474	33.00580427
11.557	34.56268183
12.192	36.56438155
12.827	37.63195474
13.4112	38.96642122
14.0716	40.3008877
14.6558	41.59087196
15.2654	43.05878509
15.875	44.482216
16.51	45.81668248
17.1196	46.7063268
17.7546	48.04079328
18.3896	48.9304376
19.0246	49.82008192
19.6342	51.1545484
20.2692	52.48901488
20.9296	53.3786592
21.5392	54.26830352
22.1996	54.71312568
22.8346	55.60277
23.4696	56.04759216
24.13	56.49241432
24.765	57.38205864
25.4	57.8268808
24.9428	52.93383704
24.3586	49.82008192
23.7236	46.26150464
22.8854	42.08017634
22.3012	39.09986786
21.6662	36.25300604
21.082	33.49510865
20.4724	30.78169347
19.8628	28.24620716
19.0246	24.7321121
18.415	22.15214357
17.8308	20.0169972
17.2466	17.74840418
16.6624	15.52429338
16.0782	13.87845139
15.2654	11.120554
15.24	12.01019832
14.6812	9.474712008
14.097	7.606458936
13.5636	6.049581376
13.1826	4.804079328
12.6746	3.576370166
11.4808	1.645841992
11.049	0.551579478
10.8966	-0.272231162
10.5156	-1.147641173
10.1092	-2.255248351
9.6774	-2.846861824
7.6454	-4.804079328
7.0612	-6.00509916
6.5786	-6.494403536
6.096	-7.250601208
5.6134	-8.184727744
5.1054	-8.67403212
3.7084	-10.05298082
3.1242	-11.25400065
2.54	-10.94262514
1.92024	-12.18812718
1.2319	-12.89984264
0.62484	-13.56707588
-0.037846	-14.67913128
-0.64262	-16.36945549
-1.28778	-17.30358202
-1.89484	-17.97081526
-2.5146	-19.08287066
-3.175	-19.79458612
-3.81	-21.04008817
-4.4196	-22.46351908
-5.0292	-23.26419897
-5.6388	-24.68762988
-6.2738	-25.39934534
-6.858	-26.55588295
-7.6962	-28.29068938
-8.3058	-29.53619142
-8.9154	-30.69272904
-9.525	-31.89374887
-10.16	-33.13925092
-10.8204	-34.42923518
-11.4808	-36.25300604
-12.0142	-37.32057922
-12.6746	-38.69952792
-13.3096	-39.98951218
-13.8938	-41.01260315
-14.5288	-42.2581052
-15.2654	-43.94842941
-15.875	-44.92703816
-16.4846	-46.26150464
-17.1196	-47.15114896
-17.7546	-47.59597112
-18.3896	-48.9304376
-19.05	-49.82008192
-19.05	-50.26490408
-19.6596	-51.1545484
-20.2692	-52.04419272
-20.955	-52.93383704
-21.6154	-53.82348136
-22.2758	-54.71312568
-22.9108	-55.15794784
-22.9108	-55.15794784
-23.5712	-55.60277
-24.2062	-56.49241432
-24.8412	-57.38205864
-25.4	-57.8268808
-25.4	-57.38205864
-25.4	-56.93723648
-25.0444	-52.93383704
-24.4602	-49.37525976
-23.876	-46.26150464
-22.7838	-40.43433434
-22.1488	-37.27609701
-21.5646	-34.4737174
-20.9296	-31.76030222
-20.32	-29.22481591
-19.685	-26.60036517
-19.0754	-23.17523454
-18.4658	-20.90664152
-17.8816	-18.59356629
-17.272	-16.59186657
-16.6624	-14.54568463
-16.0528	-12.72191378
-15.113	-9.964016384
-14.478	-8.318174392
-13.8938	-6.805779048
-13.2842	-5.426830352
-12.6492	-4.096812094
-12.065	-2.962515586
-11.4554	-1.089814292
-10.8712	-0.052933837
-10.3124	0.943022979
-9.7536	1.80597797
-9.7536	1.734806424
-9.7536	1.036435633
-9.1948	2.784586722
-8.7376	3.8921939
-7.6454	5.604759216
-7.1628	6.316474672
-6.7056	6.983707912
-6.3246	7.206118992
-6.0706	7.606458936
-6.0706	7.917834448
-3.7846	9.78608752
-3.2766	10.8536607
-2.6162	11.56537616
-2.04216	12.14364497
-1.52908	12.81087821
-1.0541	13.21121815
-0.035306	14.7236135
0.62484	15.47981117
1.26746	16.36945549
1.91516	17.12565316
2.5654	17.48151089
3.2004	18.68253072
3.8354	19.52769282
4.4958	20.15044385
5.1308	21.88525027
5.8166	23.04178789
6.4516	24.10936107
7.1374	25.44382755
7.7978	26.91174068
8.4582	27.93483165
9.1186	29.26929813
9.7536	30.06997802
10.414	31.71582001
11.049	32.96132206
11.6332	34.16234189
12.2936	35.36336172
12.9032	36.47541712
13.5128	37.8098836
14.1478	39.14435008
14.7828	40.65674542
15.3924	41.72431861
15.9766	42.88085622
16.6116	43.77050054
17.2212	44.92703816
17.8562	46.26150464
18.4912	47.59597112
19.1262	48.04079328
19.7612	48.9304376
20.3708	49.82008192
21.0312	50.70972624
21.6408	51.59937056
22.3012	52.04419272
22.9108	52.48901488
23.5712	53.82348136
24.2316	54.26830352
24.8666	54.71312568
25.4	55.15794784
26.162	55.60277
26.67	56.04759216
27.432	56.49241432
28.194	56.49241432
28.702	56.93723648
29.21	56.93723648
29.972	56.93723648
30.48	57.38205864
31.242	56.93723648
32.004	56.93723648
31.496	52.04419272
30.988	48.48561544
30.48	45.37186032
29.718	42.48051628
29.21	39.72261889
28.194	34.4737174
27.432	31.84926666
26.924	29.40274478
26.416	26.73381182
25.654	23.57557448
24.9682	21.44042811
24.4094	19.26079953
23.749	16.99220651
23.0378	14.67913128
22.5806	13.16673594
21.9456	11.43192951
21.3614	9.78608752
20.3454	7.384047856
19.7358	5.916134728
19.1516	4.581668248
18.7706	3.456268183
17.8308	2.037285493
17.2212	0.822920996
16.7132	-0.303813535
16.3576	-1.272191378
15.1892	-2.740104506
14.6558	-3.496302178
14.1478	-4.434876935
13.6144	-5.248901488
12.7	-5.78268808
12.192	-7.028190128
11.6332	-7.695423368
11.1252	-8.184727744
10.1854	-9.207818712
9.8552	-9.163336496
9.398	-10.18642746
8.6868	-10.98710735
7.5692	-11.43192951
6.985	-12.58846713
6.3246	-13.16673594
5.6896	-12.81087821
5.0292	-14.54568463
4.445	-15.25740009
3.81	-16.01359776
3.175	-16.54738435
2.4511	-17.03668873
1.83388	-18.46011964
1.2192	-18.94942402
0.5715	-19.52769282
-0.030226	-20.10596163
-0.65786	-21.08457038
-1.27508	-22.15214357
-1.91262	-22.90834124
-2.5654	-23.84246778
-3.1496	-24.59866545
-3.7592	-25.53279198
-4.3942	-26.20002522
-5.08	-27.17863398
-5.6896	-28.33517159
-6.2992	-29.31378034
-6.9088	-29.62515586
-7.5438	-30.82617569
-8.1534	-31.93823109
-8.7884	-32.96132206
-9.3726	-33.93993081
-10.2108	-35.18543286
-10.8458	-36.29748826
-11.4554	-37.09816814
-12.065	-38.25470576
-12.7	-39.27779673
-13.3096	-40.52329878
-13.9446	-41.32397866
-14.5542	-42.34706963
-15.3162	-43.32567838
-15.9512	-44.25980492
-16.5862	-45.37186032
-17.2212	-46.26150464
-17.8562	-46.7063268
-18.4912	-47.59597112
-19.1516	-48.04079328
-19.7866	-48.9304376
-20.447	-49.82008192
-21.0566	-50.26490408
-21.7424	-51.1545484
-22.3774	-52.04419272
-23.0632	-52.04419272
-23.6982	-52.93383704
-24.384	-53.82348136
-25.019	-54.26830352
-25.654	-54.26830352
-26.416	-54.71312568
-26.924	-54.71312568
-27.686	-55.15794784
-28.194	-55.15794784
-28.956	-55.60277
-29.718	-56.04759216
-30.226	-56.04759216
-30.988	-56.49241432
-31.75	-56.93723648
-32.258	-56.04759216
-32.004	-51.59937056
-31.242	-48.48561544
-30.734	-45.37186032
-29.972	-42.88085622
-29.464	-40.0339944
-27.94	-33.361662
-27.178	-30.60376461
-26.67	-28.29068938
-25.908	-25.97761414
-25.3492	-23.21971675
-24.7142	-21.08457038
-24.1046	-18.6380485
-23.4696	-16.81427765
-22.86	-14.63464906
-22.225	-12.81087821
-21.59	-11.03158957
-20.9804	-9.430229792
-20.3454	-8.095763312
-20.3454	-7.650941152
-20.3454	-8.362656608
-19.7358	-6.138545808
-19.1516	-4.4482216
-18.5166	-3.015894245
-17.8054	-1.485706014
-17.1958	-0.40567781
-16.637	0.524890149
-16.1798	1.338914702
-14.8844	2.833517159
-13.8176	4.372601833
-13.335	5.026490408
-12.6238	5.738205864
-12.2936	6.22751024
-11.7094	6.805779048
-11.3538	7.206118992
-10.0584	7.161636776
-9.7536	8.629549904
-9.1186	9.608158656
-8.4582	10.09746303
-7.3914	10.54228519
-6.8072	11.25400065
-6.5278	11.69882281
-5.8928	12.2326094
-4.6482	13.3446648
-4.1656	13.87845139
-3.937	14.4567202
-3.302	14.90154236
-2.667	15.52429338
-2.01168	16.19152662
-1.37414	16.50290214
-0.73406	17.25909981
-0.070612	17.97081526
0.56642	18.68253072
1.21666	19.48321061
1.86436	19.79458612
2.49936	20.72871266
3.1496	21.75180362
3.81	22.37455465
5.08	23.30868118
5.7404	24.02039664
6.4262	24.59866545
7.0866	25.48830977
7.747	26.46691852
8.382	27.62345614
9.0678	28.51310046
10.3378	29.93653137
10.9982	30.91514012
11.6586	32.16064217
12.2936	32.42753546
12.6492	32.87235762
12.954	34.65164626
13.589	35.36336172
14.2494	36.38645269
15.4686	37.58747252
16.0782	38.6550457
16.7132	39.32227894
17.3482	40.21192326
17.8562	40.56778099
18.3896	42.12465855
19.05	43.14774952
19.6596	43.32567838
20.32	43.85946498
20.701	45.37186032
21.6154	45.81668248
22.2504	46.26150464
22.9108	46.7063268
23.5712	47.59597112
24.1808	48.48561544
24.8158	48.9304376
25.4	48.9304376
26.162	49.37525976
26.67	49.82008192
27.432	51.1545484
27.94	50.70972624
28.702	51.1545484
29.21	52.48901488
29.972	51.59937056
30.48	52.04419272
31.242	52.48901488
31.75	52.48901488
31.496	48.04079328
30.226	43.14774952
29.718	40.3008877
29.21	37.45402587
28.448	34.82957513
27.94	32.02719552
27.432	29.53619142
26.67	27.13415176
26.162	24.99900539
25.654	22.95282346
24.9428	20.95112374
24.3332	18.9049418
23.7236	16.9477243
22.606	14.1898269
21.971	12.41053826
21.3614	10.8536607
20.7264	9.252300928
20.1422	8.095763312
19.558	6.716814616
18.9484	5.382348136
17.7292	2.566623863
17.145	1.414534469
16.6624	0.423470696
16.129	-0.319827133
15.1638	-1.868253072
15.1384	-1.023090968
14.605	-2.944722699
14.097	-4.154638974
13.6398	-5.293383704
13.081	-6.22751024
12.8016	-7.161636776
12.2936	-7.650941152
11.8872	-8.585067688
11.4046	-8.940925416
11.0236	-9.519194224
10.0584	-10.31987411
9.398	-10.76469627
8.763	-11.3874473
8.1026	-11.87675167
7.4676	-12.4995027
6.1722	-13.65604031
5.5372	-14.14534469
4.9022	-14.81257793
4.2926	-15.34636452
3.6322	-16.14704441
3.0226	-16.680831
2.40538	-17.65943975
1.778	-18.6380485
1.14554	-18.9049418
0.5461	-19.7501039
-0.077978	-19.92803277
-0.72136	-20.41733714
-1.33604	-21.44042811
-1.97866	-22.41903686
-2.6162	-22.86385902
-3.2258	-24.02039664
-3.8862	-24.64314766
-4.4704	-25.53279198
-5.2324	-26.28898966
-5.842	-27.17863398
-6.477	-27.801385
-7.1374	-28.51310046
-7.6962	-29.71412029
-8.382	-30.73721126
-8.9408	-31.58237336
-9.5504	-32.96132206
-10.16	-33.00580427
-10.7442	-34.11785967
-11.3792	-35.00750399
-11.9888	-36.11955939
-12.954	-36.87575706
-13.589	-38.12125911
-14.1478	-39.01090343
-14.7828	-39.54469002
-15.3416	-39.94502997
-15.9766	-40.92363872
-16.6624	-41.76880082
-17.2466	-42.43603406
-17.8816	-43.05878509
-18.542	-44.25980492
-19.2024	-44.39325157
-19.812	-45.37186032
-20.4978	-45.37186032
-21.1074	-46.26150464
-21.7932	-46.7063268
-22.4282	-47.59597112
-23.0886	-47.59597112
-23.7744	-48.48561544
-24.4094	-49.37525976
-25.0698	-49.82008192
-25.654	-49.82008192
-26.416	-51.1545484
-26.924	-51.59937056
-27.686	-51.1545484
-28.448	-52.04419272
-28.194	-51.1545484
-28.956	-52.04419272
-29.718	-52.04419272
-30.226	-52.48901488
-30.988	-52.48901488
-31.75	-52.93383704
-32.258	-52.93383704
-31.75	-48.48561544
-30.48	-40.83467429
-29.718	-37.98781246
-29.21	-35.49680837
-28.448	-33.0947687
-27.94	-30.73721126
-27.178	-28.46861824
-26.67	-26.15554301
-25.908	-23.97591442
-25.2984	-21.17353482
-24.638	-19.12735288
-23.9776	-17.08117094
-23.3426	-15.3018823
-22.733	-13.03328929
-22.0726	-11.25400065
-21.4376	-9.78608752
-20.8534	-8.362656608
-20.2184	-6.716814616
-19.5834	-5.33786592
-18.9738	-3.972261889
-18.3642	-2.895792262
-17.7546	-1.628049106
-17.145	-0.644992132
-16.51	0.381657413
-16.0528	1.33446648
-15.2654	2.099560595
-14.859	3.416234189
-14.2494	4.368153611
-13.6906	4.89304376
-12.7254	5.070972624
-12.2936	6.049581376
-11.8618	6.761296832
-11.4046	7.161636776
-10.1854	7.606458936
-9.7536	8.718514336
-9.1186	9.296783144
-8.509	9.830569736
-7.3914	10.80917849
-6.7818	11.74330502
-6.5278	12.09916275
-5.8928	12.81087821
-4.826	12.94432486
-4.572	13.70052253
-3.937	14.1898269
-3.302	14.81257793
-2.6416	15.34636452
-2.0193	15.52429338
-1.3843	16.32497327
-0.72898	16.90324208
-0.100584	17.34806424
0.51816	17.92633305
1.16586	18.94942402
1.78054	19.70562169
2.40284	20.06147942
3.0734	20.68423044
3.683	21.3959459
4.2926	21.9742147
4.953	22.64144794
5.588	23.13075232
6.1976	24.24280772
6.8326	25.04348761
7.5438	25.44382755
8.1788	26.06657858
7.4676	25.35486312
8.0518	26.51140074
8.382	27.93483165
10.2616	28.77999375
10.922	29.89204915
11.5062	30.69272904
12.1666	31.31548006
12.827	32.02719552
13.462	33.00580427
14.0716	33.89544859
14.732	34.60716405
15.3416	35.63025502
15.9512	36.47541712
16.6116	37.05368593
17.2466	37.85436582
17.8816	38.78849235
18.5166	39.54469002
19.177	40.43433434
19.812	40.92363872
20.4724	41.72431861
21.1074	42.5249985
21.717	43.3701606
22.3774	44.17084049
23.0124	44.17084049
23.7236	44.92703816
24.3332	45.37186032
24.9682	46.26150464
25.654	46.26150464
26.162	46.7063268
26.924	47.15114896
27.686	48.04079328
28.194	47.59597112
28.702	48.48561544
29.464	48.9304376
30.226	49.37525976
30.734	49.37525976
31.242	49.82008192
32.004	50.26490408
32.766	50.26490408
33.274	50.26490408
33.782	50.70972624
34.544	51.1545484
35.306	51.1545484
35.814	50.70972624
36.576	50.70972624
37.084	51.1545484
37.846	51.1545484
38.608	50.70972624
38.1	46.7063268
37.592	43.77050054
37.084	41.01260315
35.56	36.38645269
35.052	33.76200194
33.782	29.09136926
33.02	26.20002522
32.258	24.10936107
31.75	22.01869692
31.242	20.0169972
30.48	17.74840418
29.972	16.01359776
29.21	14.1898269
28.702	12.58846713
27.94	10.40883854
27.178	8.985407632
26.67	7.606458936
26.162	6.360956888
25.4	4.626150464
24.7904	3.491853956
24.13	2.304178789
23.5458	1.352259366
22.86	0.192607995
22.3012	-0.707267234
21.59	-1.783736862
21.1836	-2.700070511
20.2946	-3.740954366
19.7612	-4.332567838
19.2278	-5.204419272
18.669	-5.871652512
17.78	-6.983707912
17.2212	-7.739905584
16.6624	-8.273692176
16.1544	-8.940925416
15.2654	-8.985407632
14.8336	-10.05298082
14.3764	-10.72021406
13.8938	-11.20951843
12.6746	-11.65434059
12.0142	-12.36605605
11.4046	-12.76639599
10.8204	-12.94432486
10.1346	-14.27879134
9.525	-14.81257793
8.89	-15.34636452
8.255	-15.70222225
7.62	-16.45841992
6.9596	-17.08117094
6.3246	-17.57047532
5.6896	-17.7928864
5.0546	-18.41563742
4.4196	-19.12735288
3.7846	-19.34976396
3.1242	-20.0169972
2.54	-20.59526601
1.89484	-21.35146368
1.27762	-21.48491033
0.64008	-22.06317914
0.0100584	-22.81937681
-0.60452	-23.3531634
-1.24714	-23.75350334
-1.87706	-24.59866545
-2.6162	-25.5772742
-3.2512	-26.15554301
-3.8608	-26.73381182
-4.4704	-27.26759841
-5.1054	-27.97931386
-5.6642	-28.77999375
-6.3246	-29.31378034
-6.9342	-29.7586025
-7.62	-30.8706579
-8.2296	-31.80478444
-8.8646	-32.16064217
-9.4742	-33.22821535
-10.2108	-33.80648416
-10.8204	-34.42923518
-11.43	-35.22991507
-12.1158	-35.80818388
-12.7254	-37.09816814
-13.3858	-37.5429903
-14.0208	-38.16574133
-15.2654	-39.45572559
-16.4846	-41.1460498
-17.78	-41.72431861
-19.1008	-42.74740958
-20.4216	-43.90394719
-21.717	-44.92703816
-23.0632	-45.81668248
-24.384	-46.26150464
-25.654	-47.15114896
-26.924	-48.04079328
-28.194	-48.9304376
-29.464	-49.37525976
-32.004	-49.82008192
-33.02	-50.70972624
-34.29	-50.70972624
-35.814	-51.1545484
-37.084	-51.59937056
-38.1	-51.59937056
-37.084	-44.43773378
-35.306	-36.38645269
-34.29	-31.80478444
-33.02	-26.82277625
-31.75	-22.46351908
-30.48	-18.19322634
-29.21	-14.59016685
-27.94	-11.20951843
-26.67	-8.318174392
-25.3492	-5.248901488
-24.0284	-2.708966954
-22.86	-0.319827133
-21.6408	1.636945549
-20.3454	3.487405734
-18.9992	4.937525976
-17.78	5.960616944
-17.653	6.716814616
-16.51	7.517494504
-16.1544	7.873352232
-15.3162	7.873352232
-14.859	8.940925416
-13.9954	9.252300928
-13.589	10.14194525
-12.573	10.49780298
-12.319	11.25400065
-11.684	11.74330502
-11.0236	12.14364497
-9.9314	12.85536042
-9.2964	13.43362923
-8.636	13.96741582
-8.0264	14.41223798
-7.3914	14.85706014
-6.731	15.25740009
-6.1214	15.74670446
-5.4864	16.10256219
-4.826	16.81427765
-4.5974	17.5259931
-3.937	17.97081526
-3.302	18.50460186
-2.16916	18.01529748
-1.97358	19.08287066
-1.34874	19.57217504
-0.052832	20.72871266
0.60452	21.3959459
1.23444	21.79628584
1.89992	22.241108
3.0988	22.95282346
3.175	23.26419897
3.7592	23.97591442
4.3688	24.33177215
5.0292	24.99900539
5.715	25.53279198
6.35	26.02209636
7.0104	26.6893296
7.6962	27.31208062
8.3312	27.75690278
8.9916	28.37965381
9.6774	29.00240483
10.3378	29.49170921
10.9728	30.38135353
11.6078	31.04858677
12.2936	31.49340893
12.9032	32.02719552
13.5382	32.73891098
14.1986	33.53959086
14.8082	34.02889524
15.4686	34.56268183
16.0782	35.22991507
16.7132	35.98611274
17.3736	36.11955939
18.034	36.6978282
18.669	37.45402587
19.3294	38.16574133
19.939	38.6550457
20.6502	38.87745678
21.2598	39.85606554
21.9202	40.25640548
22.606	40.70122764
23.2156	41.1460498
23.622	41.4129431
24.2062	41.81328304
24.892	42.30258742
25.654	42.34706963
26.67	43.41464282
28.194	43.6370539
28.702	44.30428714
29.464	44.482216
29.972	44.92703816
30.734	45.37186032
31.242	45.81668248
31.75	45.81668248
32.512	45.81668248
33.274	46.7063268
33.782	47.15114896
34.544	46.26150464
35.052	46.7063268
35.814	47.15114896
36.576	47.59597112
37.084	47.59597112
37.846	47.59597112
38.354	47.59597112
38.1	42.79189179
37.592	40.43433434
36.83	37.89884803
35.56	33.85096638
35.052	31.67133779
34.29	29.1803337
33.782	27.17863398
33.274	24.95452318
32.512	22.77489459
32.004	20.99560595
31.242	19.1718351
30.48	16.9477243
29.972	15.12395344
29.21	13.52259366
28.702	12.01019832
27.94	9.741605304
27.178	8.22920996
26.67	7.028190128
26.162	5.738205864
25.4	4.626150464
24.9174	3.456268183
24.511	2.522141647
24.0284	1.645841992
22.8854	0.115653762
22.3266	-0.880747877
21.9202	-1.676979543
21.6154	-2.575520306
21.3106	-3.038135353
21.3106	-2.219662578
20.9296	-3.883297457
20.4724	-4.89304376
19.939	-6.00509916
17.78	-7.428530072
17.272	-8.362656608
17.5006	-8.273692176
16.9164	-9.252300928
15.1638	-9.919534168
14.5034	-10.76469627
13.8938	-11.20951843
13.2588	-11.74330502
12.6238	-12.4995027
12.0142	-13.21121815
11.3792	-13.65604031
10.7696	-13.96741582
10.16	-14.59016685
9.4996	-15.34636452
8.9154	-15.65774003
8.2804	-16.28049106
7.6454	-16.85875986
7.0104	-17.43702867
6.4008	-17.74840418
5.7658	-18.14874413
5.0546	-18.9049418
4.3942	-19.57217504
3.7846	-19.7501039
2.53746	-20.95112374
1.2954	-21.88525027
0.052832	-22.99730567
-1.19126	-23.93143221
-1.85166	-24.64314766
-2.5654	-25.3103809
-3.1496	-26.06657858
-3.7846	-26.37795409
-4.4196	-27.17863398
-5.1816	-27.71242057
-5.7912	-27.89034943
-6.4516	-28.46861824
-7.0612	-29.71412029
-7.6962	-30.2923891
-8.3058	-31.1375512
-8.9408	-31.4044445
-9.4996	-31.93823109
-10.1092	-32.20512438
-10.1092	-31.89374887
-10.7442	-33.27269757
-11.3284	-33.80648416
-11.938	-34.25130632
-12.7508	-35.14095064
-13.3858	-35.71921945
-14.4018	-36.47541712
-15.2908	-37.36506144
-16.129	-38.16574133
-16.9672	-38.6550457
-17.8562	-39.50020781
-18.6944	-40.38985213
-19.5326	-40.92363872
-20.4216	-41.45742531
-21.3106	-41.9912119
-22.225	-42.56948071
-23.114	-42.92533844
-24.1808	-43.72601833
-24.8412	-43.99291162
-25.654	-44.43773378
-26.67	-44.92703816
-27.432	-44.92703816
-28.448	-44.92703816
-29.21	-45.81668248
-29.972	-46.26150464
-30.988	-46.7063268
-32.004	-46.7063268
-32.766	-47.15114896
-33.782	-47.15114896
-34.544	-47.59597112
-35.56	-47.59597112
-36.322	-47.15114896
-36.576	-47.15114896
-37.084	-48.04079328
-37.846	-47.15114896
-38.354	-47.59597112
-37.592	-42.74740958
-37.084	-39.23331451
-35.814	-33.80648416
-35.052	-30.82617569
-34.036	-27.97931386
-33.02	-24.50970102
-32.258	-21.9742147
-31.242	-19.48321061
-30.48	-17.30358202
-29.718	-15.07947122
-28.956	-13.0777715
-27.94	-10.14194525
-27.178	-8.318174392
-26.416	-6.405439104
-25.654	-4.848561544
-24.7142	-3.269442876
-23.9522	-1.739254646
-22.8092	0.191273529
-21.9964	1.521291787
-21.3106	2.526589869
-20.3962	3.990054775
-19.6342	5.159937056
-18.923	5.693723648
-17.78	6.89474348
-17.399	7.695423368
-16.764	8.362656608
-14.986	8.940925416
-14.2748	9.919534168
-13.5636	10.58676741
-12.9286	11.52089394
-12.2936	11.92123389
-12.2682	12.63294934
-9.9822	13.25570037
-9.0932	14.36775577
-8.4328	14.81257793
-7.4168	15.52429338
-6.5278	16.4139377
-5.842	16.81427765
-5.1816	17.57047532
-4.0386	18.46011964
-3.2512	18.77149515
-2.03962	19.43872839
-1.32334	19.97251498
-1.32842	20.77319487
-0.13843	21.26249925
0.6223	22.15214357
1.25476	22.55248351
2.4257	23.30868118
3.2004	24.1983255
3.8354	24.28728994
5.1054	25.08796982
5.7912	25.93313193
6.8326	26.46691852
7.7724	27.22311619
8.4328	28.29068938
9.5504	28.9134404
10.414	29.40274478
10.9474	30.42583574
11.7094	30.8706579
12.7	31.49340893
13.5382	31.89374887
14.3002	32.91683984
15.2654	33.85096638
16.129	34.38475297
16.8656	35.18543286
17.8308	36.03059496
18.7198	36.65334598
19.431	36.87575706
20.447	37.85436582
21.336	38.69952792
22.3012	39.36676116
23.0886	39.90054775
24.003	40.61226321
24.5618	41.19053202
25.4	41.59087196
26.162	42.16914077
27.178	41.9912119
27.94	42.96982066
28.956	43.05878509
29.718	43.68153611
30.48	42.96982066
31.242	43.68153611
32.004	43.81498276
33.02	44.482216
33.782	44.482216
34.798	44.482216
35.56	44.92703816
36.576	45.81668248
37.338	45.37186032
38.354	45.81668248
39.116	45.81668248
40.132	45.81668248
40.894	46.26150464
41.656	46.26150464
42.672	46.26150464
43.434	45.81668248
44.196	45.81668248
44.704	46.26150464
25.3238	-3.901090343
24.384	-5.693723648
23.6728	-6.850261264
22.8854	-8.273692176
22.1234	-9.608158656
21.2344	-10.58676741
20.0914	-11.120554
18.923	-12.58846713
17.7038	-13.52259366
16.891	-14.59016685
16.0782	-15.12395344
15.3162	-15.52429338
13.6906	-17.21461759
12.9032	-17.92633305
11.6332	-18.28219078
10.1346	-19.52769282
8.89	-20.37285493
7.5946	-21.26249925
6.3754	-22.59696573
5.1054	-23.30868118
3.8862	-24.42073658
2.5654	-24.99900539
1.31826	-26.06657858
0.095758	-26.91174068
-1.15316	-27.49000949
-2.5908	-28.60206489
-3.8608	-29.84756694
-5.1816	-30.60376461
-6.35	-31.62685558
-7.62	-31.76030222
-8.89	-33.0947687
-10.1092	-33.89544859
-11.3284	-34.82957513
-12.6492	-35.14095064
-13.843	-36.65334598
-15.24	-36.9647215
-16.51	-37.89884803
-17.8054	-38.74401014
-19.1008	-38.921939
-20.3708	-40.21192326
-21.6916	-40.92363872
-23.0632	-40.83467429
-24.384	-41.94672969
-25.654	-42.03569412
-27.178	-42.2581052
-27.94	-42.88085622
-29.21	-43.01430287
-30.48	-43.3701606
-32.004	-43.68153611
-33.274	-44.34876935
-34.544	-44.482216
-36.068	-44.92703816
-36.83	-45.37186032
-38.354	-44.92703816
-39.37	-45.81668248
-40.894	-45.37186032
-42.164	-44.92703816
-43.434	-44.92703816
-44.704	-44.92703816
-43.942	-38.56608127
-41.402	-29.7586025
-37.592	-18.23770856
-35.052	-11.92123389
-32.512	-5.070972624
-29.972	-0.270451873
-27.686	3.598611274
-25.2222	6.538885752
-22.6314	8.718514336
-21.9456	10.8536607
-20.2438	10.40883854
-17.4244	13.12225372
-14.8336	15.12395344
-12.9032	16.680831
-10.3632	18.54908407
-7.7978	20.0169972
-5.207	21.70732141
-2.6162	23.39764562
-0.042672	24.68762988
2.50952	26.15554301
5.1054	27.71242057
8.2804	29.13585148
10.8712	30.95962234
12.9286	32.42753546
15.5194	34.07337746
17.907	34.91853956
20.5994	36.6978282
23.2664	37.67643695
25.2476	38.74401014
28.194	39.67813667
30.734	40.47881656
33.528	40.8791565
35.814	41.85776526
38.1	41.76880082
40.894	42.34706963
43.18	42.70292736
44.704	42.43603406
43.942	35.71921945
40.64	25.13245204
38.1	17.57047532
35.56	11.34296508
33.02	5.293383704
30.734	0.276679384
28.702	-3.749850809
22.9362	-10.45332076
20.4216	-12.89984264
17.8308	-15.25740009
15.3924	-17.17013538
12.954	-19.21631731
10.2108	-20.99560595
7.62	-22.73041238
5.08	-24.1983255
2.5654	-25.8441675
0.120904	-27.5344917
-2.5654	-28.95792262
-5.0546	-30.38135353
-7.5438	-31.62685558
-10.0584	-32.5164999
-12.573	-33.85096638
-15.1384	-34.87405734
-17.6784	-36.51989934
-20.3454	-37.94333025
-23.0124	-38.6550457
-25.908	-38.78849235
-28.448	-40.0339944
-31.242	-40.38985213
-33.782	-41.4129431
-35.56	-41.67983639
-38.354	-42.12465855
-41.148	-42.30258742
-43.688	-42.70292736
-44.958	-42.2581052
-44.45	-34.69612848
-42.926	-32.33857103
-40.386	-22.33007243
-38.862	-15.3018823
-35.052	-9.652640872
-33.02	-4.145742531
-30.48	1.410086247
-27.94	5.11545484
-26.416	7.739905584
-22.606	10.14194525
-19.9898	12.72191378
-16.383	14.14534469
-15.1892	16.10256219
-12.827	17.57047532
-10.414	19.34976396
-8.1534	21.17353482
-5.588	22.241108
-2.36728	23.70902113
0.176276	24.86555874
2.7686	26.28898966
5.334	27.75690278
7.9502	29.09136926
10.541	30.24790688
16.2052	32.2496066
17.526	33.6285553
20.6502	34.56268183
23.2918	34.60716405
25.908	35.09646842
28.448	35.18543286
31.242	35.22991507
33.782	34.96302178
35.306	34.87405734
39.116	34.16234189
40.64	33.76200194
44.196	32.91683984
46.99	33.40614422
46.99	33.58407308
46.99	33.18373314
46.99	32.56098211
49.53	32.56098211
52.324	32.69442876
52.324	31.31548006
