"""Matamoros et. al 1999 Specimen c5-20 North"""	
1458	
0.101	-1.01
0.184	-0.295
0.508	1.78
0.419	-0.494
0.45	0.529
0.455	0.796
0.488	1.89
0.554	6.18
0.643	11.9
1.38	21.7
2.95	38.3
3.89	46.7
3.89	45.8
5.03	50.3
5.08	52.5
5.11	52.9
5.77	54.7
6.5	59.6
7.01	59.2
7.67	63.6
8.33	64.5
8.92	66.3
9.55	68.1
10.2	68.1
10.2	68.1
10.8	68.5
11.5	70.7
12	71.2
12.7	71.2
12.1	64.1
11.5	60.1
11	56.9
10.4	51.6
9.83	47.6
9.25	44.5
8.69	40.7
7.59	35.6
6.99	32.2
6.48	28.8
5.89	25.3
5.05	19.8
4.57	16.1
4.04	11.8
3.66	8.5
3.35	2.63
2.27	0.592
1.8	-6.36
1.28	-11.6
0.818	-15.2
-0.154	-26.4
-0.681	-30.5
-1.2	-34.8
-1.73	-39.4
-2.57	-44.1
-3.07	-46.7
-3.63	-51.2
-4.24	-53.4
-5.16	-56.9
-5.77	-58.3
-6.35	-60.5
-6.93	-62.3
-7.77	-64.9
-8.41	-65.8
-8.99	-68.1
-9.55	-69.4
-10.4	-70.3
-11	-70.3
-11.6	-72.5
-12.2	-72.1
-12.8	-68.9
-12.3	-62.3
-11.7	-58.7
-11.2	-55.6
-10	-48.5
-9.47	-44.9
-8.89	-42.2
-8.36	-39.2
-7.47	-34.7
-6.88	-31.8
-6.32	-29
-5.77	-26.2
-4.95	-21.9
-4.34	-18.9
-3.81	-15.9
-3.25	-12.9
-2.77	-10.2
-2.51	-8.05
-1.95	-5.03
-1.46	-2.54
-0.973	-0.881
0.351	10.6
0.775	14.1
0.884	16.6
0.996	18.7
2.77	24.3
3.33	27.5
3.89	31.1
4.45	33.7
5.13	37.5
5.72	39.8
6.3	42.7
7.29	47.2
7.62	48.9
8.28	50.7
8.81	52.9
9.37	55.6
10.2	59.6
10.8	61.4
11.4	63.6
12	65.8
12.9	67.6
12.3	60.9
11.7	57.4
11.1	53.8
10.2	48.5
9.65	45.8
9.02	42.3
9.02	42.4
8.43	39.1
7.54	35.1
6.96	32.1
6.32	28.9
5.82	26.1
4.93	21.5
4.39	18.7
3.91	15.7
3.48	12.8
2.39	7.07
1.89	3.84
1.44	0.538
0.899	-2.86
0.0831	-7.07
-0.432	-9.88
-1.02	-12.7
-1.54	-14.3
-2.74	-22.3
-3.3	-24.8
-3.84	-27.2
-4.5	-30.2
-5.31	-34.1
-5.92	-36.3
-6.5	-38.7
-7.09	-41.3
-7.8	-44.9
-8.38	-47.2
-8.97	-50.3
-9.5	-52.5
-10.4	-56.5
-11	-58.3
-11.5	-60.1
-12.1	-62.7
-13	-65.4
-12.4	-59.6
-11.9	-56.5
-11.4	-53.4
-9.93	-45.4
-9.42	-42.6
-8.86	-39.5
-8.2	-36.7
-7.54	-33.3
-6.99	-30.8
-6.35	-28.2
-5.87	-25.5
-4.57	-19
-3.99	-16.1
-3.43	-13.2
-2.72	-9.7
-2.35	-8.72
-1.81	-6.72
-1.27	-4.63
-0.767	-3.05
-0.33	-1.85
0.483	-0.319
1.45	-0.399
1.88	19.9
3	26.1
2.69	23.8
3.3	27.3
3.33	27.2
3.86	30.3
4.42	33
5.23	37.1
5.79	39.1
6.4	41.8
7.01	44.2
7.8	48
8.43	48.9
9.02	51.6
9.58	54.3
10.2	56
10.8	57.8
11.4	60.1
12	62.3
12.9	64.9
13.5	65.8
14.1	67.6
14.7	68.9
15.3	69.8
15.9	70.3
16.5	70.3
17.1	71.2
17.9	70.3
18.5	69.8
19.2	69.4
18.6	63.6
17.8	58.7
17.2	55.6
16.6	52.5
16.1	50.3
15.5	47.2
14.9	45.4
14.4	42.9
13.7	40.3
13.2	37.9
12.6	35.1
12	32.8
11.5	30.6
10.9	28.3
10.2	25.1
9.65	23.1
9.02	21
8.53	19
7.24	16.2
6.71	14
6.3	12.1
6.07	10.5
5.11	7.34
4.52	5.03
3.99	2.88
3.43	0.979
2.4	-2.35
2.4	-0.312
1.86	-4.63
1.35	-7.34
0.8	-9.92
0.0706	-13.4
-0.447	-14.6
-0.996	-15.2
-1.6	-16.6
-2.67	-26.3
-3.25	-28.7
-3.78	-30.7
-4.34	-33.1
-4.9	-34.8
-5.49	-36.7
-6.05	-38.7
-6.58	-41.1
-7.72	-44.4
-8.36	-45.8
-8.94	-48
-9.53	-50.3
-10.4	-53.8
-11	-55.2
-11.5	-56.9
-12.1	-59.2
-12.9	-62.3
-13.5	-62.7
-14.2	-64.5
-14.7	-65.8
-15.3	-66.3
-16	-66.3
-16.7	-67.2
-17.2	-67.6
-17.9	-66.7
-18.6	-66.7
-19.2	-66.3
-18.6	-61.8
-17.7	-57.4
-17.1	-54.7
-16.5	-52
-16	-49.4
-15.4	-46.3
-14.8	-43.8
-14.2	-41.5
-13.6	-38.9
-12.7	-35.2
-12.1	-33.2
-11.5	-30.8
-11	-28.9
-9.91	-25.4
-9.35	-23.7
-8.71	-21.7
-8.18	-19.9
-7.57	-18
-7.52	-18.3
-6.96	-16
-6.38	-13.9
-5.79	-12
-5.16	-9.25
-4.62	-7.96
-4.01	-6.94
-3.45	-6.01
-2.24	0.316
-1.65	2.22
-1.09	4.67
-0.523	6.81
0.0328	10.2
0.63	11.8
1.1	14.2
1.66	16
2.69	18.3
3.15	20.2
3.4	21.7
3.68	23.4
5.33	26.5
5.94	28.3
6.58	30.1
7.16	32.2
7.75	34.6
8.36	36.2
8.94	38.3
9.5	40.3
10.2	42.5
10.8	43.8
11.4	45.8
11.9	47.6
13	50.7
13.6	52
14.2	53.8
14.8	55.6
15.4	57.4
16	58.3
16.6	60.1
17.1	61.4
18.1	62.7
18.7	63.6
19.3	64.1
18.7	59.2
17.7	55.2
17.1	52.5
16.6	49.8
15.9	47.2
15.3	43.4
14.7	41.1
14	38.2
13.5	36.2
12.5	32.5
11.9	30.2
11.3	28
10.6	26
9.65	23.1
9.07	21.5
8.48	19.6
7.95	17.8
7.32	16
7.32	15.7
6.83	13.4
6.43	11.7
6.2	9.7
5.16	7.25
4.57	4.94
4.04	2.84
3.51	0.832
2.12	-2.49
1.52	-4.67
0.942	-6.49
0.356	-7.96
-0.196	-10.1
-0.815	-11.8
-1.37	-12.7
-2.07	-14.2
-2.57	-18
-3.15	-19.6
-3.84	-21.6
-4.34	-23.4
-5.11	-25.3
-5.66	-26.4
-6.27	-28.3
-6.88	-30.2
-7.7	-32.7
-8.31	-34.1
-8.84	-36.2
-9.45	-38.2
-10.3	-40.4
-10.9	-41.9
-11.5	-44
-12	-45.8
-12.9	-48.5
-13.5	-49.8
-14.1	-51.6
-14.7	-53.4
-15.3	-55.2
-15.9	-56
-16.5	-57.4
-17.1	-59.6
-17.7	-60.5
-18.4	-61.8
-19.3	-62.7
-18.7	-57.4
-18.2	-54.7
-17.6	-52.5
-17	-49.8
-16.4	-47.6
-15.8	-45.4
-15.1	-41.4
-14.5	-38.6
-14	-36.3
-13.4	-34
-12.5	-30.9
-11.9	-29.1
-11.3	-26.9
-10.7	-24.9
-10.1	-22.7
-9.53	-21
-8.97	-19.2
-8.36	-17.4
-7.54	-15.1
-6.96	-13.7
-6.35	-11.9
-5.74	-10.4
-4.9	-7.96
-4.32	-6.94
-3.68	-5.6
-3.12	-4.07
-2.5	0.0676
-1.91	1.53
-1.32	3.8
-0.752	5.43
-0.219	7.03
0.0729	8.01
0.701	9.56
1.17	11.7
1.71	13.6
2.53	16.6
2.69	18
3.94	21
4.52	22.8
5.13	24.9
5.69	26.2
6.3	28.6
6.86	30.2
7.87	32.4
8.61	33.8
9.09	35.8
9.65	37.7
10.2	39.7
11.5	43.5
12	44.9
12.6	46.7
13.2	48.5
13.8	50.3
14.4	51.6
15.3	54.3
15.9	54.7
16.5	56.5
17.7	59.6
18.2	60.5
19.1	61.4
19.7	60.9
20.3	62.3
21	62.7
21.6	62.3
22.3	61.8
23	59.2
23.6	59.2
24.3	57.8
24.9	58.3
25.7	56.5
25.7	54.3
25.1	51.2
24.4	48.5
23.9	46.3
23.3	43.8
23	42.2
22.4	39.8
21.6	36.9
21.2	34.9
20.7	33.1
20	31
18.5	27.4
17.9	25.6
17.3	24
16.7	21.8
16.1	20.1
15.5	18.5
15	16.3
14.3	14.9
13.7	13.3
13.2	11.8
12.6	10.4
12.1	9.12
11.4	7.43
11	6.67
10.7	5.34
10.6	4.33
10.2	2.74
9.8	1.98
9.3	0.907
9.83	-2.5
9.83	-2.47
7.42	11.9
6.71	8.36
6.22	6.54
5.69	4.39
5.08	2.19
4.45	-0.0503
3.84	-2.68
3.12	-4.76
2.62	-6.63
2.05	-8.45
1.48	-10.5
0.892	-12
-0.45	-17.3
-1.1	-19.5
-1.67	-20.5
-2.21	-21.7
-2.82	-23.4
-3.4	-24.3
-4.06	-26.6
-4.67	-28
-5.26	-29.1
-5.84	-30.4
-6.48	-32.2
-7.06	-33
-7.62	-34.6
-8.26	-35.9
-8.86	-37.2
-9.42	-38.5
-10	-40.1
-10.6	-41.4
-11.7	-44.3
-11.7	-42.7
-12.4	-44.5
-13	-46.3
-13.6	-48
-14.1	-48.9
-14.7	-50.3
-15.4	-52
-16.1	-53.4
-16.6	-54.3
-17.2	-55.6
-17.9	-56.5
-18.5	-57.4
-19.5	-58.7
-20.1	-59.2
-20.8	-60.1
-21.4	-61.4
-22.1	-60.9
-22.8	-60.9
-23.5	-60.5
-24.3	-60.1
-24.9	-60.1
-25.7	-60.5
-26.2	-59.2
-25.7	-54.7
-25.1	-52.5
-24.4	-49.8
-22.8	-45.4
-22.2	-43.5
-21.6	-41.2
-21	-39.4
-20.3	-37.5
-19.7	-35.6
-19.1	-32
-18.4	-30.1
-17.8	-28.9
-17.2	-27
-16.6	-25.3
-15.9	-23.8
-15.2	-21.4
-14.6	-20.1
-13.9	-18.5
-13.3	-17.1
-12.7	-15.7
-12.1	-14.2
-11.5	-13
-11.3	-11.5
-10.8	-10.1
-10.1	-8.63
-9.55	-7.12
-8.94	-5.69
-8.31	-4.85
-7.57	-2.58
-6.93	-1.21
-6.2	0.052
-5.59	1.08
-5	2.34
-4.5	3.73
-3.84	5.12
-3.25	6.67
-2.67	8.01
-2.06	9.12
-1.48	10.3
-0.892	11.5
0.189	13.3
0.759	14.9
1.23	16.1
1.6	17
1.76	17.7
1.92	19
3.84	21.2
4.45	22.2
5.05	23.4
5.64	24.8
6.27	25.7
6.83	27
7.8	28.5
8.38	29.4
9.02	30.8
9.63	31.8
10.2	32.9
10.8	34.3
11.6	35.5
12.2	36.4
12.9	37.6
13.4	38.7
14.1	39.8
14.6	40.9
15.7	42.3
16.4	43
16.9	44.1
17.5	44.9
18.1	46.3
18.7	46.7
19.3	48
19.9	48.5
20.5	48.9
21.2	49.8
21.8	50.3
22.4	50.7
23.1	51.2
23.7	51.2
24.3	51.6
25	52.5
25.7	52
25	47.2
24.5	44.9
23.9	42.8
23	39.9
22.3	37.8
21.7	35.9
21.1	33.9
20.6	32.2
20	30.3
19.1	27.8
18.5	26
17.9	24.2
17.3	22.5
16.8	21
16.2	19.3
15.1	16.9
14.6	15.6
13.9	14
13.4	12.6
12.8	10.9
12.2	9.61
11.5	8.18
11.1	7.16
10.8	6.14
10.6	5.16
10.4	4.17
10.2	3.2
7.37	1.22
7.37	1.19
6.78	-1.45
6.15	-3.22
5.61	-4.49
4.98	-5.78
4.42	-7.16
3.81	-9.03
3.2	-10.2
2.59	-11.3
2	-12
1.44	-12.5
0.767	-12.4
-0.0126	-15.4
-0.584	-17.1
-1.2	-18
-1.83	-19.8
-2.42	-20.3
-3.05	-21.4
-4.27	-23.8
-4.88	-24.8
-5.49	-26.3
-6.1	-26.9
-6.73	-27.8
-7.32	-29.3
-8.69	-31.5
-9.27	-32.7
-9.91	-34.1
-10.4	-35.1
-11	-36.1
-11.7	-37.7
-12.3	-38.8
-12.9	-40
-13.6	-40.6
-14.1	-42.3
-14.8	-43
-15.4	-44.2
-15.9	-44.5
-16.7	-45.8
-17.3	-47.2
-17.9	-47.6
-18.6	-48.5
-19.3	-50.3
-19.9	-50.7
-20.5	-51.2
-21.2	-52
-21.8	-52.5
-22.5	-52.9
-23.1	-52.9
-23.8	-53.4
-24.5	-53.8
-25.1	-54.3
-25.7	-53.8
-25.2	-49.8
-25.2	-49.8
-24.6	-47.6
-24	-45.4
-23.3	-43.2
-19.2	-29
-18.6	-29.1
-17.2	-24.6
-15.7	-20.3
-14.2	-16.5
-12.8	-13.2
-11.3	-10
-9.88	-7.34
-8.43	-5.25
-6.99	-3.56
-5.56	-2.06
-4.17	0.174
-2.82	1.54
-1.52	4.11
-0.752	6.63
-0.719	6.27
0.227	13.6
0.503	14.7
0.572	15.1
0.775	16.4
1.13	17.5
1.49	18.2
1.86	18.9
2.33	19.6
5.54	23
6.17	24.3
6.73	25.3
7.47	26.4
8.03	27.2
8.56	28.4
9.17	29.4
9.75	30.3
10.4	31
10.9	32
11.5	33.2
12.2	34.1
12.8	35
13.4	36.1
14	36.9
14.5	37.8
16	39.3
16.6	40.1
17.3	41.1
17.8	42.5
18.4	43.1
19.1	43.7
19.6	44.5
20.3	45.4
20.9	45.8
21.5	46.3
22.1	47.2
22.8	47.6
23.4	48.9
24.1	48.5
24.7	49.4
25.4	49.4
25.9	49.4
26.7	49.4
27.2	49.8
27.9	50.3
28.4	49.8
29.2	50.3
29.7	50.3
30.5	49.4
31	48.9
31.8	49.4
32.3	48
32.3	47.6
31.8	43.7
31	41.3
30.5	39.1
30	37.4
29.5	35.1
29	33.3
28.2	31.6
27.7	29.7
26.9	28
26.4	26.4
24.7	23.9
24.1	22
23.5	20.2
22.9	18.7
22.3	17.2
21.7	15.7
21.1	14.5
20.4	13.2
19.8	12
19.8	10.7
19.2	9.79
18.7	8.67
18.1	7.52
17.6	6.63
17.1	5.34
16.7	4.63
16.4	3.65
15.3	2.33
14.7	1.39
14.7	1.03
14.2	-0.345
12.5	-1.37
11.9	-2.65
11.3	-3.54
10.8	-4.54
10.1	-5.47
9.47	-6.45
8.89	-7.34
8.28	-8.18
7.62	-9.3
6.99	-9.74
6.3	-10.5
5.74	-11
5.03	-12.3
4.42	-13.5
3.76	-14.3
3.23	-14.9
2.5	-15.6
1.98	-16.5
1.38	-17.1
0.782	-17.7
-0.0427	-18.4
-0.434	-18.9
-1.01	-20
-1.66	-20.8
-2.29	-21.6
-2.92	-22.2
-3.51	-23.1
-4.11	-23.6
-5.18	-24.6
-5.89	-25.6
-6.43	-26.2
-7.06	-27
-7.75	-28.2
-8.31	-28.7
-9.02	-29.8
-9.55	-30.7
-10.2	-32.2
-11	-33.5
-11.4	-33.9
-12.1	-35.3
-12.6	-35.6
-13.3	-37
-13.9	-37.9
-14.6	-38.9
-15.4	-39.7
-16	-40.5
-16.7	-41.8
-17.3	-42.7
-18	-43.1
-18.6	-43.7
-19.2	-44.9
-19.8	-45.4
-20.4	-45.8
-21.1	-46.3
-21.7	-47.6
-22.5	-48
-23	-48.9
-23.7	-48.9
-24.3	-48.9
-25	-49.8
-25.7	-49.4
-26.4	-48.9
-26.9	-49.8
-27.7	-49.8
-28.2	-50.7
-29	-50.7
-29.7	-51.2
-30.5	-49.8
-31	-50.3
-31.5	-50.3
-32.3	-49.8
-31.8	-44.9
-30.2	-41
-29	-36.7
-28.4	-34.7
-27.7	-32.8
-27.2	-30.9
-26.4	-29.4
-25.7	-27.1
-25.2	-24
-24.6	-22.5
-24	-21.1
-23.4	-19.6
-22.7	-18.3
-22.1	-16.9
-21.4	-15.7
-20.8	-14.3
-20.2	-12
-19.4	-10.8
-18.8	-9.65
-18.3	-8.41
-17.7	-7.47
-17	-6.54
-16.4	-5.78
-15.8	-4.67
-15.1	-3.53
-14.5	-2.77
-13.9	-2.15
-13.3	-1.58
-12.6	-0.956
-12.1	-0.623
-11.4	0.0698
-10.9	0.77
-9.93	4.1
-9.3	5.12
-8.69	6.23
-8.08	7.07
-7.47	7.65
-6.71	8.41
-6.22	9.03
-5.59	9.79
-5.08	10.5
-4.57	11.7
-3.89	12.5
-3.61	13.2
-3.48	14.1
-3.25	14.5
-2.95	15.2
-2.49	15.9
0.749	17.6
1.41	18.6
2.02	19.5
2.59	20.1
3.15	21.1
3.96	22.2
4.72	23.1
5.59	24.3
6.38	25.4
7.19	26.2
8.03	27.5
8.89	28.3
9.7	29.1
10.5	30
11.3	31.4
12	32.3
12.9	33.3
13.7	34.4
14.6	35.4
15.3	36.2
16.1	36.8
16.9	37.9
18	38.2
18.8	39.1
19.6	39.9
20.4	40.4
21.4	40.7
22.1	41.4
23	41.7
23.9	42.5
24.6	42.7
25.4	43.7
26.4	43.4
27.2	43.7
27.9	43.5
29	44.5
29.7	44.2
30.5	44.9
31	44.9
32.3	43.9
31.5	40
29.7	35.7
28.4	31.7
27.9	29.8
27.2	28
26.4	25.6
25.7	23.5
24.9	20.4
24.1	18.3
23.3	16.7
22.4	14.6
21.6	13
20.9	11.2
20	9.43
19.2	7.7
18.4	6.45
17.7	4.94
17	3.57
16.5	2.47
15.1	0.316
14.3	-0.596
14.1	-1.86
13.5	-3.15
12.8	-3.99
12.1	-4.94
10.1	-7.65
9.27	-8.85
8.48	-9.7
7.62	-11.5
6.78	-12.4
5.94	-13.6
5.08	-14.5
4.24	-15.7
3.45	-16.5
2.62	-17.3
1.76	-18.1
0.993	-19
-0.0302	-20.2
-0.848	-20.9
-1.77	-22.1
-2.57	-23
-3.38	-23.8
-4.19	-24.5
-5.11	-25.5
-5.92	-26.9
-6.76	-27.5
-7.7	-28.5
-8.53	-29.8
-9.37	-30.2
-10.2	-31.8
-11	-33
-11.9	-33.5
-12.8	-34.3
-13.6	-35.4
-14.4	-36.3
-15.3	-37.3
-16.2	-38.2
-16.9	-38.9
-17.9	-40.1
-18.7	-40.7
-19.5	-41.2
-20.4	-42
-21.3	-43.1
-22.1	-43.2
-23	-43.9
-23.9	-44.4
-24.7	-44.9
-25.7	-44.9
-26.4	-45.4
-27.4	-46.3
-28.2	-45.8
-29.2	-46.7
-30	-46.3
-31	-46.7
-31.8	-47.2
-32.3	-46.3
-31.5	-41.4
-30.5	-37.4
-29.5	-34.6
-27.9	-29.1
-26.9	-26.6
-26.2	-24.5
-25.3	-21.8
-24.5	-19.8
-23.7	-18
-22.8	-15.7
-21.9	-13.9
-21.1	-12.3
-20.3	-10.5
-19.4	-9.03
-18.6	-7.74
-17.7	-5.96
-16.9	-4.76
-16.1	-3.65
-15.2	-2.25
-14.4	-1.3
-13.6	-0.352
-12.7	2.11
-11.9	3.39
-11.1	4.06
-10.2	5.34
-9.35	6.45
-8.56	7.52
-7.67	9.07
-6.81	10.1
-6.05	10.9
-5.03	12
-4.34	12.8
-3.61	13.8
-2.45	15
-1.67	16.3
-0.864	17
0.0101	17.9
0.836	19.2
1.63	20
2.62	21.2
3.43	22.2
4.22	23.1
5.13	23.8
5.89	24.8
6.68	25.8
7.65	26.5
8.51	27.4
9.25	28.3
10.2	28.9
11	29.8
11.8	30.8
12.8	31.7
13.6	32.4
14.4	33
15.3	34.3
16.1	34.8
16.9	35.8
17.9	36.2
18.7	36.8
19.5	37.5
20.3	38.2
21.2	38.5
22	39.4
22.9	39.3
23.7	40.3
24.6	40.3
25.4	40.5
26.2	41.5
27.2	41.1
27.9	41.3
28.7	41.5
29.5	41.9
30.5	41.5
31.5	42
32.3	42
33	41.7
34	41.4
34.8	42
35.6	41.4
36.6	41.5
37.3	41.6
38.1	40.7
38.4	38.2
37.6	35.2
36.6	32.4
35.6	29
33.8	24.2
33.3	22.1
32.3	19.8
31.5	17.7
30.5	15.2
29.7	13.1
29	11.3
27.9	9.12
27.2	7.52
26.4	6.23
25.4	4.49
24.6	2.97
23.9	1.83
22.8	0.423
22	-0.81
21.3	-1.79
20.2	-3.26
19.3	-4.49
18.6	-5.6
17.7	-6.89
16.9	-8.14
16.2	-8.81
15.2	-10.1
14.4	-11.1
13.6	-11.6
12.7	-13.2
11.9	-14.3
11.1	-14.9
10.3	-15.6
9.45	-16.5
8.61	-16.8
7.54	-18
6.68	-19
5.84	-19.8
5	-20.4
4.14	-21.3
3.3	-21.8
2.49	-22.5
1.65	-23.8
0.808	-24.2
0.0528	-24.8
-0.767	-25.7
-1.64	-26.8
-2.57	-27.3
-3.4	-27.8
-4.22	-28.5
-5.11	-29.3
-5.94	-30.5
-6.76	-31.4
-7.67	-31.8
-8.46	-32.1
-9.25	-33.4
-10.2	-34.1
-11	-34.5
-11.8	-35.8
-12.8	-36.3
-13.6	-37.4
-14.4	-37.2
-15.3	-37.9
-16.1	-38.5
-17	-39.5
-17.8	-39.6
-18.6	-40.7
-19.6	-40.7
-20.4	-41.7
-21.4	-41.9
-22.1	-41.9
-23.1	-42.3
-24	-43.3
-24.9	-43.2
-25.7	-42.9
-26.7	-43.7
-27.4	-43.8
-28.4	-45.4
-29.5	-43.9
-30.2	-44.1
-31.2	-43.9
-32	-44.9
-32.8	-43.9
-33.8	-44.2
-34.8	-43.9
-35.6	-43.4
-36.6	-43.7
-37.3	-43.1
-38.4	-43.4
-39.1	-43
-38.4	-37.5
-37.6	-34.8
-35.6	-30.1
-34.5	-27.4
-33.8	-25.4
-33	-23
-32	-21
-31.2	-19.2
-30.2	-15.9
-29.5	-14.1
-28.4	-12.5
-27.7	-10.5
-26.7	-8.94
-25.9	-7.56
-25.2	-6.18
-24.3	-4.94
-23.5	-3.61
-22.7	-2.07
-21.8	-0.947
-21	0.173
-20.1	1.52
-19.2	2.66
-18.4	3.52
-17.6	5.03
-16.7	6.05
-15.9	7.25
-15.1	8.14
-14.2	9.47
-13.5	10.2
-12.6	11.4
-11.8	12.6
-11.2	12.6
-10.2	13.9
-9.32	14.9
-8.59	15.7
-7.54	16.1
-6.71	17.1
-5.82	17.8
-5.08	18.8
-3.91	19.6
-3.33	20.2
-2.62	20.9
-1.79	21.8
-1.03	22.2
0.00754	22.8
0.775	23.6
1.69	24.3
2.64	24.7
3.3	25.7
4.11	25.8
5.08	26.4
5.13	26.2
5.89	27.4
6.68	27.8
7.7	28.2
8.41	28.9
9.3	29.8
10.2	29.9
11	30.7
11.9	31.3
12.7	31.4
13.5	32.3
14.3	32.6
15.2	32.7
16.1	33.7
16.9	33.7
17.9	34.1
18.7	34.5
19.6	34.9
20.3	35.1
21.4	35.7
22	36.1
23	35.8
23.8	36.7
24.6	36.2
25.4	36.8
26.4	37.2
27.2	37.3
27.9	37.5
28.7	37.7
29.7	37.8
30.5	37.7
31.2	38
32.3	37.8
33.3	37.1
34	38.1
34.8	38.1
35.8	37.5
36.6	37.9
37.3	37.8
38.1	37
37.3	30.5
36.6	27.9
35.8	25.3
35.6	24.2
34.8	21.9
34	20
33	17.3
32.3	15
31.5	13.4
29.7	9.03
27.9	5.83
27.2	4.63
26.4	2.98
25.3	1.56
24.6	-0.014
23.6	-1.56
23.2	-2.26
22.8	-3.53
22.3	-4.49
20.2	-6.27
19.4	-7.34
18.7	-8.59
17.8	-9.47
16.9	-10.6
16.1	-11.4
15.3	-12.3
14.5	-13.3
13.6	-13.7
12.9	-14.1
12	-15.1
11.4	-17.1
10.8	-17.9
10.2	-18.4
9.25	-19.5
7.59	-21
6.71	-21.9
5.82	-22.6
5.03	-23
4.01	-24.1
3.18	-24.2
2.53	-25.1
1.57	-26
0.808	-26.7
0.121	-27
-0.737	-27.9
-1.65	-28.3
-2.57	-29.2
-3.53	-30.1
-4.24	-30.5
-5.11	-30.8
-5.99	-31.7
-7.67	-32.8
-8.59	-32.5
-9.4	-33.2
-10.3	-34.4
-11.1	-35.1
-11.9	-35.5
-12.8	-35.9
-13.8	-36.5
-15.4	-36.8
-16.2	-37.2
-17.9	-38.2
-20.1	-38.5
-20.6	-38.6
-21.4	-39.2
-22.4	-39.5
-23.2	-39.5
-24.1	-39.9
-25	-40
-25.9	-39.6
-26.7	-40.1
-27.7	-40.1
-28.4	-39.8
-29.5	-39
-30.2	-39.3
-31.2	-37.1
-32	-37.5
-33	-36.1
-34	-35.8
-35.6	-35
-36.8	-34.4
-37.8	-34.1
-38.6	-32.5
-39.4	-32.4
-39.4	-30.2
-39.4	-28.5
-38.4	-24.5
-35.6	-20.3
-34.3	-16.5
-33	-13.8
-30.7	-8.63
-29	-6.32
-27.9	-2.66
-26.7	-0.332
-25.3	1.25
-24.1	2.76
-24.1	3.39
-22.7	5.74
-21.6	7.21
-20.3	8.36
-18.9	10.2
-17.8	11.7
-16.6	12.6
-15.4	13.7
-14.9	14.8
-12.8	16.1
-12.1	17
-10.2	18.4
-9.02	19.3
-7.65	20.2
-6.4	21.2
-5.18	21.7
-3.91	22.6
-3.86	22.7
-2.64	23.5
-1.44	24.1
-0.189	23.7
1.4	25.5
2.64	26.4
3.71	26.6
5.31	27.3
6.43	28
7.57	28.5
8.99	29
10.1	29.4
11.4	29.5
12.6	30
13.9	30.4
15.2	30.7
16.3	31.3
17.6	31.5
18.8	31.8
20.1	32.1
21.6	31.7
22.9	32.6
24.2	32.5
25.3	32.6
25.7	32.4
27.2	32.4
28.2	33
29.5	33
30.5	32.5
32	32.1
33.3	32.4
35.8	31
37.1	30.3
38.4	30.7
39.9	29.4
41.1	27.4
43.7	26.2
44.2	26.5
