"""Matamoros et. al 1999 Specimen c5-00 North"""	
1955	
-0.027686	0.023753503
-0.0226568	0.032205124
-0.0201422	0.02268593
-0.0226568	0.023753503
0.015113	-0.047151149
0.13081	2.081767709
0.254	3.540784394
0.3683	5.293383704
0.62992	5.916134728
0.81788	7.473012288
1.06426	8.8964432
1.26238	10.18642746
1.47574	12.41053826
1.96088	14.41223798
2.54	18.10426191
3.1242	21.3959459
3.8862	26.24450744
4.4704	29.7586025
5.1816	33.49510865
5.7658	36.56438155
6.4516	39.01090343
7.0612	41.54638974
7.6962	44.92703816
8.3312	47.59597112
8.9916	49.82008192
9.652	52.48901488
10.287	53.82348136
10.3124	53.3786592
10.9474	55.60277
11.6078	56.04759216
12.2936	56.93723648
12.954	57.38205864
12.2174	48.48561544
11.6332	44.34876935
10.9474	39.32227894
10.3632	35.14095064
9.8044	31.31548006
9.017	26.02209636
8.4328	22.37455465
7.747	18.01529748
7.0866	14.36775577
6.3246	10.40883854
5.7912	6.939225696
5.1308	3.647541712
4.8768	1.75259931
4.5466	0.064054391
4.318	-0.369202393
4.0132	-1.232157383
3.7846	-2.219662578
3.5306	-2.869102932
3.2766	-3.656438155
3.2766	-3.736506144
3.2766	-3.86550457
3.048	-4.67063268
2.8194	-5.471312568
2.5654	-6.44992132
1.83134	-8.985407632
1.20904	-11.3874473
0.5715	-13.78948696
0.0100584	-16.32497327
-0.61722	-18.6380485
-1.2827	-21.35146368
-2.0701	-24.86555874
-2.6416	-27.04518733
-3.2512	-29.84756694
-3.8354	-32.33857103
-4.445	-35.05198621
-5.2578	-37.63195474
-5.8928	-40.0339944
-6.4516	-42.61396293
-7.0612	-45.37186032
-7.747	-46.7063268
-8.4074	-48.04079328
-9.0678	-49.82008192
-9.6774	-51.59937056
-10.3124	-52.48901488
-10.9474	-52.93383704
-11.5824	-54.71312568
-12.2936	-55.60277
-12.8524	-56.04759216
-12.1158	-47.59597112
-11.557	-42.08017634
-10.922	-37.98781246
-10.2108	-33.40614422
-9.5758	-29.49170921
-8.9408	-24.86555874
-8.382	-21.44042811
-7.7216	-18.01529748
-6.985	-14.50120242
-6.4262	-11.43192951
-5.7404	-8.629549904
-5.1308	-6.316474672
-5.1308	-6.538885752
-4.5466	-4.36370539
-3.8862	-1.91718351
-3.2258	-0.282462072
-2.4765	1.708117094
-2.10312	2.842413602
-1.28778	4.492703816
-0.71628	5.960616944
-0.183896	7.33956564
0.64516	8.762996552
1.32334	10.89814292
2.06248	13.21121815
2.5654	14.90154236
3.2258	17.08117094
3.8354	19.1718351
4.4704	21.44042811
5.1054	23.97591442
5.7658	26.4224363
6.4262	29.1803337
7.0358	31.67133779
7.747	34.4737174
8.3566	36.9647215
8.9662	39.90054775
9.7536	42.83637401
10.3378	44.92703816
10.9982	48.04079328
11.557	50.26490408
12.192	52.48901488
12.8524	54.26830352
5.1054	8.00679888
4.5212	5.78268808
3.8354	3.496302178
3.5052	2.233007243
3.1242	1.69477243
2.53238	-0.015924633
1.91516	-1.036435633
1.2954	-2.08621593
0.65532	-3.238305325
-0.00251714	-4.537186032
-0.62738	-5.871652512
-1.26492	-7.56197672
-1.94056	-9.296783144
-2.6162	-11.34296508
-3.3528	-13.6115581
-3.8862	-15.52429338
-4.5212	-17.88185083
-5.1308	-20.32837271
-5.6896	-22.46351908
-6.4516	-25.3103809
-7.0866	-28.77999375
-7.6962	-31.22651563
-8.2804	-33.76200194
-9.0932	-36.92023928
-9.6774	-39.94502997
-10.287	-42.43603406
-10.922	-45.37186032
-11.557	-48.9304376
-12.1412	-51.59937056
-12.8524	-53.82348136
-12.2682	-47.15114896
-11.5316	-41.67983639
-10.9728	-37.67643695
-10.2362	-32.5164999
-9.6774	-29.04688705
-9.0932	-25.79968528
-8.5344	-23.0862701
-7.747	-18.23770856
-7.112	-15.47981117
-6.477	-12.58846713
-5.8166	-9.919534168
-5.1562	-7.250601208
-4.572	-5.382348136
-3.8608	-3.149340893
-3.2258	-1.521291787
-2.54	-0.086740321
-1.96596	0.991953417
-1.30048	2.206317914
-0.635	3.220512438
0.015113	4.4482216
0.63754	5.738205864
1.27	7.295083424
1.94056	8.940925416
2.54	10.80917849
3.1496	12.4995027
3.8608	14.90154236
4.5212	17.03668873
5.1308	19.48321061
5.7912	21.84076806
6.4262	24.33177215
7.1374	27.17863398
7.6962	29.58067364
8.3058	32.11615995
8.9916	35.3188795
9.6266	38.34367019
10.2362	40.8791565
10.8458	43.72601833
11.5824	46.7063268
12.2174	49.82008192
12.8524	52.48901488
13.462	54.26830352
14.1224	55.60277
14.732	56.04759216
15.367	56.49241432
16.0528	56.93723648
16.7132	57.8268808
17.3736	58.27170296
18.034	58.71652512
18.6944	59.16134728
19.3802	58.71652512
18.5674	50.26490408
18.0086	46.26150464
17.399	42.43603406
16.6878	37.72091917
16.0528	34.25130632
15.3924	30.0254958
14.7828	26.77829403
14.1478	23.21971675
13.4874	19.92803277
12.8016	16.63634878
12.2428	14.14534469
11.557	11.29848286
10.9982	9.11885428
10.287	6.761296832
9.779	5.293383704
9.017	2.704518733
8.2804	1.245502048
7.6454	-0.175704753
7.0358	-0.983056974
6.4262	-1.961665726
5.715	-2.931378034
5.1054	-3.874401014
4.5212	-4.537186032
3.8862	-6.00509916
3.2512	-7.11715456
2.54	-8.718514336
1.95326	-10.09746303
1.26746	-11.43192951
0.635	-13.47811145
0.050292	-14.90154236
-0.57912	-16.680831
-1.19634	-18.28219078
-2.01168	-19.97251498
-2.6162	-21.92973249
-3.2512	-23.79798556
-3.8354	-25.62175642
-4.5212	-27.44552727
-5.207	-29.44722699
-5.842	-31.27099785
-6.4262	-33.49510865
-7.0612	-35.40784394
-7.6708	-37.00920371
-8.3058	-39.09986786
-9.0424	-41.50190753
-9.7028	-43.99291162
-10.2616	-45.81668248
-10.8458	-48.04079328
-11.5062	-49.82008192
-12.2936	-52.04419272
-12.9286	-53.3786592
-13.6144	-54.26830352
-14.2748	-54.26830352
-14.9606	-55.15794784
-15.621	-55.15794784
-16.2814	-55.60277
-16.9926	-56.04759216
-17.6276	-56.49241432
-18.3134	-56.93723648
-18.9738	-57.38205864
-19.6088	-57.38205864
-18.669	-48.9304376
-17.9832	-44.482216
-17.399	-41.19053202
-16.764	-36.83127485
-16.2052	-33.71751973
-15.5956	-30.78169347
-15.0114	-28.15724273
-14.1478	-23.53109226
-13.5382	-20.81767709
-12.8524	-17.83736862
-12.2428	-15.70222225
-11.5062	-12.72191378
-10.922	-10.31987411
-10.2362	-8.22920996
-9.652	-6.316474672
-9.0678	-4.332567838
-8.4074	-2.682277625
-7.747	-1.258846713
-7.4676	-1.014194525
-7.4676	-1.014194525
-7.4676	-0.983056974
-7.493	-1.018642746
-7.3406	-1.330018258
-7.3406	-1.285536042
-7.3406	-1.312225372
-7.4168	-1.44567202
-7.4168	-1.436775577
-6.223	0.840713882
-5.3848	1.717013538
-5.1562	2.784586722
-4.4704	3.616404161
-3.8608	4.715114896
-3.0734	5.871652512
-2.52222	6.983707912
-1.88722	7.962316664
-1.27762	9.207818712
-0.635	10.2753919
0.035306	11.07607178
0.635	12.81087821
1.30302	14.1898269
1.91516	15.61325782
2.5654	17.21461759
3.2258	18.6380485
3.8862	20.19492606
4.5466	21.84076806
5.1816	23.30868118
5.8166	24.86555874
6.5024	26.64484738
7.1374	28.20172494
7.8232	29.84756694
8.4836	31.35996228
9.1186	33.22821535
9.779	34.91853956
10.414	36.38645269
11.0236	37.8098836
11.6586	39.63365446
12.3444	41.36846088
12.954	42.92533844
13.589	44.482216
14.224	46.26150464
14.8336	48.04079328
15.4686	48.9304376
16.0528	50.70972624
16.7132	52.04419272
17.3482	53.3786592
17.9578	53.82348136
18.6182	55.15794784
19.304	55.60277
18.6436	48.9304376
17.9324	43.72601833
17.3482	40.16744105
16.764	36.87575706
16.1544	33.76200194
15.367	29.66963807
14.7828	26.9562229
14.1732	24.1983255
13.5128	20.95112374
12.8524	17.97081526
12.2428	15.61325782
11.557	12.98880707
10.9728	10.89814292
10.1346	8.45162104
9.5758	6.761296832
8.9916	4.715114896
8.4328	3.273891098
7.7216	1.774840418
7.1374	0.765094115
6.477	-0.081402455
5.715	-0.947471201
5.0292	-1.819322634
4.4196	-2.41983255
3.7846	-3.189374887
3.0988	-3.981158332
2.5273	-4.804079328
1.90754	-5.649241432
1.27508	-6.939225696
0.64262	-7.917834448
0	-8.718514336
-0.66294	-9.919534168
-1.24968	-11.20951843
-1.92786	-12.58846713
-2.5654	-13.96741582
-3.2258	-15.43532895
-3.8354	-16.9477243
-4.4704	-18.37115521
-5.08	-20.06147942
-5.6388	-21.35146368
-6.5278	-23.30868118
-7.1374	-25.08796982
-7.7978	-26.77829403
-8.4328	-28.55758267
-9.0424	-30.15894245
-9.652	-31.89374887
-10.287	-33.85096638
-10.922	-35.5857728
-11.5062	-37.5429903
-12.1412	-39.1888323
-12.7762	-41.19053202
-13.4112	-42.79189179
-14.0462	-44.482216
-14.6812	-46.7063268
-15.3162	-48.04079328
-15.9512	-49.37525976
-16.5608	-51.1545484
-17.2212	-52.48901488
-17.8816	-53.82348136
-18.5166	-54.71312568
-19.1008	-55.60277
-18.3896	-48.48561544
-17.78	-43.72601833
-17.1704	-40.25640548
-16.5862	-36.51989934
-15.9512	-33.49510865
-15.1638	-29.40274478
-14.605	-26.9562229
-13.9954	-23.57557448
-13.3604	-20.72871266
-12.6492	-17.92633305
-12.065	-15.07947122
-11.4554	-12.85536042
-10.7696	-10.2753919
-10.033	-8.00679888
-9.4234	-6.094063592
-8.8392	-4.430428714
-8.2804	-2.851310046
-7.5692	-1.516843566
-6.9596	-0.613854581
-6.3754	0.240203966
-5.7658	1.13874473
-5.08	1.903838845
-4.445	2.637795409
-3.81	3.434027075
-3.2258	3.923331451
-2.52984	4.759597112
-1.8542	5.827170296
-1.28524	6.6723324
-0.5461	7.56197672
0.0251714	8.585067688
0.635	9.78608752
1.36144	10.98710735
1.97612	12.09916275
2.6162	13.65604031
3.2258	14.90154236
3.8862	16.14704441
4.5212	17.74840418
5.2578	19.12735288
5.8166	20.72871266
6.477	22.15214357
7.1628	23.70902113
7.8232	25.39934534
8.4328	26.9562229
8.89	28.29068938
9.5504	30.06997802
10.1854	31.80478444
10.8204	33.27269757
11.4554	35.27439729
12.0904	36.83127485
12.7	38.52159906
13.335	40.16744105
13.97	41.9912119
14.605	43.59257168
15.24	45.37186032
15.8242	46.7063268
16.4846	48.9304376
17.0688	50.26490408
17.7038	51.59937056
18.415	52.93383704
19.1008	54.26830352
20.1676	55.60277
20.3962	55.60277
20.9804	56.04759216
21.6408	56.49241432
22.3266	56.93723648
22.9616	56.93723648
23.6728	57.38205864
24.3586	57.38205864
24.8412	57.8268808
25.654	57.8268808
24.7396	50.26490408
24.1046	46.26150464
23.5204	42.96982066
22.9108	38.96642122
22.3266	35.89714831
21.6154	32.2496066
20.955	29.31378034
20.3962	26.73381182
19.7866	24.1983255
19.1008	21.1290526
18.5166	18.94942402
17.7546	16.23600884
17.1704	13.30018258
16.5608	11.34296508
15.9766	9.519194224
15.2908	7.250601208
14.6812	5.693723648
13.97	3.856608127
13.3858	2.579968528
12.7	1.312225372
12.0904	0.322496066
11.4554	-0.484856154
10.8204	-1.103158957
10.16	-1.970562169
9.5504	-2.553279198
8.9154	-3.180478444
8.2804	-3.896642122
7.62	-4.67063268
6.9596	-5.293383704
6.3246	-6.138545808
5.6642	-6.89474348
5.0546	-7.739905584
4.3942	-8.585067688
3.7592	-9.474712008
3.1242	-10.36435633
2.51968	-11.3874473
1.88214	-12.54398491
1.24714	-13.56707588
0.59944	-14.76809571
0	-15.5687756
-0.61976	-16.9477243
-1.27508	-18.14874413
-1.91516	-19.48321061
-2.53238	-20.63974822
-3.1242	-21.84076806
-3.7592	-23.44212783
-4.445	-24.68762988
-5.0546	-25.97761414
-5.715	-27.57897392
-6.3246	-28.82447597
-6.9596	-30.20342466
-7.62	-31.58237336
-8.255	-32.87235762
-8.9408	-34.42923518
-9.5504	-35.89714831
-10.16	-37.14265036
-10.8204	-38.61056349
-11.4554	-39.81158332
-12.0904	-41.81328304
-12.7	-42.96982066
-13.3096	-44.2153227
-14.0208	-45.81668248
-14.6304	-46.7063268
-15.2908	-48.04079328
-15.9004	-49.37525976
-16.51	-50.70972624
-17.1958	-52.04419272
-17.8308	-52.93383704
-18.415	-53.82348136
-19.1008	-54.26830352
-19.7104	-55.15794784
-20.3962	-55.60277
-21.082	-55.60277
-21.8186	-56.04759216
-22.2758	-56.04759216
-22.9616	-56.49241432
-23.6982	-56.93723648
-24.2824	-56.93723648
-24.8158	-57.38205864
-25.4	-57.38205864
-24.7904	-50.26490408
-24.1554	-46.7063268
-23.5458	-43.05878509
-22.86	-39.50020781
-22.2504	-36.25300604
-21.59	-32.78339319
-21.0058	-30.15894245
-20.3708	-27.57897392
-19.6596	-24.33177215
-19.1008	-21.92973249
-18.4658	-19.43872839
-17.8562	-17.17013538
-17.0688	-14.50120242
-16.4592	-12.18812718
-15.9004	-10.23090968
-15.2908	-8.496103256
-14.7066	-6.6723324
-14.097	-5.11545484
-13.335	-3.220512438
-12.7	-1.899390623
-12.0904	-1.058676741
-11.4046	-0.161915266
-10.795	0.520441927
-10.16	1.245502048
-9.5504	1.97501039
-8.8646	2.691174068
-8.255	3.380648416
-7.6708	3.80767769
-7.0866	4.345912503
-6.35	5.204419272
-5.715	5.916134728
-5.1054	6.271992456
-4.445	6.983707912
-3.8354	7.695423368
-3.175	8.45162104
-2.5146	9.474712008
-1.88214	10.45332076
-1.23698	11.16503622
-0.62738	11.9657161
0.0100584	12.89984264
0.68072	14.14534469
1.32334	14.94602458
1.98374	15.96911554
2.6162	17.08117094
3.3274	18.19322634
3.8862	19.08287066
4.5974	20.32837271
5.08	21.35146368
5.7404	22.5080013
6.4262	23.70902113
7.0866	24.86555874
7.7724	26.02209636
8.4328	27.17863398
8.8392	28.15724273
9.4742	29.44722699
10.1092	30.47031796
10.7188	32.02719552
11.4046	33.27269757
12.0904	34.25130632
12.7	35.67473723
13.335	36.83127485
13.9954	37.8098836
14.6558	39.14435008
15.2654	40.43433434
15.875	41.36846088
16.5608	42.74740958
17.1704	43.6370539
17.8562	44.92703816
18.4912	46.26150464
19.1262	47.15114896
19.7866	48.04079328
20.4216	48.9304376
21.082	49.82008192
21.7424	51.1545484
22.2758	52.04419272
22.9108	52.93383704
23.5712	53.3786592
24.2316	54.26830352
24.8666	54.71312568
25.654	54.71312568
24.7396	48.04079328
24.1046	44.30428714
23.495	40.83467429
22.8854	37.72091917
22.2758	34.4737174
21.6408	31.58237336
21.0058	28.95792262
20.3454	26.55588295
19.7358	23.39764562
19.0754	20.77319487
18.4912	18.68253072
17.8054	16.4139377
17.1958	13.6115581
16.51	11.47641173
15.9258	9.56367644
15.1638	7.517494504
14.605	5.738205864
14.0208	4.314774952
13.3096	2.882447597
12.7254	1.6680831
12.065	0.689474348
11.4808	0.04314775
10.8458	-0.507097262
10.16	-1.192123389
9.4742	-1.912735288
8.8646	-2.44652188
8.2042	-2.909136926
7.5184	-3.278339319
6.7056	-3.923331451
6.1976	-4.434876935
5.4864	-4.937525976
4.8768	-5.515794784
4.5212	-5.960616944
3.2004	-7.695423368
2.54	-8.362656608
1.92278	-9.163336496
1.27508	-10.0084986
0.64516	-11.07607178
0.040386	-11.60985838
-0.5715	-12.67743156
-1.23952	-13.65604031
-1.89484	-14.54568463
-2.5146	-15.3018823
-3.175	-16.32497327
-4.445	-18.32667299
-5.0546	-19.39424618
-5.715	-20.37285493
-6.3754	-21.66283919
-7.0358	-22.55248351
-7.6962	-23.75350334
-8.3058	-24.77659431
-8.9662	-25.97761414
-9.6012	-27.31208062
-10.2108	-28.29068938
-10.8204	-29.7586025
-11.4554	-30.73721126
-12.065	-32.02719552
-12.7254	-33.49510865
-13.3858	-34.60716405
-14.0208	-35.54129058
-14.6558	-36.87575706
-15.3162	-38.29918798
-15.9512	-39.27779673
-16.5862	-40.34536991
-17.2212	-41.59087196
-17.8816	-42.92533844
-18.5166	-44.12635827
-19.2024	-44.92703816
-19.8628	-45.81668248
-20.2946	-47.15114896
-20.9804	-48.48561544
-21.6408	-49.37525976
-22.3266	-49.82008192
-22.9362	-50.70972624
-23.6728	-51.59937056
-24.13	-52.48901488
-24.8158	-53.3786592
-25.4	-53.82348136
-24.7396	-47.15114896
-24.13	-42.65844514
-23.495	-39.63365446
-22.9108	-36.47541712
-22.2504	-33.45062643
-21.6154	-30.24790688
-20.9804	-27.31208062
-20.3962	-24.99900539
-19.6088	-21.92973249
-19.0246	-19.39424618
-18.415	-17.34806424
-17.8308	-14.76809571
-17.2212	-12.36605605
-16.5354	-10.40883854
-15.9258	-8.496103256
-15.2654	-6.716814616
-14.6558	-5.159937056
-13.97	-3.482957513
-13.4112	-2.241903686
-12.7	-1.281087821
-12.0904	-0.515993706
-11.43	0.241093611
-10.7696	0.773990558
-10.1346	1.370052253
-9.525	1.903838845
-8.9154	2.388694999
-8.3312	2.740104506
-7.5946	3.287235762
-6.985	3.874401014
-6.3246	4.626150464
-5.7404	5.204419272
-5.1054	5.871652512
-4.4704	5.916134728
-3.7846	6.538885752
-3.2004	7.295083424
-2.54	8.00679888
-1.92786	8.8964432
-1.2827	9.652640872
-0.65532	10.54228519
-0.0050292	11.20951843
0.64262	12.45502048
1.29286	13.16673594
1.93294	13.96741582
2.5908	14.94602458
3.2766	15.88015111
3.937	16.680831
4.5974	17.70392197
5.1308	18.41563742
5.8166	19.43872839
6.4008	20.0169972
7.1374	21.30698146
7.62	22.19662578
8.3058	23.21971675
8.9662	24.28728994
9.652	25.5772742
10.1854	26.46691852
10.8204	27.5344917
11.5062	28.55758267
12.1666	29.62515586
12.8016	30.73721126
13.3604	32.11615995
13.9954	33.00580427
14.6304	34.2068241
15.2654	35.3188795
15.875	36.60886377
16.5354	37.85436582
17.1704	38.921939
17.78	40.12295883
18.4404	41.23501423
19.1008	42.12465855
19.7358	43.19223174
20.3708	44.39325157
21.0312	45.81668248
21.6916	46.7063268
22.3266	47.59597112
22.9108	48.48561544
23.5712	49.37525976
24.257	50.26490408
24.765	50.70972624
25.4	51.59937056
26.162	52.04419272
26.67	52.93383704
27.432	53.3786592
27.94	53.82348136
28.702	54.26830352
29.21	54.26830352
29.972	55.15794784
30.48	56.04759216
31.242	56.04759216
31.75	56.49241432
31.242	49.82008192
30.48	45.37186032
29.972	42.12465855
29.21	38.43263462
28.448	35.3188795
27.94	32.69442876
27.432	29.80308472
26.67	26.82277625
26.162	24.33177215
25.4	21.61835698
24.7904	18.94942402
24.1554	16.680831
23.5204	14.67913128
22.9108	12.67743156
22.225	10.49780298
21.6154	8.540585472
20.9804	6.89474348
20.32	5.515794784
19.685	4.00339944
19.1262	2.775690278
18.4404	1.58356689
17.7546	0.947471201
17.1704	0.024064879
16.51	-0.511545484
15.9258	-1.205468054
15.2654	-2.059526601
14.6558	-2.673381182
13.97	-2.611106079
13.3858	-3.064824682
12.7508	-3.603059496
12.0904	-4.22581052
11.4554	-4.848561544
10.7696	-5.560277
10.2108	-6.271992456
9.5504	-6.983707912
8.9408	-7.473012288
8.255	-8.140245528
7.5946	-8.540585472
6.9088	-9.074372064
6.2484	-9.56367644
5.6896	-10.05298082
5.0292	-10.63124962
4.3942	-11.34296508
3.7338	-12.09916275
3.0988	-12.72191378
2.6416	-13.16673594
1.88214	-13.96741582
1.28778	-14.67913128
0.62484	-15.47981117
0.0075438	-15.79118668
-0.62484	-16.85875986
-1.31064	-17.61495754
-1.97358	-18.10426191
-2.6162	-19.08287066
-3.2512	-19.92803277
-3.7846	-20.59526601
-4.4196	-21.21801703
-5.2324	-21.84076806
-6.1976	-23.21971675
-6.477	-23.6200567
-6.985	-24.55418323
-7.6454	-25.26589869
-8.3058	-26.02209636
-8.9662	-27.08966954
-9.6012	-27.75690278
-10.1854	-28.6465471
-10.795	-29.7586025
-11.43	-30.78169347
-12.0904	-31.62685558
-12.7254	-32.60546433
-13.4112	-33.40614422
-14.0208	-34.60716405
-14.6812	-35.63025502
-15.3416	-36.38645269
-15.9512	-37.72091917
-16.5862	-38.56608127
-17.1704	-39.50020781
-17.8308	-40.34536991
-18.5166	-41.45742531
-19.1008	-42.34706963
-19.812	-43.19223174
-20.3708	-44.39325157
-21.082	-44.92703816
-21.6916	-46.26150464
-22.4536	-47.15114896
-23.0632	-48.04079328
-23.7744	-48.48561544
-24.384	-48.9304376
-25.1206	-49.82008192
-25.654	-50.70972624
-26.416	-50.26490408
-27.178	-52.04419272
-27.686	-52.93383704
-28.448	-52.93383704
-29.21	-53.82348136
-29.718	-54.26830352
-30.734	-54.71312568
-31.242	-55.15794784
-32.258	-56.04759216
-32.766	-55.60277
-30.988	-45.37186032
-30.226	-42.74740958
-29.718	-38.83297457
-28.956	-35.80818388
-28.448	-32.91683984
-27.686	-30.0254958
-27.178	-26.86725846
-26.67	-24.37625437
-25.908	-21.70732141
-25.4	-19.48321061
-24.8158	-17.5259931
-24.13	-14.76809571
-23.5204	-12.76639599
-22.7076	-10.40883854
-22.098	-8.496103256
-21.5138	-7.072672344
-20.9296	-5.560277
-20.2946	-4.092363872
-19.685	-2.824620716
-19.1262	-1.912735288
-18.3642	-0.991953417
-17.7038	-0.110315896
-17.0688	0.424805163
-16.383	1.018642746
-15.9004	1.338914702
-15.1638	1.823770856
-14.6812	2.19742147
-13.97	2.606657858
-13.3858	3.042583574
-12.6492	3.358407308
-12.0142	3.856608127
-11.3284	4.345912503
-10.7188	4.804079328
-10.0838	5.382348136
-9.398	6.00509916
-8.7884	6.939225696
-8.128	7.56197672
-7.4676	8.095763312
-6.858	8.095763312
-6.1722	8.496103256
-5.5626	8.985407632
-4.9276	9.430229792
-4.2926	10.05298082
-3.6322	10.80917849
-2.9972	11.43192951
-2.39014	12.09916275
-1.71196	12.72191378
-1.15062	13.56707588
-0.48768	14.1898269
0.201422	14.99050679
0.84582	15.79118668
1.4732	16.54738435
2.11582	17.08117094
2.8448	17.65943975
3.5052	18.46011964
4.2164	19.03838845
4.8768	19.70562169
5.588	20.37285493
6.1468	20.81767709
6.4008	21.66283919
7.2136	22.19662578
7.874	22.86385902
8.5344	23.53109226
9.2456	24.4652188
10.0076	25.17693426
10.5664	25.62175642
11.2268	26.37795409
11.6078	26.64484738
12.319	27.84586722
12.9032	28.46861824
13.589	29.26929813
13.97	29.7586025
14.6304	30.73721126
15.2908	31.49340893
15.9004	31.80478444
16.637	32.56098211
17.2974	34.02889524
17.8562	34.34027075
18.542	35.71921945
19.2278	36.78679263
19.8374	37.32057922
20.5232	37.94333025
21.1836	39.05538565
21.8694	39.98951218
22.5044	40.74570986
23.114	41.72431861
23.7998	42.2581052
24.4348	43.01430287
25.1968	43.90394719
25.908	44.25980492
26.67	45.37186032
27.178	46.26150464
27.686	46.26150464
28.448	47.15114896
28.956	47.59597112
29.718	48.9304376
30.226	48.48561544
30.988	49.82008192
31.496	49.82008192
31.75	43.72601833
30.734	38.87745678
29.972	35.80818388
29.464	33.27269757
28.702	29.89204915
28.194	27.13415176
27.686	24.91004096
26.924	22.55248351
26.162	18.94942402
25.654	16.90324208
24.9174	14.94602458
24.257	12.94432486
23.6728	10.72021406
23.0378	8.718514336
22.3266	7.206118992
21.7424	5.693723648
21.1074	4.31032673
20.2946	3.033687131
19.7104	2.241903686
19.0246	1.450120242
18.3388	0.880747877
17.78	0.381657413
16.4846	-0.219297325
15.8496	-0.631647467
15.1892	-1.089814292
14.5796	-1.663634878
13.97	-2.126249925
13.2842	-2.677829403
12.6492	-2.931378034
11.9634	-3.371751973
11.3792	-3.789884803
10.7696	-4.096812094
10.16	-4.394842941
9.525	-4.89304376
8.8392	-5.560277
8.255	-6.138545808
7.6454	-6.983707912
7.0104	-7.650941152
6.35	-8.318174392
5.6642	-8.985407632
5.08	-9.519194224
4.4704	-9.964016384
3.8354	-10.63124962
3.175	-11.3874473
2.50698	-12.01019832
1.89484	-12.4995027
1.27254	-13.3446648
0.61976	-13.96741582
-0.0125984	-14.4567202
-0.68072	-15.12395344
-1.28524	-15.79118668
-1.93548	-16.4139377
-2.5654	-16.85875986
-3.2512	-17.65943975
-3.8354	-18.23770856
-4.4958	-18.9049418
-5.08	-19.39424618
-5.7658	-19.92803277
-6.4008	-20.99560595
-7.0358	-21.57387476
-7.6454	-22.01869692
-8.3312	-22.68593016
-8.9154	-23.30868118
-9.5758	-24.06487886
-10.1346	-24.37625437
-10.795	-25.04348761
-11.4808	-25.97761414
-12.0904	-26.64484738
-12.7	-27.5344917
-13.4112	-28.02379608
-14.0462	-28.60206489
-14.6812	-29.31378034
-15.2654	-29.89204915
-15.9512	-30.91514012
-16.5862	-31.49340893
-17.2466	-32.29408882
-17.8562	-33.00580427
-18.4404	-33.71751973
-19.1008	-34.51819962
-19.9644	-35.49680837
-20.3708	-36.11955939
-21.1582	-37.05368593
-21.59	-37.72091917
-22.2758	-38.34367019
-23.0378	-39.45572559
-23.622	-40.0339944
-24.3332	-41.19053202
-24.9682	-41.90224747
-25.654	-42.43603406
-26.162	-43.32567838
-26.924	-44.2153227
-27.686	-44.92703816
-28.194	-45.37186032
-28.956	-45.81668248
-29.464	-46.7063268
-30.226	-47.15114896
-30.734	-47.59597112
-31.496	-48.04079328
-33.02	-48.9304376
-31.242	-41.01260315
-30.48	-36.65334598
-29.718	-33.67303751
-29.21	-29.84756694
-28.702	-27.35656284
-27.94	-24.7321121
-27.178	-22.28559022
-26.67	-19.12735288
-25.908	-16.85875986
-25.4	-14.81257793
-24.7396	-12.98880707
-24.1046	-11.120554
-23.495	-9.163336496
-22.8092	-7.428530072
-22.1996	-6.271992456
-21.5646	-4.848561544
-20.9042	-3.816574133
-20.2692	-2.949170921
-19.6596	-2.228559022
-18.9992	-1.343362923
-18.3896	-0.756197672
-17.7292	-0.233976456
-17.0434	0.106312496
-16.4846	0.524890149
-15.9004	0.880747877
-15.2146	1.201019832
-14.224	1.574670446
-13.9446	1.961665726
-13.3096	2.433177215
-12.6746	2.775690278
-12.0396	3.242753546
-11.4046	3.64309349
-10.795	4.119053202
-10.1092	4.715114896
-9.4996	5.11545484
-8.89	5.693723648
-8.2296	6.271992456
-7.62	6.360956888
-6.9342	6.761296832
-6.2992	7.11715456
-5.6388	7.7843878
-5.0546	8.273692176
-4.3942	8.762996552
-3.7592	9.652640872
-3.175	10.09746303
-2.4511	10.76469627
-1.87452	11.47641173
-1.22428	12.14364497
-0.54102	12.89984264
0.0226568	12.98880707
0.67564	14.27879134
1.32334	14.90154236
1.97866	15.47981117
2.6162	16.14704441
3.2512	16.680831
3.8862	17.30358202
4.5212	17.88185083
5.1308	18.46011964
5.7912	18.94942402
6.4008	19.57217504
7.0612	20.10596163
7.6962	20.68423044
8.3312	21.26249925
8.9662	21.75180362
9.6266	22.41903686
10.2108	22.81937681
10.8458	23.53109226
11.5316	24.1983255
12.1412	24.77659431
12.7762	24.95452318
13.4112	26.02209636
14.0208	26.6893296
14.6812	27.35656284
15.2908	27.89034943
15.9512	28.46861824
16.5862	29.09136926
17.2212	29.89204915
17.8308	30.42583574
18.4658	31.53789114
19.1262	31.80478444
19.7358	32.42753546
20.3962	33.13925092
21.0058	34.07337746
21.6154	34.56268183
22.3266	35.45232615
22.9362	36.03059496
23.5966	36.34197047
24.1808	37.18713258
24.8158	37.89884803
25.4	38.61056349
26.162	39.36676116
26.67	40.21192326
27.432	40.79019207
27.94	41.54638974
28.702	42.21362298
29.21	42.74740958
29.972	43.14774952
30.48	43.77050054
31.242	44.482216
31.75	45.37186032
32.512	45.37186032
33.02	46.26150464
33.782	47.15114896
34.29	47.15114896
35.052	47.59597112
35.56	47.59597112
36.322	48.04079328
36.83	48.48561544
37.592	48.48561544
38.1	49.37525976
38.862	48.9304376
38.354	41.76880082
37.592	37.67643695
36.83	34.87405734
36.322	32.02719552
35.56	29.44722699
34.798	26.86725846
34.29	24.4652188
33.782	22.241108
33.02	19.57217504
32.512	17.43702867
31.75	15.43532895
30.988	13.12225372
30.48	11.3874473
29.972	9.919534168
29.21	8.407138824
28.448	6.850261264
27.94	5.426830352
27.432	4.394842941
26.67	3.505198621
26.162	2.64224363
25.4	1.992803277
24.7904	1.396741582
24.13	0.925230093
23.495	0.5560277
22.9108	0.097860875
22.2758	-0.161025622
21.5646	-0.613854581
20.9296	-1.045332076
20.2692	-1.423430912
19.6596	-1.943872839
19.0246	-2.326419897
18.3642	-2.562175642
17.78	-2.89134404
17.1196	-3.318373314
16.51	-3.576370166
15.875	-4.061226321
15.2146	-4.537186032
14.605	-5.026490408
13.97	-5.471312568
13.3096	-5.738205864
12.7	-5.916134728
12.065	-6.405439104
11.3792	-7.072672344
10.7696	-7.473012288
10.1346	-8.140245528
9.4996	-8.851960984
8.8646	-9.519194224
8.255	-9.964016384
7.62	-10.63124962
6.985	-11.16503622
6.35	-11.69882281
5.6896	-12.27709162
5.08	-12.98880707
4.4196	-13.30018258
3.7846	-13.83396918
3.1242	-14.54568463
2.53238	-14.90154236
1.88976	-15.61325782
1.25476	-16.05807998
0.6096	-16.54738435
0	-17.03668873
-0.68072	-17.61495754
-1.31064	-17.97081526
-1.95072	-18.46011964
-2.5654	-18.99390623
-3.2258	-19.66113947
-3.8354	-20.15044385
-4.4958	-20.59526601
-4.9022	-20.95112374
-5.1562	-21.08457038
-5.7404	-21.66283919
-6.3754	-21.9742147
-7.0358	-22.64144794
-7.6708	-22.99730567
-8.3058	-23.6200567
-8.9408	-23.93143221
-9.5504	-24.64314766
-10.2108	-24.95452318
-10.8458	-25.44382755
-11.4808	-25.97761414
-12.1158	-26.46691852
-12.7508	-26.91174068
-13.3858	-27.5344917
-13.9954	-28.24620716
-14.6812	-28.69102932
-15.2654	-29.09136926
-15.9512	-29.66963807
-16.5862	-30.47031796
-17.1958	-31.04858677
-17.8308	-31.27099785
-18.4658	-31.89374887
-19.1008	-32.56098211
-19.7358	-33.00580427
-20.3708	-33.85096638
-21.0058	-34.25130632
-21.6408	-34.78509291
-22.3012	-35.5857728
-22.9108	-35.89714831
-23.5712	-36.78679263
-24.1808	-37.14265036
-24.8412	-37.85436582
-25.4	-38.56608127
-26.162	-39.36676116
-26.67	-39.54469002
-27.432	-40.74570986
-27.94	-40.96812094
-28.702	-41.36846088
-29.21	-42.21362298
-29.972	-42.70292736
-30.48	-43.28119617
-31.242	-43.50360725
-31.75	-44.34876935
-32.512	-44.92703816
-33.02	-45.37186032
-34.036	-45.81668248
-34.544	-45.81668248
-35.052	-46.26150464
-35.56	-47.15114896
-36.322	-47.15114896
-36.83	-47.15114896
-37.592	-48.04079328
-38.1	-48.48561544
-40.132	-48.04079328
-39.624	-42.5249985
-39.116	-40.16744105
-38.862	-38.43263462
-38.354	-37.09816814
-38.1	-35.3188795
-37.846	-33.89544859
-37.338	-32.47201768
-37.084	-31.31548006
-36.83	-30.15894245
-36.576	-29.22481591
-36.322	-27.89034943
-35.814	-26.33347187
-35.306	-24.7321121
-35.052	-22.86385902
-34.544	-21.35146368
-34.036	-20.32837271
-33.782	-19.1718351
-33.528	-18.19322634
-33.274	-17.25909981
-32.766	-16.4139377
-32.512	-15.47981117
-32.258	-14.76809571
-31.75	-13.0777715
-30.988	-11.65434059
-30.48	-10.0084986
-29.718	-8.496103256
-28.956	-7.072672344
-27.94	-5.33786592
-27.178	-4.430428714
-26.67	-3.242753546
-25.908	-2.544382755
-25.3746	-1.623600884
-24.7396	-1.089814292
-24.0792	-0.498200819
-23.4442	0.050264904
-22.4282	0.547131257
-21.5646	0.947471201
-20.8788	1.134296508
-20.32	1.579118668
-19.4818	2.188525027
-18.796	2.55772742
-18.2626	2.646691852
-17.4498	3.193823109
-16.637	3.709816814
-15.7226	4.296982066
-14.8082	4.848561544
-13.9954	5.471312568
-13.0048	6.271992456
-11.9634	6.850261264
-10.9728	7.161636776
-10.1092	7.739905584
-9.271	8.318174392
-8.4074	8.940925416
-7.5692	9.608158656
-6.6802	10.36435633
-5.842	11.16503622
-5.0038	11.9657161
-4.0894	12.58846713
-3.302	13.38914702
-2.48158	14.01189804
-1.64338	14.85706014
-0.81788	15.47981117
0.052832	16.05807998
0.89154	16.72531322
1.72974	17.30358202
2.6162	18.23770856
3.4798	18.77149515
4.2672	19.39424618
5.1054	19.79458612
6.0198	20.68423044
6.8326	21.1290526
7.6962	21.84076806
8.5598	22.5080013
9.398	22.95282346
10.287	23.57557448
11.0998	24.37625437
11.9126	24.7321121
12.7508	25.35486312
13.6144	25.75520306
14.4526	26.6893296
15.3416	27.40104506
16.129	28.20172494
17.018	28.77999375
17.8562	29.22481591
18.6944	30.11446023
19.558	30.33687131
20.4216	31.35996228
21.2344	31.89374887
22.4028	32.73891098
22.9616	32.82787541
23.7744	33.80648416
24.638	34.2068241
25.4	35.05198621
26.416	35.67473723
27.178	36.20852382
27.94	37.27609701
28.956	37.67643695
29.718	38.38815241
30.48	39.14435008
31.496	39.90054775
32.258	40.56778099
33.02	41.19053202
34.036	41.9912119
34.798	42.61396293
35.56	42.88085622
36.576	43.85946498
37.592	44.43773378
38.1	44.43773378
37.846	40.47881656
37.592	38.78849235
37.338	37.09816814
37.084	36.03059496
36.83	34.7406107
36.322	33.40614422
36.068	32.78339319
35.814	31.18203342
35.56	29.7586025
35.306	28.37965381
35.052	27.17863398
34.798	26.55588295
34.544	25.17693426
34.29	24.59866545
34.036	22.90834124
33.528	21.66283919
33.274	20.59526601
33.02	19.48321061
32.512	18.46011964
32.258	17.03668873
31.75	15.52429338
31.242	14.23430912
30.734	13.25570037
30.226	11.65434059
29.718	10.45332076
29.21	9.430229792
28.702	8.051281096
27.686	6.360956888
26.924	4.937525976
26.162	3.78098836
25.4	3.109306898
24.5618	2.313075232
23.6982	1.685875986
22.86	1.067573184
22.0472	0.480407933
21.6916	0.187714952
21.1582	-0.153908467
20.2946	-0.622751024
19.3802	-1.245502048
18.5928	-1.734806424
17.7546	-1.97501039
16.891	-2.290834124
16.0528	-2.69562229
15.24	-3.25164999
14.351	-3.718713258
13.5382	-4.083467429
12.7	-4.804079328
11.8364	-5.33786592
10.922	-5.960616944
10.1346	-6.44992132
9.2964	-7.161636776
8.509	-7.828870016
7.6454	-8.496103256
6.731	-9.207818712
5.9436	-9.875051952
5.08	-10.58676741
4.191	-11.120554
3.3782	-11.83226946
2.52222	-12.54398491
1.69418	-13.3446648
0.96774	-13.96741582
-0.037846	-14.59016685
-0.89154	-15.25740009
-1.76276	-15.88015111
-2.5908	-16.680831
-3.4036	-17.03668873
-4.2164	-17.39254646
-5.1054	-18.41563742
-5.9944	-18.77149515
-6.8072	-19.61665726
-7.6708	-20.10596163
-8.4836	-20.81767709
-9.3472	-21.3959459
-10.1854	-21.92973249
-11.049	-22.37455465
-11.8618	-22.90834124
-12.7254	-23.6200567
-13.6144	-24.10936107
-14.3764	-24.50970102
-15.2908	-25.22141647
-16.1544	-25.93313193
-16.8656	-26.4224363
-17.8308	-26.9562229
-18.6944	-27.49000949
-19.5072	-28.24620716
-20.3708	-28.55758267
-21.1836	-29.40274478
-22.0472	-30.0254958
-22.9108	-30.73721126
-23.7998	-31.04858677
-24.6126	-32.02719552
-25.4	-32.69442876
-26.416	-32.96132206
-27.178	-33.98441302
-27.94	-34.34027075
-28.702	-35.36336172
-29.718	-35.98611274
-30.48	-36.65334598
-31.496	-37.45402587
-32.258	-38.03229468
-33.02	-39.05538565
-34.036	-39.67813667
-34.798	-40.21192326
-35.56	-40.65674542
-36.576	-41.50190753
-37.338	-42.16914077
-38.354	-42.74740958
-39.116	-43.19223174
-40.386	-40.43433434
-40.132	-38.6550457
-39.624	-36.83127485
-39.37	-35.8526661
-39.37	-35.00750399
-38.862	-33.27269757
-38.608	-32.16064217
-38.354	-31.49340893
-38.1	-29.93653137
-37.592	-28.37965381
-37.338	-26.55588295
-36.83	-24.82107653
-36.322	-23.6200567
-35.814	-21.79628584
-35.306	-20.19492606
-34.798	-18.46011964
-34.29	-16.76979543
-33.782	-15.25740009
-33.274	-13.6115581
-32.512	-12.14364497
-31.75	-10.63124962
-30.734	-8.985407632
-29.464	-6.939225696
-28.702	-5.471312568
-27.94	-4.626150464
-26.924	-3.313925092
-26.162	-2.553279198
-25.3238	-1.801529748
-24.4856	-0.898540763
-23.6474	-0.377209192
-22.7838	-0.112540006
-21.8948	0.197056217
-21.4884	0.400339944
-20.9296	0.814024553
-20.1676	1.383396918
-19.3802	2.090664152
-18.5674	2.339764562
-17.7038	2.815724273
-16.9164	3.425130632
-16.0528	3.963365446
-15.2654	4.19912119
-14.3764	4.67063268
-13.5636	5.204419272
-12.6238	5.738205864
-11.7602	6.271992456
-10.9728	6.89474348
-10.1346	7.517494504
-9.3218	8.095763312
-8.509	8.496103256
-7.5438	9.074372064
-6.731	9.919534168
-5.9182	10.54228519
-5.1308	10.98710735
-4.191	12.01019832
-3.429	12.58846713
-2.5146	13.52259366
-1.59004	14.14534469
-0.78994	14.54568463
0.080518	15.3018823
0.88392	16.01359776
1.72466	16.54738435
2.6162	17.25909981
3.4544	17.88185083
4.318	18.37115521
5.1054	19.12735288
5.969	19.61665726
6.8326	20.10596163
7.6708	20.63974822
8.4836	21.3959459
9.3726	21.9742147
10.2362	22.64144794
11.0998	23.0862701
12.2428	23.84246778
12.7762	24.1983255
13.6398	24.82107653
14.478	25.3103809
15.2908	25.8441675
16.1798	26.4224363
16.9672	26.77829403
17.8562	27.49000949
18.7198	28.24620716
19.5326	28.77999375
20.3962	29.00240483
21.2852	29.66963807
22.098	30.11446023
22.987	30.95962234
23.8252	31.49340893
24.6126	32.20512438
25.654	32.69442876
26.416	33.93993081
27.178	33.93993081
27.94	34.4737174
28.956	35.22991507
29.718	35.3188795
30.48	36.60886377
31.496	37.09816814
32.258	37.85436582
33.02	38.38815241
34.036	39.32227894
34.798	39.72261889
35.56	40.07847662
36.576	40.61226321
37.338	41.32397866
38.1	41.54638974
39.116	42.21362298
39.878	43.01430287
40.64	42.92533844
41.656	43.50360725
42.418	43.45912503
43.18	43.94842941
43.942	44.08187606
43.942	38.43263462
43.434	37.00920371
43.18	35.54129058
42.926	34.82957513
42.672	33.58407308
42.418	31.93823109
42.164	30.69272904
41.91	29.53619142
41.656	28.60206489
41.402	27.5344917
41.148	26.64484738
40.64	25.13245204
40.386	23.97591442
40.132	22.68593016
39.624	21.04008817
39.37	20.2838905
38.862	18.99390623
38.608	17.57047532
38.1	16.36945549
37.592	15.12395344
37.084	13.96741582
36.576	12.85536042
36.068	11.07607178
35.306	9.78608752
34.798	8.540585472
34.036	7.206118992
33.274	6.00509916
32.512	4.848561544
31.496	3.407337746
30.48	2.353109226
29.464	1.378948696
28.448	0.720611899
27.94	0.389664212
27.178	-0.398115833
26.162	-0.782887002
25.3238	-1.107607178
24.5618	-1.436775577
23.6474	-1.6680831
22.7838	-2.166283919
21.9456	-2.255248351
21.1836	-2.606657858
20.2692	-3.00254958
19.3548	-3.42068241
18.669	-3.852159906
17.7546	-4.4482216
16.8656	-4.937525976
16.0274	-5.649241432
15.24	-5.827170296
14.351	-6.138545808
13.5128	-6.89474348
12.7	-7.428530072
11.811	-8.184727744
10.9474	-8.762996552
10.1346	-9.56367644
9.271	-10.14194525
8.4328	-10.89814292
7.6454	-11.43192951
6.2992	-12.2326094
5.08	-13.03328929
3.7846	-14.14534469
2.6162	-14.85706014
1.23444	-15.92463333
-0.027686	-16.680831
-1.33604	-17.43702867
-2.5654	-18.23770856
-3.8862	-18.99390623
-5.1054	-19.92803277
-6.4516	-20.63974822
-7.6708	-21.04008817
-8.9408	-21.92973249
-10.2362	-22.46351908
-11.4808	-23.13075232
-12.8016	-23.84246778
-14.0462	-24.37625437
-15.3162	-24.95452318
-16.637	-25.75520306
-17.8308	-26.33347187
-19.1008	-27.35656284
-20.3708	-27.84586722
-21.6408	-28.51310046
-22.9108	-29.62515586
-24.1808	-30.11446023
-25.4	-30.8706579
-26.67	-31.58237336
-27.94	-32.60546433
-29.21	-33.22821535
-30.48	-34.11785967
-31.75	-34.7406107
-33.02	-36.07507718
-34.29	-36.51989934
-35.56	-37.40954366
-36.83	-38.34367019
-38.1	-39.05538565
-39.37	-39.7671011
-40.64	-40.61226321
-41.91	-41.19053202
-43.434	-41.50190753
-44.196	-41.90224747
-44.45	-41.9912119
-45.466	-42.2581052
-46.228	-42.12465855
-46.228	-39.58917224
-45.974	-38.25470576
-45.72	-36.74231042
-45.466	-35.63025502
-45.212	-34.69612848
-44.704	-32.82787541
-44.45	-31.4044445
-43.688	-28.95792262
-43.434	-27.84586722
-42.926	-26.02209636
-42.672	-24.77659431
-41.91	-22.64144794
-41.402	-20.59526601
-40.386	-18.10426191
-39.878	-16.36945549
-38.608	-13.96741582
-37.846	-12.09916275
-36.83	-9.964016384
-35.306	-8.051281096
-33.782	-6.049581376
-32.004	-3.536336172
-30.48	-1.881597737
-27.178	0.286910293
-26.67	0.511545484
-25.1714	1.636945549
-24.1046	2.121801703
-22.8346	2.437625437
-21.5646	2.962515586
-20.2946	3.607507718
-18.9738	4.243603406
-17.7546	4.937525976
-16.5354	5.649241432
-15.113	6.360956888
-13.8938	7.473012288
-12.2682	8.45162104
-11.3538	9.163336496
-10.0838	9.964016384
-8.7884	10.76469627
-7.5184	11.78778724
-6.2992	12.63294934
-5.0038	13.43362923
-4.0386	14.14534469
-2.39522	14.81257793
-1.23444	15.74670446
0.113284	16.45841992
1.39954	17.21461759
2.6924	18.28219078
3.937	18.94942402
5.1562	19.88355055
6.477	20.55078379
7.8232	21.26249925
10.3632	22.73041238
12.8016	24.15384329
15.367	25.5772742
17.8816	26.6893296
20.3708	27.97931386
23.0124	29.22481591
25.654	30.91514012
28.194	31.89374887
30.48	33.6285553
33.274	34.65164626
35.814	36.34197047
38.1	37.45402587
40.894	38.74401014
42.926	39.67813667
43.434	39.81158332
43.942	40.34536991
44.196	35.80818388
43.688	33.98441302
43.434	32.33857103
42.926	30.64824682
42.418	29.04688705
41.91	28.0682783
41.402	24.50970102
41.148	23.79798556
40.894	22.33007243
40.132	20.50630158
39.624	19.08287066
39.116	17.57047532
38.354	15.96911554
37.592	14.50120242
37.084	13.21121815
36.322	11.52089394
35.814	9.741605304
34.798	8.585067688
34.036	7.295083424
33.02	5.426830352
32.258	4.626150464
31.496	3.714265036
30.988	2.89134404
29.972	1.979458612
28.956	1.312225372
27.686	0.689474348
26.416	-0.178373686
24.7396	-0.965264087
23.4188	-1.427879134
22.7076	-1.614704441
20.2184	-2.402039664
17.6022	-3.55857728
15.2146	-5.070972624
12.6238	-6.6723324
10.1092	-7.828870016
7.5438	-9.474712008
5.0038	-11.47641173
2.4638	-13.03328929
1.6637	-13.6115581
-0.118364	-14.67913128
-2.5908	-16.23600884
-5.08	-17.74840418
-7.874	-19.21631731
-10.2362	-20.68423044
-12.8016	-21.92973249
-15.367	-23.17523454
-17.907	-24.64314766
-20.447	-25.66623863
-22.9616	-27.00070511
-25.4	-28.20172494
-28.194	-29.62515586
-30.48	-31.00410455
-33.02	-32.60546433
-35.814	-33.76200194
-38.354	-35.05198621
-40.894	-36.29748826
-41.91	-37.27609701
-43.434	-37.49850809
-44.196	-37.98781246
-44.704	-38.16574133
-45.72	-38.78849235
-46.228	-38.34367019
-45.974	-34.60716405
-45.72	-33.05028649
-45.212	-31.22651563
-44.704	-29.66963807
-44.45	-28.02379608
-43.942	-27.00070511
-43.688	-25.35486312
-43.18	-24.10936107
-42.672	-22.68593016
-42.164	-21.30698146
-41.656	-19.83906834
-41.148	-18.37115521
-40.64	-16.9477243
-39.878	-15.03498901
-38.862	-13.16673594
-38.1	-11.3874473
-37.084	-9.830569736
-35.56	-7.295083424
-34.29	-5.916134728
-33.02	-4.305878509
-31.496	-2.731208062
-29.464	-1.289984264
-27.94	-0.051154548
-25.273	1.507947122
-22.6822	2.273041238
-20.2438	3.376200194
-17.653	4.537186032
-15.1384	5.871652512
-12.573	7.56197672
-10.0584	9.029889848
-7.5184	10.76469627
-4.9784	12.2326094
-2.39522	13.70052253
-0.52832	14.85706014
0.2794	15.16843566
2.6416	16.90324208
5.2324	18.23770856
7.6962	19.30528174
10.2616	20.77319487
12.827	22.10766135
15.367	23.3531634
18.034	24.64314766
20.4216	25.88864971
23.0124	27.71242057
25.654	28.82447597
28.194	30.0254958
30.48	31.27099785
33.274	32.64994654
35.814	33.98441302
38.354	35.54129058
40.894	36.47541712
43.434	37.49850809
45.974	38.43263462
48.514	39.41124338
50.8	39.27779673
50.292	34.82957513
49.784	31.9827133
49.276	29.31378034
48.514	26.82277625
47.752	24.02039664
46.99	22.19662578
46.482	20.50630158
45.72	18.10426191
44.704	15.88015111
43.688	13.92293361
42.672	11.47641173
41.656	8.851960984
40.64	7.428530072
39.37	5.871652512
38.608	4.937525976
37.846	4.288085622
37.084	3.53188795
36.322	2.877999375
35.56	2.2241108
34.544	1.654738435
33.528	1.107607178
32.512	0.533786592
32.004	0.101864275
31.496	-0.187714952
