"McLean 1990, Spec. Con3"	
1870	
0	0
0	-0.017793
0.381	4.1991
0.6858	5.6314
0.9144	6.8414
1.2954	9.0254
1.4732	9.6838
2.0574	12.624
2.1844	13.042
2.5654	14.991
2.7432	15.684
3.0734	17.077
3.4036	18.731
3.4544	17.797
3.2258	13.999
2.9464	11.81
2.4892	9.11
2.2098	7.6643
2.0066	6.6323
1.7018	5.0309
1.397	3.434
1.1176	1.9884
0.8382	0.58717
0.5334	-0.77844
0.2286	-2.2508
-0.4318	-5.3156
-0.5588	-6.014
-0.7874	-7.1572
-1.0668	-8.4472
-1.3716	-9.7461
-1.651	-10.863
-1.9812	-12.068
-2.2606	-13.207
-2.8702	-15.595
-3.0226	-15.974
-3.2512	-16.819
-3.556	-17.966
-3.6322	-17.748
-3.4798	-15.337
-3.2258	-12.642
-2.7432	-9.8261
-2.4638	-8.8208
-2.2352	-7.602
-1.9558	-6.2275
-1.651	-4.9153
-1.3208	-3.354
-1.0414	-2.1529
-0.6858	-0.66723
-0.4064	0.54268
0.0508	2.4465
0.2286	3.2561
0.5588	4.8219
0.889	6.272
1.1176	7.4864
1.397	8.7408
1.7526	10.573
2.0066	11.832
2.5908	14.568
2.7432	15.16
2.9718	16.316
3.2766	17.886
3.3274	17.677
3.2004	14.586
2.9464	12.184
2.5654	9.6838
2.3114	8.4205
2.0574	7.0638
1.778	5.6403
1.4478	4.1546
1.1684	2.7846
0.8636	1.2277
0.5588	-0.040034
0.3048	-1.2677
-0.4064	-4.3148
-0.508	-4.635
-0.7112	-5.6759
-0.9906	-6.9036
-1.3462	-8.4383
-1.5494	-9.3502
-1.9304	-10.92
-2.1844	-12.099
-2.921	-14.991
-3.0226	-15.4
-3.2512	-16.298
-3.5052	-17.419
-3.5814	-17.344
-3.4544	-15.142
-3.2258	-12.553
-2.7432	-9.6571
-2.4384	-8.5228
-2.2098	-7.3396
-1.9558	-6.1741
-1.6256	-4.6706
-1.2954	-3.2561
-1.0414	-2.1263
-0.6858	-0.72061
-0.381	0.71172
-0.1524	1.3211
-0.127	1.3789
-0.127	1.0765
-0.127	1.2233
0.3302	3.7098
0.4826	4.2481
0.889	6.1964
1.1176	7.433
1.397	8.5717
1.7526	10.329
1.9812	11.605
2.4892	14.088
2.7178	15.004
2.9464	16.169
3.2512	17.659
3.5814	19.296
3.8862	20.337
4.191	21.423
4.4196	22.246
4.8006	23.389
5.08	24.083
5.588	25.617
5.8166	26.062
5.9944	26.471
6.35	27.579
6.6294	28.139
6.985	29.207
7.0866	28.05
6.9088	25.075
6.6548	22.975
6.4008	21.307
6.1214	19.964
5.842	18.683
5.5372	17.397
5.0038	15.146
4.8514	14.608
4.5974	13.545
4.318	12.388
4.0132	11.081
3.683	9.8439
3.4036	8.6696
3.0988	7.3173
2.6416	5.458
2.3114	4.4749
2.1844	4.0345
1.8288	2.5177
1.5748	1.5925
1.27	0.36475
0.9652	-0.51155
0.6604	-1.7126
0.381	-2.6734
-0.4572	-5.5603
-0.5334	-6.0051
-0.7366	-6.8503
-1.016	-7.9668
-1.27	-9.0299
-1.5748	-10.137
-1.8542	-11.298
-2.159	-12.402
-2.8194	-14.933
-2.9464	-15.315
-3.1242	-16.143
-3.4036	-17.219
-3.7592	-18.545
-4.0132	-19.528
-4.318	-20.511
-4.6482	-21.672
-5.1562	-23.754
-5.5118	-24.434
-5.6896	-24.866
-5.9182	-25.653
-6.1976	-26.569
-6.5278	-27.606
-6.8072	-28.322
-7.112	-29.26
-7.2136	-28.998
-7.0866	-26.658
-6.858	-23.825
-6.604	-22.161
-6.3246	-20.546
-5.9944	-18.972
-5.7658	-17.984
-5.3086	-15.92
-5.1054	-15.204
-4.7752	-13.678
-4.4704	-12.295
-4.0894	-11.014
-3.8862	-10.009
-3.556	-8.8831
-3.2766	-7.6643
-2.921	-6.4143
-2.6416	-5.4135
-2.286	-4.1413
-2.032	-3.3451
-1.6764	-2.0907
-1.397	-1.1565
-1.1176	-0.29803
-0.7366	0.96526
-0.508	1.5969
0.0508	3.3362
0.2286	4.0078
0.4826	4.9865
0.8128	6.1074
1.1176	7.2239
1.3462	7.9757
1.778	9.537
1.9558	10.053
2.54	12.246
2.6924	12.593
2.921	13.585
3.2258	14.79
3.5052	15.676
3.8354	16.783
4.1402	17.913
4.4196	18.963
4.9276	21.08
5.2578	21.876
5.4102	22.446
5.7404	23.722
5.9944	24.621
6.2738	25.635
6.7056	27.027
6.858	27.477
7.0104	27.512
6.8072	24.536
6.5532	21.93
6.2992	20.342
6.0198	18.998
5.7404	17.788
5.461	16.623
5.0292	14.902
4.8514	14.19
4.5466	12.989
4.2672	11.877
3.9624	10.716
3.6576	9.6526
3.3782	8.5094
3.0988	7.4953
2.6924	5.8494
2.3622	4.9731
2.159	4.2658
1.8542	3.1538
1.5748	2.1752
1.27	1.1298
0.9652	0.16903
0.6858	-0.68503
0.3556	-1.7882
-0.3048	-3.9278
-0.4572	-4.3682
-0.635	-5.0621
-0.9398	-6.1163
-1.2192	-7.0638
-1.524	-8.1091
-1.8288	-9.0833
-2.1336	-10.106
-2.8194	-12.473
-3.0734	-13.376
-3.2258	-13.887
-3.4544	-14.701
-3.7338	-15.818
-4.0132	-16.841
-4.318	-17.944
-4.6228	-19.07
-5.1308	-21.254
-5.4864	-22.223
-5.6134	-22.673
-5.8928	-23.82
-6.1722	-24.906
-6.5024	-26.178
-6.7564	-27.094
-7.0866	-28.308
-7.1882	-28.197
-7.0358	-25.377
-6.8072	-22.824
-6.5532	-21.102
-6.2738	-19.537
-5.969	-18.233
-5.6896	-16.97
-5.1816	-14.75
-5.0038	-14.176
-4.7498	-13.033
-4.4704	-11.908
-4.1656	-10.711
-3.8354	-9.4347
-3.5814	-8.5139
-3.2512	-7.3574
-2.8702	-5.8672
-2.5908	-5.0487
-2.2098	-3.692
-2.0066	-3.1271
-1.524	-1.5302
-1.3208	-1.0542
-1.016	0.093413
-0.635	1.2277
-0.4572	1.6903
-0.0508	2.7134
-0.0508	2.3042
0.254	3.999
0.7874	5.8227
1.4224	8.0869
2.0574	10.124
2.6416	12.055
3.2258	14.034
3.81	16.169
4.445	18.505
5.1054	20.818
5.715	22.98
6.35	25.39
6.9596	27.548
7.7724	29.985
8.1788	31.253
8.763	32.766
9.398	34.256
10.287	36.231
10.668	36.716
11.252	37.934
11.862	38.833
12.497	39.749
13.208	40.608
13.792	41.097
14.402	41.609
14.326	37.223
13.792	33.313
13.208	30.808
12.573	28.464
12.014	26.325
11.405	24.181
10.82	22.161
10.135	19.937
9.6266	18.207
9.0424	16.414
8.4328	14.581
7.5692	12.059
7.1882	11.107
6.604	9.4258
5.969	7.7844
5.0546	5.3868
4.6482	4.5639
4.0894	3.0782
3.4798	1.588
2.794	-0.20017
2.2098	-1.5969
1.6002	-3.1671
0.9906	-4.7107
0.4318	-6.1741
-0.381	-8.287
-0.9144	-9.8751
-1.4986	-11.57
-2.1082	-13.389
-2.8956	-15.627
-3.3274	-17.17
-3.9624	-19.252
-4.572	-21.187
-5.461	-23.838
-5.8674	-25.172
-6.477	-27.17
-7.0612	-28.887
-8.0772	-31.582
-8.4582	-32.37
-9.017	-33.798
-9.6012	-35.061
-10.465	-37.036
-10.998	-37.601
-11.481	-38.49
-12.09	-39.42
-12.776	-40.336
-13.513	-40.857
-14.173	-41.404
-14.757	-41.742
-14.63	-37.187
-14.072	-32.721
-13.513	-30.008
-12.751	-26.952
-12.243	-24.91
-11.659	-22.646
-11.049	-20.311
-10.211	-17.504
-9.779	-15.96
-9.1694	-13.865
-8.4328	-11.552
-7.8486	-9.8617
-7.2644	-8.1936
-6.6548	-6.6012
-6.0198	-4.9642
-5.3848	-3.3139
-4.7498	-1.8949
-4.1402	-0.50265
-3.5306	0.84071
-2.921	2.2597
-2.2606	3.6876
-1.6256	5.1644
-1.1176	6.054
-0.4826	7.5397
0.3048	9.1945
0.8128	10.44
1.4224	11.69
2.0066	12.909
2.794	14.448
3.3274	15.636
3.937	16.894
4.5212	18.184
5.207	19.688
5.8166	21.009
6.4516	22.392
7.0612	23.767
7.8232	25.502
8.3566	26.725
8.9662	28.099
9.5504	29.452
10.414	31.315
10.77	32.072
11.405	33.451
11.989	34.674
12.675	36.133
13.31	37.267
13.868	38.006
14.58	39.14
14.376	33.922
13.818	30.47
13.233	28.308
12.573	26.022
12.014	23.949
11.405	21.916
10.795	20.004
10.058	17.82
9.4996	16.183
8.9662	14.675
8.382	13.047
7.4676	10.64
7.0866	9.8573
6.5024	8.3671
5.9182	7.0504
5.08	5.0621
4.5974	4.1858
4.0386	2.9581
3.4544	1.7748
2.6416	-0.080068
1.9812	-1.0809
1.4986	-2.0907
0.9144	-3.3718
0.3048	-4.6306
-0.508	-6.3298
-0.9906	-7.4508
-1.5748	-8.6963
-2.1844	-10.071
-3.048	-11.832
-3.429	-12.958
-3.9878	-14.261
-4.6228	-15.693
-5.3848	-17.597
-5.9182	-18.981
-6.5278	-20.462
-7.0866	-21.881
-8.0264	-23.989
-8.4328	-25.199
-9.0424	-26.765
-9.652	-28.282
-10.389	-30.199
-10.897	-31.409
-11.532	-32.988
-12.09	-34.309
-12.903	-36.551
-13.462	-37.218
-13.995	-38.375
-14.605	-39.554
-14.478	-35.492
-13.97	-31.08
-13.411	-28.286
-12.776	-25.884
-12.167	-23.415
-11.608	-21.347
-10.973	-19.047
-10.16	-16.441
-9.7282	-14.959
-9.0932	-12.9
-8.4582	-11.04
-7.6708	-9.0254
-7.1882	-7.4641
-6.604	-5.9117
-5.9944	-4.4927
-5.08	-2.4376
-4.699	-1.6725
-4.0894	-0.34251
-3.4544	1.0631
-2.8448	2.6245
-2.1844	3.6209
-1.6764	4.8174
-1.0414	6.0941
-0.4064	7.4152
-0.1524	7.6154
-0.127	7.5042
-0.1016	7.433
-0.0508	7.2506
0.3556	9.0254
0.889	9.8884
1.4732	11.218
2.0574	12.464
2.6924	13.683
3.3528	15.066
3.937	16.316
4.4958	17.539
5.1308	18.607
5.8674	20.146
6.4516	21.494
7.0612	22.842
7.874	24.447
8.2804	25.359
8.8646	26.609
9.4742	27.908
10.135	29.354
10.719	30.577
11.354	31.929
11.963	33.233
12.624	34.692
13.208	35.879
13.818	36.978
14.503	38.166
15.138	39.162
15.85	39.99
16.383	40.359
16.993	40.955
17.704	41.364
18.39	41.707
19.177	41.92
19.787	42.022
20.371	41.933
20.93	42.116
21.692	42.307
22.073	41.311
21.895	37.241
21.336	33.259
20.472	30.146
20.142	29.065
19.482	26.756
18.872	24.87
18.288	23.028
17.678	21.138
17.069	19.448
16.485	17.846
15.926	16.387
15.138	14.346
14.58	12.98
13.995	11.668
13.411	10.387
12.573	8.7052
12.141	7.6865
11.532	6.4366
10.947	5.2889
10.185	3.8966
9.6774	2.9581
9.0932	1.9928
8.4582	0.93857
7.5692	-0.59606
7.0612	-1.2055
6.5786	-2.1174
5.9944	-3.0515
5.2832	-4.1947
4.699	-5.1021
4.064	-6.1119
3.4036	-7.1839
2.7178	-8.5183
2.032	-9.3146
1.5748	-10.057
0.9652	-11.085
0.3556	-12.059
-0.508	-13.389
-0.9398	-14.141
-1.5494	-15.204
-2.1844	-16.28
-3.048	-17.659
-3.4544	-18.389
-4.064	-19.505
-4.6736	-20.613
-5.5372	-22.108
-5.9944	-23.024
-6.5532	-24.087
-7.1628	-25.23
-8.0264	-27.027
-8.4836	-27.686
-9.0678	-28.905
-9.6774	-30.079
-10.541	-31.876
-11.049	-32.539
-11.582	-33.664
-12.192	-34.816
-13.005	-36.725
-13.589	-37.076
-14.097	-37.992
-14.681	-38.931
-15.291	-39.727
-16.231	-40.683
-16.739	-41.062
-17.297	-41.506
-17.882	-41.92
-18.669	-42.414
-19.38	-42.543
-20.041	-42.685
-20.676	-42.752
-21.361	-42.948
-21.946	-42.832
-22.606	-43.001
-22.25	-36.084
-21.692	-32.428
-20.879	-29.011
-20.472	-27.374
-19.837	-25.079
-19.279	-23.122
-18.517	-20.208
-17.958	-18.714
-17.399	-16.823
-16.789	-14.95
-16.154	-13.096
-15.418	-11.027
-14.91	-9.5147
-14.3	-8.0246
-13.64	-6.4544
-12.827	-4.555
-12.395	-3.5096
-11.811	-2.3353
-11.151	-1.1076
-10.439	0.04893
-9.8806	1.1743
-9.2202	2.3042
-8.509	3.5452
-8.001	4.3504
-7.366	5.3156
-6.6802	6.4544
-6.0452	7.6287
-5.4864	8.3538
-4.7498	9.5548
-4.2672	10.155
-3.5306	11.294
-2.8702	12.629
-2.3368	12.9
-1.7526	13.754
-1.1176	14.595
-0.508	15.471
0.3302	16.494
0.7874	16.992
1.5748	18.233
2.1082	18.736
2.667	19.674
3.302	20.306
3.9624	21.24
4.4958	21.778
5.2324	22.268
5.842	23.469
6.477	24.292
7.0612	25.07
7.9502	26.067
8.3312	26.422
8.9408	27.268
9.6012	28.162
10.185	28.722
10.871	29.63
11.532	30.31
11.963	30.746
12.878	31.849
13.335	32.339
13.97	33.099
14.656	34.056
15.316	34.576
15.824	35.096
16.561	35.937
17.12	36.373
17.755	37.214
18.466	37.761
18.974	38.148
19.787	39.042
20.422	39.318
21.006	39.696
21.59	40.047
22.2	40.363
21.946	34.447
21.361	31.431
20.498	28.584
20.117	27.165
19.507	25.048
18.872	23.193
18.263	21.329
17.678	19.723
17.094	18.1
16.51	16.561
15.926	15.102
15.138	13.207
14.58	11.952
13.995	10.689
13.36	9.3279
12.548	7.6821
12.09	6.7124
11.506	5.627
10.922	4.6439
10.185	3.2828
9.5758	2.2108
9.0678	1.4813
8.3566	0.35586
7.493	-0.9964
7.0612	-1.4813
6.5278	-2.362
5.9436	-3.3006
5.1308	-4.595
4.5466	-5.2978
4.064	-6.1119
3.429	-6.9659
2.7432	-8.0602
2.1844	-8.7941
1.4986	-9.7861
0.9144	-10.702
0.3556	-11.401
-0.508	-12.571
-1.0414	-13.411
-1.6256	-14.265
-2.2606	-15.191
-3.0226	-16.276
-3.4544	-16.823
-4.1656	-17.949
-4.6736	-18.683
-5.4102	-19.755
-5.9436	-20.417
-6.6548	-21.485
-7.1628	-22.259
-8.0264	-23.58
-8.5852	-24.114
-9.0678	-24.906
-9.6774	-25.729
-10.389	-26.765
-10.973	-27.61
-11.582	-28.362
-12.243	-29.305
-13.081	-30.982
-13.614	-31.044
-14.148	-31.907
-14.732	-32.757
-15.291	-33.477
-16.154	-34.438
-16.662	-35.199
-17.272	-35.933
-17.907	-36.76
-18.517	-37.414
-19.152	-38.152
-19.736	-38.815
-20.371	-39.411
-21.285	-40.292
-21.793	-40.581
-22.327	-40.981
-22.174	-36.177
-21.641	-31.556
-20.853	-28.042
-20.447	-26.525
-19.787	-24.074
-19.202	-22.085
-18.44	-19.065
-17.882	-17.744
-17.348	-15.938
-16.739	-14.128
-16.104	-12.255
-15.342	-10.249
-14.859	-8.8609
-14.275	-7.4107
-13.614	-5.9428
-12.852	-4.0523
-12.37	-3.1004
-11.709	-1.8149
-11.1	-0.61385
-10.312	0.56048
-9.8552	1.4724
-9.2202	2.4732
-8.636	3.4518
-7.7724	4.6439
-7.3152	5.5069
-6.731	6.4099
-6.1214	7.3574
-5.4356	8.4783
-4.8006	9.4658
-4.2418	10.204
-3.6068	11.076
-2.8194	12.286
-2.3114	12.842
-1.6002	13.959
-1.016	14.555
-0.4572	15.551
-0.127	14.541
0.4064	16.516
0.889	16.939
1.3716	17.722
1.9558	18.38
2.6924	19.287
3.2766	20.03
3.9878	20.929
4.4958	21.409
5.4102	22.544
5.8166	22.957
6.4008	23.785
7.0104	24.55
7.7216	25.261
8.255	25.893
9.0424	26.743
9.525	27.196
10.312	28.295
10.922	28.807
11.379	29.323
12.09	30.132
12.751	31.302
13.437	31.476
13.945	32.147
14.554	32.752
15.189	33.46
16.078	34.349
16.586	34.732
17.043	35.163
17.805	36.08
18.39	36.533
18.948	37.223
19.634	37.712
20.168	38.081
20.98	38.473
21.514	39.153
22.098	39.5
22.733	39.865
23.52	40.372
24.282	40.461
24.943	40.608
25.578	40.706
26.238	40.884
26.797	40.506
27.254	40.826
27.991	41.048
28.804	40.835
29.413	40.924
29.896	39.954
29.591	35.243
29.032	31.716
28.296	29.327
27.788	27.672
27.229	25.991
26.619	24.189
25.933	22.041
25.324	20.448
24.74	18.967
24.105	17.304
23.419	15.604
22.835	14.257
22.225	12.842
21.59	11.396
20.93	9.9596
20.345	8.723
19.736	7.4508
19.177	6.3876
18.466	4.9064
17.755	3.8433
17.297	2.8913
16.713	1.975
16.104	1.032
15.215	-0.19572
14.757	-0.87185
14.173	-1.6414
13.564	-2.4554
12.624	-3.6253
12.192	-4.1457
11.633	-4.9553
11.049	-5.7382
10.109	-6.8814
9.6774	-7.4107
9.144	-8.1447
8.5598	-8.9009
7.5946	-10.066
7.1628	-10.511
6.6294	-11.201
5.9436	-12.001
5.334	-12.753
4.5466	-13.5
4.064	-13.967
3.5306	-14.604
2.8448	-15.351
2.2352	-15.934
1.6002	-16.645
1.016	-17.179
0.4064	-17.886
-0.3556	-18.665
-0.9144	-19.145
-1.651	-20.088
-2.2606	-20.577
-2.794	-21.098
-3.4798	-21.876
-4.0386	-22.375
-4.826	-23.34
-5.4102	-23.82
-5.9182	-24.318
-6.7056	-25.244
-7.239	-25.702
-8.128	-26.765
-8.6106	-27.076
-9.1186	-27.681
-9.7282	-28.424
-10.389	-29.042
-10.973	-29.639
-11.582	-30.266
-12.421	-31.12
-12.954	-31.578
-13.462	-32.17
-14.224	-33.046
-14.783	-33.531
-15.291	-34.1
-16.18	-34.807
-16.764	-35.595
-17.323	-36.124
-17.958	-36.738
-18.821	-37.601
-19.355	-37.992
-19.863	-38.473
-20.447	-39.064
-21.361	-39.749
-21.844	-40.159
-22.403	-40.648
-23.012	-41.084
-23.698	-41.426
-24.409	-41.702
-25.146	-41.88
-25.806	-41.96
-26.492	-42.138
-27.102	-41.982
-27.711	-42.151
-28.448	-42.245
-28.905	-41.987
-29.616	-42.156
-30.378	-41.867
-29.997	-34.816
-29.362	-30.55
-28.575	-27.579
-28.067	-25.413
-27.432	-23.184
-26.848	-21.022
-26.187	-19.087
-25.629	-16.912
-25.019	-14.991
-24.409	-13.238
-23.571	-11.027
-23.139	-9.7016
-22.581	-8.2781
-21.92	-6.6323
-21.26	-4.9286
-20.549	-3.265
-19.939	-1.7882
-19.456	-0.96971
-18.72	0.56492
-18.034	1.9394
-17.45	2.7268
-16.815	3.9233
-16.231	4.5639
-15.621	5.5291
-14.986	6.5478
-14.376	7.2195
-13.716	8.2692
-13.183	8.9498
-12.395	10.097
-11.963	10.631
-11.125	11.721
-10.617	12.437
-10.033	13.127
-9.398	13.914
-8.8138	14.555
-7.8486	15.569
-7.493	15.951
-6.8834	16.641
-6.2484	17.37
-5.6388	17.904
-4.9784	18.567
-4.3942	19.061
-3.683	19.732
-3.1242	20.19
-2.2606	21.009
-1.6764	21.392
-1.1684	21.783
-0.635	22.326
0.127	22.859
0.762	23.375
1.3208	23.811
2.032	24.412
2.667	24.826
3.2258	25.199
3.8608	25.737
4.4958	26.111
5.1054	26.565
5.7404	26.978
6.3246	27.365
6.9596	27.815
7.9248	28.349
8.3058	28.531
8.89	29.02
9.4996	29.398
10.211	30.083
11.049	30.386
11.582	30.644
12.116	30.946
12.675	31.307
13.284	31.711
13.894	32.049
14.503	32.414
15.138	32.801
16.078	33.161
16.561	33.486
17.094	33.847
17.704	34.202
18.44	34.763
19.126	35.101
19.761	35.421
20.345	35.728
20.98	36.08
21.59	36.4
22.2	36.698
22.835	37.009
23.47	37.334
24.155	37.645
24.816	37.93
25.502	38.237
26.187	38.539
26.899	38.811
27.635	39.051
27.915	38.628
28.499	39.318
29.337	39.607
30.099	39.589
29.642	32.73
29.032	30.066
28.296	27.859
27.788	26.147
27.178	24.407
26.568	22.624
25.883	20.747
25.298	19.172
24.689	17.668
24.003	16.009
23.165	13.91
22.784	13.176
22.174	11.757
21.565	10.458
20.853	8.8431
20.32	7.9445
19.634	6.5745
19.025	5.3601
18.39	4.0345
17.678	3.0693
17.247	2.2864
16.637	1.3033
16.053	0.41368
15.138	-0.79623
14.656	-1.3256
14.148	-2.0684
13.513	-2.8558
12.624	-3.9189
12.141	-4.4393
11.608	-5.2311
10.947	-5.9562
10.211	-6.9615
9.6266	-7.5353
9.1694	-8.2159
8.3566	-9.1544
7.8486	-9.7327
7.1628	-10.591
6.604	-11.116
5.9182	-12.006
5.3086	-12.575
4.7244	-13.282
4.1148	-13.843
3.429	-14.599
2.8702	-15.146
2.1082	-15.898
1.5748	-16.361
0.9652	-17.126
0.2794	-17.668
-0.2794	-18.175
-1.0668	-19.012
-1.651	-19.452
-2.159	-19.888
-2.9464	-20.471
-3.5306	-21.178
-4.1402	-21.752
-4.7498	-22.254
-5.6388	-22.993
-6.1214	-23.384
-6.6548	-23.887
-7.239	-24.447
-8.128	-25.315
-8.6106	-25.399
-9.144	-26.022
-9.7282	-26.511
-10.465	-27.245
-11.201	-27.663
-11.76	-28.033
-12.294	-28.429
-13.208	-29.839
-13.691	-29.438
-14.249	-30.021
-14.834	-30.475
-15.418	-30.924
-16.332	-31.556
-16.84	-31.925
-17.399	-32.339
-17.983	-32.783
-18.847	-33.46
-19.431	-33.771
-19.964	-34.153
-20.498	-34.549
-21.387	-35.341
-21.946	-35.546
-22.428	-35.893
-22.987	-36.346
-23.927	-37.107
-24.435	-37.218
-24.968	-37.592
-25.552	-37.988
-26.264	-38.588
-27	-38.922
-27.661	-39.22
-28.27	-39.527
-28.88	-39.834
-29.54	-40.127
-30.175	-40.408
-29.921	-34.354
-29.388	-29.714
-28.55	-26.471
-28.067	-24.434
-27.508	-22.49
-26.848	-20.222
-26.187	-18.215
-25.629	-16.111
-25.044	-14.239
-24.409	-12.397
-23.546	-10.258
-23.139	-8.9854
-22.555	-7.5486
-21.946	-5.9962
-21.107	-3.7543
-20.625	-3.0159
-19.888	-1.29
-19.456	-0.2491
-18.821	0.90744
-18.136	2.0061
-17.424	3.2561
-16.942	3.8477
-16.104	5.0843
-15.646	5.6492
-15.011	6.5923
-14.376	7.5798
-13.716	8.2826
-13.005	9.4658
-12.395	10.102
-11.963	10.685
-11.176	11.743
-10.693	12.295
-9.779	13.367
-9.3726	13.794
-8.8138	14.572
-8.001	14.942
-7.4168	16.045
-6.8834	16.672
-6.1976	17.312
-5.3848	18.362
-4.826	18.598
-4.3688	19.07
-3.7592	19.679
-3.0734	20.511
-2.2352	20.933
-1.7272	21.307
-1.2446	21.73
-0.5842	22.357
-0.1778	22.081
-0.1778	21.2
0.4826	23.113
1.2446	23.78
2.3622	24.585
3.2258	25.119
4.064	25.742
5.1816	26.569
6.2484	27.107
7.112	27.615
7.9756	28.144
8.8392	28.647
9.7282	29.158
10.871	29.714
11.735	30.346
12.7	30.848
13.64	31.356
14.58	31.845
15.545	32.41
16.586	32.903
17.577	33.379
18.466	33.887
19.355	34.363
20.244	34.807
21.158	35.301
22.123	35.768
23.089	36.231
24.105	36.716
25.121	37.174
26.137	37.645
27.178	38.081
28.245	38.482
28.905	38.455
29.769	38.917
30.836	39.273
32.004	38.486
32.741	39.474
33.731	39.331
34.823	39.589
35.458	39.451
36.601	39.723
37.389	39.175
36.932	31.471
35.966	28.215
35.052	25.448
34.087	22.601
33.198	20.275
32.283	17.762
31.115	15.133
30.429	13.354
29.566	11.419
28.575	9.2479
27.737	7.4775
26.772	5.498
25.832	3.8877
24.917	2.2953
24.003	0.83627
22.885	-0.71616
22.047	-1.886
20.93	-3.4296
20.041	-4.2703
19.279	-5.2622
18.059	-6.5611
17.374	-7.4686
16.485	-8.5317
15.367	-9.6526
14.529	-10.68
13.589	-11.681
12.522	-12.758
11.709	-13.678
10.744	-14.479
9.8044	-15.378
8.9154	-16.227
7.9502	-17.037
6.985	-17.775
6.1468	-18.438
4.9022	-19.43
4.064	-19.999
3.2766	-20.626
2.0574	-21.387
1.2954	-21.992
0.4064	-22.619
-0.7874	-23.411
-1.6256	-23.94
-2.5146	-24.625
-3.4798	-25.15
-4.3942	-25.702
-5.3848	-26.485
-6.4516	-26.987
-7.3152	-27.494
-8.1534	-28.019
-9.0424	-28.584
-10.008	-29.109
-11.252	-29.781
-12.09	-30.181
-12.954	-30.688
-13.868	-31.258
-14.783	-31.751
-15.723	-32.392
-16.789	-32.903
-17.755	-33.362
-18.72	-33.86
-19.66	-34.394
-20.549	-34.874
-21.463	-35.39
-22.377	-35.893
-23.292	-36.364
-24.232	-36.862
-25.171	-37.343
-26.111	-37.837
-27.051	-38.299
-27.965	-38.784
-29.235	-39.767
-30.15	-39.82
-31.166	-40.141
-31.953	-40.127
-33.02	-40.39
-33.909	-40.056
-35.001	-40.274
-35.738	-39.763
-36.855	-39.985
-37.821	-39.367
-37.287	-29.701
-36.347	-25.035
-35.433	-21.761
-34.468	-18.287
-33.553	-15.426
-32.614	-12.464
-31.572	-9.2212
-30.785	-7.0949
-29.769	-4.1546
-28.778	-1.8104
-27.991	-0.017793
-27.026	2.2019
-26.086	3.8477
-25.197	5.3957
-24.155	6.9704
-23.292	8.2248
-22.377	9.5548
-21.26	11.072
-20.422	11.837
-19.533	12.998
-18.491	14.35
-17.602	15.52
-16.764	16.294
-15.646	17.535
-14.884	18.389
-13.894	19.283
-12.776	20.408
-12.014	21.018
-11.024	21.988
-10.135	22.597
-9.1948	23.304
-8.001	24.336
-7.0612	24.679
-6.2992	25.195
-5.2578	25.982
-4.2418	26.476
-3.3528	26.934
-2.4384	27.423
-1.4986	27.886
-0.4572	28.406
0.5588	28.789
1.5748	29.225
2.54	29.621
3.5814	29.981
4.4704	30.279
5.7404	30.786
6.6548	30.942
7.5692	31.249
8.5852	31.52
9.4996	31.747
10.312	32.058
11.379	32.356
12.344	32.574
13.233	32.85
14.3	33.13
15.215	33.348
16.231	33.629
17.094	33.74
18.059	34.06
19.05	34.394
19.99	34.594
20.904	34.812
21.92	35.065
22.809	35.306
23.774	35.457
24.79	35.813
25.603	35.937
26.619	36.351
27.635	36.422
28.524	36.751
29.54	37.098
30.378	37.071
31.318	37.467
32.41	37.623
33.198	37.77
34.265	37.899
35.077	38.13
36.17	38.281
37.135	38.473
37.998	38.379
37.211	29.585
36.195	26.387
35.306	23.878
34.265	20.858
33.401	18.727
32.487	16.534
31.445	13.963
30.632	12.095
29.743	10.062
28.651	7.9134
27.813	6.0985
26.848	4.3326
25.933	2.8469
25.019	1.2677
24.079	-0.10231
23.012	-1.5569
22.123	-2.6823
20.98	-4.079
20.218	-4.8174
19.329	-5.796
18.186	-7.0326
17.424	-7.9
16.561	-8.9009
15.392	-10.097
14.58	-10.969
13.665	-11.899
12.573	-12.953
11.709	-13.856
10.744	-14.933
9.779	-15.578
8.9408	-16.378
7.7216	-17.344
6.9596	-17.989
6.0706	-18.678
4.9276	-19.563
4.064	-20.15
3.2258	-20.778
2.1336	-21.552
1.2192	-22.103
0.381	-22.637
-0.6096	-23.291
-1.5494	-23.878
-2.4892	-24.43
-3.429	-24.941
-4.3688	-25.484
-5.334	-26.004
-6.2992	-26.489
-7.239	-26.992
-8.2296	-27.499
-9.2456	-27.966
-10.211	-28.38
-11.227	-28.833
-12.167	-29.163
-13.106	-29.598
-14.097	-30.025
-15.037	-30.377
-15.951	-30.799
-16.993	-31.218
-17.78	-31.324
-18.771	-31.88
-19.787	-32.241
-20.777	-32.637
-21.793	-33.024
-22.657	-33.233
-23.571	-33.611
-24.613	-34.024
-25.476	-33.993
-26.34	-34.656
-27.457	-34.981
-28.397	-35.346
-29.388	-35.728
-30.328	-35.951
-31.191	-36.226
-32.131	-36.667
-33.198	-37.014
-33.934	-36.907
-35.001	-37.463
-36.043	-37.601
-37.008	-37.828
-38.024	-38.059
-37.236	-26.938
-36.246	-22.753
-35.357	-19.532
-34.341	-16.08
-33.503	-13.58
-32.537	-10.409
-31.496	-7.5353
-30.607	-5.1377
-29.743	-2.9047
-28.778	-0.44927
-27.864	1.419
-27	3.1227
-26.035	4.9064
-25.095	6.3876
-24.13	7.7666
-23.139	9.0744
-22.25	10.191
-21.133	11.081
-20.295	12.428
-19.431	13.491
-18.313	14.87
-17.577	15.702
-16.561	16.77
-15.57	17.846
-14.681	18.771
-13.792	19.617
-12.751	20.609
-11.836	21.463
-10.82	22.419
-9.8044	23.006
-8.9916	23.558
-7.9248	24.1
-7.0612	24.941
-6.1722	25.475
-5.0546	26.071
-4.2418	26.618
-3.3274	27.112
-2.2606	27.69
-1.2446	28.139
-0.2286	28.575
-0.2286	24.848
0.6096	28.922
1.5494	29.367
2.5654	29.794
3.6322	30.119
4.4958	30.337
5.5372	30.719
6.2738	30.893
7.366	31.253
8.382	31.493
9.144	31.542
10.084	31.916
11.252	32.236
11.938	32.165
12.979	32.703
13.97	32.783
15.037	32.948
15.926	33.188
16.942	32.975
17.729	33.544
18.821	33.891
19.787	33.949
20.549	34.207
21.539	34.349
22.581	34.638
23.571	34.754
24.638	35.025
25.349	35.172
26.416	35.528
27.508	35.644
28.245	35.848
29.286	36.204
30.251	36.039
31.039	36.524
32.055	36.738
33.122	36.974
34.036	37.031
35.077	37.321
35.789	37.312
36.754	37.596
37.948	37.845
38.786	37.743
39.903	37.979
40.615	37.814
41.732	37.712
42.748	37.779
43.51	37.525
44.653	37.507
45.491	37.352
44.501	27.615
43.815	25.573
42.85	22.797
41.885	20.328
40.97	17.895
40.132	15.836
39.091	13.287
38.176	11.205
37.236	9.239
36.246	7.1394
35.306	5.3468
34.366	3.5719
33.452	1.9083
32.537	0.43148
31.394	-1.1832
30.632	-2.4287
29.743	-3.5808
28.651	-4.9064
27.788	-5.8717
26.924	-6.8725
25.959	-7.8289
24.994	-8.8386
24.105	-9.7683
22.987	-10.805
22.123	-11.712
21.057	-12.927
20.193	-13.567
19.355	-14.439
18.161	-15.435
17.424	-16.192
16.535	-17.054
15.367	-17.957
14.554	-18.629
13.665	-19.31
12.522	-20.124
11.709	-20.68
10.795	-21.503
9.7282	-22.036
8.89	-22.575
7.9756	-23.233
6.985	-23.736
6.0452	-24.221
5.1308	-24.741
4.191	-25.226
3.2512	-25.693
2.2606	-26.169
1.27	-26.618
0.3048	-27.05
-0.7112	-27.494
-1.7018	-27.864
-2.5908	-28.237
-3.6068	-28.642
-4.5466	-28.873
-5.461	-29.283
-6.5024	-29.665
-7.366	-29.763
-8.2804	-30.248
-9.3726	-30.604
-10.287	-30.733
-11.278	-31.08
-12.167	-31.04
-13.005	-31.551
-14.122	-31.898
-15.088	-32.045
-16.027	-32.396
-16.967	-32.339
-17.78	-32.739
-18.847	-33.086
-19.863	-33.086
-20.65	-33.473
-21.742	-33.838
-22.606	-33.615
-23.419	-34.127
-24.613	-34.438
-25.603	-34.5
-26.492	-34.794
-27.559	-35.012
-28.169	-35.199
-29.261	-35.568
-30.328	-35.768
-31.318	-35.955
-32.207	-36.182
-33.274	-36.213
-33.884	-36.431
-35.077	-36.742
-36.068	-36.818
-37.033	-37.063
-38.024	-37.378
-38.837	-37.165
-39.878	-37.392
-40.691	-36.813
-41.656	-37.103
-42.824	-36.426
-43.586	-36.493
-44.526	-35.137
-45.593	-35.924
-44.628	-23.518
-43.891	-20.159
-42.951	-16.676
-41.859	-12.949
-41.072	-10.124
-40.183	-7.0994
-39.167	-4.128
-38.278	-1.6058
-37.414	0.7562
-36.398	3.096
-35.408	5.2445
-34.519	7.0104
-33.63	8.6429
-32.69	10.2
-31.623	11.058
-30.734	12.909
-29.794	14.096
-28.804	15.222
-27.838	16.445
-27.026	17.201
-25.984	18.478
-25.095	19.465
-24.181	20.466
-23.114	21.409
-22.301	22.317
-21.311	23.322
-20.371	23.989
-19.482	24.79
-18.44	25.72
-17.501	26.329
-16.688	26.952
-15.596	27.61
-14.656	28.22
-13.767	28.722
-12.776	29.336
-11.836	29.839
-10.922	30.31
-9.906	30.755
-8.8392	31.133
-7.7724	31.533
-6.858	31.743
-5.9436	32.103
-4.8768	32.49
-4.191	32.703
-3.048	32.837
-2.1336	33.148
-1.1938	32.694
-0.254	33.589
0.7112	33.589
1.7526	33.869
2.4892	33.864
3.556	34.153
4.2926	33.758
5.5372	34.1
6.2738	34.354
7.4168	34.563
8.4328	34.305
9.271	34.669
10.185	34.621
11.201	34.167
12.065	34.834
13.106	34.772
13.945	34.211
15.011	34.954
15.977	34.87
16.866	34.478
17.729	34.95
18.923	35.105
19.558	35.043
20.701	35.199
21.565	34.767
22.454	35.199
23.597	34.736
24.486	35.297
25.451	35.23
26.518	35.443
27.254	35.426
28.397	35.479
29.337	35.608
30.048	35.185
31.14	35.759
32.182	35.595
33.122	35.822
34.011	35.728
35.077	35.999
35.814	36.031
36.881	35.999
37.948	35.999
38.633	36.2
39.878	36.342
40.818	36.235
41.656	36.048
42.647	36.342
43.586	35.986
44.475	36.249
45.517	35.061
44.501	26.618
43.79	24.278
42.85	21.658
41.91	19.27
40.945	16.925
40.107	14.666
39.04	12.299
38.151	10.218
37.186	8.2648
36.22	6.3876
35.281	4.5327
34.341	2.8558
33.401	1.1565
32.461	-0.27579
31.394	-1.548
30.607	-2.9536
29.718	-4.0746
28.575	-5.3735
27.838	-6.2053
26.924	-7.1305
25.857	-8.1313
24.968	-9.0566
24.079	-9.9017
22.962	-10.907
22.098	-11.77
21.057	-12.9
20.168	-13.554
19.253	-14.541
18.339	-15.24
17.348	-16.2
16.561	-16.885
15.367	-17.993
14.503	-18.549
13.691	-19.199
12.598	-20.008
11.709	-20.671
10.744	-21.436
9.7028	-21.996
8.8646	-22.526
7.6962	-23.242
6.9088	-23.678
6.0198	-24.203
4.9022	-24.87
3.9624	-25.288
3.0734	-25.729
2.0828	-26.204
1.0922	-26.64
0.2032	-26.974
-0.762	-27.41
-1.778	-27.819
-2.5908	-27.917
-3.5306	-28.429
-4.572	-28.798
-5.6642	-29.118
-6.5532	-29.3
-7.5184	-29.652
-8.4836	-29.576
-9.2202	-30.079
-10.312	-30.408
-11.379	-30.377
-12.167	-30.648
-13.208	-30.973
-14.173	-30.897
-15.011	-31.275
-16.104	-31.587
-16.866	-31.298
-17.856	-31.751
-19.025	-31.894
-19.964	-31.969
-20.93	-32.138
-21.793	-32.272
-22.835	-32.023
-23.47	-32.423
-24.74	-32.583
-25.73	-32.717
-26.543	-32.801
-27.635	-33.055
-28.499	-33.006
-29.54	-33.277
-30.353	-33.144
-31.318	-33.424
-32.41	-33.566
-33.122	-33.335
-34.087	-33.646
-35.306	-33.611
-35.941	-33.637
-37.008	-33.958
-38.151	-33.971
-38.913	-33.976
-40.005	-34.242
-40.64	-33.78
-41.656	-34.34
-42.85	-34.327
-43.79	-34.029
-44.729	-34.251
-45.441	-33.21
-44.679	-22.33
-43.942	-18.856
-42.977	-15.373
-42.037	-11.93
-41.123	-8.7941
-40.259	-6.1964
-39.243	-2.9314
-38.354	-0.70282
-37.414	1.9305
-36.449	3.999
-35.535	5.8183
-34.417	8.4294
-33.604	9.3368
-32.715	10.711
-31.699	12.166
-30.759	13.376
-29.718	14.501
-28.931	15.418
-27.991	16.49
-27.102	17.464
-25.933	18.705
-25.197	19.434
-24.257	20.457
-23.241	21.374
-22.352	22.286
-21.387	23.313
-20.447	24.007
-19.482	24.874
-18.593	25.582
-17.602	26.378
-16.713	27.067
-15.57	27.637
-14.732	28.389
-13.741	28.958
-12.751	29.514
-11.836	30.003
-10.947	30.497
-9.9822	30.955
-8.9154	31.342
-7.8232	31.765
-7.0358	31.809
-6.1976	32.267
-5.1054	32.663
-4.0132	32.721
-3.2766	33.13
-2.1082	33.21
-1.2954	33.495
-0.1778	33.798
