"Mugaruma et al. 1989, Spec. AL1"	
439	
0.01	0.051977
-0.01	-0.029904
-0.04	-0.14466
-0.07	-0.24519
-0.08	-0.29226
-0.08	-0.28589
-0.13	-0.178
-0.12	-0.10984
-0.11	3.3569
0.01	24.594
0.31	50.408
0.61	74.115
0.67	75.657
0.92	100.75
1.19	112.27
1.38	126.46
1.62	139.23
1.81	151.99
2.06	165.01
2.39	178.82
2.44	180.71
2.48	176.74
2.16	143.76
1.93	127.77
1.58	102.36
1.25	77.29
0.92	51.869
0.61	26.503
0.28	0.81935
0	-24.232
-0.3	-49.572
-0.65	-75.075
-0.98	-100.26
-1.18	-113.16
-1.43	-126.01
-1.66	-138.99
-1.87	-152.04
-2.19	-165.07
-2.45	-177.8
-2.49	-177.86
-2.58	-174.91
-2.41	-153.1
-2.02	-127.79
-1.64	-102.44
-1.3	-76.966
-0.96	-51.639
-0.6	-26.112
-0.25	-0.53939
0.1	24.864
0.44	50.238
0.77	75.871
1.16	101.1
1.52	126.73
1.99	152.38
2.42	177.96
2.74	191.02
2.82	185.22
3.19	204.85
3.68	217.52
4.35	228.74
4.95	220.17
5.17	212.7
4.67	183.59
4.03	156.63
3.42	131.18
2.82	105.05
2.28	79.11
1.77	53.314
1.3	27.549
0.87	2.0216
0.43	-24.257
0.09	-48.887
-0.37	-74.698
-0.78	-99.981
-1.24	-126.03
-1.77	-151.89
-2.2	-177.52
-2.52	-190.45
-2.92	-203.26
-3.39	-217.51
-3.99	-234.73
-4.79	-242.56
-4.77	-229.48
-4.57	-209.87
-4.01	-184.06
-3.39	-157.87
-2.8	-131.52
-2.25	-105.36
-1.74	-79.043
-1.26	-53.583
-0.73	-27.476
-0.29	-2.2165
0.14	23.934
0.63	49.842
1.08	75.551
1.62	101.59
2.26	127.62
2.98	154.36
3.69	180.05
4.73	207.04
5.04	211.45
5.06	201.58
4.77	183.16
4.14	157.13
3.51	131.04
2.83	104.79
2.25	78.906
1.69	53.225
1.16	27.311
0.45	-9.8594
0.21	-24.911
-0.26	-50.474
-0.75	-77.82
-1.25	-102.02
-1.75	-129.22
-2.31	-154.54
-3.05	-181.22
-3.47	-195.74
-3.58	-199.48
-3.6	-191.53
-2.98	-156.35
-2.5	-130.58
-2	-105.03
-1.49	-78.863
-1	-52.951
-0.55	-26.967
-0.07	-1.314
0.39	24.601
0.83	50.234
1.41	75.974
1.96	101.74
2.6	128
3.35	154.28
4.08	181.95
5.07	207.26
6.82	236.38
7.88	236.24
9.12	238.99
9.41	234.91
9.38	223.33
8.8	196.25
7.93	169.76
7.01	142.29
6.06	116.7
5.21	89.806
4.22	61.76
3.29	34.979
2.41	7.4881
1.64	-19.121
0.95	-46.166
0.32	-72.861
-0.36	-99.122
-0.99	-125.99
-1.66	-151.41
-2.48	-178.75
-3.51	-211.45
-4.35	-229.94
-4.79	-236.07
-6.22	-232.8
-7.47	-235.37
-10.15	-240.97
-11.06	-230.31
-10.34	-198.89
-9.42	-171.94
-8.41	-144.44
-7.41	-118.06
-6.3	-90.418
-5.22	-63.07
-4.07	-35.902
-2.85	-7.6264
-1.88	19.041
-0.85	47.078
0.14	74.461
1.17	101.87
2.4	129.5
3.71	157.59
5.33	184.64
6.75	202.67
7.9	216.65
8.92	221.84
8.97	216.88
8.63	196.44
7.76	169.83
6.78	142.81
5.73	115.13
4.81	88.228
3.85	61.035
2.83	33.602
1.82	6.2337
0.87	-21.388
0.01	-48.252
-1.17	-77.814
-2.19	-102.64
-3.36	-130.77
-4.78	-159
-6.82	-189.58
-8.66	-211.07
-10.02	-220.47
-10	-197.45
-9.14	-171.02
-8.14	-143.55
-7.16	-116.96
-6.16	-89.583
-5.09	-62.371
-4.08	-35.052
-2.88	-7.2195
-1.89	19.853
-0.89	46.935
0.14	74.802
1.26	101.85
2.58	130.67
4.06	158.69
6.01	188.13
7.94	211.71
9.55	222.24
11.6	229.45
12.01	227.9
11.96	216.39
10.98	180.41
10.03	153.56
8.86	126.06
7.7	98.307
6.46	70.328
5.25	42.424
3.62	13.024
2.29	-15.232
0.9	-44.346
-0.3	-72.384
-1.78	-101.25
-3.22	-129.49
-4.97	-158.72
-7.18	-189.52
-9.03	-208.9
-10.95	-222.52
-14.06	-234.09
-15.03	-228.38
-15.64	-218.93
-14.6	-183.04
-13.55	-155.95
-13.41	-155.24
-12.31	-127.63
-11.09	-100.5
-9.69	-72.091
-8.09	-43.496
-6.26	-14.165
-4.55	13.951
-2.74	43.561
-1.04	72.73
0.38	96.272
2.59	132.69
4.84	162.68
6.76	183.92
9	204.23
10.4	212.77
10.71	211.98
10.78	209.5
9.98	179.44
8.8	149.48
7.89	124.28
6.73	96.748
5.61	69.182
4.34	41.274
2.95	11.568
1.4	-16.659
-0.05	-45.562
-1.74	-75.065
-3.37	-103.46
-5.6	-134.62
-7.84	-163.94
-9.45	-180.29
-11.59	-199.06
-13.16	-209.07
-14.54	-215.73
-15.05	-214.84
-15.34	-210.36
-14.57	-181.3
-13.56	-154.49
-12.43	-127.17
-11.27	-99.476
-9.94	-71.81
-8.45	-43.536
-6.7	-14.352
-5	14.111
-3.18	43.366
-1.27	73.326
0.53	101.93
2.66	132.8
5.15	164.16
7.13	185.29
9.06	203.52
10	207.82
10.99	212.25
11.67	214.23
11.87	211.1
11.85	199.69
11.48	187.7
10.39	160.5
9.39	133.22
8.34	105.95
7.03	77.637
5.84	50.063
4.1	19.384
2.56	-9.788
0.56	-41.007
-1.35	-71.464
-3.4	-101.29
-6.62	-141.94
-8.35	-161.69
-10.96	-186.85
-13.4	-202.5
-15.57	-212.58
-18.78	-217.36
-20.28	-215.35
-21.44	-204.6
-21.28	-192.48
-20.31	-165.48
-19.11	-138.24
-17.68	-106.78
-16.5	-82.322
-14.76	-54.343
-12.74	-24.568
-10.31	5.486
-7.34	37.864
-4.09	69.726
-1.27	101.86
1.78	134.75
5.38	170.6
6.84	183.81
7.97	189.62
9.45	197.81
9.41	192.6
9.43	184.63
8.41	157.07
7.36	129.98
6.19	102.04
5.1	73.927
3.81	46.736
2.19	16.585
0.71	-12.202
-1.34	-43.87
-3.7	-75.239
-6.52	-107.19
-10.09	-140.63
-12.18	-156.68
-16.33	-185.87
-20.47	-201.55
-21.12	-194.63
-20.35	-163.97
-19.17	-136.52
-17.92	-108.67
-16.61	-81.121
-15.22	-52.808
-13.32	-23.616
-11.2	5.6672
-8.52	36.785
-5.41	69.039
-2.17	101.81
0.96	134.71
3.8	161.86
6.09	180.54
7.56	189.55
8.51	193.75
8.64	191.98
8.49	182.29
8.01	162.11
6.99	135.08
5.98	107.6
4.63	79.517
3.41	52.13
2.03	22.648
0.34	-7.7216
-1.91	-39.863
-4.72	-73.555
-8.12	-107.64
-12.15	-142.43
-15.89	-169.22
-18.7	-186.1
-21.32	-194.85
-23.68	-198.44
-24.92	-197.29
-25.88	-190.36
-25.25	-171.02
-24.09	-143.83
-23.1	-116.64
-21.74	-88.643
-20.22	-60.503
-18.23	-30.79
-16.05	-1.1241
-12.84	30.792
-8.62	64.36
-4.19	101.56
-0.77	129.74
1.02	146.48
2.86	161.02
4.69	174.71
5.59	179.52
6.07	180.97
6.32	179.72
5.93	164.24
5.21	138.13
4.42	111.68
3.01	83.948
1.75	55.122
0.49	26.509
-1.07	-1.8806
-3.2	-34.529
-6.47	-71.143
-10.57	-107.06
-14.93	-138.51
-17.68	-156.78
-20.53	-172.4
-22.62	-183.61
-25.86	-189.71
-29.08	-193.57
-30.11	-192.36
-31.03	-183.62
-30.04	-150.54
-28.93	-124.7
-27.57	-94.98
-26.15	-67.634
-24.3	-38.795
-22.05	-8.9947
-18.79	23.615
-13.76	57.242
-8.86	89.774
-6.41	106.81
-3.59	127.09
-1.74	139.21
0.06	152.59
1.42	160.81
2.02	163.42
2.49	164.54
2.66	162.38
2.18	149.34
2.03	138.72
0.96	111.08
-0.3	79.771
-1.27	56.217
-2.65	27.367
