"Mugaruma et al. 1989, Spec. AH1"	
483	
0.06	0.40551
0.07	0.39912
0.06	0.39374
0.05	0.40796
0.05	0.40844
0.05	0.48983
0.03	0.45699
0.04	0.46874
0.22	25.448
0.43	50.267
0.73	76.67
1.07	102.24
1.26	114.47
1.44	127.12
1.66	139.75
1.89	152.17
2.14	164.85
2.18	162.46
2.18	160.82
2.13	153.59
1.9	128.06
1.57	103.05
1.26	78.339
0.95	52.815
0.66	27.101
0.32	-0.24079
0.02	-25.324
-0.28	-49.86
-0.58	-74.979
-0.9	-99.1
-1.1	-111.67
-1.34	-126.09
-1.57	-139.47
-1.86	-152.98
-2.13	-164.71
-2.49	-178.72
-2.58	-176.01
-2.42	-152.94
-2.07	-128.33
-1.67	-102.34
-1.31	-76.494
-0.98	-51.961
-0.66	-25.968
-0.31	-0.18685
0	25.051
0.31	49.947
0.65	75.932
1.02	100.77
1.42	127.59
1.84	152.6
2.35	178.67
2.77	191.56
3.21	205.07
4.11	225.14
5.07	228.81
5.36	214.68
4.86	184.8
4.22	158.52
3.59	132.25
3.02	106.92
2.46	80.596
1.96	54.901
1.5	28.579
1.04	2.3988
0.66	-23.514
0.27	-48.809
-0.13	-74.603
-0.56	-99.345
-1.01	-124.28
-1.56	-151.95
-2.12	-178.24
-2.44	-191.47
-2.94	-205.39
-3.35	-216.44
-3.58	-217.33
-3.82	-230.55
-5.03	-231.34
-5.82	-223.72
-5.75	-209.64
-5.19	-184
-4.52	-158.25
-3.65	-127.1
-3.15	-105.76
-2.53	-79.94
-1.94	-53.723
-1.38	-27.646
-0.8	-1.5084
-0.3	24.413
0.19	50.418
0.72	76.527
1.29	101.28
1.92	127.63
2.68	154.46
3.48	180.65
4.54	205.68
5.08	217.82
5.15	213.39
4.71	183.4
4.06	157.87
3.38	131.9
2.75	105.62
2.14	79.845
1.62	54.115
1.09	28.532
0.53	1.6118
0.03	-24.681
-0.47	-49.852
-1.05	-76.515
-1.64	-101.48
-2.39	-128.66
-3.17	-155.11
-4.1	-183
-5.03	-209.51
-5.14	-206.2
-4.87	-183.47
-4.24	-157.43
-3.53	-130.64
-2.88	-105.24
-2.25	-79.369
-1.65	-52.738
-1.13	-27.656
-0.53	-0.88707
-0.02	24.683
0.51	51.968
1.04	77.307
1.67	103.76
2.31	129.51
2.99	153.74
3.88	181.54
4.96	209.99
6.32	232.9
7.05	238.25
8.56	242.91
10.06	244.13
10.2	225.08
9.57	196.35
8.55	168.48
7.63	142.94
6.64	115.29
5.59	88.662
4.61	61.316
3.58	34.611
2.5	7.2674
1.65	-20.653
1.11	-45.863
0.32	-72.514
-0.55	-100.25
-1.42	-126.54
-2.41	-153.74
-3.49	-180.52
-4.86	-204.3
-6.37	-228.19
-8.17	-240.11
-10.1	-243.51
-10.62	-226.4
-10.07	-199.07
-9.16	-172.13
-8.11	-145.2
-7.02	-118.02
-4.73	-62.268
-3.6	-33.303
-2.32	-6.2684
-1.37	20.746
-0.43	47.803
0.46	73.297
1.44	101.21
2.57	129.58
3.74	155.68
5.19	183.65
6.58	206.67
7.91	222.97
10.14	240.03
10.24	232.81
10.2	220.84
9.55	196.18
8.73	169.77
7.79	142.57
6.86	115.57
5.92	88.891
4.95	62.011
3.92	35.499
2.75	6.3927
1.72	-20.777
0.93	-47.062
-0.14	-74.21
-1.29	-101.41
-2.66	-129.39
-4	-158.26
-5.82	-186.45
-6.78	-198.42
-8.52	-216.86
-10.03	-226.97
-10.23	-222.13
-9.86	-198.07
-9.01	-172.05
-7.97	-144.95
-6.92	-117.47
-5.87	-89.945
-4.74	-62.733
-3.58	-34.924
-2.26	-7.0504
-1.17	21.38
-0.16	47.719
0.9	74.784
2.07	102.65
3.42	130.68
4.91	158.28
6.82	190.21
8.69	211.19
10.22	224.54
12.54	236.9
15.11	240.6
15.32	228.41
14.92	208.74
13.96	182.07
12.91	155.29
11.64	127.12
10.37	99.736
8.93	71.517
7.24	43.129
5.33	12.519
3.74	-15.167
2.28	-44.711
0.71	-73.608
-0.79	-101.34
-2.38	-129.67
-4.05	-158.97
-6.31	-189.11
-7.74	-205.14
-10.14	-223.38
-12.77	-233.59
-15.08	-234.49
-15.66	-223.96
-15.56	-213.97
-14.62	-187.02
-13.46	-159.38
-12.26	-132
-10.96	-104.34
-9.39	-75.828
-7.58	-46.415
-5.47	-15.546
-3.82	12.467
-2.18	41.831
-0.44	71.763
1.25	100.49
3.07	128.86
5.44	160.16
7.5	182.23
9.75	204.33
12.34	220.14
15.11	230.76
15.22	225.82
14.93	209.06
13.98	182.31
12.91	154.96
11.89	132.26
10.53	100.24
8.97	71.811
7.29	42.661
5.34	12.137
3.46	-16.493
1.59	-46.015
-0.36	-75.806
-2.18	-105.43
-4.39	-134.51
-6.93	-166.14
-10.17	-195.8
-12.4	-211.26
-15.04	-222.47
-15.29	-215.71
-14.58	-187.23
-13.46	-159.15
-12.3	-132.19
-11.02	-104.1
-9.6	-76.379
-7.94	-46.937
-5.91	-16.574
-4.15	11.652
-2.21	42.221
-0.31	71.167
1.69	103.32
3.8	130.34
6.45	161.75
8.39	181.15
11.46	203.24
15.27	228.56
17.66	232.34
20.23	236.8
20.56	222.05
19.81	195.9
18.69	168.4
17.49	140.66
16.09	112.7
14.48	83.511
12.49	53.889
9.57	22.299
6.97	-7.8159
4.03	-39.604
1.46	-70.017
-1.12	-101.67
-3.84	-133.53
-6.97	-166.33
-11.84	-201.7
-15.01	-215.97
-17.12	-221.02
-20.02	-222.04
-20.43	-214.43
-20.24	-201.45
-19.19	-173.88
-17.94	-146.53
-16.59	-118.4
-15.03	-89.845
-13.16	-60.933
-10.53	-28.594
-7.68	3.252
-4.62	36.024
-1.66	68.566
1.47	100.92
4.37	131.93
8.18	166.32
11.2	188.08
14.07	204.98
17.16	217.45
20.1	224.85
20.2	219.88
19.53	194.45
18.45	167.06
17.28	139.87
15.89	111.64
14.36	83.144
12.45	53.883
9.99	22.359
7.03	-7.945
3.85	-40.609
0.69	-72.522
-2.5	-105.54
-6.24	-139.86
-9.94	-168.38
-12.49	-184.97
-15.05	-196.26
-17.81	-207.64
-20.1	-212.28
-20.32	-207.96
-19.24	-173.72
-18.01	-146.28
-16.7	-118.19
-15.22	-89.716
-13.46	-60.963
-10.97	-29.483
-8.32	2.0728
-5.19	34.502
-1.93	68.455
1.39	100.19
5.04	133.76
9.6	169.9
16.24	204.85
18.09	214.23
19.86	219.21
22.01	222.44
25.12	225.33
25.4	216.26
25.27	206.77
24.21	179.15
23.01	151.77
21.62	123.16
20.05	95.504
18.11	65.401
15.2	33.788
11.69	1.9642
7.15	-33.551
2.69	-68.884
-1.58	-103.74
-6.22	-140.15
-12.81	-181.7
-15.33	-192.29
-18.93	-205.49
-21.65	-209.73
-25.03	-212.7
-25.52	-204
-25.13	-188.4
-23.95	-160.69
-21.65	-113.63
-21.07	-104.08
-19.4	-75.537
-16.92	-44.115
-13.84	-12.094
-9.65	24.281
-4.82	57.72
0.42	97.177
4.19	124.15
6.5	139.54
8.93	155.97
12.59	176.23
15.47	191.41
18.11	201.35
20.73	210.22
23.95	216.42
26.27	219.5
28.41	218.91
30.08	219.67
30.37	211.24
29.72	189.8
28.53	161.97
28.25	156.15
27.17	133.91
25.62	105.91
23.79	76.434
21.03	44.969
17.19	12.204
11.85	-23.365
4.72	-64.279
1.77	-82.683
-2.16	-107.57
-8.03	-145.89
-12.93	-171.52
-15.49	-181.1
-18.86	-192.59
-21.33	-198.48
-23.78	-204.33
-26.69	-210.33
-29.01	-209.03
-30.32	-208.29
-31.11	-198.29
-30.32	-175.18
-29.03	-146.9
-27.6	-119.28
-25.95	-90.473
-23.76	-59.844
-20.87	-28.373
-16.27	6.9639
-9.66	48.996
-1.76	91.941
5.38	130.07
8.57	145.42
12.57	167.18
15.57	179.22
19.27	192.12
23.46	202.5
27.07	210.09
30.34	212.44
34.92	214.05
35.52	200.13
34.53	171.27
33.19	142.94
31.69	115.28
29.99	86.359
27.68	56.085
24.13	21.723
18.89	-10.463
9.99	-53.351
-0.04	-102.32
-7.7	-136.71
-13.22	-158.02
-17.76	-175.01
-21.31	-186.44
-24.66	-191.89
-29.54	-200.03
-32.63	-200.8
-35.18	-201.64
-36.21	-190.53
-35.09	-158.22
-33.72	-131.35
-32.17	-102.71
-30.18	-72.372
-27.83	-42.148
-24.22	-8.84
-17.73	31.52
-6.44	83.83
4.84	126.81
13.35	157.88
19.17	177.01
23.46	187.79
28.4	197.25
33.16	202.33
35.98	203.59
40.11	204.15
45.19	204.23
50.09	201.77
50.38	197.47
49.55	170.33
48.38	142.66
46.7	113.79
44.85	83.952
