"Munro 1976, Spec. 1"	
1125	
0	0
1.0529	2.3714
1.4741	3.5571
1.8952	5.5331
2.527	6.719
2.9482	9.0904
3.1587	11.462
3.5799	13.438
3.7904	16.599
4.001	18.576
4.2116	20.947
5.0538	24.109
5.2647	25.69
5.4752	27.666
5.8964	31.223
6.1069	33.99
6.7386	37.152
6.9492	39.523
7.3703	43.08
7.3703	45.452
8.002	47.823
8.002	49.798
8.2126	52.961
8.4231	55.331
9.2657	57.702
9.4762	59.682
9.6868	61.657
9.8974	63.632
10.318	65.607
10.529	66.399
10.74	67.19
10.529	69.165
10.74	68.374
10.529	66.795
10.318	65.607
10.318	64.424
10.108	63.236
9.6868	61.657
9.8974	60.073
9.8974	57.306
9.4762	55.727
9.2657	53.356
8.634	49.798
8.4231	47.031
8.2126	42.685
7.7915	39.918
7.3703	36.757
6.9492	33.199
6.5281	30.038
6.1069	27.666
5.6858	25.295
5.4752	22.528
5.2647	20.157
4.8433	17.39
4.2116	13.833
3.5799	10.671
3.3693	8.2999
2.9482	5.5331
2.3164	2.3714
2.527	0
2.1058	-3.5571
1.4741	-5.9286
1.2635	-9.4854
0.63175	-13.833
0	-18.971
-0.63175	-22.923
-1.0529	-26.48
-1.4741	-29.247
-2.1058	-32.409
-2.527	-35.175
-3.1587	-38.337
-3.7904	-41.894
-4.2116	-44.266
-4.8433	-47.031
-5.2647	-49.402
-6.1069	-52.565
-6.5281	-54.148
-6.9492	-56.519
-7.5809	-58.494
-7.5809	-60.073
-8.2126	-62.444
-8.634	-64.028
-9.0551	-65.607
-9.2657	-67.978
-9.2657	-66.003
-9.0551	-63.632
-8.8445	-61.261
-8.4231	-57.306
-8.2126	-54.148
-8.002	-51.773
-7.7915	-49.011
-7.3703	-45.452
-6.9492	-42.685
-6.5281	-39.523
-5.6858	-35.966
-5.2647	-32.409
-4.8433	-28.852
-4.2116	-24.109
-3.1587	-19.762
-2.527	-15.809
-1.6847	-10.276
-1.2635	-7.5095
-0.63175	-3.9523
0	-0.39523
0	1.9762
1.0529	6.3236
1.4741	9.0904
1.8952	12.252
2.7376	15.809
3.7904	21.343
4.4221	25.295
4.8433	29.247
5.6858	33.99
6.1069	36.757
6.9492	40.313
7.5809	43.871
8.002	47.031
8.8445	50.986
9.4762	54.148
9.6868	56.915
10.318	60.073
10.74	61.657
10.95	63.632
11.371	66.399
11.792	68.77
13.056	73.115
13.688	77.07
14.32	79.045
14.951	82.603
15.794	84.974
16.425	88.137
17.478	90.904
17.899	93.671
18.742	96.437
19.374	98.412
20.216	100.39
21.269	103.15
21.69	104.74
22.953	106.71
23.585	108.29
24.638	110.27
26.111	112.64
27.587	114.62
29.271	116.59
30.533	118.17
31.587	119.36
32.639	120.15
33.271	120.55
33.693	121.73
35.377	122.52
36.22	123.31
37.061	124.1
37.483	124.1
37.904	124.1
38.326	124.89
38.326	123.31
38.115	120.94
37.904	119.36
37.694	117.78
37.904	115.8
37.904	115.01
37.483	112.64
36.853	109.88
36.431	107.9
36.22	105.13
35.799	101.97
35.588	99.992
35.166	97.225
34.536	94.458
34.115	91.691
33.482	88.533
32.85	84.974
32.639	82.208
32.009	79.045
30.955	75.882
30.533	73.511
30.114	70.349
29.693	66.795
29.06	63.632
28.428	60.865
27.798	57.306
26.954	54.936
26.322	50.986
25.27	47.427
24.217	42.685
23.585	39.128
23.164	36.757
22.532	33.199
21.69	30.828
21.058	27.666
20.216	24.109
19.795	21.738
18.742	17.39
17.899	14.624
17.478	11.857
16.847	9.4854
16.004	6.719
15.583	3.9523
14.53	1.1857
13.898	-0.79045
13.056	-3.9523
12.424	-7.114
11.371	-10.276
11.161	-13.043
10.318	-16.599
9.4762	-19.366
8.634	-22.133
7.5809	-25.295
7.3703	-26.876
6.5281	-29.642
5.4752	-33.199
4.4221	-35.966
3.3693	-39.128
2.527	-42.685
1.4741	-46.244
0.21058	-49.798
-1.0529	-53.752
-2.3164	-58.494
-3.5799	-61.657
-4.8433	-64.819
-5.8964	-67.978
-6.9492	-71.536
-8.2126	-75.491
-9.6868	-79.441
-10.74	-82.208
-11.582	-85.37
-12.846	-88.137
-14.109	-91.3
-15.373	-94.458
-16.636	-96.833
-17.689	-99.204
-18.531	-101.58
-20.216	-105.13
-21.269	-107.11
-22.743	-109.08
-24.006	-111.45
-25.27	-113.03
-26.533	-114.22
-28.009	-116.59
-29.903	-117.78
-30.955	-118.57
-33.061	-118.96
-34.536	-120.15
-35.377	-120.55
-36.01	-120.55
-36.431	-120.55
-37.061	-121.33
-36.642	-119.76
-36.642	-117.38
-36.431	-114.62
-36.22	-111.85
-36.431	-109.08
-36.01	-105.92
-35.588	-102.76
-34.955	-98.808
-34.326	-94.458
-33.482	-90.508
-33.061	-87.345
-32.431	-82.999
-31.798	-78.649
-31.377	-75.491
-30.744	-72.328
-29.903	-69.561
-29.271	-66.003
-28.639	-63.236
-28.217	-60.073
-26.954	-54.936
-26.322	-52.169
-25.481	-48.615
-24.849	-44.66
-24.217	-41.894
-23.796	-39.128
-23.164	-37.152
-22.532	-34.385
-21.69	-31.223
-21.058	-28.457
-20.216	-25.69
-18.742	-20.947
-18.11	-17.785
-17.478	-15.414
-16.636	-12.647
-16.004	-10.276
-15.162	-7.114
-14.53	-5.1381
-14.109	-2.7666
-13.477	-0.79045
-12.214	1.9762
-10.95	7.114
-9.6868	10.671
-8.634	13.438
-7.3703	18.181
-6.1069	21.738
-4.8433	24.899
-3.1587	28.457
-1.4741	31.618
-0.21058	35.966
1.0529	39.918
2.9482	43.08
4.6327	47.427
6.3175	50.59
8.2126	53.356
9.4762	56.519
10.74	58.89
12.846	62.444
13.898	64.424
15.373	67.586
16.636	70.349
18.321	73.115
19.584	75.491
21.69	79.441
22.532	81.812
24.638	84.974
26.111	89.32
27.587	92.087
29.06	96.042
30.323	99.204
32.22	102.76
33.904	105.92
36.01	109.48
37.272	111.85
39.588	115.41
41.486	117.38
44.011	119.36
46.96	121.73
49.698	122.92
51.803	124.1
53.698	125.29
55.382	126.08
58.331	126.87
61.28	127.66
63.807	128.06
65.07	128.06
67.386	128.45
69.492	128.45
71.387	129.24
73.282	129.63
74.336	129.24
75.179	129.63
74.968	127.26
74.968	124.89
74.757	122.52
74.757	120.15
74.546	117.38
73.914	115.01
73.703	111.45
73.282	107.11
73.071	102.76
71.808	96.833
71.176	92.483
69.913	86.949
68.859	80.628
67.597	75.491
66.543	70.349
65.913	65.607
64.437	59.286
62.964	53.752
61.702	49.402
60.437	44.66
58.753	39.128
57.069	33.99
55.171	27.666
52.647	21.738
50.538	15.019
48.854	10.671
45.908	3.5571
42.116	-3.1618
38.959	-10.276
37.483	-14.624
34.326	-20.552
30.744	-27.666
28.217	-32.409
25.059	-36.757
21.9	-41.499
18.531	-46.635
14.109	-52.169
12.003	-55.331
7.5809	-60.865
5.2647	-63.632
2.3164	-66.003
-0.21058	-68.374
-3.7904	-71.14
-5.6858	-72.328
-8.4231	-73.907
-11.792	-76.278
-14.741	-78.258
-17.057	-80.628
-19.584	-81.812
-23.375	-84.578
-25.9	-85.766
-27.798	-86.949
-30.744	-88.533
-32.431	-90.112
-34.747	-91.691
-37.904	-94.067
-39.799	-95.25
-42.748	-98.412
-45.486	-100.78
-48.433	-103.15
-51.382	-105.92
-54.331	-107.5
-56.647	-108.69
-59.593	-110.27
-61.491	-111.45
-63.807	-112.25
-65.702	-114.22
-67.386	-116.2
-70.754	-117.78
-73.492	-120.15
-74.757	-120.94
-76.02	-122.13
-76.863	-122.92
-76.23	-120.15
-75.809	-116.2
-75.179	-112.25
-74.125	-107.11
-73.492	-102.36
-72.23	-96.042
-71.598	-91.3
-70.965	-84.974
-70.124	-79.441
-68.859	-74.699
-67.597	-69.561
-66.754	-65.211
-65.913	-60.865
-64.859	-57.306
-63.807	-52.961
-62.753	-49.402
-61.91	-45.452
-60.648	-40.313
-59.593	-36.361
-58.331	-30.828
-56.647	-26.085
-55.593	-22.133
-54.331	-18.971
-52.647	-14.228
-51.382	-10.671
-49.276	-4.3475
-47.17	0.39523
-45.486	3.9523
-43.381	8.2999
-41.486	13.438
-38.748	18.181
-36.431	23.318
-34.115	28.061
-30.955	34.385
-28.639	37.547
-26.111	40.709
-23.375	45.056
-21.9	47.031
-19.374	50.59
-16.847	53.752
-14.32	56.519
-12.003	58.89
-9.8974	60.865
-6.5281	64.424
-4.4221	66.795
-2.3164	68.374
-0.42116	70.349
1.6847	72.328
4.2116	73.907
6.5281	75.882
8.4231	77.466
10.74	78.649
12.635	79.441
14.951	80.628
17.268	82.603
19.374	83.787
22.743	84.974
25.27	85.766
27.798	86.949
30.533	88.924
32.85	89.32
35.588	91.3
39.588	92.879
42.537	93.671
44.854	95.25
46.538	96.042
49.487	98.017
53.277	99.992
55.804	101.97
58.331	103.55
60.648	105.13
62.964	107.5
65.07	108.69
67.386	110.66
69.703	111.85
72.652	114.62
74.125	116.2
74.968	116.59
74.757	115.01
74.336	112.25
73.282	107.11
72.652	103.55
71.808	99.596
71.176	95.25
70.124	90.904
69.281	86.554
68.649	81.416
67.808	77.07
66.543	72.328
65.281	68.374
64.437	64.028
63.386	59.682
62.121	55.727
61.702	53.356
60.226	48.615
58.964	43.475
57.488	37.942
56.225	34.385
55.171	31.223
53.698	25.69
52.436	20.157
51.171	16.599
49.698	11.066
48.224	6.3236
46.538	1.1857
45.276	-4.3475
43.8	-9.4854
41.905	-15.809
40.432	-20.157
38.537	-24.899
36.642	-30.038
34.115	-35.175
31.798	-40.313
29.271	-45.056
25.9	-49.798
23.164	-52.961
19.795	-56.915
17.057	-60.469
15.162	-62.053
12.003	-65.607
9.6868	-68.374
6.9492	-70.745
4.2116	-73.115
1.2635	-76.674
-1.0529	-79.045
-4.001	-81.812
-7.3703	-84.183
-8.2126	-84.974
-10.95	-86.949
-12.424	-87.345
-13.898	-88.137
-17.689	-91.3
-20.426	-92.879
-22.953	-95.25
-26.111	-98.017
-29.06	-100.39
-31.798	-102.36
-34.747	-103.95
-37.272	-105.53
-40.853	-108.29
-45.276	-111.45
-47.803	-113.83
-52.225	-117.78
-54.963	-120.15
-56.858	-122.13
-61.069	-125.68
-62.332	-126.08
-65.07	-127.26
-66.754	-128.06
-69.07	-127.66
-72.441	-128.45
-74.125	-129.24
-76.02	-130.03
-77.074	-129.24
-76.863	-126.08
-76.652	-123.71
-76.02	-119.76
-76.02	-117.38
-75.387	-114.22
-74.968	-110.66
-74.336	-107.11
-73.914	-102.76
-73.071	-98.412
-72.441	-95.25
-71.176	-90.112
-70.546	-85.766
-69.281	-80.233
-68.229	-75.095
-67.175	-71.536
-66.332	-67.586
-65.07	-62.84
-64.226	-58.89
-63.175	-55.727
-62.121	-51.773
-60.858	-47.031
-59.174	-42.29
-57.909	-37.152
-56.015	-32.409
-54.963	-28.852
-53.698	-25.295
-52.436	-21.738
-50.749	-16.995
-49.065	-13.043
-47.381	-9.4854
-45.908	-4.7427
-44.221	-1.1857
-42.537	2.3714
-41.275	5.5331
-39.378	9.8808
-37.694	13.438
-35.588	17.785
-33.271	22.528
-31.166	26.085
-29.271	29.642
-26.744	33.99
-23.375	38.337
-20.848	41.104
-18.531	44.66
-15.794	49.011
-13.267	51.773
-11.582	53.752
-8.8445	57.306
-6.9492	58.89
-4.4221	61.261
-2.1058	63.236
0	65.607
2.527	68.374
4.8433	70.745
7.7915	72.724
12.003	76.278
16.215	79.045
19.584	81.02
22.532	82.208
24.849	83.395
27.376	84.578
29.693	85.766
33.061	87.345
35.588	88.533
37.483	89.32
40.432	90.904
43.381	92.483
46.327	93.671
49.276	94.854
52.436	96.437
54.331	98.017
57.277	99.204
59.804	101.18
62.121	102.36
65.07	104.74
68.44	106.71
70.754	108.69
72.862	111.06
76.23	113.83
79.39	116.2
82.758	119.36
86.34	121.73
89.075	123.71
92.446	125.29
95.814	126.47
99.184	128.45
101.92	128.84
104.24	129.63
107.82	131.22
109.92	132.01
111.82	133.19
112.87	133.59
113.5	133.19
113.5	131.22
113.08	128.45
113.08	125.68
112.66	121.73
112.24	116.99
111.4	113.43
111.19	108.69
110.13	104.34
109.5	100.39
108.24	95.646
107.61	92.087
106.97	87.345
105.71	82.603
104.66	78.258
103.18	72.724
102.34	69.165
101.29	65.607
100.03	60.073
98.341	54.148
97.079	49.798
95.395	44.66
94.13	41.894
92.446	35.966
90.762	31.223
88.656	25.295
86.548	19.366
84.653	14.624
82.758	9.4854
80.653	4.3475
78.547	-1.1857
76.02	-7.114
72.862	-13.833
69.492	-20.157
65.913	-24.899
63.597	-28.852
60.648	-33.594
57.699	-37.547
54.752	-41.894
51.803	-45.452
49.276	-48.615
46.327	-52.169
40.643	-58.89
37.483	-62.84
32.85	-67.19
29.06	-69.957
25.27	-73.115
21.69	-75.491
16.636	-78.258
12.214	-81.02
8.2126	-82.999
4.6327	-83.787
2.527	-84.974
0	-86.162
-2.3164	-87.741
-4.4221	-88.533
-6.5281	-89.32
-8.634	-89.716
-11.792	-90.904
-14.53	-91.691
-17.899	-92.483
-22.322	-94.067
-25.692	-95.646
-28.639	-96.437
-31.798	-97.621
-34.747	-98.017
-38.959	-99.596
-41.486	-99.596
-43.381	-100.78
-45.908	-101.18
-48.433	-101.58
-50.96	-102.36
-53.698	-103.55
-56.225	-103.55
-59.385	-104.74
-61.491	-106.32
-64.648	-107.5
-67.597	-108.69
-69.281	-109.88
-71.808	-111.06
-74.125	-112.25
-76.23	-113.03
-78.547	-114.22
-80.442	-115.41
-82.547	-116.59
-84.864	-118.17
-86.759	-118.96
-87.813	-120.15
-88.445	-120.15
-88.864	-121.33
-89.708	-121.73
-91.813	-123.31
-95.395	-125.29
-97.92	-126.08
-100.03	-128.06
-101.71	-129.63
-104.24	-131.22
-106.34	-132.8
-108.03	-133.98
-110.13	-135.56
-111.82	-136.75
-112.45	-137.14
-113.71	-138.33
-113.92	-135.96
-113.92	-133.98
-113.29	-131.22
-113.08	-127.26
-112.66	-124.1
-112.24	-120.55
-111.61	-117.78
-110.98	-113.83
-110.13	-108.69
-109.08	-104.34
-108.03	-99.204
-106.97	-94.458
-106.34	-91.691
-105.29	-86.554
-103.82	-81.02
-102.55	-75.882
-101.5	-71.932
-100.66	-68.374
-99.606	-64.819
-98.763	-60.073
-97.5	-56.519
-96.657	-52.961
-96.025	-49.011
-94.341	-45.056
-92.867	-39.128
-91.181	-33.199
-89.075	-26.876
-86.759	-21.343
-84.442	-15.019
-82.758	-11.462
-80.653	-7.114
-78.336	-1.5809
-76.02	3.5571
-73.703	7.114
-71.598	11.857
-69.281	16.204
-67.175	19.762
-65.07	23.714
-62.542	27.666
-60.437	30.828
-57.909	35.175
-56.015	37.152
-53.909	40.709
-51.592	43.871
-49.698	46.244
-47.17	48.615
-44.854	51.773
-42.748	54.54
-40.432	56.519
-38.115	59.286
-35.799	61.261
-33.693	64.424
-31.587	66.399
-28.849	67.978
-25.9	69.957
-22.953	72.328
-19.795	75.095
-17.057	75.882
-13.898	77.466
-10.95	79.441
-8.8445	79.837
-6.5281	81.416
-4.4221	81.812
-1.4741	83.787
0	84.183
1.8952	85.37
4.2116	86.554
6.9492	86.949
9.8974	87.741
12.214	88.924
15.162	90.508
17.478	91.691
20.426	92.879
23.796	94.067
26.954	95.646
29.271	96.437
31.798	98.017
34.747	98.412
37.272	99.204
40.221	100.39
43.17	101.18
46.116	101.58
47.803	101.58
50.119	101.97
52.436	102.76
54.331	103.15
56.225	102.76
58.12	102.76
58.964	102.76
60.648	102.76
62.964	102.36
65.281	102.36
68.019	101.97
72.019	103.55
74.757	104.34
77.704	104.74
82.337	106.32
83.812	107.5
86.34	108.69
88.864	110.27
91.392	111.45
94.551	113.03
97.5	115.01
101.29	116.59
104.45	118.17
108.66	120.15
111.4	120.55
113.5	122.52
114.35	122.52
114.35	120.94
113.92	118.17
113.5	114.62
113.08	110.66
112.45	106.32
111.61	100.78
110.98	97.225
110.77	92.879
109.29	88.137
108.24	84.183
107.19	78.649
105.92	75.095
104.87	70.349
103.18	65.607
102.34	61.657
101.29	58.494
99.184	53.752
98.13	49.402
96.025	45.452
94.762	41.499
93.078	36.757
90.97	32.804
89.286	28.061
87.391	22.528
85.286	16.995
83.18	11.462
81.074	7.5095
79.179	3.9523
77.285	0
75.598	-3.1618
73.703	-7.114
71.808	-10.276
69.703	-13.833
68.019	-16.995
65.913	-20.947
64.016	-23.318
62.121	-26.876
59.593	-30.433
57.488	-33.99
54.752	-37.152
52.225	-40.709
50.33	-43.871
47.592	-46.635
45.276	-49.402
42.959	-52.169
40.432	-54.936
37.694	-56.915
35.166	-59.286
31.798	-62.84
29.482	-64.028
26.954	-67.19
24.006	-68.77
21.269	-70.349
18.531	-71.14
15.583	-73.115
12.003	-75.882
9.4762	-77.07
7.1598	-78.649
5.0538	-79.441
2.9482	-80.628
1.0529	-81.02
0	-81.416
-1.8952	-81.812
-5.2647	-84.578
-8.002	-85.37
-11.371	-87.345
-13.898	-87.741
-16.847	-87.741
-19.374	-88.533
-22.111	-90.112
-25.9	-91.3
-28.217	-92.087
-30.323	-92.879
-32.639	-93.671
-34.115	-93.671
-36.853	-94.458
-39.169	-94.854
-41.694	-95.646
-45.065	-96.042
-47.592	-97.225
-50.119	-97.225
-52.855	-98.017
-54.963	-98.808
-56.647	-98.412
-59.174	-99.596
-61.91	-100.39
-65.07	-101.58
-67.386	-102.36
-69.913	-102.76
-72.441	-103.55
-74.968	-104.34
-76.652	-105.13
-79.601	-106.71
-82.126	-107.5
-83.812	-108.29
-85.707	-109.08
-86.548	-109.88
-88.445	-110.66
-89.708	-111.06
-91.181	-112.25
-93.497	-113.83
-95.814	-115.01
-98.13	-117.38
-101.08	-119.36
-103.18	-120.55
-105.71	-122.13
-108.24	-123.31
-110.13	-124.1
-111.82	-124.89
-113.08	-125.29
-113.29	-122.92
-113.5	-121.33
-113.08	-118.57
-112.45	-113.43
-111.82	-108.69
-110.77	-103.15
-109.71	-99.596
-108.87	-94.458
-107.82	-89.716
-106.56	-84.183
-105.71	-79.837
-104.66	-75.882
-103.4	-71.932
-102.34	-67.586
-100.87	-62.84
-99.817	-58.494
-98.763	-55.331
-97.29	-50.194
-95.603	-45.452
-94.341	-42.29
-91.813	-36.757
-89.497	-30.038
-87.391	-25.295
-86.129	-21.343
-83.602	-16.204
-81.918	-11.857
-79.809	-7.114
-77.704	-1.9762
-76.23	0
-74.968	3.1618
-72.652	8.2999
-70.335	12.252
-68.229	15.809
-65.491	20.157
-63.597	23.318
-62.121	26.085
-59.804	28.852
-57.277	33.199
-54.963	35.966
-52.225	39.918
-50.33	42.29
-47.592	44.66
-44.643	48.219
-42.537	50.194
-40.221	52.565
-36.853	56.123
-33.904	58.89
-31.377	60.865
-28.849	63.632
-25.692	65.607
-23.375	67.19
-20.848	69.561
-18.11	71.536
-15.373	73.115
-12.846	74.303
-9.6868	75.491
-6.5281	77.07
-4.2116	78.649
-2.3164	79.837
-1.2635	80.233
-0.21058	80.628
1.6847	81.02
4.2116	82.603
6.9492	83.395
9.6868	84.183
12.846	85.766
16.004	86.162
19.795	86.949
22.532	87.741
26.533	89.32
29.693	90.508
32.431	91.3
34.955	91.691
37.483	92.483
41.064	93.671
44.221	94.458
48.644	95.25
51.803	96.437
54.752	96.833
56.858	97.225
59.804	98.017
62.964	99.204
65.07	99.992
68.859	101.18
72.862	102.76
75.179	103.55
78.758	104.74
81.285	105.53
84.653	105.53
88.445	106.71
91.813	108.29
95.184	109.08
99.606	110.27
102.97	111.85
106.34	113.83
109.5	115.41
112.45	116.99
116.03	118.57
119.19	119.76
121.51	122.52
124.03	124.1
127.19	126.08
129.93	126.87
132.46	128.45
135.62	129.24
138.98	130.43
142.35	130.82
145.09	132.01
148.46	132.4
150.14	132.8
150.78	132.4
151.41	132.8
151.62	130.82
151.41	128.45
151.2	125.68
150.36	120.94
149.93	116.99
149.51	113.03
148.88	108.69
148.04	104.34
147.2	100.78
146.57	97.225
145.51	93.671
144.04	89.32
143.2	83.395
142.14	78.258
140.88	74.303
140.04	70.745
139.19	65.607
137.93	61.657
136.88	58.098
135.4	52.961
134.14	49.011
132.46	44.66
131.19	40.313
130.14	35.571
128.88	32.013
127.4	27.666
125.3	23.318
123.19	18.576
121.72	15.414
120.45	12.252
118.77	7.9045
117.51	4.7427
115.82	2.7666
114.35	0
