col4		
2586		
0	0	0
0.004430014	0.173485091	1.846981604
0.00153162	0.034697463	0.277051689
0.00031496	-0.208185668	-0.18469816
0.018636234	-0.034697463	36.66384368
0.000131826	0.138788963	80.25353476
0.000070612	0.451049672	121.168968
0.010991596	0.173485091	159.2099744
0.003653536	-0.312278502	196.7972644
-0.002540254	-0.034697463	235.5855684
0.003799332	-0.069396705	271.607092
0.000762	0.867447697	310.7601484
0.00106172	0.624574797	348.2584744
-0.0009652	0.936839954	390.2761716
-0.00188976	0.79805544	428.3260744
0.00236728	1.110320597	464.7123504
0.007130542	1.665458655	504.9774568
-0.011021314	0.971536083	543.5789364
0.006134862	0.624574797	582.091452
0.003723894	1.700154784	619.8655664
0.00028702	1.318497369	656.8923832
0.006289294	0.971536083	693.830236
-0.003743452	1.734850912	733.5437656
-0.00053848	2.428817966	771.31788
-0.00109982	2.047160552	808.5315212
-0.004060952	2.220641195	849.6328892
-0.007085076	2.220641195	885.8323408
-0.000152654	1.908376037	923.713212
-0.00056642	2.185945066	961.522912
0.004543806	2.671690867	998.265044
-0.00050038	2.463514095	1035.807852
0.002707132	2.08185668	1075.307868
-0.00163322	2.949259895	1111.783108
-0.008450834	2.532906352	1147.724564
0.003308604	2.741083124	1166.407004
0.006031484	2.532906352	1166.140112
-0.020220432	0.936839954	1151.994836
-0.019580606	0.624574797	1152.795512
0.004417314	2.984000506	1152.97344
0.11111738	8.986742129	1150.660376
0.13230098	10.06232212	1151.19416
0.153416	11.380775	1152.52862
0.1829181	13.74011175	1151.63898
0.22596348	15.82187946	1149.236952
0.2705862	17.41790138	1149.948664
0.309118	20.85326293	1151.283124
0.3337052	21.5471855	1153.062404
0.3495548	23.55956096	1152.884476
0.3924808	25.57193642	1150.571412
0.411861	27.23735059	1151.550016
0.4524502	28.27823445	1149.503844
0.481457	30.42983925	1152.52862
0.5209286	31.81768439	1151.19416
0.5684266	33.41370631	1150.571412
0.6063742	35.25260112	1150.30452
0.6235954	36.50166175	1153.507224
0.6390894	37.71602625	1149.948664
0.650875	38.44464495	1151.905872
0.6671056	39.27735204	1148.08042
0.6626352	39.8324901	1151.727944
0.6743954	40.3182359	1149.948664
0.6840728	41.01215847	1153.41826
0.6894068	41.60243748	1152.261728
0.705993	42.01879102	1152.795512
0.726567	42.26166392	1150.126592
0.7413752	43.16376327	1150.660376
0.7391654	42.40044844	1151.63898
0.756666	42.71271359	1152.261728
0.7595362	42.19227167	1150.482448
0.759587	42.01879102	1150.037628
0.7590536	42.40044844	1151.016232
0.764032	42.29636005	1149.325916
0.7554722	42.36575231	1147.546636
0.7531608	41.98409489	1151.283124
0.7548372	42.22696779	1150.571412
0.7477252	41.0468546	1149.147988
0.6549898	37.19558432	1147.724564
0.6590284	35.32199338	1150.037628
0.650621	34.41989404	1149.681772
0.6277102	31.99116503	1151.016232
0.597662	30.81149666	1149.770736
0.5372608	28.38232284	1146.834924
0.4814824	26.30055512	1151.19416
0.4517644	24.01061063	1147.902492
0.392557	22.0329313	1149.8597
0.3650488	19.01436812	1149.147988
0.3281426	16.09944849	1147.724564
0.2853944	12.90740466	1148.436276
0.2398268	11.1379021	1148.347312
0.17461738	9.194918901	1150.393484
0.17644872	7.286631828	1149.41488
0.12876276	5.551380576	1150.482448
0.09817862	3.435050178	1147.991456
0.0260096	-0.79805544	1150.30452
0.003891788	-1.665458655	1150.215556
-0.008111998	-3.539138564	1148.97006
-0.0291592	-4.198409489	1150.215556
-0.14025372	-10.09701824	1150.30452
-0.23435056	-14.43403432	1149.325916
-0.264287	-15.89127172	1150.126592
-0.314325	-18.56331844	1148.614204
-0.3649218	-21.65127389	1149.41488
-0.3949446	-23.90652225	1149.770736
-0.4408932	-25.25967126	1151.105196
-0.4795774	-27.13326221	1148.97006
-0.5455666	-30.18696635	1150.215556
-0.5701792	-31.95646891	1149.236952
-0.5856224	-33.03204889	1151.283124
-0.5975858	-34.31580565	1149.236952
-0.5955284	-35.04442435	1149.41488
-0.6439662	-35.73834692	1149.325916
-0.6533388	-36.88331917	1147.19078
-0.6634988	-37.33436884	1151.283124
-0.6705346	-38.44464495	1147.813528
-0.69596	-39.3467443	1149.948664
-0.7022592	-40.24884364	1150.30452
-0.7191248	-39.45083268	1149.503844
-0.7166102	-40.45702041	1148.703168
-0.7403084	-41.08155073	1149.8597
-0.7471918	-41.60243748	1149.948664
-0.7487158	-42.26166392	1148.436276
-0.7582662	-41.94939876	1147.991456
-0.760095	-42.50453682	1151.283124
-0.7759192	-42.22696779	1149.325916
-0.7658608	-42.81680198	1149.8597
-0.7643622	-43.16376327	1149.948664
-0.7797292	-43.44133229	1149.147988
-0.8332724	-42.19227167	1147.724564
-0.8001254	-42.33105618	1147.724564
-0.8145272	-42.50453682	1148.347312
-0.8242554	-42.46984069	1147.6356
-0.8127492	-42.19227167	1147.724564
-0.810006	-41.74122199	1149.8597
-0.7407402	-39.1038714	1147.101816
-0.7176516	-36.1893966	1148.436276
-0.673608	-33.72597146	1147.101816
-0.6618986	-33.41370631	1148.436276
-0.6439916	-32.37282245	1146.212176
-0.5955284	-30.46453538	1146.923888
-0.5843524	-28.65989187	1147.19078
-0.5529072	-26.64751641	1147.546636
-0.5258816	-23.76773773	1146.834924
-0.4733036	-21.82475453	1147.546636
-0.3926586	-18.70210296	1149.059024
-0.3642614	-16.75867494	1149.147988
-0.3509264	-15.68309495	1147.813528
-0.3220212	-13.28906208	1148.169384
-0.2757678	-10.20110663	1147.546636
-0.23909782	-8.674476972	1148.792132
-0.21591524	-7.217239571	1148.347312
-0.15368524	-4.718673489	1147.368708
-0.13479526	-3.018696635	1145.500464
-0.074803	0.173485091	1148.08042
-0.002660142	2.359425709	1146.390104
0.002706878	3.053392763	1147.546636
-0.003196336	3.573834692	1146.923888
-0.00037846	3.608530821	1148.347312
-0.004715256	3.712619207	1149.147988
-0.1704213	-10.79094082	1145.4115
-0.00935355	0.208185668	1142.653616
0.16393668	10.47867566	1143.365328
0.3993896	24.25348354	1146.923888
0.599567	33.51779469	1144.788752
0.664845	37.50784948	1144.166004
0.6572758	37.23028045	1144.343932
0.6599936	37.54254561	1145.322536
0.6644132	37.54254561	1145.945284
0.6560312	36.95271142	1144.610824
0.6675374	36.9180153	1145.144608
0.6574282	36.9180153	1145.055644
0.823341	46.91094515	1144.07704
1.1564112	61.20619496	1146.568032
1.1989308	64.67580782	1147.368708
1.5360142	78.41636439	1144.52186
1.8542762	91.80951485	1144.610824
1.8945098	94.44642062	1144.343932
2.2449028	108.7416704	1147.902492
2.721864	123.8696273	1146.923888
3.195828	136.3958194	1148.614204
3.648202	147.8108457	1155.108576
4.148328	157.7343833	1158.489208
4.578096	165.6108493	1161.602948
4.81711	159.7120626	1037.231276
4.919472	152.9810137	957.341604
5.145786	155.2015659	956.185072
5.625084	162.7657668	957.69746
5.997448	167.3109596	960.010524
6.4389	172.6199121	962.59048
6.734048	180.4612372	1002.802208
6.88594	185.7354935	1039.633304
7.074408	188.6499683	1076.820256
7.21868	194.1319567	1113.562388
7.227062	195.311625	1118.27748
7.590536	203.5003562	1155.019612
8.015732	209.4685352	1165.339436
8.489442	215.1933964	1168.98696
8.932418	216.6159376	1147.813528
9.169654	219.0104153	1153.062404
9.327896	221.6473211	1155.19754
9.475978	216.2689764	1103.242564
9.533382	212.2789216	1062.141196
9.64311	210.8563803	1046.394568
9.811512	212.0013525	1046.394568
9.96061	213.4585899	1051.10966
10.086086	213.4238938	1049.33038
10.168128	218.9058821	1090.69864
10.170668	219.8084263	1098.171616
10.18794	223.3474314	1139.095056
10.19175	224.4577075	1147.813528
10.25906	225.6373759	1145.500464
10.324592	226.192514	1148.703168
10.344658	226.7129559	1149.770736
10.375392	226.8170443	1147.012852
10.375646	226.0537294	1149.147988
10.38606	218.1078712	1143.810148
10.37336	218.0384789	1143.543256
10.385044	217.2751641	1146.212176
10.348468	216.720026	1146.390104
10.204196	213.2851093	1143.988076
10.164572	211.584999	1142.119832
9.968738	207.0393613	1142.74258
9.26592	193.2645535	1143.009472
8.543798	179.871403	1138.205416
7.772146	166.339468	1138.650236
6.996938	152.9116214	1136.95992
6.194806	139.3449903	1144.699788
5.523992	125.9518399	1140.785372
4.886706	112.0378026	1138.650236
4.211066	97.84664123	1134.73582
3.595878	84.28001012	1140.340552
3.121406	70.8174674	1138.116452
2.604516	57.35492469	1144.610824
2.2022054	43.58011681	1145.322536
1.760855	29.38851057	1142.920508
1.4094968	15.40552592	1141.586048
1.0092436	1.249105112	1141.763976
0.6629908	-12.42165886	1140.696408
0.3279648	-26.89038931	1140.51848
-0.000236728	-41.32442363	1140.9633
-0.3480054	-54.96089181	1138.205416
-0.715137	-69.04796485	1139.895732
-1.1118088	-82.71868434	1143.276364
-1.5290038	-96.42409995	1143.810148
-1.9275298	-109.9907311	1145.589428
-2.5197816	-118.7692964	1050.308984
-2.573528	-116.0976945	991.414816
-3.286506	-130.045983	992.660312
-4.256278	-143.577918	995.151304
-5.122418	-157.5955988	1025.132172
-5.32638	-163.3209048	1064.632188
-5.585968	-169.3233351	1102.797744
-5.682488	-172.2035586	1116.320272
-6.048756	-179.1774804	1154.841684
-6.461252	-185.7007974	1162.136732
-7.076948	-192.5359348	1167.029752
-7.650226	-199.3368208	1175.926152
-8.18261	-201.4879808	1144.788752
-8.583422	-204.7494168	1147.457672
-8.899144	-190.0725096	977.180576
-8.982964	-186.6375929	948.267276
-9.196832	-189.4132832	957.430568
-9.38149	-194.478918	988.567968
-9.500616	-198.7469866	1020.239152
-9.63803	-203.8473175	1058.315744
-9.67994	-204.9575936	1070.23692
-9.768078	-209.433839	1102.619816
-9.900666	-213.4585899	1140.251588
-9.932416	-213.7014628	1139.717804
-10.000742	-214.7770428	1141.40812
-10.105644	-215.9220151	1142.653616
-10.190226	-216.1995841	1142.475688
-10.249916	-216.6853299	1144.699788
-10.298938	-217.3098602	1143.810148
-10.31621	-216.8588105	1144.343932
-10.341864	-216.9282028	1143.543256
-10.35558	-216.442457	1143.988076
-10.346436	-216.3730647	1144.432896
-10.296144	-205.9984775	1138.383344
-10.296652	-205.9984775	1138.472308
-10.285222	-205.6168201	1137.938524
-10.21715	-203.6391407	1135.803388
-10.113264	-201.2451079	1136.781992
-10.033254	-199.8572627	1138.650236
-9.94283	-198.1224563	1143.721184
-9.743948	-195.2422328	1138.7392
-9.587738	-192.3971502	1141.763976
-8.863838	-178.7611269	1142.564652
-8.075676	-165.3332803	1139.895732
-7.256526	-151.3155995	1143.365328
-6.474968	-137.7142723	1138.7392
-5.722112	-124.2165886	1137.40474
-4.97586	-110.0948194	1139.006092
-4.238498	-96.38940383	1141.497084
-3.61696	-83.03094949	1139.984696
-3.08991	-68.49282679	1136.159244
-2.5082246	-54.92619568	1136.95992
-2.0126452	-40.24884364	1140.607444
-1.5532608	-26.50873189	1137.137848
-1.2117578	-15.89127172	1139.895732
-0.8246618	-2.324729581	1143.721184
-0.7162546	0.416371336	1143.098436
-0.3186938	14.74629948	1143.810148
-0.2798064	16.16884075	1143.009472
0.18224754	30.15227022	1143.365328
0.6740652	44.48221615	1142.564652
0.8109966	49.9989006	1142.119832
1.240155	63.53083558	1141.675012
1.7726152	78.5551489	1143.276364
2.2711664	91.94829936	1145.945284
2.4343614	95.00155868	1146.30114
3.095244	109.6090736	1153.151368
3.812286	123.3491854	1155.553396
4.087368	128.3805689	1159.289884
4.901438	142.8839954	1165.784256
5.395976	152.1483066	1170.944168
6.251702	165.9578106	1175.036512
7.104126	179.7673146	1183.488092
8.165592	194.7911831	1179.840568
9.190228	209.0174855	1175.926152
10.253218	222.7922934	1172.1007
11.438128	234.1036761	1166.407004
12.836398	241.7021283	1161.336056
14.126972	246.5600311	1159.111956
15.562326	250.8970472	1160.357452
16.999966	253.9850026	1157.955424
18.403316	257.0040106	1158.489208
19.80184	258.4265519	1158.667136
21.18487	258.8429054	1142.564652
22.572726	260.6818003	1146.212176
24.023574	263.4227944	1154.574792
25.47366	265.0535125	1156.265108
26.87574	264.6024628	1149.059024
28.21686	264.0126286	1148.08042
29.5275	263.5962751	1154.663756
30.90926	264.4636783	1152.706548
32.30626	265.2963854	1155.464432
33.7312	263.8738441	1145.85632
35.06978	263.8738441	1148.97006
35.27806	263.7350596	1148.258348
36.36518	262.9023525	1141.763976
37.74948	263.2493138	1146.30114
38.9255	263.3880983	1146.74596
40.02532	261.8267725	1144.699788
40.81272	262.9370486	1149.236952
41.8084	258.98169	1122.013968
42.5196	259.0163861	1115.252704
43.1038	259.259259	1120.590544
43.57878	261.8614686	1148.08042
44.07916	261.2369383	1144.877716
44.32046	260.8205848	1144.610824
44.43476	260.7511925	1143.276364
44.61764	258.6000325	1137.048884
44.7929	258.6000325	1136.337172
44.82846	257.6632371	1135.62546
44.84878	245.2762743	1123.348428
44.85894	246.4212466	1130.109692
44.84878	248.433622	1148.258348
44.84116	247.3233459	1147.6356
44.70146	245.727324	1145.055644
44.44492	240.8694212	1146.034248
44.1833	237.7814657	1143.454292
43.94454	233.8608032	1140.162624
43.7388	231.5361626	1143.988076
42.61866	217.2057718	1132.95654
41.37406	203.3615717	1134.113072
40.0558	191.8420122	1147.546636
38.69436	176.7487514	1139.806768
37.44976	165.8190261	1136.693028
36.14928	155.1668698	1138.383344
34.88436	143.577918	1134.024108
33.47974	132.7522811	1134.557892
32.09544	124.2517296	1146.390104
30.79496	114.0159268	1135.447532
29.46146	105.4455382	1137.048884
28.17876	97.98542574	1138.383344
26.90876	91.08089615	1141.497084
25.50668	82.78807659	1126.106312
24.055578	77.02851924	1140.696408
22.743668	70.8174674	1133.045504
21.370036	65.85592101	1138.917128
19.998944	60.23470336	1136.5151
18.603214	56.38343308	1142.386724
17.226788	49.86011609	1132.422756
15.786862	44.51691228	1133.668252
14.50721	39.97127461	1130.28762
13.146786	36.01591595	1142.208796
11.891264	31.12376182	1139.18402
10.619232	26.09237835	1142.29776
9.363456	18.77149522	1132.51172
8.038084	11.27668662	1142.208796
6.835648	3.088088892	1140.429516
5.586222	-8.2234273	1139.095056
4.270756	-23.59425709	1142.564652
3.151124	-38.65282173	1139.539876
2.252218	-52.32354122	1135.62546
1.394333	-66.09879391	1143.009472
0.5279136	-80.28995533	1141.941904
-0.290957	-94.13415547	1142.208796
-1.3167106	-109.6090736	1146.834924
-2.4482552	-125.0150444	1154.218936
-3.581908	-138.9633329	1164.449796
-4.796282	-152.4605718	1166.76286
-6.113526	-166.9639983	1163.2043
-7.398258	-179.9407952	1158.578172
-8.692134	-191.5644431	1156.97682
-9.97331	-203.1186988	1158.578172
-11.233404	-211.5156067	1151.905872
-12.502388	-217.6568215	1141.319156
-13.871956	-224.4577075	1138.383344
-15.134844	-228.6906352	1141.85294
-16.510254	-232.4729581	1138.650236
-17.82445	-235.7343941	1147.368708
-19.229578	-239.3427915	1145.322536
-20.533868	-241.1469902	1145.678392
-21.856954	-241.8062166	1135.002712
-23.126446	-243.7496447	1140.07366
-24.507698	-245.0334014	1137.938524
-25.028144	-244.7905285	1133.668252
-26.3652	-246.8376001	1144.96668
-27.8003	-247.1845614	1140.162624
-28.71216	-248.0172685	1142.29776
-30.06598	-248.1213569	1140.51848
-31.35122	-245.9355008	1136.604064
-31.6738	-244.9987053	1128.419376
-32.86506	-246.0742853	1139.18402
-34.01314	-246.6641195	1143.1874
-35.31362	-246.9416885	1144.343932
-35.687	-245.8661085	1142.386724
-37.01796	-244.7558324	1136.5151
-37.15512	-244.9987053	1136.5151
-38.00856	-244.2353905	1136.5151
-38.80866	-244.5823518	1143.009472
-39.6367	-242.9863298	1136.693028
-40.38346	-243.1251144	1141.052264
-40.87622	-243.8190369	1143.276364
-41.34358	-241.7021283	1135.981316
-41.72966	-242.0837857	1141.40812
-42.12844	-241.355167	1143.098436
-42.4434	-239.8632334	1138.650236
-42.79392	-239.8285373	1139.895732
-43.0911	-239.2733993	1136.95992
-43.26636	-237.8855541	1138.7392
-43.36796	-237.7467696	1137.137848
-43.47464	-236.497709	1138.383344
-43.45432	-223.1045585	1126.906988
-43.45178	-223.3821275	1124.327032
-43.45178	-223.0004701	1123.971176
-43.45686	-224.3883153	1129.931764
-43.36034	-223.7984811	1142.386724
-43.24858	-222.2718514	1140.874336
-43.11396	-219.5308573	1142.74258
-42.94124	-217.1710757	1139.895732
-41.656	-203.0146104	1140.429516
-40.36314	-190.1419019	1140.9633
-39.09314	-177.7896353	1137.671632
-37.89172	-165.7496338	1138.205416
-36.61664	-153.5014556	1136.159244
-35.29584	-141.7043271	1132.0669
-34.01568	-132.4400159	1138.027488
-32.76092	-122.3083015	1136.159244
-31.45282	-113.6342694	1136.07028
-30.19298	-105.4108421	1143.276364
-28.88742	-96.94454188	1135.536496
-27.61234	-89.20730521	1134.291
-26.19502	-82.40641918	1135.002712
-24.851106	-75.88310218	1135.892352
-23.57247	-69.77658355	1135.269604
-22.18309	-64.22475815	1138.650236
-20.912328	-58.25702403	1135.892352
-19.628612	-53.22564056	1134.468928
-18.217642	-49.23558577	1139.984696
-16.867632	-44.58630454	1142.564652
-15.492984	-39.27735204	1133.223432
-14.188694	-35.32199338	1137.137848
-12.812522	-28.83337251	1131.355188
-11.552428	-25.53724029	1136.870956
-10.266172	-20.40221326	1135.714424
-8.99795	-14.46873045	1142.030868
-7.683754	-7.564200857	1144.788752
-6.44398	-0.104092834	1143.009472
-5.218176	9.160222772	1143.098436
-3.896614	22.06762743	1138.7392
-2.608326	35.98121982	1132.600684
-1.3454888	50.13768511	1143.988076
-0.2554732	63.60022783	1141.319156
0.7012178	71.37260546	1141.319156
1.760855	84.80045205	1147.368708
1.9067272	86.46586622	1145.589428
2.916936	97.39559155	1151.550016
4.067048	107.1803446	1156.532
5.231638	116.8957055	1155.019612
6.254242	124.1471963	1142.74258
7.12343	129.9765908	1146.923888
8.412226	138.998029	1153.952044
9.680702	146.9087464	1143.899112
10.921746	153.8137208	1151.105196
12.201144	160.8227836	1152.172764
13.443204	166.617037	1150.30452
14.738858	172.9321773	1149.770736
16.04137	179.2815688	1147.813528
17.39138	185.2844439	1158.133352
18.768568	188.54588	1144.432896
20.139406	192.882896	1135.447532
21.49729	199.7878704	1150.126592
22.843236	204.1942788	1152.439656
24.158702	208.8093087	1153.507224
25.57018	212.9728441	1152.350692
26.99512	215.7832306	1144.432896
28.3083	218.1078712	1141.40812
29.54528	223.4515198	1153.596188
30.91434	225.9843372	1148.792132
32.36722	228.6906352	1147.368708
33.74644	231.4320742	1150.571412
35.13836	233.8608032	1150.74934
36.47694	236.5671012	1147.991456
36.74872	234.9016871	1141.497084
37.87648	238.8223496	1147.6356
38.98646	239.7938412	1147.012852
39.85514	240.3142831	1143.009472
40.64254	241.7368244	1144.699788
41.5163	242.9169376	1144.877716
42.35196	242.5695315	1144.432896
43.0149	242.7087608	1144.254968
43.67784	242.9169376	1137.226812
44.17568	244.2700866	1142.831544
44.47286	243.0557221	1138.383344
44.72432	242.4654431	1138.472308
44.91736	243.3332911	1138.917128
45.03166	243.5414679	1140.251588
45.05706	241.355167	1138.205416
45.0215	232.8893116	1133.40136
45.0215	232.8546155	1131.977936
45.01388	233.0280961	1135.358568
44.93514	231.7443394	1130.465548
44.7548	228.6906352	1128.50834
44.39158	226.4353869	1147.546636
43.9928	221.4738405	1147.724564
43.26636	211.6890874	1140.874336
42.76852	206.6924	1134.73582
42.17924	200.7940582	1142.831544
41.39692	192.7788077	1135.18064
40.44442	182.85527	1138.383344
39.46398	173.2791386	1136.781992
38.14064	162.3494132	1139.717804
38.00094	160.9615681	1139.006092
36.66236	149.7195776	1139.62884
35.3949	140.6981393	1144.788752
34.03854	129.8378063	1141.40812
32.71012	120.2959261	1141.941904
31.2674	109.7825543	1137.760596
29.92628	103.4678589	1136.5151
28.69438	94.51581288	1136.159244
27.2796	86.11890494	1134.202036
25.9207	79.90829792	1136.337172
24.58847	73.28089253	1135.981316
23.1394	68.1458655	1139.984696
21.810472	62.45525559	1144.96668
20.429474	56.38343308	1129.753836
19.007328	51.52553026	1135.447532
17.63014	47.15381805	1140.251588
16.238728	42.88619424	1142.564652
14.924024	37.85481077	1134.73582
13.45692	33.37901018	1134.557892
12.173712	29.52729508	1142.030868
10.898632	25.46784804	1137.671632
9.601454	20.64508616	1137.582668
8.319262	15.09326076	1138.472308
7.027926	8.709173101	1136.870956
5.75691	0.173485091	1136.07028
4.487926	-9.750056958	1142.564652
3.170174	-22.37989259	1146.568032
1.8570956	-36.39757337	1141.40812
0.6727698	-49.9989006	1139.361948
-0.6126226	-64.36354266	1141.497084
-1.8888456	-79.5266405	1148.347312
-3.202178	-91.77481872	1153.151368
-4.539234	-103.2596821	1158.31128
-5.902198	-115.2302913	1162.670516
-7.199376	-123.9043234	1170.588312
-8.483346	-132.0583585	1171.744844
-9.811766	-139.1715097	1168.897996
-11.09599	-144.3412328	1147.279744
-12.36218	-150.5175886	1145.767356
-13.726414	-157.664991	1142.74258
-14.973554	-163.3209048	1144.96668
-16.37538	-169.6356002	1153.952044
-17.71142	-175.7078676	1151.19416
-19.07667	-179.7673146	1144.610824
-20.42287	-185.31914	1144.254968
-21.697696	-190.5582554	1155.375468
-23.088092	-195.311625	1153.507224
-24.446484	-197.4632298	1138.917128
-25.79624	-202.2512956	1147.813528
-27.11958	-206.6577039	1152.261728
-28.52166	-208.6011319	1144.877716
-29.86024	-212.660579	1152.0838
-31.17342	-214.6035622	1147.012852
-32.49168	-216.9282028	1145.678392
-33.80486	-220.0859953	1148.881096
-35.17138	-222.6535088	1147.101816
-36.5633	-224.9087572	1149.236952
-37.1602	-225.2210224	1154.3079
-38.09746	-224.2148346	1142.653616
-38.92804	-224.9781495	1140.429516
-39.71798	-227.6150552	1140.696408
-40.63492	-227.4068785	1143.009472
-41.41724	-228.4130662	1145.945284
-41.92524	-228.2395855	1140.874336
-42.3926	-228.4477623	1145.233572
-42.81424	-227.3027901	1142.831544
-43.11904	-227.2333978	1141.141228
-43.29176	-226.6782598	1141.052264
-43.45178	-226.7823481	1142.030868
-43.49496	-226.2619062	1142.74258
-43.4975	-224.7005804	1141.319156
-43.48226	-215.1933964	1135.269604
-43.46956	-215.9914073	1132.51172
-43.46194	-215.8873189	1133.134468
-43.33748	-214.1178164	1131.355188
-43.19016	-211.0298609	1127.796628
-42.9768	-210.1971539	1137.760596
-42.71264	-207.6990326	1142.564652
-42.47896	-204.0554943	1137.938524
-42.12336	-201.2104117	1140.251588
-41.82872	-197.4632298	1138.29438
-41.529	-195.4508544	1139.717804
-41.12514	-191.3909625	1138.650236
-40.68572	-186.9151619	1141.497084
-40.1701	-181.8143862	1137.938524
-39.65956	-177.3038895	1139.095056
-39.08298	-170.919357	1134.291
-37.76726	-160.1635571	1136.604064
-36.4236	-149.5807931	1145.055644
-35.18662	-138.5122832	1136.870956
-33.84042	-128.5193534	1138.205416
-32.63138	-119.5326112	1136.95992
-31.32582	-109.9560349	1137.760596
-29.972	-101.2820028	1137.40474
-28.63088	-93.05857548	1135.358568
-27.23642	-86.36177784	1141.941904
-25.90546	-79.31846373	1145.500464
-24.579326	-71.68487062	1136.337172
-23.224744	-65.05746523	1130.198656
-21.92528	-60.33879174	1134.024108
-20.67306	-54.5792344	1135.892352
-19.331178	-50.13768511	1141.675012
-17.932654	-43.75359745	1130.643476
-16.579596	-40.45702041	1145.144608
-15.207488	-35.18320887	1137.226812
-13.934694	-30.53392763	1138.205416
-12.671298	-26.75160479	1139.450912
-11.415522	-22.17171582	1135.714424
-10.138156	-16.72397881	1134.291
-8.82396	-11.20729436	1135.18064
-7.547356	-5.655468962	1137.760596
-6.328664	0.693967054	1144.07704
-5.00253	11.55425565	1138.561272
-3.673856	23.97591451	1139.539876
-2.4365712	36.46696562	1139.539876
-1.2026392	50.34586189	1140.51848
0.02016506	64.36354266	1152.884476
0.14254988	58.63868144	1140.874336
0.37846	63.35735493	1138.917128
1.443609	78.312276	1143.365328
2.4722074	88.51293781	1144.166004
3.759962	99.40796701	1140.874336
4.205732	102.6351518	1144.96668
5.501386	112.0378026	1140.429516
5.80009	114.5710649	1140.696408
7.138162	123.8002351	1141.586048
7.266686	125.0150444	1142.74258
8.581136	133.1686346	1143.365328
8.717788	134.0360378	1145.233572
9.977628	141.0797967	1149.059024
10.381996	143.9248793	1149.681772
11.61669	149.9624505	1147.012852
11.764772	151.5237763	1149.147988
13.029438	157.1445491	1150.660376
14.326362	162.3841094	1149.41488
15.618206	167.8660977	1150.74934
17.027144	173.140354	1148.347312
18.389092	178.7611269	1147.101816
19.748246	184.24356	1145.4115
21.140166	187.6784767	1138.561272
22.475698	193.2992496	1148.258348
23.917148	198.9551634	1154.485828
25.343104	200.1695279	1139.18402
26.74366	205.9290852	1149.592808
28.0797	209.2603584	1150.215556
29.48432	211.2033416	1140.07366
30.8483	214.6729544	1142.386724
32.1564	217.1363796	1145.144608
33.54324	220.9533985	1148.703168
34.86912	223.4168237	1144.07704
36.17976	224.7352766	1142.653616
37.56914	227.545663	1145.945284
38.24224	227.823232	1137.671632
39.47414	231.0504168	1148.614204
40.8559	231.3973781	1141.497084
40.93718	231.3973781	1141.586048
42.0497	234.06898	1140.874336
43.00728	234.6588142	1145.233572
43.8658	234.7975987	1145.85632
44.46524	233.8261071	1123.704284
44.75226	233.548538	1125.83942
44.9453	233.7914109	1126.640096
45.05706	235.7690903	1152.884476
45.04182	232.7505271	1151.016232
45.03928	230.9810245	1152.261728
45.0596	227.1987017	1147.6356
45.05452	227.2680939	1147.101816
45.05706	226.747652	1145.767356
45.00626	226.0884256	1146.30114
44.76496	222.6535088	1142.386724
44.41698	217.7262138	1138.561272
43.92422	211.0645571	1138.29438
43.43908	207.1434497	1140.874336
42.5704	197.9836718	1136.159244
41.8973	191.6685315	1140.162624
41.23436	184.7986981	1135.892352
40.3606	177.3038895	1144.343932
39.52748	168.5253241	1136.95992
38.24478	158.4976981	1139.006092
36.91128	148.3664286	1141.052264
35.5854	137.1591342	1138.650236
34.23412	126.9927237	1138.650236
32.91332	118.11007	1135.002712
31.60268	109.8866427	1133.84618
30.32252	101.8024447	1136.781992
29.02204	94.4117245	1136.693028
27.61234	86.1882972	1138.383344
26.2636	78.5551489	1128.864196
24.970994	73.14210802	1130.999332
23.531576	67.52133519	1137.938524
22.181058	63.21857042	1142.74258
20.84197	55.62011826	1134.557892
19.425158	50.83160769	1135.447532
18.034762	46.56398387	1140.9633
16.654018	42.43514457	1138.650236
15.346934	38.06298754	1138.650236
13.861796	33.06674502	1129.309016
12.565634	29.1803338	1137.137848
11.273028	26.12707448	1140.785372
10.023348	20.92265519	1137.671632
8.73379	17.45259751	1140.9633
7.413752	10.58276404	1140.785372
6.105398	4.337194004	1140.696408
4.853432	-4.406586261	1131.62208
3.581146	-16.09944849	1124.94978
2.2352508	-27.72309639	1127.084916
0.9498584	-41.46365296	1150.482448
-0.3771646	-56.00177567	1153.596188
-1.6423894	-69.39492613	1154.218936
-2.971038	-82.47581144	1157.955424
-4.273804	-92.74631032	1146.212176
-5.619242	-101.8024447	1134.824784
-6.97992	-110.0948194	1139.361948
-8.28802	-119.1509538	1147.724564
-9.576816	-126.8886353	1145.500464
-10.84834	-133.6196843	1143.098436
-12.276328	-139.6919516	1151.461052
-13.523214	-145.451509	1148.614204
-14.89964	-151.5931685	1145.233572
-16.302736	-158.1507368	1153.41826
-17.647666	-162.6963745	1148.436276
-18.99793	-166.5129487	1135.18064
-20.332192	-171.3357105	1142.119832
-21.65604	-175.4302985	1143.988076
-22.924262	-180.4959333	1148.258348
-24.155654	-184.7986981	1149.592808
-25.5016	-188.1295264	1150.215556
-26.84526	-192.3624541	1153.596188
-28.26512	-194.8605754	1152.706548
-29.6037	-198.4694176	1148.614204
-30.90672	-201.7308537	1153.240332
-32.26054	-202.632953	1143.899112
-33.60928	-205.4780355	1145.144608
-34.90976	-207.6990326	1144.07704
-36.31692	-208.7052203	1134.646856
-37.2999	-210.4747229	1142.119832
-38.33114	-212.4524022	1142.564652
-39.10076	-212.4524022	1137.048884
-39.9415	-213.736159	1141.763976
-40.77462	-213.4585899	1142.653616
-41.42486	-215.0546119	1145.678392
-42.01668	-214.9158273	1141.497084
-42.48912	-213.8402474	1136.693028
-42.89806	-214.5341699	1141.141228
-43.13174	-214.4300815	1138.650236
-43.27652	-214.0484241	1143.276364
-43.42892	-214.6035622	1141.40812
-43.51528	-214.1178164	1142.030868
-43.52798	-212.5911867	1142.475688
-43.5229	-210.509419	1138.29438
-43.52798	-204.4371517	1135.447532
-43.5102	-203.8126214	1134.646856
-43.50766	-204.3330633	1131.800008
-43.50258	-204.7494168	1132.155864
-43.5102	-203.7779252	1131.977936
-43.50766	-204.1942788	1133.312396
-43.49496	-203.708533	1132.51172
-43.32986	-202.1125111	1134.113072
-43.2181	-200.3777046	1132.155864
-42.02938	-186.6028968	1124.771852
-40.73398	-177.997812	1150.838304
-39.47414	-165.4026725	1142.920508
-38.14572	-153.3626711	1129.39798
-36.87064	-143.6820064	1137.40474
-35.56254	-134.1748223	1140.874336
-34.24174	-124.1471963	1134.468928
-32.95142	-115.1262029	1140.429516
-31.6611	-107.8742672	1143.810148
-30.3276	-99.23448637	1140.07366
-29.00172	-91.35846518	1142.831544
-27.64282	-83.23912626	1140.340552
-26.3144	-75.95249444	1142.119832
-24.993346	-68.73569969	1134.024108
-23.616666	-62.76752075	1139.18402
-22.239478	-56.45282534	1133.84618
-20.912836	-53.88531183	1150.838304
-19.664172	-47.53547547	1139.62884
-18.230596	-43.09437101	1138.7392
-16.890746	-37.61193787	1134.291
-15.508478	-32.40751858	1132.600684
-14.084554	-28.59049961	1139.272984
-12.692634	-24.21878741	1138.917128
-11.305794	-18.91027973	1133.757216
-10.011156	-15.19734915	1138.561272
-8.703564	-10.13171437	1138.561272
-7.41934	-3.330961792	1140.340552
-6.190488	3.539138564	1141.40812
-4.86791	14.12176916	1136.604064
-3.565652	24.25348354	1141.586048
-2.3332948	38.51403721	1145.85632
-1.0484104	51.00508833	1145.4115
0.16232378	62.94100139	1143.1874
0.12263374	55.7935989	1143.721184
0.12516866	56.0364718	1143.098436
0.907669	70.26232935	1144.166004
2.1418296	84.00244109	1145.144608
3.435096	94.58520514	1153.151368
4.733544	103.780124	1141.40812
6.047994	112.1765872	1149.059024
7.4041	119.9142687	1140.251588
8.6995	128.3458727	1143.009472
9.945878	136.0137172	1151.905872
11.328654	142.3982496	1155.019612
12.597384	147.4638844	1146.212176
13.90142	153.9872014	1145.589428
15.212568	159.9900765	1155.553396
16.641826	164.0495235	1150.571412
17.967706	169.4968157	1148.881096
19.333718	174.6669837	1146.834924
20.752054	178.1019004	1142.030868
22.119082	183.7925103	1145.4115
23.452582	188.0601342	1145.4115
24.843486	191.8073161	1150.30452
26.26868	195.5549428	1143.454292
27.6098	198.5735059	1143.988076
28.94838	202.7023453	1144.52186
30.34538	205.1310743	1148.703168
31.66618	208.1847784	1147.012852
33.0835	211.6196951	1151.727944
34.51606	214.2219048	1152.172764
35.83178	215.5403577	1139.62884
37.211	218.3854402	1141.675012
38.53688	220.5023489	1142.831544
39.87292	221.6473211	1137.40474
41.22928	224.3883153	1141.497084
42.57802	225.6026798	1145.500464
43.95216	227.4068785	1145.322536
45.1104	223.6943927	1139.450912
45.09008	222.5841166	1139.450912
45.07992	223.4168237	1139.717804
45.1739	217.5874292	1132.0669
45.1866	217.7609099	1131.977936
45.19422	216.5465454	1131.800008
45.05452	214.6382583	1130.465548
43.83786	200.8287543	1135.714424
42.6085	187.3662116	1124.149104
41.3004	174.8751605	1113.562388
39.9034	164.0495235	1122.191896
38.58006	154.3688588	1138.472308
37.36086	144.8269786	1142.475688
36.06038	134.625872	1141.052264
34.70148	123.3491854	1131.977936
33.21812	114.9180261	1127.084916
31.87954	105.2373614	1118.366444
30.52826	97.3261993	1118.544372
29.1592	89.41548198	1122.636716
27.84602	82.54520369	1123.971176
26.52268	77.65304956	1129.575908
25.101042	72.17061642	1142.920508
23.63978	66.34166681	1137.048884
22.328378	59.36730014	1126.195276
20.985988	54.02409634	1111.249324
19.541236	50.13768511	1129.042124
18.130774	47.95182901	1138.650236
16.744442	43.12906714	1128.597304
15.464536	38.44464495	1130.28762
13.987018	35.35668951	1135.002712
12.665456	33.13613728	1146.390104
11.25855	28.00066542	1137.137848
9.975088	24.49635644	1133.668252
8.67029	19.3613294	1132.333792
7.342886	14.36464206	1142.386724
6.035294	7.321327957	1136.693028
4.793742	0.173485091	1140.607444
3.494532	-10.47867566	1141.497084
2.1834602	-22.72685388	1141.586048
0.8920988	-36.74453465	1138.917128
-0.4157218	-51.07448059	1135.536496
-1.6923258	-62.55934397	1133.668252
-2.99466	-73.45437318	1144.254968
-4.313936	-84.83514818	1150.30452
-5.686298	-95.03625481	1154.3079
-7.046214	-103.6413395	1160.713308
-8.35279	-110.0948194	1153.240332
-9.650222	-116.0283023	1148.436276
-10.914888	-122.5858706	1144.432896
-12.174474	-129.8378063	1154.75272
-13.576808	-136.4652116	1155.286504
-14.816582	-140.0042168	1146.479068
-16.19504	-146.6658735	1155.553396
-17.551146	-150.5869808	1147.902492
-18.908522	-155.6873117	1146.923888
-20.267168	-159.851292	1141.141228
-21.564346	-165.9925067	1149.592808
-22.834092	-170.2254344	1151.994836
-24.193754	-175.4649947	1163.738084
-25.51938	-178.2406849	1159.111956
-26.90368	-180.2877565	1144.432896
-28.1813	-182.7164855	1142.386724
-29.53512	-187.2274271	1150.037628
-30.8483	-188.8928412	1139.450912
-32.0929	-192.9175922	1149.41488
-33.38322	-194.7911831	1141.40812
-34.66592	-195.8325118	1143.543256
-35.9791	-200.204224	1150.482448
-37.2618	-201.279804	1152.884476
-38.57752	-201.834942	1139.095056
-39.86022	-203.708533	1142.208796
-41.0972	-205.9290852	1146.212176
-42.44594	-205.9290852	1136.337172
-42.65422	-205.7556046	1136.604064
-42.85234	-205.9637813	1137.671632
-43.15206	-206.0678697	1138.917128
-43.33748	-205.5821239	1139.984696
-43.48734	-206.2760465	1141.763976
-43.55592	-205.7903007	1139.806768
-43.58132	-204.4718478	1143.009472
-43.56608	-204.0901904	1141.40812
-43.50004	-201.8002459	1139.006092
-43.4721	-194.6870947	1129.220052
-43.47972	-195.2422328	1127.529736
-43.47464	-194.6177025	1129.8428
-43.32478	-193.7156031	1129.220052
-42.04462	-182.022563	1139.095056
-40.78478	-169.7743847	1135.358568
-39.51224	-158.5323943	1138.027488
-38.23208	-148.9909589	1140.07366
-36.95446	-139.3102942	1142.386724
-35.66668	-128.7275301	1139.272984
-34.32302	-120.3306222	1138.205416
-33.05048	-111.8990181	1139.984696
-31.78048	-103.0862015	1132.867576
-30.4292	-95.27912771	1138.116452
-29.0576	-87.78431911	1140.340552
-27.7495	-80.0123863	1131.711044
-26.3906	-73.31558866	1135.62546
-25.085548	-68.07647324	1137.671632
-23.719536	-62.17768656	1139.272984
-22.489922	-57.18144404	1131.355188
-21.12645	-52.4276296	1140.9633
-19.876516	-47.43138708	1133.045504
-18.466562	-42.57392908	1135.358568
-17.062196	-37.8895069	1136.337172
-15.727172	-34.76685532	1138.561272
-14.299946	-30.56862376	1138.650236
-13.052552	-26.50873189	1138.027488
-11.796776	-22.51867711	1140.9633
-10.395458	-17.20972461	1138.650236
-9.08431	-12.14408983	1137.048884
-7.797546	-6.523316999	1144.166004
-6.5786	0.624574797	1136.159244
-5.269738	9.47248793	1142.475688
-3.983736	20.78387068	1142.564652
-2.695448	33.86475598	1136.693028
-1.4324838	47.29260257	1137.493704
-0.16545306	58.9509466	1147.19078
0.12911836	58.11823951	1145.233572
0.1364996	58.29172016	1147.012852
0.13622782	54.64862665	1145.500464
0.9329928	68.28465002	1150.571412
2.2568662	79.66542502	1152.884476
3.603498	90.69923874	1148.258348
4.927854	98.67934831	1144.877716
6.24713	107.5273059	1151.105196
7.576566	113.7730539	1145.4115
8.864092	121.891948	1151.727944
10.117328	127.2702927	1149.8597
11.407394	133.1339385	1143.988076
12.659106	137.367311	1140.07366
14.078712	145.3474206	1149.059024
15.423388	148.0194673	1138.650236
16.82242	155.236262	1148.347312
18.196052	159.1222284	1148.347312
19.547586	163.6678661	1146.034248
20.931632	168.490628	1145.233572
22.318726	172.9668734	1147.012852
23.750016	177.4079779	1149.236952
25.197308	181.0857675	1147.6356
26.60142	185.5273168	1149.059024
27.96794	188.8928412	1145.233572
29.3624	193.5074264	1149.770736
30.75432	195.5896389	1142.564652
32.14878	198.7469866	1147.368708
33.56864	203.3962678	1151.016232
34.8742	204.7147207	1144.166004
36.17468	208.5664358	1150.482448
37.58692	210.6482035	1147.19078
38.8874	212.5911867	1139.895732
40.1955	216.2342802	1151.994836
41.61028	218.0037828	1143.365328
42.94124	218.6630092	1142.564652
44.35094	220.3982605	1139.895732
44.9326	220.7799179	1142.030868
45.04182	220.2247798	1144.166004
45.10024	220.4676527	1143.543256
45.15612	212.7993635	1134.824784
45.14088	212.938148	1134.202036
45.15612	212.6258829	1134.468928
45.1612	212.7299712	1132.51172
45.15866	212.6258829	1134.73582
45.15104	212.0707448	1135.269604
45.05452	209.8501926	1134.379964
43.73372	196.6652189	1141.586048
42.45102	183.2716236	1137.760596
41.14038	171.787205	1138.116452
39.8399	160.6146068	1143.276364
38.47338	149.823666	1140.696408
37.27196	139.6919516	1135.536496
35.96386	130.1847675	1137.137848
34.68116	122.2042131	1138.561272
33.30194	113.6689655	1134.379964
31.95066	105.5496266	1137.760596
30.60954	97.18741478	1137.315776
29.2227	90.59515035	1139.006092
27.80284	83.96774496	1139.272984
26.48204	77.61835343	1137.582668
25.0825	72.17061642	1140.429516
23.632668	65.99470553	1136.337172
22.275546	62.14299043	1135.981316
20.928076	57.52840533	1136.693028
19.532854	52.94807153	1136.604064
18.099786	47.22321031	1132.333792
16.704818	45.8700613	1137.137848
15.272258	41.35911976	1132.244828
13.813282	37.68133013	1133.668252
12.499848	33.72597146	1136.870956
11.200384	30.36044699	1140.340552
9.808972	26.50873189	1136.07028
8.361934	20.74917455	1137.226812
7.070852	15.16265302	1135.091676
5.707634	9.021438258	1143.543256
4.486656	0.451049672	1136.5151
3.198622	-9.854145344	1144.254968
1.8701766	-23.14320742	1144.52186
0.5874004	-36.64044627	1153.86308
-0.740029	-49.33967416	1166.495968
-2.0331176	-62.24707882	1181.797776
-3.321304	-74.00951123	1185.534264
-4.680712	-83.55139142	1190.160392
-6.018276	-92.29526065	1196.032016
-7.37616	-98.95691734	1180.819172
-8.666734	-105.4802343	1171.744844
-9.973564	-111.4479685	1159.912632
-11.270234	-115.5078603	1144.343932
-12.51712	-120.9551525	1154.75272
-13.919962	-126.541674	1147.368708
-15.281402	-131.3297398	1147.724564
-16.687292	-136.9509574	1151.016232
-18.046192	-140.5593548	1137.671632
-19.416776	-145.9719509	1144.877716
-20.724622	-150.4828924	1155.909252
-22.0091	-154.3341627	1146.30114
-23.396956	-157.4915104	1143.543256
-24.788114	-161.4473139	1146.30114
-26.0985	-164.986319	1143.365328
-27.45486	-167.9354899	1142.475688
-28.702	-170.8499647	1139.095056
-30.03296	-174.8751605	1147.368708
-31.44774	-177.3732817	1145.055644
-32.76854	-179.2815688	1140.340552
-34.09188	-183.8272065	1151.372088
-35.44316	-186.5335045	1148.08042
-36.69284	-188.2336148	1141.40812
-38.04412	-188.7540567	1138.650236
-39.3573	-192.5012386	1145.233572
-40.71874	-194.2360451	1143.009472
-42.03446	-194.0972605	1134.202036
-42.52468	-194.1666528	1132.778612
-42.85996	-193.8543876	1131.977936
-43.12412	-194.756487	1135.002712
-43.29684	-193.7849954	1135.62546
-43.51274	-194.4095257	1135.892352
-43.56608	-194.5483102	1136.781992
-43.6372	-193.8890838	1136.159244
-43.62196	-193.3339457	1145.055644
-43.60164	-186.9845542	1141.85294
-43.58894	-187.0192503	1140.429516
-43.59656	-187.0192503	1141.141228
-43.60926	-186.949858	1138.7392
-43.60926	-186.8457697	1140.162624
-43.39336	-183.3410158	1139.006092
-43.2181	-182.0572591	1137.137848
-42.0116	-171.1622299	1140.162624
-40.70858	-159.0181401	1137.137848
-39.41318	-148.6786937	1139.895732
-38.2651	-140.5940509	1145.233572
-36.9062	-128.7622263	1134.024108
-35.64382	-121.4408983	1141.319156
-34.32556	-112.6280817	1140.07366
-33.02762	-104.1617815	1138.7392
-31.72714	-95.55669674	1136.95992
-30.39364	-89.86653165	1145.322536
-29.0322	-80.67161275	1136.248208
-27.67076	-73.87072672	1138.650236
-26.24328	-68.56221904	1138.917128
-24.909018	-62.76752075	1142.119832
-23.501604	-57.4937092	1139.272984
-22.11959	-51.80309929	1139.539876
-20.829524	-47.50077934	1135.981316
-19.51609	-42.99028262	1139.272984
-18.230342	-40.11005913	1138.027488
-16.87322	-34.73215919	1139.361948
-15.50543	-31.29724246	1140.696408
-14.093444	-27.09856608	1137.671632
-12.683236	-22.0329313	1138.027488
-11.30173	-17.07094009	1143.1874
-10.017506	-12.90740466	1143.899112
-8.746236	-6.558013127	1140.340552
-7.47268	-0.277577925	1140.07366
-6.234176	8.4663002	1137.137848
-4.912868	17.20972461	1138.917128
-3.593592	28.62519574	1145.500464
-2.3490936	39.93657848	1142.653616
-1.0567416	52.49702186	1143.721184
0.12989306	59.12442724	1137.938524
0.13396976	59.1938195	1139.18402
0.10916158	55.7935989	1137.938524
0.11364976	54.96089181	1138.027488
0.1000633	56.34873696	1136.159244
0.10999724	55.75890277	1136.248208
1.1539474	71.16442869	1138.29438
2.51714	82.12885015	1140.429516
3.836162	91.42785744	1147.012852
5.15112	99.54675153	1141.40812
6.455664	106.3476376	1149.325916
7.79145	113.9465345	1146.923888
9.125204	119.0468654	1142.208796
10.360152	125.3967018	1149.681772
11.77671	131.0174746	1149.503844
13.164566	136.291731	1148.703168
14.63929	142.5717303	1149.948664
15.966186	146.1454315	1146.30114
17.37487	150.7257653	1148.97006
18.708624	155.2015659	1148.169384
20.084796	159.4344936	1150.660376
21.462238	163.9454351	1150.482448
22.776434	169.2539428	1161.336056
24.216614	174.1118456	1163.471192
25.67686	175.9507405	1156.620964
27.10434	177.8243314	1141.141228
28.42006	183.0634468	1152.97344
29.79674	185.8048858	1149.147988
31.18612	189.9684212	1152.706548
32.59074	193.2645535	1148.792132
33.96488	194.8952715	1150.660376
35.35172	200.6552737	1160.802272
36.70554	201.3491962	1150.037628
38.09492	203.2921794	1140.251588
39.41572	207.1438945	1149.948664
40.7797	209.954281	1143.098436
42.13098	210.786988	1140.696408
43.51782	212.4177061	1141.941904
44.86656	214.0484241	1141.497084
45.02912	213.5973745	1138.027488
45.11802	214.2219048	1138.027488
45.22216	213.8749435	1140.251588
45.22978	212.3483138	1138.561272
45.20692	211.1686455	1135.803388
45.17644	204.9922897	1129.042124
45.19168	205.0269859	1130.73244
45.1866	204.7147207	1128.06352
45.18914	204.6106323	1127.529736
45.19168	204.263671	1127.17388
45.20184	204.0901904	1126.106312
45.06722	203.1880911	1129.486944
43.81246	190.3500786	1143.454292
42.35958	177.1304088	1142.386724
41.11244	166.2006835	1141.675012
39.76116	155.5138311	1144.254968
38.47846	145.4862051	1140.9633
37.21608	135.4585791	1136.781992
35.91052	125.3620057	1136.781992
34.53892	117.2079706	1130.465548
33.16986	107.3538253	1122.013968
31.81096	98.22829864	1109.292116
30.4673	92.01769162	1117.921624
29.09062	86.74343525	1125.216672
27.6479	81.05327016	1140.51848
26.31694	76.75050539	1136.781992
24.865076	69.67249516	1128.152484
23.43785	65.50895973	1133.490324
22.090634	60.82453754	1139.095056
20.73529	56.73039437	1140.251588
19.29003	53.19094443	1143.810148
17.87398	49.23558577	1140.251588
16.493998	45.34961937	1144.877716
15.052548	41.91470264	1141.586048
13.589254	36.9180153	1133.490324
12.145264	33.27492179	1135.269604
10.844022	29.7706128	1135.981316
9.584182	25.98828996	1128.419376
8.270748	22.24110808	1132.422756
6.964934	17.55668589	1140.340552
5.630418	10.27049889	1142.74258
4.352036	1.908376037	1141.141228
3.111246	-8.049946657	1141.141228
1.7819116	-21.16552809	1140.162624
0.4773422	-33.69127534	1137.582668
-0.8364982	-46.14763033	1148.258348
-2.1011896	-58.53459306	1149.41488
-3.408934	-68.3887384	1152.0838
-4.767834	-78.00001085	1157.243712
-6.12394	-85.84133591	1157.42164
-7.451852	-91.98299549	1150.393484
-8.783574	-97.49967994	1139.539876
-10.080752	-103.1555937	1138.917128
-11.373104	-108.5334937	1143.721184
-12.63777	-113.1138275	1139.62884
-13.999718	-119.463219	1146.212176
-15.409418	-124.5986908	1144.699788
-16.785336	-127.8601269	1143.454292
-18.146776	-132.6828888	1142.119832
-19.53895	-136.3611233	1139.18402
-20.820126	-140.6634432	1148.792132
-22.11832	-144.931067	1144.432896
-23.3807	-147.4985805	1147.6356
-24.763476	-151.7666492	1151.727944
-26.08072	-155.4791349	1145.144608
-27.56154	-157.7690794	1140.9633
-28.82138	-161.204441	1148.347312
-30.15996	-164.4658771	1147.6356
-31.45028	-166.8599099	1148.258348
-32.7787	-169.4968157	1149.236952
-34.12236	-171.2663183	1146.834924
-35.4584	-173.938365	1145.589428
-36.69538	-175.3956024	1142.920508
-38.04666	-175.8466521	1136.604064
-39.3192	-177.8590275	1142.386724
-40.64508	-179.2121765	1143.098436
-41.13022	-178.8999114	1144.699788
-41.60774	-177.6508508	1135.269604
-41.95318	-177.7549391	1136.604064
-42.35958	-177.1998011	1135.269604
-42.6974	-177.3385856	1136.248208
-43.0149	-177.7549391	1137.760596
-43.23842	-177.0610166	1135.803388
-43.42384	-176.4711824	1140.251588
-43.5864	-176.7140553	1140.607444
-43.65244	-176.1589172	1139.717804
-43.70832	-176.3323979	1140.251588
-43.71086	-175.4649947	1139.984696
-43.6753	-168.5947164	1130.910368
-43.6753	-168.768197	1132.244828
-43.66768	-168.2824512	1135.803388
-43.67022	-168.768197	1134.379964
-43.5102	-166.5129487	1131.888972
-42.19956	-154.6117317	1138.383344
-40.95496	-143.9942716	1136.07028
-39.69258	-134.7646565	1150.215556
-38.4175	-125.7783592	1143.1874
-37.13226	-116.5834403	1137.226812
-35.81908	-107.5273059	1137.493704
-34.56178	-99.65083991	1141.319156
-33.27146	-92.12178001	1138.561272
-31.99638	-84.10652948	1136.604064
-30.62732	-77.61835343	1138.650236
-29.33446	-71.89304739	1138.027488
-27.95778	-64.74520008	1135.892352
-26.6065	-57.979455	1132.155864
-25.163526	-53.01746379	1136.5151
-23.790402	-48.57635933	1139.895732
-22.528784	-43.26785165	1140.07366
-21.115782	-37.71602625	1133.84618
-19.84121	-35.18320887	1143.276364
-18.42135	-30.04818183	1135.447532
-17.02689	-25.15558288	1139.984696
-15.696438	-22.0329313	1140.9633
-14.38529	-17.69547041	1136.781992
-13.104114	-13.28906208	1139.539876
-11.891518	-8.743869229	1139.984696
-10.66673	-3.747315335	1138.7392
-9.421876	0.555138058	1141.497084
-8.181594	6.904974413	1137.938524
-6.921246	14.39933819	1143.365328
-5.554472	23.38608032	1139.272984
-4.2164	32.85856825	1136.5151
-2.942844	42.29636005	1136.07028
-1.6472916	52.49702186	1145.500464
-0.3639566	62.55934397	1149.681772
0.07594854	61.17149883	1145.144608
0.07643114	60.82453754	1147.279744
0.0503682	57.35492469	1145.767356
0.05410708	57.59779759	1145.055644
1.108964	72.13592029	1147.902492
1.453388	75.22387574	1148.08042
2.829052	84.31470625	1156.354072
3.102356	85.94542429	1155.553396
4.395216	93.57901741	1160.268488
4.702048	95.03625481	1162.31466
6.038596	101.4554834	1170.76624
7.380732	108.0130517	1180.10746
8.684768	114.8486339	1188.648004
10.085832	121.5796828	1194.78652
11.378438	125.9171437	1194.964448
12.6746	128.7622263	1181.086064
14.094714	133.1339385	1173.43516
15.545308	137.1244381	1163.115336
16.830802	139.9348245	1156.354072
18.227294	144.6881941	1153.685152
19.722338	149.303224	1150.037628
21.07692	152.9463176	1149.770736
22.418802	157.387422	1145.322536
23.917402	162.6269823	1154.663756
25.33904	164.8822306	1145.767356
26.77922	169.6009041	1140.9633
28.1051	173.660796	1146.479068
29.50464	177.6161546	1146.390104
31.01086	180.5653256	1147.991456
32.34182	183.5496374	1145.945284
33.71088	186.4988084	1134.913748
35.08756	189.7602445	1136.5151
36.48456	193.5074264	1147.012852
37.8333	196.2488653	1141.052264
39.17188	197.8101911	1136.781992
40.57904	202.355384	1148.258348
42.01922	204.2983672	1140.696408
43.43654	206.6230078	1143.276364
44.577	207.0740575	1143.721184
44.81322	206.6924	1139.361948
45.01642	207.4908558	1137.760596
45.17136	206.7617923	1138.205416
45.25518	206.1025659	1137.226812
45.23994	206.137262	1138.205416
45.2247	195.9712963	1126.017348
45.2247	197.1162685	1126.28424
45.22216	196.1794731	1124.771852
45.22216	196.2835615	1127.974556
45.23232	196.3876498	1125.483564
45.22724	196.0753847	1125.305636
45.15358	195.9712963	1123.526356
45.0215	195.1381444	1134.646856
44.7548	192.8135038	1147.991456
43.42384	179.6979223	1158.489208
42.03192	167.6579209	1147.902492
40.72636	155.0280853	1139.62884
39.32682	144.6188019	1141.85294
37.97808	134.4176952	1142.653616
36.60902	124.910956	1139.361948
35.27552	115.5078603	1130.198656
33.96996	108.1518362	1135.62546
32.61106	102.2534944	1144.610824
31.30804	93.99537095	1135.358568
29.90342	87.81901524	1135.803388
28.56992	81.57371209	1132.778612
27.1272	75.60553315	1127.6187
25.84704	72.41348932	1135.091676
24.405844	68.49282679	1133.045504
23.044404	65.37017521	1138.205416
21.562822	60.85923367	1138.7392
20.075652	58.01415113	1133.490324
18.760186	54.05879247	1134.468928
17.362424	49.86011609	1135.447532
16.097504	46.70276838	1136.07028
14.64437	44.62100067	1138.205416
13.318236	41.42895684	1140.51848
12.00912	38.30586044	1135.714424
10.726166	34.97503209	1136.693028
9.450578	30.53392763	1138.383344
7.9883	24.98210224	1137.760596
6.679946	19.50011392	1144.877716
5.356098	11.93591306	1140.162624
4.088892	3.296265664	1139.984696
2.813304	-7.251935699	1140.696408
1.4966696	-18.21635716	1148.347312
0.18426176	-30.18696635	1155.375468
-1.0928604	-40.94276621	1154.3079
-2.3930356	-51.49083413	1158.7561
-3.707892	-60.02652659	1160.268488
-5.078476	-68.6316113	1165.072544
-6.413246	-76.26475959	1168.453176
-7.779512	-82.19824241	1172.723448
-9.184386	-88.68641845	1178.150252
-10.515854	-93.68310579	1171.21106
-11.952478	-98.60995606	1163.293264
-13.203936	-101.5942679	1152.439656
-14.56182	-106.9374717	1147.724564
-15.831058	-111.1357033	1147.457672
-17.219676	-114.3975842	1144.166004
-18.406618	-118.0406777	1144.96668
-19.965162	-122.2042131	1138.650236
-21.260308	-125.3967018	1139.984696
-22.557994	-129.7337179	1146.568032
-23.922736	-132.6134965	1138.205416
-25.273508	-136.6039962	1146.034248
-26.63444	-139.79604	1144.52186
-28.0924	-141.2879735	1136.781992
-29.43352	-145.0351554	1142.29776
-30.77464	-148.6786937	1149.681772
-32.13608	-149.3726163	1137.226812
-33.39846	-151.8707376	1141.941904
-34.70656	-154.1259859	1143.009472
-36.13404	-156.6241072	1141.052264
-37.35578	-158.9140517	1149.147988
-38.66134	-159.5038859	1136.781992
-39.94404	-160.926872	1142.475688
-41.2623	-161.3779216	1135.002712
-42.56024	-163.63317	1140.162624
-43.54576	-157.4568143	1139.095056
-43.4848	-156.6241072	1140.51848
-43.307	-155.0280853	1137.938524
-43.21302	-154.6464279	1137.493704
-43.18254	-152.8422292	1135.18064
-43.17238	-153.4667595	1134.646856
-43.18508	-154.0912898	1135.981316
-43.1673	-148.8174782	1128.241448
-43.17746	-148.5052131	1126.106312
-43.18254	-148.2970363	1128.152484
-43.17492	-149.6154892	1133.223432
-43.053	-148.9562628	1137.938524
-42.85234	-147.1516193	1141.941904
-41.52392	-135.4932752	1140.07366
-40.25392	-126.1600166	1147.101816
-39.03218	-116.4446558	1137.493704
-37.7952	-108.9151511	1140.696408
-36.45154	-98.85282896	1135.091676
-35.14598	-91.32376905	1138.561272
-33.78708	-83.55139142	1138.650236
-32.46628	-77.23669602	1142.475688
-31.12516	-69.36023	1140.251588
-29.82468	-63.66962009	1136.337172
-28.46324	-58.74276983	1139.62884
-27.051	-51.66431477	1137.938524
-25.71242	-47.25790644	1131.444152
-24.49322	-42.85149811	1139.18402
-23.08733	-36.6751424	1137.493704
-21.665692	-33.34431405	1142.030868
-20.423632	-29.04154928	1143.543256
-19.026886	-24.60044482	1144.343932
-17.512538	-18.35514167	1136.693028
-16.15694	-14.22585755	1134.291
-14.779752	-10.02762599	1132.0669
-13.408914	-6.037571198	1135.714424
-12.164822	-1.110320597	1139.006092
-10.825226	4.822761875	1132.778612
-9.548876	10.4092834	1128.775232
-8.139176	17.38320525	1146.923888
-6.872224	24.91270998	1147.012852
-5.506974	33.06674502	1146.923888
-4.173728	40.8039817	1142.653616
-2.883662	49.44376254	1146.034248
-1.5745206	58.32641629	1146.74596
-0.2921508	65.57835199	1150.482448
0.0395224	64.74520008	1143.454292
0.04765548	64.71050395	1139.450912
0.03869182	63.91249299	1138.472308
0.016258794	61.17149883	1136.693028
0.4371594	67.4172468	1140.9633
1.7561306	76.71580927	1143.365328
3.072892	82.78807659	1148.97006
4.394962	89.34608972	1154.129972
5.734558	95.83426577	1159.20092
7.122668	98.85282896	1149.503844
8.446262	104.3699582	1146.390104
9.726422	108.7763666	1146.034248
10.996676	111.2744878	1145.767356
12.274296	116.9650977	1152.261728
13.667232	119.4979151	1145.055644
15.007336	124.7374754	1150.660376
16.439896	127.4437734	1147.368708
17.68729	132.5788004	1149.059024
19.07667	135.5973636	1151.19416
20.59432	140.5940509	1145.500464
21.978112	143.0574761	1149.503844
23.324566	147.4638844	1143.454292
24.791416	151.2462073	1143.988076
26.22042	154.0218975	1145.500464
27.58948	157.8731678	1146.30114
28.80868	160.7186952	1145.055644
30.20314	164.70875	1148.614204
31.5341	167.5191364	1136.870956
32.9565	171.787205	1138.383344
34.42208	176.644663	1149.8597
35.66414	178.7264307	1148.881096
37.0078	182.1613475	1149.41488
38.34384	185.31914	1148.881096
39.70274	188.1295264	1148.08042
41.03878	189.8296367	1141.497084
42.08526	193.0910728	1144.52186
43.30446	194.9299676	1136.870956
44.55922	195.9366002	1137.137848
44.77004	196.7346111	1139.361948
44.9072	197.0121802	1141.319156
45.12818	197.0121802	1139.806768
45.2882	198.1571524	1142.208796
45.33646	197.7061027	1139.450912
45.3517	196.0406886	1139.18402
45.33392	189.4826754	1134.113072
45.33392	189.5173716	1138.29438
45.33392	190.454167	1142.386724
45.34154	190.6970399	1145.055644
45.33392	191.7032277	1145.678392
45.20692	189.4132832	1146.74596
44.00804	175.2568179	1139.539876
42.67454	164.4658771	1137.760596
41.27754	152.8769253	1139.717804
39.91356	142.0165922	1137.226812
38.54196	132.7869772	1141.85294
37.21862	124.0778041	1139.806768
35.87496	114.7792416	1134.913748
34.57448	108.2559246	1141.052264
33.20034	100.9003454	1140.874336
31.80334	94.13415547	1142.030868
30.47492	88.96443231	1140.07366
29.0449	83.10034175	1139.272984
27.6352	78.90211019	1138.027488
26.27884	75.08509122	1142.564652
24.861012	70.3317216	1135.358568
23.518622	66.79271649	1133.668252
22.152864	63.21857042	1132.867576
20.650454	60.58166464	1135.18064
19.230086	57.32022856	1138.027488
17.95653	54.5792344	1137.40474
16.569944	51.87249154	1138.7392
15.098776	49.23558577	1139.095056
13.792708	46.04354194	1133.045504
12.476734	43.51072455	1139.361948
11.035284	39.65900946	1138.472308
9.79678	35.91182757	1139.806768
8.460994	30.15227022	1139.806768
7.163562	25.12088675	1140.696408
5.812282	18.97967199	1145.4115
4.501642	10.23580276	1139.539876
3.227578	2.394121838	1145.144608
1.987423	-7.668289243	1144.788752
0.7894066	-16.34232139	1146.834924
-0.6468364	-27.68840027	1142.653616
-1.9317462	-37.02210368	1143.098436
-3.248406	-45.1414426	1142.29776
-4.769104	-53.29547764	1142.74258
-6.12775	-59.64486917	1149.059024
-7.443724	-66.30697069	1150.74934
-8.78332	-71.92774352	1154.930648
-10.083038	-77.16730376	1150.838304
-11.513312	-81.33083919	1142.564652
-12.779756	-85.84133591	1137.671632
-14.010132	-89.48487423	1141.941904
-15.426944	-94.20354772	1145.85632
-16.68145	-96.87514963	1142.831544
-18.0086	-101.4207873	1148.347312
-19.559524	-105.0985769	1145.322536
-20.8534	-107.5966982	1142.208796
-22.145498	-111.8296259	1150.482448
-23.411688	-114.7792416	1144.96668
-24.800814	-118.3529429	1145.144608
-26.12644	-121.7878596	1147.546636
-27.63012	-124.7721715	1138.383344
-28.87218	-126.8539392	1141.141228
-30.22346	-129.2132759	1135.714424
-31.623	-132.5441043	1141.052264
-32.92094	-134.6952643	1148.08042
-34.18332	-137.64488	1144.52186
-35.51174	-139.2755981	1141.497084
-36.76904	-141.5308464	1146.568032
-38.04158	-142.8492993	1138.917128
-39.37762	-144.7228903	1144.699788
-40.69334	-145.451509	1135.536496
-41.88968	-146.006647	1135.892352
-42.28084	-145.9719509	1134.557892
-42.6085	-145.3474206	1134.73582
-42.9768	-145.8331664	1133.84618
-43.14444	-144.653498	1131.888972
-43.39082	-145.451509	1140.696408
-43.59148	-144.653498	1142.564652
-43.7007	-143.1962606	1137.760596
-43.75658	-143.3350451	1136.870956
-43.75658	-141.6696309	1139.18402
-43.74642	-141.6349348	1137.760596
-43.73118	-135.1116178	1126.906988
-43.73118	-134.6952643	1126.640096
-43.73626	-135.701452	1138.472308
-43.72102	-136.291731	1142.564652
-43.71594	-135.8749326	1147.012852
-43.62958	-134.070734	1147.724564
-43.55338	-133.2033307	1145.589428
-42.27068	-122.1001248	1139.272984
-40.96258	-113.0097391	1140.9633
-39.6494	-103.6413395	1140.9633
-38.42258	-95.48730448	1142.920508
-37.14242	-87.4026617	1139.006092
-35.83686	-79.31846373	1139.006092
-34.40938	-70.8174674	1135.536496
-33.1216	-64.98807298	1137.582668
-31.81096	-59.50608466	1144.254968
-30.51302	-53.3648699	1139.539876
-29.21762	-47.74365224	1140.162624
-27.86634	-41.60243748	1135.358568
-26.51506	-36.77923078	1136.781992
-25.221692	-31.12376182	1137.315776
-23.82393	-25.43315191	1142.74258
-22.455632	-20.05525197	1138.472308
-21.023834	-14.95447625	1139.62884
-19.615658	-10.30519502	1139.62884
-18.1229	-5.343203804	1139.006092
-16.821912	-0.104092834	1144.166004
-15.61846	4.371890132	1140.9633
-14.322044	9.160222772	1140.162624
-12.99083	15.99536011	1143.543256
-11.777472	20.95735132	1142.208796
-10.49401	27.44552737	1142.208796
-9.209532	31.99116503	1143.098436
-7.892034	38.6181256	1142.564652
-6.439408	45.97414968	1143.988076
-5.103114	52.80928702	1142.564652
-3.884676	57.77127823	1145.4115
-2.4391874	65.37017521	1149.059024
-1.1175492	72.0318319	1153.240332
-0.04756912	73.24619641	1144.07704
-0.05764276	72.82984286	1144.07704
-0.03431032	72.72575448	1143.009472
0.323342	75.11978735	1144.877716
1.537462	82.37172305	1147.991456
1.7030446	83.06564562	1150.74934
2.92735	88.06188814	1147.457672
3.963924	91.91360324	1143.721184
4.978908	95.31382384	1146.034248
6.020054	98.71404444	1149.8597
7.226046	103.0168092	1147.279744
8.431276	104.8904002	1143.009472
9.568434	108.9845433	1149.147988
10.72769	111.7602336	1146.390104
12.006834	115.5078603	1153.86308
13.414502	119.0815616	1154.218936
14.694662	120.8857603	1146.30114
16.011398	125.2926134	1144.699788
17.456658	127.5478618	1143.454292
18.831814	130.6011211	1140.340552
20.072604	135.4585791	1150.571412
21.472652	137.367311	1142.653616
22.843744	141.0451006	1147.813528
24.282908	144.5147135	1150.482448
25.74544	147.1169231	1151.63898
27.14244	150.6216769	1152.884476
28.48102	154.0912898	1149.8597
29.88564	157.3180298	1151.372088
31.26994	159.851292	1150.215556
32.67202	163.355601	1149.681772
33.96742	165.2291919	1148.703168
35.36442	168.6294125	1144.432896
36.70808	171.7173679	1142.831544
38.13048	175.0833372	1144.07704
38.2651	175.3609063	1145.589428
38.93058	177.7549391	1148.881096
39.62146	177.442674	1144.166004
40.3352	178.795823	1137.315776
41.14292	180.5653256	1138.561272
42.03446	183.5149413	1144.432896
42.80662	185.041571	1148.97006
43.54322	185.1803555	1133.223432
44.0055	185.7701897	1135.358568
44.44746	186.6028968	1139.539876
44.79036	188.1642225	1141.052264
45.01134	189.0316258	1142.386724
45.24502	188.7193606	1141.586048
45.34154	188.5805761	1139.717804
45.37964	188.025438	1142.74258
45.3898	187.9907419	1143.365328
45.39742	181.502121	1146.479068
45.39234	181.8143862	1148.258348
45.39234	181.0857675	1145.322536
45.38218	180.946983	1146.568032
45.37964	181.0163752	1147.724564
45.39996	181.3633365	1146.034248
45.34916	181.2592481	1146.834924
45.25518	179.4550494	1146.212176
45.1485	178.0672043	1144.432896
44.6278	172.0994702	1142.653616
44.14774	168.0395783	1138.917128
43.77436	164.5352693	1142.475688
43.36034	161.1350487	1142.74258
43.06062	157.9078639	1140.9633
42.9133	157.1792452	1137.582668
42.80662	155.9301846	1140.340552
41.54678	146.5617851	1138.650236
40.16756	137.0550458	1144.96668
38.94836	128.3805689	1135.269604
37.6428	121.1633293	1144.877716
36.32708	111.6908414	1136.781992
34.94786	104.7863118	1137.40474
33.54324	97.29150317	1134.468928
32.13862	90.21349293	1122.814644
30.70352	86.32708171	1132.689648
29.2862	81.26144693	1139.717804
28.00096	77.37548053	1130.999332
26.69794	72.96862738	1131.62208
25.347168	70.19293709	1138.205416
23.89124	67.86829647	1144.610824
22.56536	64.74520008	1140.9633
21.201888	61.10210657	1130.643476
19.74723	57.77127823	1131.355188
18.344642	53.50365441	1125.83942
16.924274	53.78122344	1143.365328
15.53718	49.30497803	1140.251588
14.04874	45.59249227	1129.931764
12.685522	42.29636005	1123.971176
11.384534	39.5896172	1133.490324
9.965944	36.53635788	1145.500464
8.570976	31.22785021	1139.806768
7.124192	25.29436739	1135.714424
5.76072	19.50011392	1130.643476
4.450334	11.97060919	1125.038744
3.120898	5.481988319	1126.017348
1.7079468	-2.255337323	1139.539876
0.3815842	-9.611272444	1136.870956
-0.889762	-17.52198976	1152.439656
-2.0658836	-24.01061063	1152.706548
-3.514598	-31.71359601	1151.016232
-4.83108	-37.61193787	1148.614204
-6.226556	-43.82298971	1152.617584
-7.563104	-49.68663544	1151.550016
-9.013444	-54.61393053	1152.884476
-10.46734	-60.13061497	1155.909252
-11.903456	-65.12730231	1142.74258
-13.312648	-69.49901452	1140.785372
-14.67739	-73.94011898	1141.85294
-16.073882	-78.41636439	1146.74596
-17.437608	-82.40641918	1139.806768
-18.793968	-84.59227528	1135.18064
-20.199096	-88.75581071	1138.205416
-21.484844	-91.98299549	1133.579288
-22.78761	-94.6545974	1137.671632
-24.03348	-97.49967994	1140.162624
-25.40762	-101.9065331	1145.144608
-26.72842	-104.9944885	1148.347312
-28.04414	-107.4232175	1144.788752
-29.40304	-110.9275265	1148.08042
-30.85592	-113.0791313	1153.596188
-32.0929	-115.5078603	1138.7392
-33.28416	-117.8671971	1141.40812
-34.68878	-120.8510641	1146.212176
-36.02736	-121.9613402	1144.96668
-37.34562	-123.3491854	1139.272984
-38.72484	-124.3905141	1139.272984
-39.3954	-125.4313979	1137.760596
-40.0558	-125.3620057	1137.760596
-40.70858	-125.4313979	1129.042124
-41.2115	-124.7374754	1127.974556
-41.9481	-125.4313979	1129.753836
-42.42054	-126.5069779	1142.030868
-42.89806	-126.4722818	1150.30452
-43.18	-125.2926134	1147.012852
-43.47718	-125.1538289	1148.08042
-43.63466	-125.4313979	1147.6356
-43.72102	-124.3558179	1144.96668
-43.81754	-123.5920583	1142.29776
-43.8277	-123.8002351	1139.272984
-43.78452	-116.7916171	1144.432896
-43.80992	-117.4508435	1144.07704
-43.80992	-116.7916171	1145.4115
-43.69562	-116.0629984	1146.212176
-43.47718	-114.0506229	1143.988076
-43.23334	-111.2744878	1144.788752
-42.8625	-109.0539356	1142.386724
-42.41038	-104.6128311	1140.162624
-41.87698	-101.073826	1140.429516
-41.24452	-96.38940383	1145.233572
-40.67556	-92.08708388	1142.920508
-39.34968	-83.13503788	1135.803388
-38.18128	-75.67492541	1136.07028
-36.8681	-67.97238486	1140.9633
-35.50666	-61.03271432	1138.472308
-34.163	-53.78122344	1140.51848
-32.7787	-46.07823807	1135.358568
-31.4325	-40.11005913	1136.604064
-30.1498	-34.48928629	1138.561272
-28.83662	-29.84000506	1137.671632
-27.49804	-23.24729581	1139.539876
-26.12136	-16.68928268	1144.166004
-24.799036	-11.380775	1142.208796
-23.561802	-6.315140227	1139.006092
-22.240494	-0.867447697	1138.383344
-21.004784	3.955492107	1142.29776
-19.717004	8.535692458	1140.429516
-18.343118	14.32994593	1139.895732
-17.001998	20.54099777	1139.006092
-15.6718	25.64132868	1137.315776
-14.39672	31.15845795	1149.236952
-13.010134	37.29967271	1147.902492
-11.64082	42.15757554	1152.172764
-10.21207	49.16619351	1152.350692
-8.761476	54.5792344	1155.909252
-7.326376	60.37348787	1160.001596
-5.835904	66.48045133	1163.64912
-4.46024	71.89304739	1168.364212
-3.125216	76.95868217	1173.524124
-1.9540728	81.67780048	1177.43854
-0.6573774	85.63315914	1169.787636
-0.05192268	83.10034175	1136.781992
-0.04694428	82.78807659	1135.18064
-0.06091174	82.61459595	1136.5151
0.2770632	83.62078368	1133.84618
1.5626842	89.48487423	1141.141228
2.78638	93.82189031	1145.500464
3.993896	98.26299477	1147.457672
5.178552	100.9350415	1148.08042
6.517894	103.9536047	1148.614204
7.848346	107.0415601	1145.4115
9.04367	109.9907311	1145.233572
10.322052	113.7036616	1151.550016
11.62177	116.6875287	1152.52862
13.055854	119.6713958	1150.838304
14.472412	121.9613402	1147.457672
15.91437	124.6680831	1147.457672
17.309084	127.5131656	1147.012852
18.735802	130.6011211	1158.400244
20.128738	134.348303	1156.620964
21.511006	136.3264271	1156.265108
22.871176	140.0042168	1168.897996
24.20239	141.2185813	1159.289884
25.68194	141.9818961	1146.479068
27.10434	145.1392438	1145.767356
28.448	148.6093015	1146.74596
29.74086	150.2053234	1149.503844
31.1277	152.6687485	1150.660376
32.47644	155.4791349	1140.251588
33.85058	157.7343833	1141.141228
35.16884	159.6079742	1138.383344
36.49726	162.4535016	1144.877716
37.8587	162.8004629	1137.048884
38.60038	164.6393577	1132.95654
39.52748	164.8822306	1138.383344
40.46474	166.5476448	1137.938524
41.47058	164.8822306	1138.917128
42.82948	160.3717339	1125.83942
43.93946	160.2329494	1137.493704
44.45254	158.8446594	1142.831544
44.8564	156.5200188	1137.048884
45.15104	154.8893008	1133.84618
45.32884	155.5485272	1138.383344
45.49902	154.4729472	1143.454292
45.67682	150.7257653	1136.693028
45.69968	137.2632226	1120.50158
45.6946	137.4713994	1146.923888
45.69206	137.089742	1148.97006
45.6946	137.0203497	1148.08042
45.60062	135.701452	1147.368708
45.34408	133.9319494	1145.055644
44.98594	130.1153753	1143.1874
44.54144	126.2294089	1141.319156
43.85818	120.6428874	1137.048884
43.04284	115.4384681	1142.29776
41.9608	107.9089633	1134.291
41.28516	104.5434389	1145.589428
39.92118	96.56288447	1137.226812
38.66388	89.31139359	1141.052264
37.28974	82.23293853	1135.981316
35.9664	76.47293637	1136.5151
34.5948	72.30940093	1149.948664
33.30194	66.61923584	1141.40812
31.877	62.14299043	1133.223432
30.4546	56.59160986	1135.981316
29.17698	53.08685605	1135.714424
27.80792	49.65193931	1137.760596
26.41092	45.66188452	1139.361948
25.005792	42.50453682	1143.009472
23.712932	38.09768367	1135.62546
22.353524	35.39138564	1142.29776
20.97913	30.67271215	1135.269604
19.623278	26.71690867	1138.383344
18.22577	22.2758042	1144.96668
16.848836	17.62607815	1138.205416
15.47622	13.28906208	1143.454292
14.151102	9.264311158	1137.137848
12.82954	5.655468962	1143.1874
11.485372	1.318497369	1140.429516
10.210292	-2.706386995	1136.604064
8.808466	-7.043758928	1142.920508
7.517384	-12.38696273	1140.696408
6.127496	-15.78718333	1138.29438
4.744212	-20.0899481	1135.18064
3.407664	-23.28199193	1141.586048
2.0538948	-26.71690867	1141.40812
0.7100824	-30.18696635	1139.984696
-0.483235	-33.03204889	1149.503844
-1.801241	-35.87713144	1148.881096
-3.273552	-39.38144043	1148.436276
-4.666996	-42.85149811	1136.693028
-6.179566	-45.93945355	1139.18402
-7.519162	-49.37437029	1137.938524
-8.99541	-52.46232573	1141.675012
-10.293858	-55.68951051	1140.607444
-11.720322	-58.56928919	1144.96668
-13.152882	-61.31028335	1145.322536
-14.395196	-64.64111169	1145.500464
-15.788894	-66.82741261	1147.6356
-17.17421	-69.81127967	1141.497084
-18.518378	-72.0318319	1133.223432
-19.915632	-75.05039509	1136.781992
-21.183854	-77.89592246	1137.40474
-22.52472	-79.83890566	1137.671632
-23.78329	-82.26763466	1141.319156
-25.068784	-84.24531399	1141.85294
-26.40076	-86.46586622	1142.208796
-27.87396	-88.65172233	1143.365328
-29.1465	-90.59515035	1143.543256
-30.58414	-91.70542646	1141.052264
-31.8643	-93.30144838	1140.07366
-33.16224	-95.55669674	1139.361948
-34.52368	-95.97305028	1135.981316
-35.84956	-96.45879608	1131.088296
-37.27196	-97.39559155	1139.984696
-37.74186	-98.12421026	1140.07366
-38.87216	-97.70785671	1135.002712
-39.98722	-98.67934831	1132.867576
-40.87622	-98.12421026	1140.429516
-41.74998	-98.02012187	1136.95992
-42.164	-97.49967994	1139.895732
-42.72534	-97.11802253	1138.383344
-42.99204	-97.11802253	1135.447532
-43.2435	-96.63227673	1141.763976
-43.46956	-95.93835415	1137.938524
-43.64482	-96.32001157	1144.343932
-43.79722	-95.79956964	1141.586048
-43.8531	-94.4117245	1143.1874
-43.80484	-87.78431911	1142.119832
-43.8023	-87.61083847	1141.497084
-43.80738	-87.36796557	1141.586048
-43.74388	-87.26387718	1142.831544
-43.63466	-85.32089398	1144.254968
-43.27144	-82.57989982	1141.319156
-43.03014	-79.83890566	1139.984696
-42.65676	-77.0979115	1138.650236
-42.33164	-75.15448348	1141.941904
-42.0116	-72.37879319	1144.52186
-41.59758	-69.22144549	1141.941904
-41.2496	-67.00089326	1140.162624
-40.21328	-60.09591884	1136.870956
-39.6113	-56.31404083	1141.85294
-38.67658	-50.13768511	1140.07366
-37.38372	-42.78210585	1139.095056
-35.99688	-35.35668951	1139.895732
-34.73958	-29.04154928	1140.162624
-33.42894	-23.28199193	1143.721184
-32.0929	-17.27911686	1140.429516
-30.88894	-12.17878596	1136.5151
-29.51734	-6.73149377	1147.902492
-28.19654	-2.394121838	1143.721184
-26.89098	1.665458655	1144.699788
-25.42286	6.211051841	1142.74258
-24.11603	10.09701824	1142.119832
-22.792436	14.60751496	1141.497084
-21.371306	19.04906425	1139.450912
-20.064222	22.2758042	1142.475688
-18.698718	25.71072094	1141.586048
-17.326356	29.59668734	1143.543256
-16.060928	32.68508761	1139.984696
-14.623796	35.91182757	1145.055644
-13.405358	39.38144043	1145.233572
-12.013184	41.91470264	1146.74596
-10.776204	45.3843155	1147.19078
-9.43102	48.22939804	1147.546636
-8.098536	50.9703922	1154.574792
-6.768592	54.30166537	1154.396864
-5.420868	56.41812921	1158.044388
-4.051046	59.15912337	1160.357452
-2.718562	60.68575303	1155.108576
-1.3555726	63.18387429	1149.325916
-0.05776214	65.05746523	1141.85294
0.10896346	61.96950979	1136.604064
0.12708382	62.55934397	1135.358568
0.15952216	59.61017304	1147.813528
0.82296	64.08597363	1149.503844
2.1583142	69.81127967	1156.887856
3.133344	73.00332351	1160.9802
4.13893	75.18917961	1163.64912
4.96062	75.67492541	1150.126592
5.99821	78.00001085	1144.07704
6.849872	79.17967922	1146.212176
7.849108	82.09415402	1145.767356
9.180322	83.96774496	1141.941904
10.436098	85.49437462	1146.834924
11.75385	87.22918105	1139.806768
13.086842	89.62365875	1142.920508
14.520926	90.31758132	1139.539876
15.926562	92.08708388	1139.62884
17.30756	93.50962515	1141.319156
18.657062	93.37084064	1134.379964
19.978878	93.82189031	1132.689648
21.42109	94.44642062	1132.333792
22.803612	95.79956964	1141.052264
24.185626	95.48730448	1139.272984
24.87041	95.34851997	1137.938524
25.4508	94.55050901	1136.693028
26.01976	95.20973545	1140.340552
26.60396	95.20973545	1139.806768
27.25674	94.30763611	1140.162624
27.9781	93.68310579	1140.696408
28.28798	92.85039871	1140.251588
28.52928	92.95448709	1137.671632
28.62326	93.54432128	1139.539876
28.7147	93.23205612	1145.500464
28.79344	92.01769162	1143.009472
28.8417	92.74631032	1144.877716
28.73756	87.4026617	1137.582668
28.7274	86.88221977	1138.027488
28.75534	87.61083847	1139.806768
28.75788	87.4026617	1140.696408
28.74264	87.81901524	1141.586048
27.89174	81.12266242	1143.009472
27.25928	76.02188669	1142.564652
26.65984	73.07271576	1140.429516
26.05786	68.8744842	1137.315776
25.6413	67.59072744	1144.254968
25.168098	63.8084046	1143.810148
24.536654	60.37348787	1139.806768
23.998428	57.77127823	1138.472308
22.611334	49.61724319	1142.119832
21.185124	42.22696779	1142.74258
19.962622	37.33436884	1139.006092
18.493232	30.22166248	1144.96668
17.057624	23.97591451	1139.895732
15.67561	18.42453393	1144.52186
14.322806	12.5951395	1139.361948
13.04925	7.598896985	1141.675012
11.688826	2.602298609	1136.95992
10.265918	-1.214408983	1137.84956
9.012428	-4.788065747	1141.319156
7.59079	-9.125526644	1139.717804
6.324092	-12.90740466	1138.561272
4.820158	-16.48110591	1135.892352
3.508756	-18.97967199	1139.450912
1.979676	-22.2758042	1137.137848
0.6592824	-25.05149449	1141.052264
-0.6138418	-27.09856608	1141.675012
-2.0228052	-29.52729508	1140.251588
-3.303016	-31.60950762	1135.62546
-4.780534	-34.21171727	1141.141228
-6.128512	-35.91182757	1139.806768
-7.57428	-37.99359528	1140.785372
-8.838692	-40.075363	1144.254968
-10.24001	-42.22696779	1142.29776
-11.444986	-43.64950907	1140.340552
-12.761214	-44.82917744	1137.493704
-14.127734	-47.36199483	1145.233572
-15.46479	-48.36818256	1141.40812
-16.771366	-50.2417735	1138.383344
-18.127726	-52.1847567	1137.84956
-19.375628	-53.92000795	1140.340552
-20.733258	-54.89149955	1139.895732
-21.978874	-56.48752147	1141.319156
-23.258526	-56.93857114	1143.454292
-23.828756	-58.08354339	1141.85294
-24.560276	-57.66718984	1137.315776
-25.218644	-59.1938195	1143.009472
-25.69718	-58.60398531	1139.895732
-26.08834	-58.88155434	1136.870956
-26.39822	-59.40199627	1141.497084
-26.64206	-59.4366924	1141.052264
-26.64968	-58.2223279	1140.429516
-26.82494	-59.15912337	1145.945284
-26.97734	-59.05503499	1143.899112
-27.06116	-59.22851563	1141.40812
-27.06878	-56.48752147	1105.3777
-27.07894	-55.68951051	1081.35742
-27.07894	-56.31404083	1097.015084
-27.06624	-56.14056018	1115.875452
-27.06878	-56.62630598	1130.643476
-27.04338	-56.20995244	1141.675012
-26.924	-55.34254923	1139.272984
-26.72842	-54.02409634	1140.429516
-26.41854	-51.49083413	1134.73582
-26.18994	-50.13768511	1142.920508
-25.83688	-48.68044771	1142.29776
-25.334468	-45.07205034	1138.383344
-24.964644	-43.89238197	1134.024108
-24.295862	-41.11624686	1140.607444
-23.79599	-38.89569463	1141.141228
-23.389844	-37.47315335	1137.226812
-23.16099	-36.4322695	1138.561272
-21.91512	-32.85856825	1145.322536
-20.6248	-27.37613511	1146.923888
-19.282918	-24.32287579	1143.365328
-17.871186	-20.12464423	1139.450912
-16.522446	-16.65458655	1144.343932
-15.255748	-12.66453176	1139.895732
-13.92047	-9.784753087	1134.824784
-12.60094	-6.280444099	1140.251588
-11.271758	-3.053392763	1138.7392
-9.82726	0.138788963	1143.009472
-8.480806	3.330961792	1140.340552
-7.270496	6.176355713	1138.472308
-5.82295	10.06232212	1133.84618
-4.516628	12.42165886	1145.678392
-3.137154	16.16884075	1146.212176
-1.8677636	19.18784876	1147.457672
-0.544068	21.47779325	1144.166004
0.698881	24.01061063	1143.721184
0.5428234	20.64508616	1133.579288
0.5296662	21.75536228	1135.803388
0.570484	20.332821	1131.800008
1.6895826	26.30055512	1132.422756
2.964434	30.11757409	1134.202036
4.072382	33.30961792	1136.248208
5.116576	35.46077789	1135.892352
6.533896	39.27735204	1139.18402
6.784086	40.14475526	1140.07366
7.88924	43.23315552	1140.9633
9.241282	46.21702258	1140.51848
10.494518	49.13149738	1142.653616
11.89736	51.49083413	1143.098436
13.1572	54.61393053	1145.767356
14.493748	56.90387501	1142.920508
15.90421	59.47138853	1140.785372
17.274286	61.44906786	1145.144608
18.572734	63.18387429	1136.248208
19.967448	64.50232718	1137.226812
21.402802	66.2028823	1134.557892
22.760178	67.62542357	1137.671632
24.25192	68.1458655	1135.18064
25.58034	68.35404227	1137.048884
26.92908	69.08266097	1137.137848
27.36088	69.53371065	1141.052264
27.68346	68.90918033	1147.813528
28.0162	69.04796485	1144.343932
28.17622	68.73569969	1143.721184
28.5115	69.39492613	1139.095056
28.73756	69.42962226	1137.315776
28.91282	69.39492613	1139.450912
29.0068	68.94387646	1141.319156
29.16174	68.49282679	1141.319156
29.16682	68.24995389	1138.116452
29.19984	65.75183263	1139.361948
29.1973	65.02276911	1139.450912
29.21254	65.43956747	1139.18402
29.12364	63.8084046	1138.561272
28.95346	62.62873623	1143.009472
28.75534	60.51227239	1138.116452
28.42006	57.52840533	1143.276364
28.05176	55.68951051	1144.52186
27.70124	53.26033669	1142.208796
27.305	50.03359673	1136.604064
26.87828	48.09061353	1137.84956
26.416	44.58630454	1142.475688
25.80132	40.63050106	1139.984696
24.529288	33.72597146	1136.693028
23.283926	27.44552737	1141.675012
21.877782	20.5756939	1142.653616
20.512532	13.01149305	1145.85632
19.050762	8.049946657	1141.941904
17.662652	2.463514095	1136.693028
16.340328	-2.08185668	1144.877716
15.032736	-5.100330904	1138.29438
13.800836	-8.292819557	1139.806768
12.458446	-10.6521563	1139.984696
11.014964	-14.0523769	1145.4115
9.686544	-16.72397881	1144.343932
8.207502	-19.63889843	1144.343932
6.763258	-22.17171582	1141.675012
5.434076	-23.83712999	1139.984696
4.021836	-26.85569318	1137.760596
2.707386	-28.38232284	1136.781992
1.2841986	-30.42983925	1139.984696
-0.04637532	-32.51160696	1142.208796
-1.2566904	-34.14232501	1138.205416
-2.716022	-35.70365079	1140.785372
-4.025138	-37.4037611	1138.205416
-5.442458	-39.13856753	1147.012852
-6.736588	-41.49834909	1150.571412
-8.17753	-42.22696779	1147.546636
-9.427718	-43.89238197	1147.279744
-10.798556	-45.48840388	1143.276364
-12.223496	-46.91094515	1140.607444
-13.583666	-47.98652514	1136.248208
-14.92377	-48.92332061	1138.917128
-16.2052	-49.92950834	1143.454292
-17.612106	-51.03978446	1138.383344
-19.016726	-51.456138	1128.330412
-20.028916	-51.66431477	1121.480184
-20.934426	-51.66431477	1114.363064
-21.630386	-51.6990109	1109.025224
-22.334728	-51.62961864	1101.641212
-22.936454	-51.76840316	1116.854056
-23.515066	-51.49083413	1133.312396
-23.942294	-51.00508833	1142.030868
-24.423878	-49.7560277	1148.703168
-24.956262	-50.17238124	1143.988076
-25.350216	-50.83160769	1139.984696
-25.51938	-50.17238124	1136.604064
-25.70988	-49.72133157	1140.9633
-25.96388	-50.34586189	1144.610824
-26.15946	-50.2417735	1145.767356
-26.31948	-50.51934253	1148.614204
-26.4668	-50.13768511	1147.19078
-26.59888	-49.7560277	1143.810148
-26.69286	-49.82541996	1143.899112
-26.72588	-48.43757481	1142.208796
-26.7589	-47.25790644	1106.089412
-26.76144	-47.43138708	1143.098436
-26.75636	-47.53547547	1144.96668
-26.75636	-46.80685677	1144.610824
-26.69286	-46.91094515	1143.098436
-26.52268	-45.24553098	1140.696408
-26.3271	-44.48221615	1137.760596
-26.13406	-43.68420519	1142.208796
-25.91816	-42.64332134	1143.365328
-25.331166	-39.17326365	1145.945284
-24.926798	-37.78541851	1141.85294
-24.539956	-35.87713144	1139.095056
-24.137874	-34.80155145	1135.269604
-23.728426	-33.55249082	1140.696408
-23.454614	-32.85856825	1144.254968
-22.079712	-29.04154928	1139.450912
-20.775422	-24.35757192	1134.113072
-19.381724	-21.92884292	1139.717804
-18.077942	-19.32663327	1140.51848
-16.679164	-15.99536011	1140.9633
-15.425166	-13.01149305	1142.386724
-13.97508	-10.58276404	1139.450912
-12.686538	-7.564200857	1144.07704
-11.316462	-4.337194004	1141.319156
-9.962388	-2.567602481	1139.18402
-8.622284	0.242881797	1141.941904
-7.391146	1.873679909	1137.493704
-6.057646	4.788065747	1137.137848
-4.752086	5.724861219	1144.52186
-3.405124	7.807073757	1140.785372
-2.090674	10.02762599	1140.9633
-0.731647	12.45635499	1140.429516
0.5875274	13.98298465	1142.74258
1.4765528	13.91359239	1136.248208
2.836672	17.80000362	1139.539876
3.312922	18.80619134	1135.714424
4.800854	20.8185668	1139.895732
5.941568	22.62276549	1140.07366
7.165848	24.63514095	1137.226812
8.459978	26.16177061	1140.340552
8.538972	26.95978157	1141.141228
9.651238	28.79867638	1144.166004
11.018266	30.56862376	1145.322536
12.399772	32.19934181	1142.475688
13.796518	34.62807081	1138.472308
15.054326	36.81392691	1135.62546
16.463772	37.82011464	1140.162624
17.745456	38.93039075	1142.030868
19.234912	40.45702041	1139.095056
20.536916	41.74122199	1136.159244
21.95195	42.50453682	1138.917128
23.327106	44.169951	1139.539876
24.795734	44.23934325	1143.454292
26.34742	45.34961937	1144.166004
27.03576	46.42519935	1140.874336
27.6098	46.52928774	1137.760596
28.29814	46.00884581	1141.40812
28.75534	45.66188452	1140.874336
29.00426	45.48840388	1142.29776
29.36494	45.66188452	1141.763976
29.5402	46.42519935	1140.07366
29.65704	46.52928774	1145.945284
29.75864	45.66188452	1141.85294
29.81706	42.43514457	1139.539876
29.84246	43.09437101	1136.159244
29.85262	42.81680198	1143.098436
29.84246	42.12287941	1142.475688
29.53258	39.13856753	1139.095056
29.2481	35.25260112	1139.717804
28.84932	33.41370631	1135.981316
28.54706	31.12376182	1140.251588
28.17114	28.694588	1146.656996
27.60218	25.84950545	1146.656996
27.07894	22.13701969	1140.696408
26.70302	19.91646746	1139.006092
25.4	13.49723885	1141.319156
23.944326	6.800886028	1143.276364
22.668738	2.220641195	1142.119832
21.348446	-2.185945066	1141.763976
19.89963	-6.384532484	1140.429516
18.404332	-9.576576315	1139.006092
17.078706	-12.8380124	1139.984696
15.74165	-15.64839882	1145.500464
14.41958	-17.07094009	1141.941904
13.069062	-19.08376037	1140.874336
11.844528	-20.40221326	1140.696408
10.435336	-21.75536228	1137.137848
9.182862	-23.38608032	1141.586048
7.748016	-24.18409128	1140.251588
6.367272	-25.29436739	1141.675012
5.04698	-27.54961575	1139.806768
3.621532	-29.63182829	1152.617584
2.2971506	-30.32575086	1153.685152
0.8784082	-32.44221471	1151.905872
-0.4275328	-33.48309856	1150.482448
-1.7876266	-35.07912048	1151.63898
-3.126994	-36.08530821	1147.546636
-4.47294	-37.23028045	1145.678392
-5.751322	-38.3752527	1139.539876
-7.243572	-39.27735204	1139.006092
-8.694928	-39.97127461	1135.62546
-9.91616	-40.66519718	1133.40136
-11.16203	-41.15094298	1137.137848
-12.5603	-41.63713361	1140.162624
-13.888466	-42.33105618	1141.675012
-15.079472	-41.74122199	1142.475688
-16.448024	-42.53923295	1139.539876
-17.74063	-41.94939876	1137.226812
-19.010376	-41.74122199	1141.497084
-20.264882	-42.67801747	1131.888972
-21.206714	-41.98409489	1140.251588
-22.165056	-40.94276621	1137.84956
-22.970236	-41.08155073	1132.689648
-23.51659	-39.41613655	1140.607444
-24.053546	-39.45083268	1139.006092
-24.642318	-40.04066687	1139.361948
-24.891746	-39.62431333	1150.393484
-25.022302	-38.72221398	1145.767356
-25.23363	-38.99978301	1144.610824
-25.51684	-38.68751785	1141.586048
-25.68702	-39.41613655	1137.048884
-25.84196	-39.03447914	1144.610824
-25.92832	-38.44464495	1143.543256
-26.02484	-38.99978301	1141.675012
-26.07056	-35.84243531	1132.244828
-26.08326	-36.50166175	1144.610824
-26.07056	-36.15470047	1140.9633
-25.92324	-35.04442435	1142.29776
-25.73528	-34.41989404	1139.450912
-25.44826	-32.85856825	1141.763976
-25.0825	-31.60950762	1143.1874
-24.417782	-29.73591668	1144.07704
-23.913084	-28.13944994	1141.40812
-23.427436	-27.09856608	1138.116452
-23.177754	-26.02298609	1136.870956
-21.802598	-23.87182612	1138.383344
-20.495006	-20.67978229	1142.119832
-19.101054	-18.56331844	1140.340552
-17.72285	-15.78718333	1139.450912
-16.385032	-13.53193498	1141.675012
-15.169134	-12.1093937	1140.07366
-13.805916	-8.847957615	1135.803388
-12.527026	-7.876466014	1144.166004
-11.16584	-6.106963456	1140.607444
-9.923526	-3.851403721	1138.917128
-8.550148	-2.255337323	1144.877716
-7.149846	-0.451049672	1142.564652
-5.682996	1.28380124	1144.343932
-4.41325	4.267801747	1139.361948
-3.066796	5.377899933	1138.561272
-1.7004538	6.73149377	1136.870956
-0.360553	8.952046001	1137.137848
0.4792218	9.403095672	1139.095056
1.7685004	10.1664105	1144.52186
1.93675	9.992929859	1141.85294
2.0475956	9.750056958	1140.251588
1.8957798	9.125526644	1140.429516
1.8746216	9.368399544	1136.95992
2.1972016	9.611272444	1132.600684
3.509772	13.49723885	1134.113072
3.90652	13.18497369	1132.244828
5.215128	14.78099561	1131.800008
5.41782	15.47491818	1133.045504
6.63575	16.93215558	1131.088296
7.55523	17.03624396	1144.52186
8.802116	18.35514167	1144.07704
10.313924	20.5756939	1137.493704
11.782044	21.16552809	1136.248208
13.216382	22.93503065	1137.048884
14.558772	23.07381516	1139.806768
15.910306	23.21259968	1140.607444
17.259554	24.56574869	1141.141228
18.616168	25.01679836	1142.831544
20.012152	27.37613511	1139.450912
21.528024	27.54961575	1144.788752
22.946614	27.79248865	1140.785372
24.335232	29.00685315	1136.781992
25.68702	28.72928412	1136.870956
27.1526	29.97878958	1139.717804
27.3812	29.52729508	1137.582668
27.87904	29.84000506	1142.831544
28.6004	29.28442218	1140.07366
29.16174	29.66652442	1136.248208
30.15742	29.94409345	1137.226812
30.44444	29.80530893	1144.699788
30.68574	29.1803338	1143.721184
30.78988	28.83337251	1141.85294
30.78734	28.52110735	1141.85294
30.86354	22.79624613	1135.981316
30.861	22.76155001	1130.821404
30.85846	21.7900584	1135.892352
30.87116	22.65746162	1144.52186
30.81528	21.65127389	1143.721184
30.64256	19.39602553	1143.1874
30.43936	18.04287652	1144.166004
30.19806	16.96685171	1139.984696
29.8958	14.36464206	1142.74258
29.6291	12.56044338	1140.874336
29.22524	10.6521563	1139.272984
28.88996	8.882653744	1138.116452
27.5336	2.394121838	1146.834924
26.0985	-2.810475381	1146.034248
24.79167	-6.696797642	1144.432896
23.37435	-10.02762599	1146.568032
21.843238	-14.0523769	1145.144608
20.462748	-15.99536011	1145.055644
19.156934	-18.00818039	1147.101816
17.715738	-21.13083196	1148.436276
16.34236	-23.14320742	1148.703168
15.016226	-24.60044482	1146.212176
13.773912	-26.23116287	1148.614204
12.474702	-26.71690867	1146.656996
11.157204	-28.65989187	1143.454292
9.786366	-30.32575086	1142.208796
8.38581	-31.57481149	1143.098436
7.111492	-32.54630309	1143.543256
5.689854	-33.83005985	1139.806768
4.284218	-34.28110952	1140.340552
2.87274	-35.87713144	1137.493704
1.6592042	-36.4322695	1140.696408
0.3885946	-37.09149594	1139.539876
-1.0101834	-37.26497658	1144.699788
-2.298446	-37.85481077	1138.383344
-3.512312	-37.82011464	1134.468928
-4.849876	-38.1323798	1137.938524
-6.161532	-37.47315335	1137.048884
-7.525004	-37.19558432	1135.62546
-8.811768	-37.82011464	1136.870956
-9.984486	-35.53017015	1132.333792
-11.198606	-34.66276694	1143.276364
-12.536932	-34.14232501	1134.557892
-13.706602	-33.51779469	1142.475688
-15.037054	-32.44221471	1140.785372
-16.294354	-31.78298826	1134.73582
-17.594072	-30.60331989	1135.714424
-18.738596	-29.80530893	1142.030868
-19.986244	-29.38851057	1140.162624
-21.076158	-28.9374609	1138.917128
-21.467064	-29.45790282	1139.006092
-21.849842	-29.04154928	1144.343932
-22.123908	-28.52110735	1142.208796
-22.5425	-28.55580348	1138.561272
-22.987254	-29.07624541	1136.604064
-23.244048	-27.61900801	1147.991456
-23.53183	-27.93127317	1145.055644
-23.690072	-28.07005768	1143.810148
-23.85568	-27.23735059	1140.9633
-23.984204	-27.58431188	1139.62884
-24.115268	-27.23735059	1140.874336
-24.242522	-27.02917382	1140.51848
-24.275288	-27.37613511	1145.678392
-24.151844	-25.95359384	1140.162624
-24.14397	-26.09237835	1137.137848
-23.913846	-24.70453321	1137.760596
-23.709376	-24.66983708	1149.236952
-23.263352	-24.35757192	1149.8597
-21.856192	-20.71447842	1149.325916
-21.51253	-20.29812487	1147.546636
-21.164804	-19.53481005	1146.479068
-20.558252	-18.07757264	1143.899112
-20.254214	-17.24442074	1146.568032
-20.03679	-16.41171365	1141.85294
-18.581878	-14.08707303	1141.85294
-17.16913	-12.52574725	1138.561272
-15.733014	-10.30519502	1135.981316
-14.447266	-8.535692458	1133.490324
-13.081	-6.974366671	1132.867576
-11.658346	-4.892154132	1128.686268
-10.352786	-3.192177278	1123.793248
-8.910574	-2.220641195	1133.579288
-7.575804	-0.4857458	1136.5151
-6.249924	-0.173485091	1147.012852
-4.934458	1.422585755	1145.945284
-3.597148	2.636994738	1140.607444
-2.2173946	3.677923078	1141.141228
-0.9062466	4.718673489	1143.543256
0.5337556	6.037571198	1139.450912
1.9257518	7.147847314	1136.693028
3.400044	8.639780843	1147.101816
4.28498	5.516684447	1138.29438
5.32257	9.160222772	1136.07028
6.215634	10.02762599	1138.561272
7.05358	10.47867566	1138.116452
8.194294	11.20729436	1137.226812
8.78332	10.72154856	1139.450912
10.26541	10.68685243	1138.027488
11.692128	11.24199049	1132.778612
13.012166	12.28287435	1127.707664
14.276578	11.97060919	1130.554512
15.60703	11.27668662	1134.291
17.006062	11.48486339	1139.717804
18.439384	11.27668662	1138.7392
19.945096	10.61746017	1142.386724
21.287486	10.92972533	1136.337172
22.686264	9.71536083	1142.475688
24.194262	10.23580276	1137.671632
25.6159	8.882653744	1147.368708
25.93594	8.500996329	1144.52186
26.27884	8.4663002	1145.678392
26.84018	8.362211815	1138.29438
27.19324	8.049946657	1134.468928
29.19222	8.396907943	1131.444152
29.65704	8.396907943	1133.312396
30.28442	7.668289243	1139.984696
30.73146	8.535692458	1137.40474
31.29026	7.807073757	1144.166004
31.66872	7.702985371	1142.475688
31.97352	7.009062799	1139.272984
32.51962	7.217239571	1137.671632
32.9311	6.48862087	1144.610824
33.09366	6.24574797	1149.592808
33.2994	6.349836356	1149.503844
33.43656	6.349836356	1147.6356
33.53308	5.343203804	1146.656996
33.60674	5.273811547	1143.454292
33.62198	3.504442435	1141.40812
33.62198	3.851403721	1142.475688
33.6169	4.475800589	1142.653616
33.53816	2.671690867	1142.74258
33.3629	1.04092834	1141.941904
33.10128	-1.734850912	1140.607444
32.07004	-7.425416342	1140.07366
30.75178	-11.380775	1138.7392
30.46984	-11.97060919	1136.870956
29.64434	-13.11558143	1136.5151
29.14904	-15.12795689	1135.002712
28.448	-16.03005623	1134.73582
27.03576	-17.38320525	1129.486944
25.58542	-19.29193715	1143.276364
24.345646	-20.64508616	1136.95992
22.916388	-21.13083196	1135.892352
21.545042	-22.76155001	1132.51172
20.141692	-23.14320742	1131.266224
18.900902	-23.31668806	1147.279744
17.499076	-23.80243386	1133.757216
16.11884	-24.28817966	1137.137848
14.679168	-24.11469902	1140.607444
13.287502	-24.46166031	1139.272984
12.01547	-25.22497514	1135.002712
10.739628	-24.18409128	1134.557892
9.511538	-22.58806936	1134.73582
8.233156	-21.72066615	1137.40474
7.077964	-20.78387068	1125.750456
5.874512	-20.36751713	1106.890088
4.636516	-20.67978229	1102.174996
3.36677	-20.0899481	1089.809
1.9202146	-19.95116359	1071.927236
0.682879	-18.91027973	1076.90922
-0.3789934	-16.20353688	1054.134436
-1.4991334	-16.03005623	1052.88894
-2.258441	-12.62983563	1006.093876
-3.019552	-10.30519502	954.939576
-2.718308	-8.847957615	870.5928076
-2.81051	-8.847957615	834.0197072
-3.9243	-9.680664701	806.2273536
-5.264912	-10.1664105	793.6656368
-6.518656	-10.92972533	780.925992
-7.80161	-10.54806792	767.803802
-9.156192	-9.819449216	754.5125804
-10.350246	-9.090830515	739.824624
-11.641582	-9.194918901	721.2667336
-12.916154	-9.160222772	701.03632
-14.077188	-9.090830515	693.1896952
-15.352522	-9.125526644	677.1227968
-16.649192	-8.327515686	668.34205
-17.921732	-8.154035043	655.0508284
-14.994128	-3.677923078	648.3073572
