col2		
2985		
0	0	0
-0.010197	0.312278502	-1.712074862
-0.0027393	1.110320597	80.92325908
-0.0089338	1.28380124	80.35255585
-0.034133	2.879867638	177.5974327
-0.053481	1.873679909	176.2277728
-0.063087	1.769547041	266.9668175
-0.10133	2.636994738	267.3092325
-0.074721	2.532906352	329.970528
-0.089638	2.220641195	329.970528
-0.090406	2.359425709	444.9066304
-0.088942	2.394121838	446.8469761
-0.095381	2.636994738	553.1086819
-0.070459	1.943072166	553.1086819
-0.03827	3.192177278	635.9722692
-0.073771	3.296265664	636.0863959
-0.067513	3.053392763	719.5206865
-0.086046	2.84517151	718.3793149
0.16791	17.03624396	824.184479
0.30257	22.10232356	824.1844094
0.48527	36.6751424	824.2985883
0.58722	39.76309784	825.6682482
0.90732	53.67713505	823.7279373
0.93489	56.41812921	822.5865309
1.2019	68.70100356	824.75513
1.4773	78.86741406	825.668283
1.8261	93.09327161	826.5813664
2.0322	101.5942679	826.2389689
2.2984	110.0254272	826.3530782
2.5012	117.4508435	827.9509915
3.0521	131.1909553	828.293389
3.028	117.6937164	828.4075332
3.4088	132.1624469	829.0923631
3.8144	146.6658735	830.9185299
4.6939	160.1635571	835.7123046
4.6515	144.5494096	837.4243621
3.9897	125.0497405	834.0002472
2.9946	97.5690722	830.1195906
2.0714	67.1743739	825.3258158
1.3668	40.14475526	824.6410555
0.97762	22.31050033	824.0703349
0.55448	4.475800589	822.3582426
0.17849	-15.16265302	823.1572167
-0.13902	-32.85856825	822.2440985
-0.47807	-47.36199483	823.0431074
-0.8076	-61.48376399	823.0430726
0	-48.09061353	820.9886176
0	-27.06386995	812.656636
0	-13.53193498	812.0859502
0	-0.971536083	812.2000595
0	-1.006232212	812.4283129
0	-0.693967054	814.2545493
0	-0.4857458	812.5424919
0	-0.659270926	812.4283477
0	-0.763359311	812.656636
0	-0.451049672	811.8576619
0	-1.04092834	812.3142036
0	-0.312278502	811.1728668
0	1.318497369	809.5748838
0	-3.330961792	-1.483751771
0	-13.49723885	-1.255480929
0	-13.01149305	-1.940328289
0	-12.90740466	-0.5706684
0	-13.18497369	-0.456541686
0	-2.08185668	0.228305675
0	-1.596066398	-1.25551576
0	-2.220641195	0.342432388
0	-1.908376037	-1.940310874
0	-2.463514095	-0.684812529
0	-2.047160552	-1.826201576
0	-2.290033452	-1.940328289
0	-2.532906352	-0.456541686
0	-2.394121838	-0.798939242
0	-2.08185668	-0.342414973
0	-1.908376037	-0.913083372
0	-2.428817966	-1.712022615
0	-2.428817966	-1.597913317
0	-1.596066398	-1.597913317
0	-2.151248938	-0.913065956
0	-2.012464423	-2.168599132
0	-2.671690867	-0.684812529
0	-2.151248938	0.913100788
0	-1.908376037	-1.255498344
0	-1.665458655	0.228270843
0	-1.630762526	-0.570685815
0	-3.157481149	0.570685815
0	-2.532906352	-2.054472419
0	-1.83898378	0.456541686
0	-2.706386995	-1.255480929
0	-1.769547041	-0.684829945
0	-2.428817966	-1.940328289
0	-1.804287652	-0.456541686
0	-2.498210224	1.027244918
0	-2.463514095	-2.510996689
0	-1.561370269	-1.369625058
0	-2.567602481	-0.684795113
0	-2.290033452	-1.141354215
0	-2.290033452	-1.027227501
0	-2.84517151	-1.597913317
0	-2.463514095	-0.798956659
0	-2.290033452	-1.597930733
0	-2.116552809	-1.71204003
0	-2.949259895	-1.141371631
0	-2.08185668	-1.141354215
0	-2.636994738	-1.141354215
0	-2.185945066	-1.25551576
0	-2.047160552	-1.82618416
0	-2.602298609	-0.798956659
0	-1.630762526	-1.141354215
0	-2.255337323	-1.027227501
0	-2.185945066	-0.913100788
0	-2.185945066	-1.141371631
0	-2.151248938	-0.228288259
0	-2.324729581	-1.597913317
0	-2.255337323	-1.02719267
0	-2.949259895	-0.342414973
0	-2.047160552	-0.456541686
0	-2.047160552	-2.168599132
0	-2.463514095	-0.570685815
0	-1.457281883	-0.684812529
0	-2.185945066	1.74E-05
0	-2.324729581	0.228270843
0	-2.116552809	-0.5706684
0	-2.602298609	-2.168616548
0	-2.047160552	-0.913100788
0	-2.012464423	-2.739284948
0	-2.394121838	-1.369625058
0	-2.394121838	-1.483751771
0	-2.290033452	-1.369659889
0	-2.047160552	-1.141371631
0	-2.914563767	-2.054455003
0	-1.908376037	1.141389047
0	-2.012464423	-0.913083372
0	-1.596066398	0.114144129
0	-2.255337323	0.228288259
0	-1.943072166	-1.369625058
0	-2.879867638	-0.684829945
0	-2.116552809	-0.913083372
0	-2.636994738	-1.369625058
0	-2.359425709	-1.826201576
0	-2.290033452	-0.114126714
0	-2.047160552	-2.282743262
0	-1.700154784	-0.913083372
0	-2.879867638	-1.369642474
0	-1.943072166	-2.396852559
0	-2.359425709	1.74E-05
0	-2.116552809	-0.228270843
0	-2.08185668	-2.853411662
0	-2.220641195	-0.114109297
0	-2.463514095	-1.483769188
0	-2.255337323	-1.141354215
0	-2.012464423	-0.913100788
0	-2.151248938	-0.114126714
0	-2.532906352	-2.396887391
0	-2.498210224	0.342432388
0	-2.949259895	-0.913100788
0	-2.567602481	-0.228253427
0	-2.498210224	-1.369625058
-0.01322197	-0.624574797	41.28107528
-0.004295394	0.034697463	82.74630604
-0.008621268	0.416371336	120.8842832
-0.03431032	1.665458655	144.255126
-0.024403812	1.353193498	144.5309144
-0.021421598	1.596066398	186.0859988
-0.05063744	2.394121838	226.0753168
-0.04993894	2.602298609	263.0131696
-0.07274052	3.608530821	291.8286092
-0.0541782	3.816707593	287.1224136
-0.0812419	4.822761875	330.3411248
-0.08316468	4.371890132	373.7466604
-0.08402066	4.12897275	394.155002
-0.08654796	4.163713361	391.2013972
-0.09782048	4.649281232	430.9149268
-0.11250168	4.475800589	467.016518
-0.11843004	4.094276621	506.6410836
-0.11174984	4.267801747	545.8920004
-0.13307568	4.996242518	545.3315272
-0.14512798	4.163713361	546.0699284
-0.15295372	4.233105618	582.4562044
-0.17411192	4.267801747	622.8191712
-0.1681353	4.059580493	651.5367504
-0.17406366	4.267801747	647.8447444
-0.16720058	5.100330904	683.6794436
-0.17663668	4.302497875	721.0799092
-0.18094198	4.683977361	742.5024404
-0.1774825	4.788065747	742.0398276
-0.20515072	5.343203804	787.9363552
-0.17812004	4.649281232	829.3135116
-0.18410428	4.337194004	828.4861464
-0.17947386	4.579888975	827.3740964
-0.17894808	5.065634775	867.2744504
-0.16006318	4.718673489	905.831448
-0.1831467	4.788065747	919.709832
-0.18262854	5.273811547	918.197444
-0.16949674	5.759557347	960.099488
-0.18397982	4.267801747	998.442972
-0.18164556	5.030938647	1009.385544
-0.15851886	5.169723161	1008.495904
-0.18979134	4.926850261	1047.99592
-0.16684244	4.649281232	1083.848412
-0.18782284	5.030938647	1121.569148
-0.17802606	5.100330904	1160.891236
-0.181102	4.718673489	1159.467812
-0.20192746	4.337194004	1157.42164
-0.17488154	4.510496718	1155.731324
-0.1763776	5.065634775	1156.887856
-0.15686024	4.788065747	1146.923888
-0.18562828	4.926850261	1149.059024
-0.17878298	5.308507676	1146.479068
-0.1895221	5.239115418	1148.436276
-0.1728343	5.724861219	1147.012852
-0.18788126	5.412596061	1147.279744
-0.1819529	6.00287507	1147.902492
-0.18281904	5.273811547	1148.97006
-0.19857974	5.135027033	1147.546636
-0.19741896	4.579888975	1148.08042
-0.1761617	5.968178941	1147.991456
-0.17431004	5.030938647	1146.212176
-0.19588734	5.481988319	1148.08042
-0.1827149	5.065634775	1148.169384
-0.19337528	5.586076704	1139.18402
-0.17193514	6.662101513	1139.361948
-0.16710406	7.7376815	1139.895732
-0.15871952	7.147847314	1140.340552
-0.16718534	7.4948086	1140.696408
-0.1371092	8.188731172	1136.95992
-0.03574542	12.97679692	1140.251588
0.07678928	20.26342875	1140.340552
0.09785096	23.42077645	1139.450912
0.13123672	24.63514095	1140.51848
0.20108418	26.23116287	1139.095056
0.22587966	28.97215702	1139.895732
0.2563876	30.56862376	1138.917128
0.30988	31.92177278	1139.539876
0.3121406	33.24022566	1138.917128
0.3532124	35.18320887	1138.205416
0.3918966	36.4322695	1140.07366
0.3731768	36.88331917	1142.29776
0.4058158	37.85481077	1139.095056
0.433451	38.79160624	1139.62884
0.4451858	39.72840171	1136.604064
0.4764532	41.15094298	1139.62884
0.4784852	41.84531038	1138.917128
0.490728	42.29636005	1138.027488
0.512953	43.54542068	1137.84956
0.5102352	42.88619424	1140.340552
0.5376926	43.75359745	1139.006092
0.5595112	45.03735421	1140.340552
0.5789168	45.52310001	1140.162624
0.5949188	46.04354194	1139.361948
0.5777992	45.69658065	1140.07366
0.6031738	46.25171871	1139.361948
0.6361176	45.97414968	1136.95992
0.6145784	47.04972967	1138.472308
0.6142736	47.91713288	1135.803388
0.600075	45.28022711	1133.40136
0.5796534	45.6271884	1134.913748
0.578358	45.07205034	1135.62546
0.5945632	45.83536517	1135.002712
0.593471	45.31492324	1136.781992
0.5965444	44.79448131	1131.17726
0.5608066	44.58630454	1133.223432
0.534416	41.11624686	1134.824784
0.4915916	37.78541851	1135.269604
0.4065778	35.21790499	1134.557892
0.36703	33.30961792	1133.134468
0.314833	30.42983925	1134.202036
0.2768854	26.75160479	1132.95654
0.22712426	24.73922934	1132.51172
0.10202418	20.19403649	1133.045504
0.07305548	16.75867494	1135.447532
0.019408648	13.98298465	1135.536496
-0.04900676	10.4092834	1134.468928
-0.09841738	5.759557347	1134.113072
-0.15803118	2.428817966	1133.312396
-0.21391626	6.18E-08	1133.490324
-0.2982468	-3.192177278	1134.379964
-0.3205226	-4.12897275	1133.668252
-0.3641344	-8.882653744	1132.95654
-0.4689348	-12.69922789	1132.95654
-0.5060442	-15.05856463	1135.091676
-0.5291328	-18.11226877	1133.668252
-0.5735574	-20.02055585	1133.757216
-0.678688	-24.63514095	1134.824784
-0.7228586	-26.61282028	1134.646856
-0.7345426	-27.68840027	1133.757216
-0.7513066	-29.4232067	1135.18064
-0.7917942	-29.49259895	1134.379964
-0.8028686	-30.15227022	1133.668252
-0.8269224	-31.26254633	1134.024108
-0.8147304	-31.71359601	1134.291
-0.84836	-32.16464568	1133.40136
-0.8188706	-29.49259895	1130.910368
-0.8258302	-29.49259895	1131.977936
-0.825627	-28.83337251	1130.198656
-0.8295894	-28.59049961	1130.109692
-0.82804	-28.694588	1130.109692
-0.8189976	-28.72928412	1123.971176
-0.8038084	-26.40464351	1123.704284
-0.8125714	-26.95978157	1122.903608
-0.8084312	-26.05768222	1122.102932
-0.8393176	-26.36994738	1124.593924
-0.8170164	-26.23116287	1124.327032
-0.8157718	-26.95978157	1125.661492
-0.827405	-26.54342802	1122.28086
-0.8168894	-26.36994738	1123.882212
-0.8309356	-26.30055512	1123.971176
-0.7981696	-26.30055512	1125.305636
-0.8246618	-27.34143898	1124.682888
-0.8192516	-27.13326221	1122.191896
-0.8071104	-26.78630092	1122.903608
-0.7988554	-26.61282028	1122.992572
-0.7919974	-26.33525125	1123.971176
-0.7970012	-26.75160479	1122.458788
-0.8074914	-27.06386995	1123.882212
-0.8096504	-26.78630092	1124.327032
-0.6867398	-20.95735132	1123.259464
-0.6922262	-18.94497586	1121.569148
-0.6336284	-16.37701752	1123.793248
-0.5987034	-14.36464206	1122.72568
-0.5519928	-11.69304016	1123.526356
-0.5013452	-7.876466014	1123.437392
-0.4062984	-4.44128239	1121.569148
-0.3592322	-1.491978012	1123.793248
-0.3382518	-0.520441929	1121.480184
-0.2847848	2.636994738	1122.458788
-0.23962614	7.147847314	1121.925004
-0.1228598	10.37458727	1121.658112
-0.10751058	13.5666311	1121.39122
-0.09417812	14.78099561	1122.28086
-0.07979664	15.75248721	1120.05676
-0.07209536	16.20353688	1122.458788
-0.04791202	16.41171365	1118.7223
-0.09316212	13.70541562	1120.145724
-0.09249664	13.53193498	1116.765092
-0.09636506	13.28906208	1118.811264
-0.05913882	13.74011175	1118.010588
-0.05900928	14.26055368	1118.900228
-0.05048758	14.36464206	1118.099552
-0.0556641	14.43403432	1117.743696
-0.02677922	15.57900656	1118.099552
-0.0321183	15.89127172	1117.743696
-0.019219418	15.89127172	1117.83266
-0.006034532	15.40552592	1116.4982
0.1282446	24.73922934	1117.38784
0.24099774	31.54011536	1118.099552
0.384302	37.646634	1117.654732
0.5843778	48.02122127	1117.209912
0.7244842	53.6077428	1119.078156
0.8234934	60.51227239	1118.811264
0.9573768	65.33547908	1120.234688
1.0904728	69.88067193	1120.679508
1.1931904	74.56464929	1118.27748
1.403858	80.98387791	1120.145724
1.5681198	86.60465074	1117.654732
1.6775176	90.69923874	1120.234688
1.8220944	95.59139287	1120.05676
2.00025	99.72023217	1122.28086
2.1072348	103.224986	1123.793248
2.2452584	107.006864	1124.682888
2.3655782	111.2744878	1124.149104
2.543302	114.9874184	1126.906988
2.718308	120.2265338	1124.94978
2.822956	121.7878596	1126.640096
3.02133	126.7498508	1127.084916
3.07213	128.2764805	1127.262844
3.227578	132.0236624	1130.020728
3.410712	136.3611233	1131.977936
3.461766	137.8530568	1131.711044
3.685032	143.2656529	1130.554512
3.75031	145.2086361	1131.977936
3.985514	150.101235	1132.333792
4.040886	152.7728369	1134.646856
4.168902	155.3056543	1134.468928
4.366768	159.5038859	1137.671632
4.480814	162.0024519	1137.315776
4.668012	166.5129487	1137.760596
4.738624	168.1436667	1142.119832
4.955032	172.9668734	1138.383344
5.078476	174.0077573	1142.74258
5.267706	178.8999114	1142.920508
5.360924	179.6285301	1141.85294
5.48767	182.577701	1146.390104
5.681472	185.1109632	1146.30114
5.765038	187.2274271	1148.258348
5.94106	189.4826754	1149.503844
6.054598	191.9461006	1151.372088
6.214618	194.6177025	1151.19416
6.27888	195.2769289	1154.485828
6.48843	198.0183679	1155.108576
6.58749	199.4756053	1156.709928
6.805422	202.2859917	1155.64236
6.862318	202.910522	1159.289884
7.005574	204.6800246	1158.845064
7.099046	205.9290852	1160.9802
7.256272	207.6643365	1162.670516
7.366254	209.3644468	1162.403624
7.451344	210.5788113	1165.784256
7.624572	212.38301	1164.805652
7.742682	213.0075403	1166.673896
7.69493	210.0930655	1164.449796
7.542276	205.4086433	1164.182904
7.679944	208.3929552	1166.407004
7.856474	212.6952751	1165.695292
7.952994	214.013728	1166.495968
8.126476	217.2751641	1167.474572
8.245094	218.073175	1171.122096
8.366252	220.4676527	1172.011736
8.469122	222.167763	1174.235836
8.626856	223.0698624	1174.502728
8.755888	225.5679836	1175.837188
8.861298	226.470083	1177.88336
9.007348	227.4415746	1178.32818
9.125204	228.9335081	1183.310164
9.264904	230.3907455	1182.77638
9.427718	232.0913006	1181.797776
9.567164	232.7852232	1184.377732
9.688576	233.3750574	1185.534264
9.746996	233.7567148	1182.242596
9.75614	230.0090881	1185.356336
9.729724	229.6621268	1185.623228
9.697974	229.2804694	1182.865344
9.224264	215.8526228	1172.723448
8.248142	193.8890838	1170.944168
8.237982	194.2013489	1173.43516
8.238998	194.2013489	1170.76624
8.156448	192.1889735	1170.76624
8.038338	189.7602445	1167.20768
7.838186	185.4232284	1166.407004
7.403592	177.2344972	1166.051148
7.231126	174.0077573	1166.495968
7.076948	170.9540531	1163.2043
6.883654	167.2762635	1163.471192
6.712458	163.9454351	1162.403624
6.664198	163.2862087	1160.713308
6.46049	159.7818997	1160.53538
6.320536	156.4506265	1157.955424
6.20141	154.1953782	1155.731324
6.009894	150.7257653	1157.332676
5.842254	146.7005696	1154.75272
5.760466	145.3474206	1152.350692
5.506974	140.9063161	1152.172764
5.401818	139.79604	1152.0838
5.237734	135.5626675	1148.792132
5.119116	134.1401262	1148.347312
5.00126	130.9827785	1148.258348
4.823206	128.2070882	1145.144608
4.642866	124.5986908	1145.945284
4.574032	122.1001248	1143.721184
4.346956	118.11007	1140.874336
4.276598	116.236479	1140.696408
4.092702	112.4888523	1139.272984
3.96113	109.6090736	1139.717804
3.771392	105.3067537	1138.7392
3.637534	102.7045441	1138.29438
3.419094	97.22211091	1137.938524
3.338068	95.34851997	1135.714424
3.150362	90.52575809	1137.582668
3.050794	88.1312804	1132.422756
2.922016	84.62697141	1133.045504
2.716784	79.21437535	1132.333792
2.57302	75.29326799	1131.444152
2.3924514	70.36641773	1129.753836
2.276348	67.34785454	1130.821404
2.0984718	60.96332206	1127.885592
2.0071334	58.56928919	1128.686268
1.8232628	52.1847567	1129.575908
1.6833342	47.01503354	1129.309016
1.4955266	40.63050106	1127.6187
1.3548868	35.87713144	1127.084916
1.183259	28.72928412	1126.373204
1.001903	23.55956096	1126.28424
0.871093	16.09944849	1126.906988
0.6991604	10.8950292	1126.28424
0.5194046	3.261569535	1125.750456
0.4578858	0.555138058	1123.971176
0.2817876	-5.933482813	1123.971176
0.1447292	-12.90740466	1126.906988
0.014136878	-18.04287652	1125.661492
-0.13575792	-24.94740611	1125.483564
-0.22264878	-29.90939732	1124.771852
-0.3666744	-36.46696562	1125.661492
-0.5418074	-42.46984069	1125.928384
-0.6291072	-46.8415529	1124.50496
-0.7968996	-54.5792344	1126.195276
-0.9028684	-60.61636077	1124.149104
-1.0903712	-68.11116937	1125.038744
-1.2152122	-71.96243965	1125.305636
-1.2890754	-76.05658282	1125.305636
-1.4542516	-81.33083919	1125.750456
-1.550797	-85.91072817	1125.750456
-1.6394176	-89.65835488	1128.241448
-1.7724628	-95.66078512	1125.216672
-1.8925286	-98.47117154	1127.885592
-2.036445	-103.5719473	1127.796628
-2.1817838	-107.9436595	1127.17388
-2.2820884	-111.0316149	1127.262844
-2.4652732	-116.6528326	1128.330412
-2.5292304	-119.3244345	1130.643476
-2.696972	-123.5573622	1129.753836
-2.84353	-127.8254308	1130.643476
-2.947162	-130.566425	1132.51172
-3.154426	-134.7299604	1130.910368
-3.260344	-136.7427807	1133.84618
-3.42011	-139.6572555	1134.468928
-3.59156	-142.6411225	1134.291
-3.649218	-144.931067	1136.07028
-3.836416	-149.3379202	1137.315776
-3.973322	-151.5237763	1136.95992
-4.04114	-152.6687485	1139.450912
-4.220464	-156.5200188	1138.917128
-4.32943	-158.1507368	1139.272984
-4.513326	-161.1697449	1141.763976
-4.61391	-162.6616784	1143.276364
-4.72186	-164.6046616	1142.74258
-4.891532	-167.3456557	1143.454292
-4.984496	-168.6294125	1146.212176
-5.158994	-171.7178128	1145.322536
-5.257546	-173.5220115	1145.589428
-5.35051	-175.291514	1148.792132
-5.531104	-178.3794695	1150.571412
-5.621274	-179.6632262	1149.770736
-5.78485	-181.4327288	1150.126592
-5.890514	-183.4451042	1152.52862
-6.008116	-185.1456594	1152.172764
-6.201664	-187.9213496	1154.396864
-6.266942	-188.8928412	1156.709928
-6.47573	-190.8358244	1157.688532
-6.594348	-193.1951612	1158.31128
-6.744208	-195.1381444	1157.510604
-6.881368	-196.6305227	1161.069164
-6.995668	-198.6082021	1162.31466
-7.083552	-200.0307434	1160.9802
-7.21868	-200.7940582	1165.784256
-7.372604	-203.6738369	1164.271868
-7.474204	-204.8535052	1166.31804
-7.68223	-206.6924	1168.09732
-7.716774	-208.0459939	1169.075924
-7.910576	-210.3706345	1169.075924
-7.991348	-211.9666564	1171.388988
-8.207756	-213.4238938	1171.566916
-8.279384	-213.8402474	1172.54552
-8.459216	-215.9567112	1174.680656
-8.51027	-217.1710757	1176.726828
-8.70204	-218.7670976	1177.082684
-8.807196	-219.9819069	1179.751604
-8.941816	-221.5432327	1179.929532
-9.012174	-222.7229011	1179.573676
-9.190228	-224.3536191	1180.819172
-9.267444	-225.394503	1184.466696
-9.388348	-226.9558288	1182.33156
-9.451594	-227.6150552	1184.55566
-9.642602	-229.5927346	1181.530884
-9.722866	-230.1825687	1184.733588
-9.81456	-231.2932897	1187.402508
-9.974834	-233.6873226	1187.580436
-10.065258	-234.0342838	1191.138996
-10.25271	-235.7343941	1191.850708
-10.391648	-236.8793664	1192.384492
-10.489438	-237.3304161	1193.45206
-10.585958	-238.4753883	1194.697556
-10.71753	-239.7591451	1195.498232
-10.865866	-240.8694212	1196.654764
-10.957052	-240.8000289	1198.167152
-11.056366	-241.1816863	1200.391252
-11.143742	-241.9796973	1199.590576
-11.237468	-241.7368244	1200.213324
-11.08583	-235.2486483	1200.658144
-11.079988	-234.624118	1193.185168
-10.492994	-221.1962714	1185.979084
-9.869424	-207.7684248	1180.908136
-9.214866	-194.4095257	1176.370972
-8.86206	-188.025438	1176.5489
-8.85825	-187.9213496	1174.858584
-8.858504	-188.7193606	1173.346196
-8.757158	-185.7007974	1172.723448
-8.61187	-183.7578142	1169.787636
-8.501126	-180.8428946	1171.388988
-8.331962	-178.3100772	1169.965564
-8.209534	-175.6384753	1166.495968
-8.067802	-173.140354	1166.584932
-7.868666	-170.3295228	1166.495968
-7.70636	-166.8946061	1162.937408
-7.512304	-162.5922861	1163.738084
-7.333488	-159.5038859	1162.047768
-7.274814	-158.185433	1160.53538
-7.091934	-155.236262	1158.044388
-6.92277	-151.6278647	1157.065784
-6.7945	-150.0665389	1156.532
-6.623558	-146.5617851	1153.596188
-6.410198	-142.3635535	1151.905872
-6.324346	-141.0104045	1150.215556
-6.157214	-137.4020071	1151.461052
-6.066282	-135.8055404	1149.059024
-5.89026	-132.7869772	1146.656996
-5.812536	-130.9133862	1145.85632
-5.6134	-127.2355966	1147.19078
-5.535168	-125.3967018	1144.432896
-5.306822	-120.8857603	1142.564652
-5.22859	-118.9774732	1141.052264
-5.027168	-114.7098494	1141.763976
-4.94919	-112.4892971	1137.315776
-4.687062	-108.8804549	1139.361948
-4.601718	-106.9374717	1133.312396
-4.386834	-101.2820028	1135.536496
-4.285996	-99.30387863	1133.312396
-4.063492	-93.99537095	1132.244828
-3.959352	-91.18498454	1132.422756
-3.717798	-84.83514818	1130.376584
-3.683	-82.85746885	1130.020728
-3.407664	-76.68111314	1126.995952
-3.330702	-73.87072672	1127.885592
-3.067812	-66.82741261	1125.572528
-2.964434	-63.87779686	1124.415996
-2.73177	-55.93238341	1124.149104
-2.598674	-53.33017377	1122.28086
-2.3640288	-44.51691228	1122.814644
-2.2761448	-42.19227167	1122.191896
-2.0136358	-33.34431405	1122.369824
-1.9532854	-29.45790282	1119.789868
-1.702689	-21.02674358	1120.50158
-1.607312	-17.86939587	1121.747076
-1.3757656	-7.390720214	1119.256084
-1.239901	-5.100330904	1121.747076
-1.110488	0.728663183	1119.61194
-1.029589	4.094276621	1119.078156
-0.9022842	9.264311158	1117.120948
-0.820801	13.15027756	1118.989192
-0.69977	17.45259751	1119.878832
-0.5298186	22.83094226	1117.476804
-0.4245864	26.43933964	1118.544372
-0.334518	29.35381444	1118.633336
-0.16610584	34.80155145	1117.565768
-0.0382524	39.38144043	1117.298876
0.08323072	44.51691228	1118.27748
0.2880868	50.51934253	1119.345048
0.4117594	55.44663761	1117.38784
0.611378	61.34497947	1118.010588
0.7313422	65.7171365	1118.188516
0.9406382	69.95006419	1119.789868
1.0194036	72.82984286	1117.38784
1.2341098	78.5551489	1121.302256
1.334262	81.05327016	1120.234688
1.4981428	84.28001012	1119.522976
1.6325596	87.1597888	1117.921624
1.3368782	73.76663833	1120.412616
1.2742672	72.10122416	1117.921624
1.1161776	65.75183263	1118.633336
1.207262	70.22763322	1117.031984
1.3041122	73.87072672	1118.188516
1.4251178	77.47956892	1119.345048
1.4875002	78.83271793	1117.654732
1.4818868	79.21437535	1119.789868
1.4915642	79.56133663	1118.010588
1.4941804	79.24907148	1119.256084
1.4998192	79.66542502	1119.078156
1.5016988	80.08177856	1118.7223
1.4983714	79.97769018	1119.789868
1.5165832	80.15117082	1116.320272
1.4044422	76.05658282	1115.786488
1.3329666	72.72575448	1118.010588
1.2171172	67.59072744	1119.078156
1.1438382	64.77989621	1116.765092
1.0949686	63.21857042	1118.27748
1.0218928	59.99183046	1117.298876
1.0019538	59.95713433	1117.921624
0.9393174	57.38962081	1117.921624
0.9186926	56.45282534	1119.078156
0.9189212	56.00177567	1116.765092
0.8858758	54.44044988	1117.83266
0.8365998	52.94807153	1118.099552
0.7790688	51.6990109	1118.544372
0.6902704	49.16619351	1116.05338
0.6776974	47.53547547	1116.765092
0.6209792	44.62100067	1115.16374
0.519811	42.29636005	1114.896848
0.4838954	40.45702041	1118.366444
0.4890262	40.49171654	1115.252704
0.478155	41.53304522	1117.209912
0.4672076	41.70652586	1116.320272
0.4820666	41.32442363	1115.875452
0.4838192	41.15094298	1116.409236
0.49403	41.35911976	1117.120948
0.8201406	56.69569824	1117.209912
1.2680696	73.38498092	1120.9464
1.8069306	89.65835488	1122.547752
2.3695152	103.5372511	1125.572528
3.194304	121.3368099	1133.312396
4.014216	136.6386923	1139.361948
4.834382	151.1421189	1144.610824
5.653024	165.6455454	1152.0838
6.505956	179.0039998	1158.934028
7.31647	193.1604651	1162.670516
8.109712	206.6924	1174.76962
9.212326	223.1739508	1185.534264
10.276078	236.8099741	1200.836072
11.670538	247.5662188	1215.159276
13.002768	256.9346184	1230.461084
14.377924	263.9779325	1247.7201
15.6845	269.3909734	1264.890152
17.108678	274.7341772	1276.989256
18.453354	278.8634613	1293.180704
19.784568	282.7841238	1309.728008
21.13534	287.0864438	1321.293328
22.420072	290.0360595	1335.883424
23.693882	292.6382692	1349.58388
25.020778	293.3668879	1361.59402
26.37536	293.1587111	1368.978032
27.44978	292.3607001	1384.012948
28.77566	292.0137388	1397.17962
30.34538	291.4239047	1409.990436
31.84144	290.5218053	1419.86544
33.30448	289.6886534	1424.224676
33.78962	287.8497586	1431.074904
35.25012	284.1372728	1436.7686
36.20262	282.7841238	1446.287748
37.60216	281.4309748	1448.511848
38.29558	280.147218	1455.540004
39.61638	280.1819142	1461.2337
40.15994	277.7874365	1457.764104
40.22598	274.4566081	1459.098564
40.21836	272.7564978	1410.96904
40.10406	264.8106396	1374.315872
40.12692	261.3757228	1326.809096
40.11168	255.1998119	1290.244892
40.13454	252.4930691	1246.563568
40.15486	247.2539537	1198.611972
40.16502	241.7368244	1158.667136
40.13454	237.7120735	1149.059024
40.0939	235.0404716	1150.215556
40.08628	234.7975987	1146.74596
40.05834	234.3812451	1146.923888
40.0304	234.06898	1151.016232
40.91432	243.6108602	1161.86984
42.31894	247.8090917	1171.122096
43.26128	249.6479865	1181.619848
44.5516	251.5215775	1188.736968
45.25264	252.1461078	1202.259496
46.69028	252.458373	1212.846212
48.21682	253.8809142	1219.25162
48.81372	253.4645607	1230.639012
50.2793	254.4707484	1240.069196
51.72202	254.67937	1248.698704
53.086	254.6095329	1258.217852
54.38394	254.5405855	1263.822584
55.86222	253.9850026	1263.2888
56.5785	250.1337323	1262.84398
56.5912	248.6417988	1264.356368
56.57088	247.7050033	1264.712224
56.55818	247.4274343	1248.787668
56.06034	234.06898	1240.869872
55.20182	220.4329566	1239.71334
55.07228	219.3226805	1238.645772
55.08498	219.7737302	1237.133384
55.07228	220.0512992	1228.14802
54.07914	206.2760465	1218.450944
52.86502	191.7032277	1206.885624
51.52898	177.5467624	1195.409268
50.14468	163.910739	1184.199804
48.7934	150.378804	1170.588312
47.38624	137.4020071	1164.182904
46.10862	126.5069779	1148.08042
44.58716	114.9527223	1135.447532
43.14444	103.6760357	1124.327032
41.89222	94.6545974	1114.629956
40.5892	86.04951268	1102.975672
39.32682	79.38785599	1101.81914
39.4335	82.57989982	1104.04324
39.46652	83.93304884	1103.687384
39.497	84.52288302	1105.110808
39.53256	86.15360107	1106.71216
39.52748	86.29238558	1095.413732
38.13556	72.2747048	1081.980168
36.61664	63.63492396	1067.745928
35.26028	57.04265953	1054.935112
33.86582	50.41525414	1043.814612
32.43326	44.169951	1031.715508
30.9626	38.6181256	1020.061224
29.5021	32.65039148	1005.915948
27.98064	26.61282028	992.482384
26.40838	21.7900584	982.073596
25.141174	17.34850912	969.885528
23.837646	12.45635499	960.544308
22.496272	8.327515686	948.445204
21.139404	3.88609985	938.748128
19.848068	0.208185668	928.78416
18.562066	-4.371890132	918.019516
17.1069	-9.576576315	905.742484
15.717774	-13.70541562	896.490228
14.351762	-19.1184565	885.280764
12.863576	-24.60044482	876.2242288
11.464544	-30.29105473	864.0361608
9.996932	-36.50166175	854.4369452
8.581898	-43.47602842	847.2308612
7.123938	-52.35823734	840.48739
5.611622	-60.8939298	835.9591224
4.165854	-72.24000868	831.2529268
2.692908	-83.58608755	831.902364
1.3470636	-95.3832161	827.4630604
1.2235942	-86.95161202	828.8508988
1.2102846	-87.09039654	829.3135116
1.614678	-73.48906931	867.3634144
1.7035526	-72.65636222	908.055548
1.7045686	-73.17680415	946.843852
1.7144492	-74.87691445	990.792068
1.7323308	-75.81370992	1031.003796
1.730248	-75.70962154	1067.834892
1.7589246	-75.98719056	1108.847296
1.72212	-76.85459378	1147.19078
1.7483582	-76.09127895	1137.84956
1.7737328	-73.31558866	1137.84956
1.7715738	-73.87072672	1136.604064
1.3815822	-87.26387718	1138.383344
0.6615684	-104.0923892	1137.760596
-0.20472908	-117.589628	1141.052264
-1.3501624	-134.2789107	1145.945284
-2.522347	-148.5399092	1152.439656
-3.95351	-164.3270926	1163.471192
-5.37083	-178.8652153	1173.346196
-6.824726	-192.1542773	1185.712192
-8.257794	-204.4371517	1200.391252
-9.7155	-216.6506338	1215.69306
-11.12139	-226.9558288	1228.859732
-12.5222	-237.3304161	1243.983612
-13.9319	-246.3518543	1259.107492
-15.268194	-254.089091	1275.476868
-16.690848	-259.9184854	1291.75728
-17.999964	-265.469866	1304.746024
-19.359372	-269.9461114	1321.293328
-20.729448	-273.0340669	1334.993784
-22.060154	-274.9076578	1352.608656
-23.43023	-277.7527403	1367.37668
-24.778208	-279.6961684	1380.454388
-26.0858	-281.5350632	1396.112052
-27.39898	-283.8597038	1408.478048
-28.67406	-285.0740683	1423.957784
-29.94406	-286.2537367	1434.5445
-31.19374	-287.0517476	1449.757344
-32.64662	-287.1211399	1456.073788
-33.85312	-285.802687	1464.169512
-35.2552	-283.4433503	1468.79564
-36.67252	-279.3492071	1470.219064
-38.00094	-272.1666636	1464.525368
-38.28542	-258.6347287	1451.536624
-37.75202	-245.2068821	1399.047864
-37.60978	-238.2325154	1358.747172
-37.6428	-235.5609135	1310.795576
-37.6301	-231.3279858	1273.07484
-37.64534	-228.7600275	1236.421672
-37.65804	-226.0190333	1196.654764
-37.64534	-221.6473211	1152.795512
-37.63264	-217.8303021	1126.640096
-37.6047	-215.0546119	1125.572528
-37.60724	-215.0546119	1130.198656
-38.67658	-226.9558288	1139.095056
-39.97706	-231.8484277	1151.816908
-41.39438	-234.2424606	1162.492588
-42.74566	-236.1854438	1173.43516
-44.03344	-237.4345044	1181.975704
-44.94784	-237.7467696	1193.718952
-46.40834	-238.1631231	1201.369856
-47.3583	-237.8855541	1208.931796
-48.60798	-238.0243386	1219.073692
-49.92624	-236.5324051	1221.119864
-50.8635	-235.9425709	1226.635632
-51.83378	-235.3874329	1229.48248
-52.46878	-234.0342838	1229.749372
-53.8607	-229.9049997	1226.902524
-54.14772	-227.0599172	1223.166036
-54.6989	-224.8046688	1224.945316
-55.2069	-223.9719617	1223.877748
-55.73522	-223.1739508	1227.436308
-56.02732	-221.8554979	1226.279776
-56.32196	-221.2656637	1226.457704
-56.39562	-220.2941721	1225.03428
-56.38292	-219.2532882	1225.03428
-56.38292	-218.4201363	1209.554544
-55.45074	-199.0939479	1211.422788
-55.47614	-199.406213	1209.9104
-55.51424	-200.7246659	1202.615352
-54.4449	-186.7069851	1193.185168
-53.14188	-172.2729508	1180.819172
-51.78298	-158.2548252	1168.720068
-50.47996	-146.804658	1156.08718
-49.15916	-135.2504023	1147.012852
-47.86376	-123.6614505	1137.40474
-46.64456	-113.9812307	1126.106312
-45.339	-103.8495163	1113.918244
-43.90644	-94.4117245	1102.530852
-42.6466	-86.29238558	1094.613056
-41.68902	-80.46343598	1079.933996
-40.33266	-72.0318319	1070.23692
-39.14902	-65.68244037	1059.294348
-37.846	-59.40199627	1051.198624
-36.59378	-53.3648699	1040.43398
-35.25266	-47.5701716	1027.712128
-33.88106	-41.81061425	1014.901312
-32.48152	-36.46696562	1001.823604
-31.03626	-31.67889988	990.969996
-29.58084	-26.47403577	976.3799
-28.11272	-21.99823518	967.750392
-26.83002	-18.8755836	957.519532
-25.51938	-14.74629948	943.0184
-24.19985	-11.20729436	934.655784
-22.835362	-8.4663002	923.357356
-21.487892	-4.302497875	913.838208
-20.151852	-1.387889626	903.073564
-18.79346	1.977768295	893.19856
-17.38376	5.308507676	881.1261452
-16.016224	8.882653744	870.9664564
-14.62532	12.21348209	860.1573304
-13.222224	16.09944849	848.894488
-11.81862	20.29812487	840.2116016
-10.37717	24.39226805	830.6034896
-8.925306	29.24972605	821.8316392
-7.474712	34.90563984	812.7840004
-5.990336	40.87337396	806.8767908
-4.524756	46.87624903	802.2506628
-3.046984	53.57304667	799.208094
-1.6277082	60.47757626	796.89503
-0.19415506	67.69481583	797.5444672
0.5084064	63.91249299	837.6227492
0.11568938	56.59160986	876.873666
0.1037717	57.2508363	918.909156
0.09117584	58.15293564	954.58372
0.09240774	59.05503499	991.770672
0.08173974	59.74895756	1027.5342
0.07491222	59.57547692	1067.656964
0.05452364	58.77746596	1106.178376
0.05096002	59.47138853	1145.144608
0.02568702	59.6795653	1163.827048
0.03916426	59.29790789	1164.627724
0.0508	59.02033886	1160.001596
-0.017030446	57.0079634	1159.022992
0.01293495	57.35492469	1159.111956
0.6452362	71.47669385	1161.513984
1.7616932	86.53525848	1161.42502
2.919476	98.12421026	1166.229076
4.388612	110.0601233	1170.944168
5.87121	119.1509538	1177.972324
7.313168	127.8948231	1187.758364
8.807196	135.3891868	1196.032016
10.266172	142.6064264	1205.551164
11.745976	149.2685279	1215.159276
13.16609	155.6873117	1225.834956
14.599158	161.8289713	1235.887888
15.99057	166.9639983	1245.851856
17.449038	173.5220115	1255.815824
18.816066	177.8937237	1266.936324
20.197064	183.2369275	1276.900292
21.546312	187.5396922	1286.953224
22.855936	191.8420122	1300.297824
24.218646	195.7631195	1308.21562
25.55748	198.9551634	1319.603012
26.88336	202.5635607	1333.214504
28.18384	206.3801349	1338.730272
29.45892	209.2950545	1352.430728
30.75432	212.2442254	1364.085012
32.24276	215.9567112	1376.006188
33.67786	218.2119596	1386.681868
35.13074	221.3697521	1398.603044
36.52774	223.7984811	1409.63458
37.9222	225.8455527	1420.31026
39.2557	227.5109668	1428.050128
40.62222	228.621243	1424.224676
40.6019	218.593617	1386.94876
40.5638	216.0261035	1343.445364
40.5384	212.3136177	1305.10188
40.6019	209.5032313	1252.079336
40.61714	204.8188091	1216.493736
40.62984	202.2859917	1165.695292
40.64	196.5958266	1157.510604
40.60444	194.9993599	1158.31128
40.59174	195.2075367	1148.258348
40.60444	193.8196915	1155.731324
41.72204	203.2574833	1166.673896
43.10888	206.3801349	1176.99372
44.39158	209.2603584	1187.135616
45.85208	211.5503029	1198.878864
47.2948	213.8402474	1208.842832
48.60544	215.089308	1217.294412
50.00498	215.4709654	1226.724596
51.39182	216.8241144	1231.172796
52.77104	216.6853299	1238.8237
54.16296	216.9628989	1243.360864
55.5625	217.1363796	1249.05456
56.90362	216.5465454	1245.229108
57.10936	212.660579	1245.584964
57.10174	212.0707448	1234.82032
56.51754	198.6428982	1231.26176
56.1086	194.0278683	1228.503876
56.10098	193.5074264	1226.190812
56.01462	191.4603548	1226.635632
55.75808	189.2398025	1223.788784
55.53456	186.117151	1222.81018
55.26024	183.5843336	1219.162656
54.83352	179.073392	1213.46896
54.38648	174.6669837	1209.554544
53.69052	167.7273132	1200.56918
52.34686	155.2015659	1190.249356
50.81778	140.9063161	1178.595072
49.32426	128.1029998	1169.43178
47.95012	117.9018932	1157.955424
46.51502	106.4170298	1149.592808
45.45838	99.13039798	1140.9633
44.0309	89.38078585	1134.646856
43.48226	86.15360107	1126.195276
42.23258	77.5836573	1116.4982
40.85082	69.88067193	1109.025224
39.62654	64.01658138	1144.96668
39.0779	66.96619713	1142.208796
39.06774	67.52133519	1145.500464
39.08552	68.24995389	1141.497084
39.08298	68.1458655	1143.365328
39.01694	66.61923584	1135.62546
37.6936	57.52840533	1126.462168
36.34994	50.51934253	1115.60856
34.96818	44.62100067	1107.15698
33.53054	38.93039075	1096.392336
32.08528	33.24022566	1084.382196
30.61716	28.86806864	1073.706516
29.12872	24.01061063	1063.831512
27.813	20.54099777	1053.422724
26.52014	17.10563622	1042.21326
24.943308	12.73392402	1034.740284
23.599394	9.368399544	1024.687352
22.227794	6.627405385	1013.477888
20.864576	4.614585104	1005.204236
19.557492	2.116552809	997.375404
18.13687	-0.346974631	988.83486
16.730218	-3.157481149	979.93846
15.332456	-6.696797642	968.640032
13.88745	-10.1664105	959.654668
12.503658	-13.11558143	952.982368
11.029188	-17.52198976	941.594976
9.57707	-22.10232356	936.701956
8.077708	-27.34143898	933.944072
6.604762	-32.85856825	928.161412
5.137658	-39.90188236	923.535284
3.637534	-47.22321031	921.22222
2.1597366	-55.13437245	919.88776
0.6659626	-62.17768656	918.019516
-0.0408432	-58.29172016	918.5533
-0.04884674	-58.63868144	923.179428
-1.594358	-71.37260546	927.983484
-3.114294	-77.44487279	932.164792
-4.571238	-82.57989982	936.435064
-6.056122	-87.8884075	945.509392
-7.505192	-92.85039871	954.761648
-8.99033	-98.08951413	961.967732
-10.468102	-102.149406	970.330348
-11.937492	-107.006864	979.04882
-13.363956	-111.0316149	987.856256
-14.79677	-115.4384681	996.574728
-16.286734	-120.018357	1006.18284
-17.646904	-124.3558179	1015.168204
-19.030696	-127.6519502	1025.843884
-20.413218	-132.4400159	1033.227896
-21.764498	-135.979021	1044.971144
-23.124922	-140.2470897	1054.312364
-24.467058	-143.9595754	1063.1198
-25.8064	-146.8740502	1075.663724
-27.37612	-151.454384	1085.627692
-28.66898	-155.2709582	1095.680624
-29.96946	-158.5323943	1103.776348
-31.21406	-160.9962642	1115.252704
-32.71774	-164.8822306	1124.06014
-33.90392	-167.6579209	1132.778612
-35.06724	-170.0866499	1142.653616
-36.4363	-173.2444424	1150.393484
-37.78758	-175.569083	1159.912632
-39.12108	-177.7549391	1159.111956
-39.38524	-167.3109596	1158.667136
-39.31158	-165.7149377	1156.97682
-39.25824	-165.7496338	1166.051148
-40.69842	-178.6917346	1176.726828
-42.10558	-182.1613475	1184.199804
-43.2689	-184.24356	1197.90026
-44.74464	-186.6375929	1207.775264
-46.23816	-188.54588	1213.46896
-47.5996	-190.0725096	1223.343964
-48.83658	-191.3215702	1231.528652
-50.22342	-192.605327	1239.357484
-51.54676	-193.4727302	1247.453208
-52.92344	-194.2360451	1253.591724
-54.29758	-194.7217909	1258.929564
-55.62346	-194.2707412	1259.73024
-56.91886	-190.9052167	1259.463348
-57.24652	-187.6090845	1256.794428
-57.22112	-187.747869	1256.082716
-57.23636	-187.0192503	1256.527536
-57.22874	-185.9783664	1258.39578
-57.2008	-185.9436703	1244.250504
-56.86806	-174.3894147	1233.663788
-55.13324	-154.0565937	1222.009504
-53.76926	-142.7105148	1214.180672
-52.47386	-131.2950437	1206.440804
-51.03876	-120.4347106	1196.832692
-49.8602	-111.5520568	1189.359716
-48.3997	-101.7677486	1180.285388
-46.9773	-93.12796774	1168.631104
-45.6311	-84.83514818	1161.247092
-44.196	-76.99382312	1150.660376
-42.87266	-70.74807515	1141.675012
-41.53662	-64.60641556	1133.045504
-40.14724	-58.39580854	1123.437392
-38.65626	-52.94807153	1114.363064
-37.39388	-48.81923223	1104.754952
-35.8267	-43.54542068	1097.37094
-34.65322	-41.08155073	1086.25044
-33.02762	-36.64044627	1078.24368
-31.83636	-33.24022566	1069.169352
-30.353	-29.84000506	1059.472276
-29.13634	-26.99447769	1050.931732
-27.84348	-24.94740611	1043.280828
-26.55824	-22.24110808	1033.850644
-25.203912	-19.6042023	1025.3101
-23.862792	-18.28574942	1017.74816
-22.486874	-15.61370269	1007.5173
-21.11502	-13.01149305	998.976756
-19.759422	-11.97060919	990.703104
-18.356072	-9.645968573	982.60738
-16.950436	-7.321327957	972.465484
-15.547086	-5.135027033	965.081472
-14.20495	-2.84517151	957.69746
-12.730734	-0.346974631	948.178312
-11.325352	2.290033452	942.484616
-9.891014	5.44729219	932.78754
-8.439912	9.160222772	928.161412
-6.960616	13.70541562	923.624248
-5.501386	18.32044554	917.841588
-4.021074	24.28817966	913.571316
-2.588006	29.90939732	912.948568
-1.1241278	36.15470047	911.881
0.15492984	39.55492107	911.169288
0.05570728	36.98740755	911.703072
0.07669276	37.4037611	912.77064
0.06555486	36.32818111	950.669304
-0.21357844	32.47691084	988.479004
-0.22729444	33.44840244	1025.221136
-0.22617684	33.55249082	1067.834892
-0.2551176	33.79536372	1106.000448
-0.24269446	34.66276694	1142.386724
-0.21332698	34.83624758	1153.062404
-0.23969472	34.48928629	1154.218936
-0.23058882	34.07293275	1154.841684
-0.2811526	33.51779469	1154.041008
-0.24859488	33.34431405	1152.795512
0.8046974	46.28641484	1156.443036
2.2201124	57.2508363	1160.357452
3.707638	64.32884653	1160.268488
5.209032	71.61547836	1169.8766
6.679692	78.48575665	1179.128856
8.167624	84.17592174	1185.356336
9.704578	89.31139359	1191.67278
11.163808	95.10564707	1200.12436
12.586462	99.78962443	1209.376616
14.042898	104.7516156	1214.625492
15.438882	109.3315046	1223.166036
16.90243	114.1200152	1233.04104
18.30705	118.5264235	1241.93744
19.685254	123.3838815	1251.545552
21.08454	128.3111766	1259.552312
22.428962	132.5788004	1268.270784
23.753572	136.5693	1278.41268
25.371552	140.9757084	1287.30908
26.69286	144.7228903	1297.53994
27.99588	149.7889699	1306.525304
29.55798	153.1891905	1315.33274
30.86354	156.9363723	1324.496032
32.34182	160.8574797	1335.34964
33.79724	164.8822306	1345.936356
35.44062	169.4968157	1354.298972
36.83	172.5505199	1363.551228
38.24732	175.6037792	1369.333888
39.5732	178.3447733	1373.871052
40.65524	174.4935031	1335.79446
40.49522	168.8722854	1296.6503
40.51554	165.4026725	1259.997132
40.53586	163.2515126	1220.230224
40.56126	161.1697449	1181.352956
40.6019	158.0466485	1141.85294
40.61968	155.0627814	1132.95654
40.5511	152.529964	1133.223432
40.5384	152.4258756	1131.266224
40.37584	150.4828924	1131.17726
40.36314	150.3094118	1131.088296
40.37076	149.823666	1141.40812
41.74744	162.1412365	1147.012852
43.13428	166.9639983	1155.464432
44.42968	170.7458763	1163.382228
45.6819	173.140354	1174.413764
47.11446	175.6731714	1181.88674
48.4505	178.3447733	1191.316924
49.97958	181.4327288	1199.946432
51.3842	183.2716236	1204.928416
52.78374	184.5905213	1209.643508
54.26202	185.7007974	1213.202068
55.6768	185.2844439	1215.959952
57.0484	184.2088639	1208.931796
57.07888	180.3571488	1209.643508
57.07634	179.7673146	1210.711076
57.09666	179.0039998	1194.964448
56.49976	165.6108493	1194.875484
56.47182	165.4373687	1194.163772
56.45912	165.0557113	1186.868724
55.18658	152.0789143	1176.637864
53.75656	138.8245484	1168.897996
52.36718	127.4437734	1164.271868
51.04638	117.312059	1153.41826
49.53254	106.4864221	1144.610824
48.33112	97.70785671	1135.892352
46.87824	88.47824168	1131.711044
45.48632	80.18586695	1122.013968
44.22648	72.69105835	1114.629956
42.94124	66.89680487	1104.48806
41.62044	60.92862593	1100.217788
40.31996	56.07116793	1099.239184
40.33266	57.979455	1139.18402
40.3352	60.68575303	1159.823668
40.34536	62.28177495	1158.578172
40.31742	62.17768656	1154.041008
39.11854	55.96707954	1147.012852
37.58184	49.92950834	1138.116452
36.18738	46.18232645	1131.355188
34.79038	42.57392908	1119.967796
33.08858	38.40994883	1112.227928
31.87192	35.91182757	1103.1536
30.36062	32.58099922	1095.502696
29.11348	30.0134857	1089.36418
27.8003	27.89657704	1079.13332
26.22804	25.53724029	1073.884444
24.91232	22.93503065	1060.806736
23.255986	19.67359456	1053.244796
21.8821	17.27911686	1044.704252
20.492466	15.75248721	1037.676096
18.851118	13.53193498	1031.715508
17.461738	10.75624469	1023.174964
16.075152	8.813261486	1017.659196
14.632686	6.106963456	1010.097256
13.20038	3.122785021	1003.869776
11.780266	-8.67E-07	997.998152
10.351516	-4.233105618	993.105132
8.878824	-7.945858271	989.190716
7.447026	-13.53193498	982.874272
5.977128	-19.74298682	982.251524
4.462018	-26.33525125	976.913684
2.981706	-32.92796051	979.671568
1.5878556	-38.75691011	977.625396
1.2803886	-37.1608882	977.447468
1.3374624	-37.33436884	978.15918
0.2885694	-43.78829358	982.251524
-1.1617706	-49.92950834	983.852876
-2.667	-55.48133374	986.966616
-3.259582	-56.83448276	990.969996
-4.730242	-61.69194076	993.72788
-5.331968	-63.63492396	997.464368
-6.814058	-67.48663906	1004.670452
-8.29183	-71.89304739	1012.143428
-9.777984	-74.94630671	1018.19298
-11.24204	-78.5551489	1024.064604
-12.703556	-81.92067338	1032.87204
-14.181582	-85.21680559	1039.010556
-15.626588	-88.3741533	1047.284208
-17.062958	-92.32995678	1054.66822
-18.447004	-95.27912771	1059.650204
-19.863308	-98.95691734	1069.34728
-21.199348	-101.6289641	1077.887824
-22.549358	-105.376146	1084.02634
-23.913084	-109.0192395	1094.346164
-25.248616	-111.7602336	1098.972292
-26.60904	-114.7098494	1106.26734
-28.17114	-118.5264235	1117.565768
-29.46654	-121.5449867	1125.661492
-30.988	-125.4660941	1135.002712
-32.23768	-127.8601269	1142.564652
-33.70072	-131.0868669	1150.037628
-35.1155	-134.0360378	1159.378848
-36.7411	-136.8815652	1164.805652
-38.05936	-139.5531671	1172.011736
-39.28364	-139.8307361	1170.76624
-39.23284	-137.4020071	1169.8766
-39.2176	-136.8121729	1166.140112
-38.862	-131.0868669	1164.53876
-38.86454	-131.2256514	1166.76286
-38.84422	-131.0868669	1170.944168
-40.17264	-141.8431116	1179.21782
-41.60012	-145.5902935	1188.825932
-42.97934	-148.2623402	1195.943052
-44.31284	-150.9339421	1200.925036
-45.61078	-152.4605718	1208.398012
-46.88078	-154.5423395	1213.646888
-48.2092	-156.1730575	1219.518512
-49.4792	-157.3180298	1227.881128
-50.90922	-158.9834439	1231.172796
-52.08778	-160.3717339	1236.510636
-53.52542	-161.8636674	1240.869872
-54.9529	-162.5922861	1246.83046
-56.22036	-163.2515126	1247.27528
-57.37606	-162.8004629	1247.809064
-57.36844	-162.55759	1251.367624
-57.38114	-162.1759326	1248.342848
-57.34812	-159.7818997	1246.38564
-57.33034	-158.8099633	1238.023024
-56.75376	-147.6026689	1239.71334
-56.74614	-147.2904038	1240.15816
-56.76138	-147.5679728	1236.15478
-55.49138	-136.0137172	1226.546668
-54.0639	-123.9737157	1222.632252
-52.88788	-114.5363687	1216.315808
-51.4731	-104.6128311	1206.885624
-50.00752	-95.27912771	1200.213324
-48.52416	-86.56995461	1190.516248
-47.27956	-80.15117082	1185.356336
-45.9105	-73.24619641	1175.481332
-44.45254	-66.09879391	1169.787636
-42.96156	-59.78365369	1161.691912
-41.61028	-55.48133374	1152.172764
-40.17264	-51.28265736	1146.30114
-38.90518	-47.74365224	1140.429516
-37.62756	-44.86387357	1131.800008
-36.06038	-40.90807008	1123.526356
-34.66084	-38.34055657	1114.71892
-33.26638	-35.80773918	1106.000448
-31.80842	-32.78917599	1099.239184
-30.57652	-31.26254633	1090.876568
-29.06776	-28.83337251	1084.382196
-27.77236	-26.68221254	1077.709896
-26.47442	-25.22497514	1066.945252
-24.834342	-23.28199193	1060.539844
-23.47341	-21.61657776	1054.312364
-21.822156	-20.22873262	1044.43736
-20.436078	-17.31381299	1038.120916
-19.051524	-15.40552592	1032.87204
-17.634204	-13.3237582	1025.043208
-16.246856	-10.86033307	1017.214376
-14.868398	-8.500996329	1010.097256
-13.394944	-6.558013127	1004.937344
-11.942318	-4.371890132	997.464368
-10.535666	-1.943072166	994.439592
-9.070848	1.561370269	986.254904
-7.5692	5.273811547	983.674948
-6.098032	9.437791801	979.760532
-4.62153	13.91359239	974.333728
-3.181604	18.00818039	972.020664
-1.7333468	24.84331772	969.796564
-0.3590544	29.24972605	972.020664
-0.11989562	26.68221254	1010.986896
-0.2855214	23.35138419	1052.622048
-0.2769362	23.73304161	1092.299992
-0.3063494	23.83712999	1132.422756
-0.302768	23.94121838	1168.54214
-0.3011932	24.14939515	1152.706548
-0.2916682	23.31668806	1152.706548
-0.2906776	23.69834548	1147.902492
-0.3021838	23.97591451	1149.8597
0.2722372	30.15227022	1149.325916
1.6716756	39.76309784	1149.592808
1.9742404	41.15094298	1147.457672
3.460496	49.30497803	1152.350692
4.999228	54.92619568	1156.176144
6.495796	60.68575303	1157.332676
7.987792	65.75183263	1162.225696
9.502648	70.0888487	1169.164888
11.025378	73.80133446	1174.680656
12.463018	78.00001085	1182.33156
13.936218	82.09415402	1190.249356
15.357856	85.28619785	1193.096204
16.835882	88.20067265	1200.925036
18.284952	91.77481872	1208.842832
19.704558	95.79956964	1216.226844
21.12518	99.37327088	1224.055676
22.501098	102.3575828	1233.130004
23.862538	105.4455382	1240.336088
25.2095	108.4987975	1246.207712
26.5811	111.066311	1254.83722
27.90698	114.8139378	1260.886772
29.24302	117.5549319	1269.9611
30.5689	120.1571416	1275.921688
32.06242	123.4185776	1286.241512
33.52038	126.7498508	1291.490388
34.9885	129.5255411	1302.343996
36.4363	133.1339385	1309.816972
37.6174	135.2157062	1315.599632
39.01694	138.6163716	1323.250536
40.50538	141.7390232	1322.094004
40.7162	138.3734987	1272.896912
40.70604	131.4685243	1235.887888
40.72382	130.0112869	1199.145756
40.74414	127.339685	1154.663756
40.76192	124.1125002	1118.27748
40.79494	122.1001248	1137.760596
40.80764	122.6899589	1138.205416
40.80256	123.0716164	1136.95992
40.77716	120.8857603	1138.383344
40.78224	120.6775835	1137.582668
41.08196	123.6267544	1147.813528
42.46118	131.6767011	1153.507224
43.85564	135.6667559	1165.695292
45.40758	140.7675316	1172.189664
46.65726	143.6126141	1177.171648
48.0822	146.5617851	1189.181788
49.59858	149.3379202	1194.252736
51.13528	152.7728369	1200.925036
52.50942	155.0627814	1205.995984
54.00294	157.5262065	1208.931796
55.46852	159.9553804	1215.426168
56.86044	161.8983636	1217.561304
58.06186	162.280021	1217.383376
58.20156	161.3779216	1217.47234
58.20156	160.6839991	1214.714456
58.20664	160.6839991	1206.262876
58.17108	148.6786937	1204.12774
58.15838	148.9215666	1200.302288
56.87568	136.1871978	1191.761744
55.5117	124.8762599	1186.690796
54.16042	115.4037719	1177.527504
52.64658	104.7863118	1168.809032
51.31816	96.38940383	1163.827048
49.9618	87.50675008	1154.3079
48.63084	80.84509339	1149.147988
47.24146	73.52376543	1139.095056
45.78096	66.6886281	1134.913748
44.49318	61.55315625	1126.995952
43.1165	57.28553243	1118.900228
41.73728	52.08066832	1117.743696
41.35628	52.94807153	1118.633336
41.3639	54.19757698	1113.82928
40.52062	50.13768511	1106.979052
39.18458	46.3558071	1098.883328
37.592	41.84531038	1091.054496
36.16452	38.82630237	1081.980168
34.7218	36.05061208	1075.841652
33.48228	34.07293275	1066.322504
31.99638	31.26254633	1057.070248
30.47238	28.76398025	1054.045472
29.14142	26.85569318	1044.704252
27.60218	25.01679836	1035.451996
25.99182	21.61657776	1028.067984
24.608536	20.43690939	1022.463252
23.227538	18.1469649	1017.837124
21.817584	16.55049816	1008.495904
20.44446	14.53812271	1004.136668
19.047714	13.25436595	998.531936
17.653762	11.03381372	990.16932
16.214852	9.021438258	984.742516
14.739366	6.73149377	980.205352
13.306552	4.579888975	975.134404
11.887962	0.728663183	971.9317
10.750804	-1.83898378	967.572464
9.23671	-4.718673489	963.835976
7.711948	-9.368399544	959.47674
6.252464	-14.32994593	958.942956
4.786122	-19.08376037	956.80782
3.254756	-25.29436739	956.363
1.7402556	-30.74210441	956.80782
1.1766296	-30.91558505	956.540928
1.172972	-30.18696635	957.519532
1.1922252	-29.70122055	955.47336
1.1985498	-28.4517151	956.451964
1.2140184	-28.2088422	960.455344
-0.20296378	-37.33436884	962.056696
-1.6970248	-41.84531038	964.458724
-3.17373	-46.21702258	969.173816
-4.69392	-50.03359673	972.643412
-6.177788	-54.0934886	978.870892
-7.67842	-57.0079634	983.230128
-9.151874	-59.74895756	987.5004
-10.656062	-63.01039365	996.485764
-12.104116	-64.77989621	1003.51392
-13.586714	-67.76420809	1007.5173
-15.085822	-70.92155579	1011.9655
-16.48079	-73.38498092	1019.08262
-17.928844	-75.88310218	1025.221136
-19.296126	-78.72862955	1034.562356
-20.693634	-81.12266242	1040.256052
-22.373336	-84.10652948	1044.971144
-23.994618	-87.68023072	1053.511688
-25.340056	-88.96443231	1062.23016
-26.95194	-92.64222194	1068.279712
-28.49372	-95.76487351	1074.952012
-29.83992	-98.33238703	1082.602916
-31.09722	-100.3447625	1091.321388
-32.59074	-103.5719473	1097.37094
-33.79216	-106.0353724	1102.886708
-35.22726	-109.0886317	1111.872072
-36.59632	-111.6214491	1117.120948
-37.93236	-114.0506229	1123.971176
-39.13886	-115.4384681	1120.323652
-39.12108	-111.4132723	1118.455408
-39.11092	-108.3253169	1118.188516
-39.0906	-108.9845433	1120.05676
-39.10076	-109.0886317	1124.771852
-40.43426	-117.2773629	1131.977936
-41.62552	-119.9489648	1138.116452
-42.80916	-122.7593512	1143.276364
-44.19854	-125.1538289	1152.706548
-45.69968	-128.415265	1157.86646
-46.92142	-131.1909553	1165.072544
-48.2473	-133.6196843	1172.99034
-49.65954	-136.0835542	1176.5489
-51.07686	-138.3388026	1186.601832
-52.60086	-140.6287471	1190.605212
-53.82514	-142.9533877	1198.078188
-55.26786	-144.7922825	1201.725712
-56.65724	-146.006647	1204.038776
-57.21858	-146.2495199	1205.106344
-57.27192	-146.006647	1202.704316
-57.26938	-144.5147135	1201.45882
-57.27446	-143.8207909	1192.918276
-56.92394	-129.5602372	1187.758364
-55.5625	-118.2835506	1183.399128
-54.17566	-108.1865324	1179.573676
-52.7558	-98.67934831	1169.253852
-51.48072	-91.04620002	1167.20768
-50.10912	-82.82277272	1158.845064
-48.5521	-74.77282606	1151.105196
-47.08398	-67.69481583	1145.144608
-45.87494	-63.28796268	1139.006092
-44.323	-57.66718984	1132.778612
-43.0403	-53.43426215	1124.682888
-41.64584	-48.88862448	1116.854056
-40.20312	-46.42519935	1110.71554
-38.69944	-42.99028262	1102.619816
-37.3761	-40.8039817	1094.524092
-36.02482	-37.57724174	1088.47454
-34.57448	-35.87713144	1081.268456
-33.16732	-33.55249082	1075.663724
-31.96082	-31.47072311	1065.877684
-30.42666	-29.45790282	1057.604032
-28.94584	-26.89038931	1052.799976
-27.6479	-25.53724029	1046.750424
-26.3271	-23.76773773	1038.20988
-24.695404	-21.72066615	1030.914832
-23.30323	-19.98585972	1023.53082
-21.941282	-18.94497586	1017.926088
-20.53082	-17.14033235	1012.232392
-19.140932	-15.02386851	1004.40356
-17.726406	-12.94210079	1000.845
-16.315182	-11.51955952	993.638916
-14.915388	-9.71536083	987.94522
-13.469874	-7.182543442	982.16256
-12.01039	-4.649281232	977.091612
-10.571734	-2.84517151	972.287556
-9.09193	-0.659270926	968.462104
-7.913116	1.943072166	964.458724
-6.408674	5.968178941	961.433948
-4.919218	10.30519502	957.519532
-3.450336	13.74011175	955.91818
-1.9972782	19.63889843	955.562324
-0.4421124	24.32287579	955.740252
-0.2706116	22.65746162	954.761648
-0.2637536	22.13701969	954.1389
-0.2731262	22.13701969	991.236888
-0.2694686	19.91646746	1027.178344
-0.286004	19.95116359	1065.3439
-0.285877	20.26342875	1104.577024
-0.3033522	20.40221326	1142.564652
-0.303911	20.50630165	1161.247092
-0.3122676	19.77768295	1164.627724
-0.3034792	19.56950617	1161.247092
-0.2921	19.32663327	1164.894616
-0.2906014	19.46541779	1162.670516
0.5883148	26.95978157	1164.271868
2.013204	35.59956241	1164.716688
3.542792	42.50453682	1168.275248
4.753864	47.39669095	1170.499348
6.275324	53.81591957	1174.947548
7.763256	57.70188597	1178.150252
9.314942	62.45525559	1184.644624
10.4775	65.33547908	1188.648004
11.95451	69.08266097	1195.765124
13.412724	72.44818545	1200.658144
14.838426	76.26475959	1205.640128
16.350488	78.90211019	1212.846212
17.79524	82.16354628	1220.408152
19.21256	84.93923657	1224.945316
20.624038	88.02719201	1231.083832
22.012148	90.94211164	1240.336088
23.38197	93.71780192	1247.008388
24.99741	97.29150317	1255.371004
26.36012	99.78962443	1260.530916
27.686	102.3922789	1268.62664
29.28874	105.7924995	1276.6334
30.6197	108.2906208	1284.106376
32.11068	110.8234381	1289.53318
33.60674	113.9118384	1299.675076
35.05962	116.756921	1305.279808
36.50488	119.7060919	1311.77418
37.9222	122.4123899	1319.691976
39.28872	124.910956	1326.720132
40.60952	127.3743811	1325.474636
41.26484	123.6614505	1288.19872
41.25976	121.1286332	1251.27866
41.2496	119.3244345	1205.551164
41.27246	116.4099597	1167.118716
41.29786	114.0159268	1129.8428
41.33596	110.8928304	1130.73244
41.35374	110.5458691	1132.778612
41.3385	110.4070846	1131.266224
41.31056	109.0539356	1130.73244
41.34104	108.637582	1136.693028
42.55008	116.5487442	1143.721184
43.97248	120.9204564	1146.74596
45.29582	124.3558179	1152.0838
46.5582	127.0968121	1160.802272
48.01362	130.7399056	1164.53876
49.35728	133.0992423	1172.1007
50.91684	136.1529465	1180.819172
52.324	139.1021174	1184.288768
53.8353	142.1206806	1190.78314
55.27802	144.653498	1193.807916
56.6293	146.9781386	1199.590576
57.95772	148.5746053	1197.811296
58.19394	148.0888595	1200.302288
58.25236	147.9496302	1197.989224
58.2422	147.2210115	1196.654764
58.2422	145.8331664	1186.690796
58.23458	136.7080845	1190.78314
58.24474	137.367311	1183.043272
56.90108	124.7721715	1176.015116
55.3974	112.9403468	1169.075924
54.00548	103.9189086	1163.2043
52.5018	94.6545974	1155.553396
51.12004	86.32708171	1150.037628
49.72812	79.24907148	1143.009472
48.21682	71.61547836	1134.202036
46.5963	64.77989621	1126.551132
45.34916	59.71426143	1122.102932
43.83024	54.16288085	1113.740316
42.45102	50.58873479	1106.178376
41.35374	49.47845867	1107.334908
41.3766	49.40906641	1144.07704
41.39692	52.15006057	1160.09056
41.402	52.63580637	1161.602948
41.37406	52.87867927	1162.403624
41.35882	53.1562483	1160.001596
41.36898	52.35823734	1155.019612
39.88816	47.77834837	1150.571412
38.55466	44.6556968	1142.920508
37.11702	41.2897275	1135.091676
35.68954	38.30586044	1127.6187
34.24174	35.73834692	1120.768472
32.77362	33.58718695	1114.985812
31.25216	31.33193859	1109.470044
29.94406	29.52729508	1102.174996
28.64104	27.61900801	1096.570264
27.05862	25.53724029	1088.02972
25.44572	23.14320742	1080.289852
24.059896	21.99823518	1075.930616
22.674834	20.0899481	1067.12318
21.007324	18.3898378	1063.475656
19.592798	16.44640978	1056.269572
18.2118	15.09326076	1051.643444
16.786352	12.07469757	1047.195244
15.29588	9.819449216	1042.65808
13.894054	8.015250529	1034.918212
12.415012	5.169723161	1033.939608
11.312652	2.949259895	1030.381048
9.83869	-0.346974631	1028.601768
8.654288	-3.608530821	1025.043208
7.13867	-8.327515686	1023.086
5.682234	-12.90740466	1019.349512
4.192016	-18.52862232	1019.52744
2.981706	-22.62276549	1020.061224
1.922907	-23.80243386	1020.41708
1.9254724	-23.94121838	1020.772936
1.9256248	-22.2758042	1018.370908
1.9301968	-22.58806936	1020.061224
1.6133826	-25.46784804	1021.662576
-0.011105388	-33.10144115	1025.221136
-1.5163546	-38.02829141	1026.021812
-2.988818	-42.46984069	1028.957624
-4.474464	-46.56398387	1033.227896
-5.683758	-48.5416632	1036.87542
-7.188708	-52.53171799	1039.455376
-8.38327	-54.02409634	1045.77182
-9.868408	-56.83448276	1050.22002
-11.06805	-58.98564273	1055.913716
-12.534646	-61.79602915	1062.497052
-13.690346	-62.62873623	1067.034216
-15.225776	-65.50895973	1071.57138
-16.307308	-67.20907003	1076.286472
-17.737582	-69.70719129	1080.378816
-19.17446	-71.89304739	1085.983548
-20.569682	-74.07890349	1093.011704
-21.952966	-76.81989765	1097.104048
-23.295356	-78.58984503	1106.445268
-24.940768	-81.43492758	1110.27072
-26.53792	-83.65547981	1119.878832
-28.17622	-86.60465074	1127.707664
-29.72816	-89.27669746	1136.248208
-31.24962	-91.74012259	1142.030868
-32.71266	-94.03006708	1149.147988
-34.18586	-96.8404535	1155.286504
-35.57016	-98.47117154	1161.780876
-36.95446	-100.8656492	1169.698672
-38.30574	-103.0168092	1172.1007
-39.19728	-102.2187983	1171.922772
-39.2049	-102.0453176	1168.54214
-39.16934	-98.26299477	1169.965564
-39.17696	-98.85282896	1174.76962
-40.5638	-106.1394608	1173.43516
-40.74668	-106.6945988	1181.175028
-42.18686	-109.8519465	1189.270752
-43.55846	-111.586753	1196.387872
-44.90212	-114.8139378	1205.373236
-46.36008	-117.2079706	1207.508372
-47.56912	-119.2550422	1213.91378
-49.022	-121.9960364	1224.233604
-50.3301	-124.2864257	1227.7032
-51.689	-125.5007902	1232.062436
-53.18252	-127.8254308	1237.222348
-54.49824	-130.2194637	1241.93744
-55.86222	-131.121563	1244.784288
-57.20588	-131.5032204	1244.072576
-57.25668	-131.3644359	1244.60636
-57.31002	-131.2256514	1244.784288
-57.3278	-130.2194637	1242.293296
-57.33796	-129.8725024	1235.976852
-57.07126	-116.236479	1232.59622
-56.71312	-113.530181	1228.503876
-55.5117	-104.4740466	1224.500496
-54.19598	-96.25061931	1221.831576
-52.93868	-88.58233007	1215.159276
-51.3842	-79.63072889	1208.042156
-50.01514	-72.44818545	1204.038776
-48.77054	-67.27846229	1196.832692
-47.34306	-61.31028335	1190.961068
-45.92066	-56.7650905	1185.267372
-44.63796	-52.1847567	1178.150252
-43.2816	-49.09680126	1172.456556
-41.92524	-45.3843155	1165.606328
-40.5003	-42.19227167	1159.912632
-39.23792	-40.04066687	1154.218936
-37.91712	-38.47934108	1146.212176
-36.56076	-35.56486628	1142.030868
-35.15614	-33.55249082	1134.824784
-33.73628	-31.29724246	1125.216672
-32.31642	-29.24972605	1118.900228
-30.8102	-26.75160479	1112.672748
-29.2989	-25.43315191	1106.979052
-28.00858	-23.52486483	1102.70878
-26.69286	-21.20022422	1094.524092
-25.091136	-19.56950617	1087.229044
-23.405846	-16.93215558	1082.958772
-21.763482	-14.53812271	1075.57476
-20.110958	-13.15027756	1066.589396
-18.412714	-10.54806792	1060.806736
-17.010888	-9.333703415	1054.66822
-15.885922	-7.772377628	1050.308984
-14.450822	-5.343203804	1049.241416
-13.295122	-3.851403721	1043.725648
-11.861038	-2.116552809	1041.412584
-10.672572	0.138788963	1035.896816
-9.201404	2.636994738	1032.783076
-8.002524	4.510496718	1029.31348
-6.51256	8.2234273	1025.399064
-5.04698	11.48486339	1021.039828
-3.58521	15.23204528	1020.41708
-2.1382736	19.77768295	1019.883296
-0.6752082	23.97591451	1019.08262
-0.292608	22.72685388	1019.438476
-0.2958338	22.76155001	1015.96888
-0.3036316	20.74917455	1054.134436
-0.288671	21.09613583	1090.965532
-0.3118612	21.44309712	1126.551132
-0.3203194	21.51248938	1166.495968
-0.3243834	21.96353905	1128.864196
-0.3362706	20.99204745	1150.126592
-0.3212338	20.64508616	1151.19416
-0.3278378	21.37370486	1151.19416
1.268222	30.46453538	1151.283124
2.740152	37.29967271	1150.215556
4.2545	43.02497875	1154.841684
5.764022	47.98652514	1158.044388
7.280402	52.80928702	1161.958804
8.466836	55.86299116	1163.916012
9.999472	59.81834982	1168.186284
11.486896	62.52464785	1175.036512
12.946126	65.7171365	1179.306784
14.433804	68.07647324	1184.466696
15.870174	71.16442869	1190.160392
17.049242	72.96862738	1194.430664
18.77949	76.50763249	1201.014
20.188936	79.0408947	1206.35184
21.584412	81.36553532	1215.159276
23.198836	83.89835271	1220.408152
24.849836	87.05570041	1228.059056
26.47696	90.10940455	1235.976852
27.84094	92.57282968	1240.869872
29.14904	93.89128257	1248.431812
30.7213	97.15271865	1255.015148
31.99384	99.65083991	1260.797808
33.44926	101.5248757	1269.338352
34.93516	104.2658698	1273.697588
36.40074	106.7639911	1282.505024
37.80536	108.9845433	1286.953224
39.4081	111.9337143	1294.337236
40.69334	113.7036616	1294.87102
40.7924	112.73217	1295.048948
40.78732	112.2459794	1241.759512
40.78732	108.2559246	1205.195308
40.8051	105.8271956	1152.52862
40.82288	101.8371408	1138.383344
40.8178	100.3447625	1139.095056
40.82288	101.4207873	1137.938524
40.8178	99.68553604	1135.714424
40.8178	99.68553604	1141.141228
42.1513	106.2435492	1146.212176
43.55846	110.4764769	1149.236952
44.91482	113.2873081	1158.578172
46.37024	116.6875287	1161.42502
47.64278	119.0468654	1171.300024
49.20996	122.2736054	1176.370972
50.6349	124.9803483	1181.797776
52.04714	127.4784695	1186.157012
53.38064	130.0112869	1192.740348
54.86654	133.2033307	1197.277512
56.23306	135.5279714	1201.191928
57.62498	137.089742	1194.875484
57.29478	126.0212321	1195.587196
57.29732	126.4722818	1195.67616
57.32272	126.0559282	1194.3417
57.29986	125.3273095	1188.55904
56.09844	115.0568107	1186.512868
54.5719	104.9944885	1177.972324
53.15204	95.48730448	1171.388988
51.81092	88.06188814	1166.673896
50.50536	81.15735855	1159.912632
49.06518	73.97481511	1153.86308
47.51324	67.03558939	1149.147988
46.21784	62.1082943	1139.62884
44.75988	57.56310146	1133.490324
43.40098	53.3648699	1129.042124
42.0878	50.2417735	1124.860816
41.88968	51.14387284	1127.707664
41.88206	50.62343091	1127.974556
41.88714	50.93569607	1121.302256
40.73144	47.15381805	1115.875452
39.4335	43.99647035	1109.025224
37.83838	40.52641267	1100.840536
36.41344	38.40994883	1093.901344
34.94278	35.49547402	1089.986928
33.4772	33.62188308	1081.446384
31.97606	30.98497731	1076.4644
30.44698	29.35381444	1069.258316
28.86964	27.23735059	1063.208764
27.305	26.43933964	1056.180608
25.95372	23.80243386	1050.842768
24.568658	22.51867711	1044.348396
22.8981	20.95735132	1035.629924
21.263356	19.46541779	1033.494788
19.849084	17.34850912	1025.3101
18.437606	16.13414462	1020.683972
17.014952	14.32994593	1015.701988
15.554706	12.28287435	1010.720004
14.11097	10.61746017	1011.07586
12.63142	7.356024085	1003.780812
11.503152	6.037571198	1002.891172
10.040112	3.018696635	998.531936
8.901938	0.555138058	995.06234
7.385558	-3.365657921	992.660312
5.907786	-7.009062799	989.7245
4.392168	-12.49105112	990.347248
2.908046	-17.24442074	989.902428
1.8631154	-18.56331844	989.101752
1.8642076	-17.86939587	994.1727
0.6188202	-23.45547258	993.816844
-0.8593836	-28.17414607	992.83824
-2.358771	-32.26873406	994.706484
-3.816858	-35.39138564	998.442972
-5.321808	-39.72840171	1001.645676
-6.529324	-41.77591812	1005.560092
-8.030464	-44.30873551	1009.118652
-9.241282	-46.94564128	1011.07586
-10.708386	-48.50696707	1016.502664
-11.875008	-50.06829286	1020.328116
-13.353796	-52.6705025	1023.886676
-14.549374	-54.19757698	1029.402444
-16.003778	-55.93238341	1033.227896
-17.147286	-56.62630598	1036.4306
-18.562574	-59.40199627	1040.8788
-19.963638	-61.06741045	1046.305604
-21.326856	-62.73282462	1053.867544
-22.724618	-64.77989621	1056.00268
-24.077168	-66.61923584	1060.984664
-25.47112	-68.83978807	1064.632188
-26.8097	-71.3032132	1069.7921
-28.13558	-73.10741189	1075.930616
-29.6926	-75.43205251	1085.3608
-31.19374	-77.51426505	1086.784224
-32.68726	-79.66542502	1095.59166
-34.1249	-81.85128112	1099.861932
-35.53714	-83.62078368	1105.911484
-36.90112	-86.01481655	1110.626576
-38.26256	-88.1312804	1114.007208
-38.72992	-86.53525848	1113.38446
-38.71214	-86.50056235	1151.461052
-38.69944	-85.98012042	1156.176144
-38.6842	-85.77194365	1156.798892
-38.6969	-84.66166754	1157.42164
-38.95852	-87.50675008	1161.069164
-40.41394	-92.05238775	1168.186284
-41.81856	-95.3832161	1173.702052
-42.60596	-96.49349221	1176.99372
-43.96486	-98.7834367	1184.822552
-45.46092	-101.8371408	1190.78314
-46.72584	-104.0229969	1197.811296
-48.2092	-106.2782453	1202.526388
-49.63414	-107.8395711	1206.440804
-50.94478	-110.4764769	1214.80342
-52.36464	-111.864322	1216.938556
-53.5432	-114.0853191	1221.742612
-54.93512	-115.8201255	1224.14464
-56.30926	-118.11007	1223.966712
-57.36082	-116.5140481	1226.81356
-57.3405	-116.5140481	1226.902524
-57.33034	-116.2017829	1222.009504
-57.29986	-111.3438801	1224.055676
-57.33542	-111.2744878	1220.497116
-56.11368	-101.073826	1216.760628
-54.6989	-92.36465291	1209.999364
-53.4162	-84.17592174	1205.4622
-52.0954	-77.3407844	1201.191928
-50.80508	-70.95625192	1197.099584
-49.47158	-64.95337685	1192.1176
-48.20666	-60.37348787	1184.733588
-46.71822	-54.50984214	1181.175028
-45.25772	-49.89481221	1175.926152
-43.92676	-46.91094515	1169.43178
-42.59072	-44.48221615	1162.047768
-41.18356	-40.3182359	1159.289884
-39.92626	-38.93039075	1151.63898
-38.63086	-36.22409272	1145.233572
-37.31006	-33.48309856	1141.85294
-35.93846	-31.36663472	1135.002712
-34.51352	-29.73591668	1129.664872
-33.3502	-28.27823445	1123.1705
-32.12592	-26.30055512	1117.83266
-30.63748	-24.53105256	1112.93964
-29.1338	-22.41458872	1105.199772
-27.56408	-20.47160552	1099.684004
-25.96896	-18.52862232	1093.634452
-24.322278	-16.16884075	1087.14008
-22.69236	-13.84420013	1082.336024
-21.04263	-12.62983563	1076.01958
-19.65198	-10.75624469	1069.881064
-18.212816	-9.021438258	1066.945252
-16.829278	-7.217239571	1064.543224
-15.431262	-5.516684447	1060.00606
-13.99286	-3.435050178	1056.89232
-12.561316	-1.873679909	1052.977904
-11.114532	0.867447697	1049.864164
-9.915652	2.84517151	1046.038712
-8.446262	5.44729219	1041.501548
-7.249414	7.668289243	1039.811232
-5.759704	10.75624469	1039.09952
-4.270756	14.50342658	1037.587132
-2.84099	18.25105329	1038.120916
-1.3750036	22.31050033	1033.138932
-0.3320542	23.10851129	1034.918212
-0.3171698	22.72685388	1034.829248
-0.3210052	23.62895322	1072.816876
-0.3328162	22.41458872	1109.203152
-0.3309112	22.41458872	1145.144608
-0.3298952	22.41458872	1150.126592
-0.327025	21.89414679	1148.881096
-0.3290316	21.85945066	1148.792132
0.24809704	25.81480932	1148.97006
1.9563588	33.17083341	1150.215556
3.429762	37.61193787	1152.0838
4.650994	41.53304522	1152.439656
6.156452	46.80685677	1156.887856
7.364476	50.4846464	1160.179524
8.897874	53.22564056	1163.115336
10.387584	56.69569824	1167.385608
11.872976	59.12442724	1171.300024
13.339572	62.52464785	1175.65926
14.793214	64.71050395	1182.598452
15.984474	67.31315842	1187.491472
17.44726	69.67249516	1192.740348
18.8849	71.3032132	1197.366476
20.28444	73.21150028	1203.2381
21.94306	75.81370992	1210.266256
23.594314	78.65923729	1219.073692
25.22474	80.91448565	1225.123244
26.87066	83.37791078	1229.304552
28.47848	85.42498237	1237.845096
30.06344	88.6170262	1244.16154
31.60014	90.66454261	1249.321452
33.09366	92.05238775	1255.193076
34.544	95.10564707	1262.666052
36.00196	97.25680704	1270.40592
37.42436	99.16509411	1273.697588
38.84676	101.8024447	1279.391284
40.16756	103.6066434	1281.97124
41.29532	102.7392402	1244.517396
41.30294	100.6223315	1191.939672
41.3004	97.49967994	1148.08042
41.31818	95.03625481	1146.390104
41.33088	94.06476321	1145.144608
41.31564	93.85658644	1151.994836
42.9006	100.5876354	1157.42164
44.11472	103.502555	1161.336056
45.44568	106.4170298	1170.76624
46.86808	108.360013	1174.76962
48.47082	112.5586894	1181.975704
49.96688	115.0221145	1185.623228
51.32324	117.7631087	1192.829312
52.83454	120.1918377	1200.302288
54.26964	123.2797931	1203.771884
55.7784	125.6048786	1208.398012
57.27446	127.6519502	1210.977968
58.2803	127.9989114	1210.266256
58.293	128.0336076	1205.01738
58.20918	123.0716164	1200.391252
56.92648	111.1357033	1194.519628
55.50662	102.7739363	1189.270752
54.03342	93.33614451	1184.466696
52.65928	85.39028624	1180.641244
51.25974	78.10409923	1174.146872
49.911	71.5460861	1167.029752
48.39716	65.19669457	1163.115336
46.98746	60.26939949	1157.154748
45.52696	55.93238341	1153.062404
44.2214	52.04597219	1144.52186
42.64152	48.22939804	1138.383344
41.18864	44.62100067	1132.333792
39.65956	41.01215847	1127.351808
38.30828	39.06917527	1121.035364
36.9189	36.36287724	1113.918244
35.43808	34.28110952	1107.512836
33.9979	32.51160696	1101.997068
32.48406	30.11757409	1095.502696
30.9753	28.4517151	1089.720036
29.41828	26.50873189	1084.827016
27.84856	25.25967126	1078.955392
26.24328	23.07381516	1071.12656
24.580596	21.99823518	1065.521828
22.916388	20.0899481	1061.34052
21.539708	19.1184565	1059.383312
20.5613	19.53481005	1055.55786
19.97837	18.07757264	1052.266192
18.62963	15.96066398	1048.618668
17.790922	15.40552592	1043.280828
16.362934	13.49723885	1038.120916
14.863064	11.76243242	1033.850644
13.438378	9.403095672	1032.87204
12.291568	7.876466014	1028.156948
10.790936	4.545192846	1025.3101
9.388094	2.012464423	1025.843884
8.179308	-0.624574797	1018.459872
6.681724	-4.094276621	1019.616404
5.51688	-7.633593114	1017.74816
4.004564	-11.55425565	1017.926088
2.79908	-15.50961431	1016.4137
1.2926822	-19.25724102	1017.125412
-0.20569682	-23.38608032	1017.392304
-1.4472158	-26.85569318	1018.281944
-2.952242	-30.0134857	1019.260548
-4.081526	-32.92796051	1021.840504
-5.602986	-35.00972822	1023.797712
-7.0993	-37.8895069	1027.890056
-8.32104	-39.72840171	1028.067984
-9.79424	-42.67801747	1034.65132
-11.266424	-45.10674647	1036.341636
-12.458954	-45.8700613	1038.031952
-13.923772	-48.22939804	1044.170468
-15.127224	-49.54785093	1047.640064
-16.538702	-51.28265736	1051.643444
-17.977104	-53.1562483	1054.490292
-19.10969	-55.03028407	1060.095024
-20.751546	-56.83448276	1062.319124
-22.170898	-57.77127823	1067.034216
-23.519384	-60.33879174	1069.169352
-24.898604	-61.79602915	1073.79548
-26.24836	-63.91249299	1077.443004
-27.84602	-66.13349004	1084.115304
-29.14904	-68.07647324	1089.36418
-30.68066	-69.77658355	1094.879948
-32.16656	-71.47669385	1099.59504
-33.62452	-74.21768801	1104.310132
-35.0647	-75.98719056	1109.8259
-36.45662	-77.8265302	1113.117568
-37.77742	-80.32465146	1115.341668
-38.73246	-78.65923729	1114.985812
-38.71722	-78.34697213	1154.663756
-38.71214	-78.72862955	1159.111956
-38.70706	-78.13879536	1160.268488
-38.97884	-79.42255212	1164.894616
-40.20058	-84.14122561	1171.833808
-41.43756	-86.39647397	1178.506108
-42.799	-88.92973618	1183.843948
-44.1706	-90.80332712	1188.025256
-45.67428	-93.40553677	1192.740348
-46.9138	-95.34851997	1197.277512
-48.23968	-98.12421026	1203.504992
-49.64176	-99.5120554	1207.953192
-51.07178	-102.2187983	1211.68968
-52.38496	-103.7454279	1216.671664
-53.66766	-105.653715	1221.386756
-54.9656	-107.5966982	1222.988108
-56.34736	-108.9151511	1224.322568
-56.80456	-109.2968085	1224.945316
-57.07888	-110.0948194	1224.233604
-57.26684	-109.2621124	1226.190812
-57.36082	-109.4702891	1218.717836
-56.23052	-95.59139287	1216.315808
-54.98846	-87.85371137	1212.045536
-53.67782	-80.04708243	1208.664904
-52.37988	-73.94011898	1204.57256
-50.97526	-66.79271649	1202.170532
-49.53508	-60.23470336	1196.387872
-48.10252	-55.03028407	1189.626608
-46.78172	-50.83160769	1188.914896
-45.49648	-47.77834837	1183.043272
-44.01566	-43.82298971	1177.260612
-42.4688	-39.97127461	1172.189664
-41.04894	-37.75072238	1168.186284
-39.79672	-34.83624758	1161.513984
-38.48354	-33.17083341	1156.265108
-37.15512	-31.33193859	1154.574792
-35.78098	-29.07624541	1146.834924
-34.35858	-26.85569318	1142.29776
-32.9565	-25.25967126	1137.671632
-31.75762	-24.21878741	1134.824784
-30.22346	-20.99204745	1125.483564
-28.96616	-20.05525197	1122.547752
-27.39644	-17.41790138	1118.27748
-26.05532	-16.75867494	1115.252704
-24.423624	-14.60751496	1108.93626
-23.060406	-12.87270853	1104.310132
-21.68398	-11.20729436	1098.082652
-20.293076	-9.992929859	1095.680624
-18.906236	-8.049946657	1090.25382
-17.484598	-7.009062799	1087.673864
-16.078962	-4.96154639	1083.759448
-14.676882	-3.504442435	1083.58152
-13.5128	-1.804287652	1079.044356
-12.059158	0.520441929	1074.863048
-10.627614	2.984000506	1073.528588
-9.451594	4.024884364	1072.816876
-7.978648	7.251935699	1070.325884
-6.473444	10.09701824	1067.656964
-5.301742	12.07469757	1065.966648
-3.812032	15.92596785	1064.187368
-2.3594822	19.74298682	1063.1198
-1.1875008	22.76155001	1064.45426
-0.3266694	22.31050033	1064.187368
-0.3353562	22.13701969	1064.00944
-0.3362706	22.51867711	1104.754952
-0.3359404	21.33900873	1141.497084
-0.344297	21.37370486	1153.952044
-0.334264	21.47779325	1153.685152
-0.3526536	20.99204745	1154.041008
-0.3430778	21.40840099	1153.062404
-0.3423412	21.13083196	1152.52862
1.248156	29.4232067	1153.41826
2.709926	33.79536372	1156.709928
3.93573	37.71602625	1155.998216
5.474716	41.35911976	1160.001596
6.665214	44.37812777	1162.670516
8.171688	48.22939804	1164.53876
9.689338	51.456138	1168.98696
10.91057	53.95470408	1172.278628
12.370562	55.96707954	1177.260612
13.850112	58.53459306	1180.196424
14.984476	60.37348787	1186.957688
16.483076	62.00420592	1189.270752
17.634458	63.5655317	1194.430664
19.066002	65.57835199	1200.302288
20.488402	68.11116937	1202.259496
21.846032	69.04796485	1211.155896
23.236682	70.99094805	1214.3586
24.86025	73.59315769	1221.742612
26.21026	75.64022928	1225.390136
27.84856	77.41017666	1232.863112
29.4386	79.90829792	1238.645772
31.0007	81.33083919	1243.538792
32.49676	84.03713722	1248.787668
34.01568	86.50056235	1256.082716
35.21964	88.44354555	1262.666052
36.63442	89.79713939	1268.18182
38.04412	91.80951485	1272.452092
39.66464	94.23824385	1274.587228
40.82034	93.33614451	1235.70996
40.8178	90.90741551	1196.654764
40.8432	89.27669746	1144.343932
40.84066	87.26387718	1148.08042
40.88892	86.32708171	1149.592808
40.85844	85.84133591	1148.97006
41.0464	86.1882972	1154.930648
42.42308	92.26056452	1160.802272
43.83278	95.55669674	1166.140112
45.15104	98.02012187	1172.54552
46.61662	101.0044338	1178.861964
48.23206	104.4393505	1185.979084
49.73574	106.7986872	1190.160392
51.13274	109.2621124	1196.921656
52.65166	112.0378026	1197.90026
54.0258	114.7098494	1202.882244
55.4101	116.9650977	1209.9104
56.75376	119.0815616	1209.376616
58.14822	120.6775835	1211.066932
58.2676	118.5611196	1209.109724
58.25998	118.7346003	1204.750488
58.24474	115.8201255	1205.818056
58.27014	115.9242139	1201.014
56.9722	105.9659801	1198.167152
55.64632	96.8404535	1193.807916
54.17312	87.78431911	1187.22458
52.84978	80.56752436	1184.377732
51.4858	73.90542285	1178.773
49.9491	67.1743739	1173.702052
48.45558	61.3796756	1167.385608
47.06112	56.79978663	1163.2043
45.76826	53.29503282	1155.64236
44.27728	48.74983997	1151.283124
42.93108	45.41901162	1150.215556
42.81932	46.1129342	1151.372088
42.8117	46.32111097	1145.055644
41.35374	42.64332134	1140.874336
39.8399	39.48552881	1134.202036
38.5064	36.4322695	1126.818024
37.09162	34.45459017	1123.704284
35.6108	32.58099922	1118.27748
34.16808	30.63801602	1111.961036
32.67456	28.41701897	1105.466664
31.18104	26.64751641	1102.70878
29.89326	25.29436739	1095.769588
28.31592	23.21259968	1091.58828
26.71826	22.20641195	1085.3608
25.352248	20.61039003	1080.9126
23.692104	19.32663327	1075.307868
22.002242	17.83469974	1071.57138
20.651216	16.48110591	1064.632188
18.947384	14.91978012	1059.828132
17.56156	13.21966982	1055.735788
16.09598	11.51955952	1051.732408
14.652244	10.1664105	1048.796596
13.18133	7.390720214	1046.21664
11.75004	5.412596061	1042.747044
10.310114	2.879867638	1039.54434
9.136634	0.693967054	1038.031952
7.611618	-2.706386995	1037.854024
6.110732	-5.898786684	1035.274068
4.927854	-8.847957615	1035.451996
3.43027	-12.31757047	1034.384428
1.9261074	-16.65458655	1032.783076
0.7353808	-19.29193715	1034.740284
-0.782701	-23.35138419	1035.54096
-1.9939508	-24.84331772	1034.2065
-3.46456	-28.34762671	1039.277448
-4.949698	-31.22785021	1040.256052
-6.165342	-33.27492179	1037.676096
-7.66445	-36.88331917	1044.170468
-9.14527	-37.61193787	1045.77182
-10.331196	-39.72840171	1052.355156
-11.798808	-41.15094298	1053.600652
-13.280136	-43.89238197	1056.180608
-14.474444	-44.37812777	1059.739168
-15.949676	-46.18232645	1061.78534
-17.103598	-47.91713288	1063.297728
-18.506186	-49.68663544	1069.970028
-19.889216	-51.2132651	1070.770704
-21.285454	-52.63580637	1074.2403
-22.670516	-53.81591957	1076.642328
-24.026622	-55.96707954	1081.090528
-25.65654	-57.56310146	1086.784224
-27.27452	-60.23470336	1090.876568
-28.60294	-61.3796756	1094.435128
-30.14726	-62.38586333	1098.171616
-31.64332	-64.81459233	1101.641212
-32.87014	-66.41105907	1104.04324
-34.3027	-68.28465002	1108.402476
-35.73526	-70.22763322	1116.676128
-37.08146	-72.34409706	1119.700904
-38.42258	-73.52376543	1123.081536
-39.74592	-75.53614089	1127.6187
-41.1734	-77.68774569	1132.51172
-42.55516	-79.83890566	1136.337172
-43.92422	-81.92067338	1140.696408
-45.23994	-83.93304884	1143.454292
-46.66488	-85.91072817	1151.283124
-48.03648	-87.61083847	1153.86308
-49.45634	-89.86653165	1158.31128
-50.89652	-92.22586839	1160.179524
-52.20462	-93.71780192	1166.673896
-53.50002	-95.83426577	1167.385608
-54.87416	-97.88133736	1169.342816
-56.16956	-98.95691734	1171.922772
-57.3913	-97.91603348	1173.346196
-57.39384	-98.12421026	1170.944168
-57.07126	-91.70542646	1168.008356
-56.41086	-87.1597888	1166.051148
-55.16372	-79.73481728	1166.495968
-55.01132	-78.72862955	1160.357452
-53.77434	-72.55227383	1158.489208
-52.53228	-66.30697069	1156.709928
-51.11496	-59.88774207	1151.105196
-49.53762	-54.19757698	1147.19078
-48.10252	-49.47845867	1144.699788
-46.76902	-45.17613872	1140.429516
-45.30344	-41.15094298	1136.337172
-43.98264	-38.93039075	1131.355188
-42.45102	-35.32199338	1125.483564
-40.82288	-32.54630309	1121.658112
-39.5859	-30.2563586	1116.409236
-38.28034	-28.13944994	1114.452028
-36.90874	-26.12707448	1108.93626
-35.5219	-24.21878741	1107.690764
-34.11982	-23.03911903	1101.285356
-32.92856	-21.37370486	1095.858552
-31.47822	-19.29193715	1093.723416
-30.21076	-18.35514167	1089.36418
-28.68168	-15.89127172	1083.937376
-27.11704	-14.32994593	1078.332644
-25.77846	-12.5951395	1073.261696
-24.147018	-11.380775	1070.948632
-22.763988	-9.854145344	1068.190748
-21.401532	-8.431604072	1064.365296
-20.301204	-7.841769886	1059.294348
-18.897346	-6.00287507	1057.870924
-17.473168	-4.718673489	1053.066868
-16.353028	-4.371890132	1050.66484
-14.963394	-2.498210224	1048.351776
-13.490702	-0.693967054	1043.903576
-12.048744	1.04092834	1042.302224
-10.62101	3.64322695	1039.633304
-9.139428	5.898341862	1038.387808
-7.981696	7.217239571	1036.163708
-6.465316	9.22961503	1036.163708
-4.968494	12.62983563	1033.76168
-3.789172	14.78099561	1034.562356
-2.3412958	18.32044554	1032.338256
-0.8498586	22.10232356	1033.405824
-0.3182874	19.67359456	1032.42722
-0.3158744	19.77768295	1073.79548
-0.321183	19.1184565	1113.82928
-0.3394202	19.91646746	1147.012852
-0.3486658	18.91027973	1145.85632
-0.3559556	19.63889843	1147.368708
0.7060438	24.42696418	1149.592808
2.1800312	29.21502992	1150.393484
3.086354	31.88707665	1150.660376
4.608068	36.1893966	1152.172764
5.819648	38.3752527	1151.63898
7.33171	41.91470264	1155.731324
8.877808	45.28022711	1158.489208
10.063734	47.53547547	1162.581552
11.53414	49.37437029	1166.76286
13.02639	52.15006057	1168.54214
14.482826	54.19757698	1172.54552
15.635732	55.86299116	1177.794396
17.138396	57.80597436	1180.55228
18.565368	59.4366924	1186.690796
19.969226	61.24089109	1191.138996
21.357844	63.18387429	1194.519628
23.004272	65.16199844	1200.56918
24.37765	66.96619713	1206.618732
26.0223	68.45813066	1213.646888
27.37104	70.74807515	1218.095088
28.99156	72.48288158	1222.36536
30.55112	73.90542285	1229.304552
32.08782	76.61172088	1232.952076
33.30448	78.00001085	1241.0478
34.79038	79.7695134	1246.83046
36.2331	82.12885015	1251.812444
37.89426	85.14741334	1256.883392
39.25824	86.39647397	1259.908168
40.6146	88.06188814	1266.313576
42.1005	90.21349293	1273.252768
43.48734	92.81570258	1277.700968
45.00118	94.93216642	1281.615384
46.4693	97.15271865	1287.931828
47.71136	99.0263096	1288.19872
49.12106	101.0391299	1294.515164
50.52568	103.4678589	1298.696472
52.00142	106.9027756	1304.479132
53.43398	109.1233278	1306.88116
54.81574	111.2397917	1308.927332
56.1975	113.4260926	1311.151432
57.5945	115.0568107	1314.354136
57.84596	115.4037719	1313.286568
58.0644	115.2996836	1314.087244
58.18378	114.88333	1312.841748
58.28538	114.3975842	1311.685216
58.28284	114.3975842	1312.130036
58.13044	111.8296259	1310.261792
57.85612	109.4008969	1309.905936
57.33796	105.3067537	1304.479132
55.85968	95.66078512	1300.65368
54.483	87.78431911	1293.447596
52.93106	79.14498309	1292.291064
51.68646	74.00951123	1288.732504
50.3555	68.07647324	1283.3057
48.91024	62.38586333	1277.878896
47.51324	58.04884726	1275.032048
46.04258	53.50365441	1269.160424
44.57446	49.16619351	1267.114252
43.4213	46.56398387	1259.997132
42.01668	43.05967488	1255.015148
40.53078	40.3182359	1249.766272
39.20236	38.44464495	1244.16154
37.80282	36.32818111	1240.60298
36.41344	34.17702114	1234.108608
34.93516	32.12994955	1229.571444
33.71596	30.49923151	1225.212208
32.22498	28.72928412	1219.607476
30.94482	27.13326221	1215.69306
29.3751	25.71072094	1206.79666
27.813	23.73304161	1203.68292
26.4795	22.20641195	1200.480216
24.83739	20.92265519	1193.096204
23.178008	18.66740683	1189.804536
21.788882	17.31381299	1186.33494
20.38223	15.92596785	1180.374352
18.991072	14.0523769	1175.926152
17.593564	12.80331628	1172.189664
16.18488	10.82563695	1168.98696
14.67866	8.258123429	1166.495968
13.534136	6.974366671	1163.471192
12.088876	4.337194004	1162.31466
10.662666	2.012464423	1159.556776
9.501886	-0.416371336	1158.667136
7.990586	-3.64322695	1155.108576
6.495288	-6.73149377	1154.3079
5.281676	-9.090830515	1153.952044
3.795776	-13.01149305	1154.129972
2.57048	-15.71779108	1151.19416
1.0694416	-18.94497586	1152.261728
-0.4294378	-21.75536228	1151.727944
-1.6891508	-24.25348354	1153.151368
-3.129026	-27.30674285	1155.286504
-4.631436	-30.04818183	1157.955424
-5.81152	-32.30343019	1158.667136
-7.306818	-34.38519791	1162.492588
-8.531606	-36.81392691	1164.716688
-9.997948	-37.95889915	1163.115336
-11.469878	-39.55492107	1166.051148
-12.683744	-40.94276621	1171.033132
-14.125702	-43.26785165	1174.591692
-15.627604	-43.96177422	1175.570296
-16.743172	-46.21702258	1179.573676
-18.154142	-47.53547547	1180.463316
-19.598894	-49.30497803	1185.089444
-20.978114	-50.38055801	1186.957688
-22.387814	-52.15006057	1191.405888
-23.99792	-53.6077428	1194.163772
-25.63876	-55.16906858	1198.700936
-27.00528	-56.83448276	1202.081568
-28.575	-58.56928919	1204.750488
-30.10916	-60.47757626	1207.953192
-31.64332	-62.69812849	1209.9104
-32.82696	-63.53083558	1213.202068
-34.30016	-65.4742636	1219.874368
-35.7124	-67.34785454	1222.632252
-37.07638	-69.1173571	1226.991488
-38.40988	-70.40111386	1228.948696
-39.71036	-71.96243965	1234.464464
-41.18102	-73.87072672	1237.04442
-42.5577	-76.43824024	1244.517396
-43.90644	-77.54896117	1244.784288
-45.19422	-79.45724825	1250.83384
-46.65726	-81.53901596	1256.082716
-48.0314	-83.93304884	1257.150284
-49.44618	-84.97393269	1262.932944
-50.76952	-87.19448492	1263.021908
-52.21224	-89.10321682	1270.672812
-53.63718	-91.04620002	1271.829344
-54.98338	-92.67691807	1276.722364
-56.36006	-93.85658644	1275.74376
-56.60136	-94.86277417	1276.366508
-56.89346	-94.93216642	1276.010652
-57.13476	-94.75868578	1276.099616
-57.2897	-94.4117245	1276.18858
-57.39892	-94.48111675	1278.41268
-57.44464	-93.99537095	1275.387904
-56.82234	-88.47824168	1273.252768
-55.57774	-79.97769018	1271.206596
-54.09946	-72.37879319	1262.39916
-52.52466	-64.60641556	1262.221232
-51.08194	-58.63868144	1259.819204
-49.78908	-53.88531183	1256.705464
-48.40732	-49.30497803	1251.545552
-47.08144	-45.45370775	1249.143524
-45.67174	-41.91470264	1246.029784
-44.3484	-38.51403721	1242.471224
-42.8371	-35.80773918	1238.8237
-41.21404	-32.71978374	1234.82032
-39.98468	-30.88088892	1231.350724
-38.68166	-28.55580348	1227.970092
-37.34308	-26.54342802	1225.123244
-35.99942	-25.29436739	1220.675044
-34.54908	-22.83094226	1217.47234
-33.38576	-21.7900584	1214.892384
-31.91256	-20.02055585	1209.999364
-30.41904	-17.83469974	1206.440804
-29.16682	-16.48110591	1201.191928
-27.5971	-14.81569173	1199.056792
-26.289	-13.04618918	1194.875484
-24.653494	-11.58895177	1192.384492
-23.010368	-10.54806792	1187.580436
-21.614638	-8.986742129	1182.064668
-19.972274	-7.945858271	1178.684036
-18.27657	-6.037571198	1175.926152
-16.852646	-4.337194004	1174.680656
-15.47495	-2.84517151	1169.075924
-14.303756	-1.769591523	1166.851824
-12.8905	0.624574797	1165.606328
-11.448034	2.255337323	1161.958804
-10.27938	3.573834692	1162.403624
-8.814308	5.273811547	1158.044388
-7.628128	7.564200857	1160.09056
-6.131306	10.23580276	1155.286504
-4.646422	12.56044338	1155.108576
-3.450082	15.02386851	1152.261728
-1.9704304	17.41790138	1154.663756
-0.485648	20.85326293	1153.774116
-0.3472434	19.15315263	1151.461052
-0.3453638	17.69547041	1152.795512
-0.3457956	17.20972461	1152.261728
-0.3498088	16.82806719	1152.617584
0.22832822	20.85326293	1152.97344
1.6288004	24.94740611	1153.240332
3.130042	28.34762671	1152.97344
4.68249	31.08906569	1152.172764
6.189218	35.04442435	1153.952044
7.407402	37.33436884	1154.3079
8.934958	40.14475526	1156.443036
10.42924	42.64332134	1156.709928
11.639296	44.8985697	1158.667136
13.080238	46.39050323	1164.360832
14.556232	48.7845361	1166.584932
16.039592	51.07448059	1168.453176
17.20596	52.70519863	1172.367592
18.639028	54.40575375	1173.43516
20.030948	55.72420664	1175.748224
21.162772	57.28553243	1180.374352
22.818852	59.50608466	1186.512868
24.175974	60.78984142	1189.00386
25.82418	62.48995172	1194.697556
27.18054	64.81459233	1199.590576
28.78328	66.48045133	1203.771884
30.0863	67.79890422	1209.287652
31.64332	70.29702547	1213.91378
33.13938	71.12973256	1219.963332
34.61004	73.45437318	1225.4791
36.04006	74.59934542	1229.393516
37.46754	77.20199989	1234.019644
38.8747	78.38166826	1239.535412
40.21582	80.53282823	1244.60636
41.72204	82.37172305	1248.342848
43.14952	84.10652948	1254.036544
44.69892	86.77813138	1256.883392
46.13656	88.40884943	1260.975736
47.44466	90.66454261	1265.601864
48.81626	92.29526065	1267.914928
50.11674	93.82189031	1271.651416
51.76774	96.49349221	1275.921688
53.23586	98.81813283	1280.102996
54.63032	100.6574725	1281.704348
55.99684	102.9127208	1284.19534
57.35066	104.6475273	1280.014032
56.7817	91.25437679	1275.209976
55.50916	84.41879464	1270.316956
54.03088	76.92398604	1266.936324
52.6415	70.19293709	1263.73362
51.11242	63.73901235	1259.73024
49.55032	57.42431694	1254.83722
48.00854	52.53171799	1251.990372
46.5836	48.40287868	1246.474604
45.29836	45.17613872	1242.738116
43.9801	41.60243748	1241.848476
42.79392	40.52641267	1234.909284
41.1099	36.95271142	1227.7032
39.83736	34.97503209	1225.657028
38.47846	33.13613728	1219.518512
36.8427	29.97878958	1213.113104
35.37204	28.41701897	1208.220084
33.91916	26.99447769	1203.504992
32.43834	24.60044482	1200.925036
31.16326	23.73304161	1193.541024
29.59608	21.75536228	1189.626608
28.29814	20.05525197	1186.068048
26.71064	18.66740683	1179.751604
25.345136	17.34850912	1177.43854
23.657814	15.78718333	1172.54552
22.28469	13.87889626	1167.296644
20.634452	11.8665208	1164.182904
19.241008	10.47867566	1162.403624
17.57172	8.154035043	1158.31128
16.131032	6.453924742	1156.443036
14.64945	4.44128239	1154.396864
13.254482	2.116552809	1152.172764
12.09421	0.4857458	1148.792132
10.631678	-2.290033452	1149.059024
9.149334	-4.892154132	1147.101816
7.935722	-6.384532484	1144.788752
6.448552	-9.333703415	1144.166004
4.966208	-12.76862015	1146.212176
3.733546	-14.12176916	1143.899112
2.2183598	-17.00154784	1143.899112
0.7120128	-19.95116359	1144.432896
-0.791591	-21.85945066	1146.74596
-2.0121372	-24.08000289	1145.85632
-3.504946	-26.89038931	1148.97006
-5.001768	-28.65989187	1150.838304
-6.190488	-30.29105473	1150.838304
-7.703058	-32.19934181	1151.105196
-9.17321	-34.38519791	1157.065784
-10.665206	-35.84243531	1156.265108
-11.834876	-37.43845722	1160.357452
-13.302742	-38.58342947	1163.916012
-14.799564	-40.38762816	1166.584932
-15.965678	-41.39381589	1169.787636
-17.375632	-42.64332134	1170.677276
-18.81505	-44.48221615	1172.456556
-20.231354	-45.17613872	1174.858584
-21.31949	-46.49459161	1177.88336
-22.975824	-48.19470191	1181.797776
-24.337518	-49.47845867	1182.598452
-25.96896	-50.90099994	1184.199804
-27.3177	-52.08066832	1189.181788
-28.89758	-54.19757698	1190.872104
-30.19044	-54.92619568	1195.053412
-31.68904	-56.86917888	1199.946432
-32.91586	-58.77746596	1202.615352
-34.35096	-59.29790789	1203.771884
-35.76828	-61.3796756	1208.220084
-37.12718	-62.80221688	1212.223464
-38.47592	-64.19006202	1214.269636
-39.78402	-65.89061714	1218.184052
-41.20388	-67.93768873	1220.941936
-42.59834	-69.1173571	1226.279776
-44.12234	-71.47669385	1229.03766
-45.6311	-73.52376543	1232.59622
-47.04334	-75.70962154	1238.734736
-48.38446	-77.68774569	1241.136764
-49.7713	-79.56133663	1244.873252
-51.31562	-81.26144693	1246.118748
-52.73802	-83.48199916	1251.72348
-54.25948	-84.86984431	1253.146904
-55.6514	-86.674043	1259.374384
-56.92902	-88.20067265	1255.548932
-55.8673	-76.29945572	1249.321452
-54.5084	-69.15205323	1247.364244
-53.10124	-62.69812849	1243.360864
-51.7017	-56.90387501	1241.0478
-50.2158	-51.10917672	1236.688564
-48.6664	-46.52928774	1235.620996
-47.38878	-42.81680198	1232.418292
-46.16704	-40.14475526	1230.905904
-44.6659	-36.53635788	1227.614236
-43.15968	-33.89945211	1222.632252
-41.58488	-30.63801602	1220.58608
-40.3606	-28.72928412	1216.5827
-38.85184	-26.26585899	1215.426168
-37.51072	-24.60044482	1213.557924
-36.17722	-23.00442291	1208.13112
-34.74212	-21.13083196	1203.416028
-33.32988	-19.43072166	1201.191928
-32.12338	-17.904092	1200.035396
-30.87116	-15.99536011	1194.78652
-29.39288	-14.74629948	1192.918276
-28.08732	-13.11558143	1190.160392
-26.7589	-11.93591306	1187.758364
-25.153112	-10.51337179	1184.733588
-23.753318	-9.160222772	1178.061288
-22.153118	-7.7376815	1173.346196
-20.750784	-6.696797642	1170.232456
-19.33194	-5.343203804	1170.232456
-17.93367	-3.851403721	1167.830428
-16.8021	-3.816707593	1163.471192
-15.436088	-1.491978012	1161.602948
-13.941298	-0.555138058	1159.111956
-12.528804	1.249105112	1158.31128
-11.364722	2.012464423	1155.998216
-9.90727	4.059580493	1152.52862
-8.45566	6.00287507	1152.0838
-7.231888	6.870278285	1152.0838
-5.749798	9.194918901	1146.568032
-4.268978	11.51955952	1147.279744
-2.802382	14.50342658	1145.589428
-1.6047974	15.47491818	1146.656996
-0.3542538	16.13414462	1143.721184
-0.3595624	15.61370269	1142.475688
0.1159002	15.37082979	1144.254968
0.1005078	15.68309495	1143.988076
0.11726672	15.64839882	1140.785372
1.7794732	21.23492035	1142.920508
2.2408642	22.17171582	1143.543256
4.021582	25.81480932	1144.07704
5.423408	28.13944994	1142.74258
6.766814	30.84619279	1144.788752
8.167624	32.99735276	1144.96668
9.990582	36.01591595	1144.96668
11.37412	38.16707593	1148.436276
12.678664	39.31204817	1147.991456
14.047978	42.26166392	1153.596188
15.811754	44.69039292	1154.129972
17.180814	46.77216064	1156.620964
18.950686	49.027409	1157.510604
20.290536	50.7275193	1157.86646
21.59635	51.76840316	1162.136732
22.863048	54.02409634	1165.784256
24.612854	56.20995244	1169.075924
25.91562	56.97326727	1173.524124
27.20594	59.12442724	1178.417144
28.51912	61.41437173	1184.733588
30.25394	62.52464785	1187.046652
31.57474	63.53083558	1190.605212
32.82696	64.84928846	1194.964448
34.07664	66.4457552	1198.523008
35.7251	69.01326872	1205.90702
37.41928	71.37260546	1209.109724
39.10076	73.17680415	1215.24824
40.7416	75.77901379	1220.852972
42.37482	77.02851924	1225.03428
43.95216	79.94299405	1229.838336
45.4787	82.19824241	1233.218968
46.99	83.62078368	1234.82032
48.53178	85.80663978	1240.514016
50.08118	87.81901524	1241.93744
50.8508	89.38078585	1244.16154
52.36718	91.91360324	1245.851856
53.87848	93.05857548	1242.471224
55.00624	93.40553677	1205.640128
56.22798	84.73105979	1192.028636
57.66816	84.14122561	1179.21782
59.46648	83.65547981	1168.275248
61.1886	84.52288302	1159.022992
62.90056	84.59227528	1147.19078
63.35522	80.39404372	1134.913748
64.73952	82.78807659	1132.778612
66.05524	83.41260691	1123.348428
67.60464	83.16973401	1115.60856
69.14642	83.37791078	1106.445268
70.58914	82.61459595	1095.858552
71.97598	82.75338046	1083.937376
73.63206	82.12885015	1068.190748
74.9554	80.74100501	1054.134436
76.46924	78.97150245	1036.608528
77.67828	78.03470697	1000.489144
79.10576	72.34409706	975.579224
80.40116	69.25614162	971.219988
80.62214	69.18674936	947.4666
82.01406	67.52133519	931.097224
83.1723	67.10498164	911.080324
84.85124	66.48045133	893.732344
85.81644	65.9600094	879.8272708
86.75116	65.16199844	863.9471968
87.86622	63.0797859	842.4268052
88.66124	59.57547692	828.388286
89.16924	57.45901307	825.80833
89.51468	56.97326727	816.6628308
89.71026	55.27315697	810.8445852
89.74328	53.19094443	808.5315212
89.74074	52.98276766	810.195148
89.70518	52.15006057	811.307198
89.71788	52.1847567	807.704156
89.71534	51.00508833	844.9177972
89.7255	48.57635933	882.878736
89.78138	43.71890132	920.866364
89.81694	37.78541851	958.942956
89.84234	32.16464568	999.688468
89.87028	26.85569318	1035.807852
89.8906	22.0329313	1072.90584
89.916	16.51580204	1111.961036
89.93886	10.82563695	1148.614204
89.95156	7.390720214	1153.86308
89.97188	3.261569535	1155.286504
89.98966	3.330961792	1150.30452
89.9795	2.775779252	1151.283124
89.50198	-2.498210224	1154.041008
88.09736	-10.37458727	1155.553396
86.741	-16.41171365	1160.179524
85.1408	-22.93503065	1163.293264
83.64474	-27.9659693	1167.563536
82.06486	-31.92177278	1174.057908
80.84312	-35.32199338	1178.150252
79.29372	-38.8609985	1183.132236
77.8764	-40.94276621	1191.761744
76.39558	-43.30254778	1194.964448
74.80808	-46.04354194	1198.434044
73.2282	-47.43138708	1203.060172
71.81596	-48.74983997	1208.398012
70.41134	-50.20707737	1209.376616
68.9483	-51.07448059	1214.180672
67.71386	-51.87249154	1216.493736
66.1162	-53.22564056	1222.098468
64.47536	-54.89149955	1224.500496
62.79896	-54.99558794	1230.016264
61.087	-55.93238341	1233.218968
59.67476	-55.75890277	1236.15478
58.23966	-56.86917888	1239.001628
56.79694	-58.32641629	1245.229108
55.27802	-58.56928919	1248.965596
53.38318	-59.71426143	1250.922804
51.8541	-60.92862593	1255.993752
50.3047	-61.48376399	1261.153664
48.68672	-61.8654214	1263.199836
47.1043	-63.0797859	1267.825964
45.50918	-63.60022783	1272.096236
43.96994	-64.50232718	1276.366508
42.40022	-65.2313907	1278.679572
40.8051	-66.02940166	1283.75052
39.16426	-66.30697069	1287.487008
37.42944	-66.58453971	1289.978
35.72764	-67.62542357	1296.294444
34.01314	-68.07647324	1297.717868
32.36214	-68.3887384	1302.077104
30.64002	-68.70100356	1305.279808
28.90266	-69.22144549	1307.592872
27.60726	-69.36023	1307.414944
26.29154	-69.74188742	1312.485892
24.508206	-69.53371065	1312.574856
23.205694	-70.22763322	1315.77756
21.866098	-71.02564418	1316.489272
20.54606	-69.91536806	1316.845128
19.195288	-69.36023	1315.33274
17.448784	-69.25614162	1316.22238
16.111474	-69.01326872	1317.023056
14.775434	-68.11116937	1318.980264
13.442696	-66.86210874	1317.289948
12.103862	-67.62542357	1314.532064
10.294874	-66.72332423	1311.240396
8.93445	-66.34166681	1309.10526
7.53237	-65.19669457	1305.99152
6.167882	-64.32884653	1302.343996
4.346702	-63.98188525	1298.607508
2.96672	-62.66343236	1284.106376
1.5626588	-61.31028335	1271.117632
0.18718276	-59.9224382	1258.306816
-1.1996166	-58.18763177	1240.780908
-3.007868	-56.10586406	1226.190812
-4.360672	-55.27315697	1206.35184
-5.737098	-52.73989476	1183.488092
-7.084568	-50.41525414	1138.561272
-8.932418	-46.32111097	1093.901344
-10.295636	-42.60862521	1044.526324
-11.616436	-38.44464495	994.61752
-12.964922	-34.07293275	949.6907
-13.829538	-31.71359601	902.895636
-15.172436	-29.1803338	866.4381888
-16.46047	-27.09856608	824.5094556
-18.188178	-26.23116287	798.00708
-19.486372	-24.53105256	770.6684428
-20.735798	-22.55337323	747.9559336
-21.997416	-22.0329313	723.7577256
-23.718012	-21.75536228	706.3919528
-24.992584	-21.13083196	688.6614276
-26.31186	-20.64508616	674.0713316
-27.5336	-20.40221326	649.5973352
-29.23794	-19.70829069	634.4556624
-30.5054	-19.67359456	622.4455224
-31.73984	-19.74298682	604.9018216
-32.93364	-18.56331844	587.4470848
-34.48558	-19.04906425	571.3801864
-36.05784	-18.32044554	559.094258
-37.60724	-19.1184565	543.7657608
-38.78834	-18.42453393	518.3665388
-40.27424	-17.55668589	505.626894
-41.72204	-17.83469974	497.219796
-42.80662	-17.62607815	481.51765
-44.24934	-17.69547041	474.133638
-45.68952	-17.904092	464.7123504
-47.13986	-18.32044554	454.5526616
-48.59528	-18.28574942	445.7808112
-50.02784	-18.00818039	437.4715736
-51.44262	-18.21635716	430.541278
-52.80152	-18.11226877	421.4936392
-54.18328	-18.00818039	414.2875552
-55.48122	-18.32044554	406.1562456
-57.11698	-18.11226877	399.6974592
-58.45048	-18.59801457	398.0338324
-58.60034	-15.89127172	398.1227964
-58.56478	-16.41171365	399.7864232
-58.55462	-16.03005623	398.3985848
-58.55716	-16.06475236	402.651064
-58.53938	-15.85657559	442.4535576
-58.33872	-14.0523769	403.852078
-55.00878	-4.337194004	361.8343808
-55.05958	-4.267801747	321.8450628
-54.94274	-4.198409489	282.9677948
-54.96814	-3.782011464	244.1794908
-54.9656	-3.469746307	206.5922008
-55.0545	-4.024884364	170.3838528
-55.19674	-4.198409489	133.9975768
-55.42534	-4.163713361	98.171774
-55.81142	-4.302497875	62.52211992
-56.48198	-4.926850261	26.04332136
-57.12206	-4.753369618	63.44556624
-56.85282	-4.822761875	99.1859636
-56.3245	-4.475800589	95.9565704
-57.54624	-5.655468962	93.7324704
-58.71464	-5.794253476	95.3071332
-60.20562	-6.662101513	94.0171552
-61.73216	-7.390720214	94.1950832
-63.15202	-8.362211815	93.1808936
-64.48298	-9.22961503	94.8445204
-65.7733	-9.923537601	95.2181692
-67.24904	-10.37458727	97.7091612
-68.60286	-11.10320597	95.3960972
-69.01688	-12.04000145	95.6718856
-69.8627	-12.52574725	96.6949716
-71.31304	-13.28906208	96.0455344
-72.1995	-13.67071949	97.5223368
-73.7616	-13.87889626	97.1575844
-75.23988	-13.70541562	99.1859636
-76.19492	-14.81569173	99.7375404
-77.39888	-14.60751496	98.8123148
-78.82636	-15.40552592	96.1344984
-78.8162	-12.42165886	91.4283028
-77.59192	-10.6521563	91.9798796
-76.11364	-9.784753087	89.675712
-75.02906	-8.154035043	89.0262748
-73.77176	-7.4948086	88.84211932
-72.37476	-6.766189899	89.0262748
-70.74916	-5.516684447	88.6570742
-69.75856	-5.20441929	88.56455164
-68.30822	-3.920795978	88.93464188
-66.929	-3.747315335	88.2878736
-65.66408	-3.261569535	89.85364
-64.37376	-3.088088892	88.2878736
-63.0555	-2.185945066	89.3999236
-61.6331	-1.387889626	90.1383248
-60.11672	-1.491978012	90.876726
-58.62066	-0.520441929	93.0919296
-57.0992	-0.069396705	92.9051052
-55.54726	0.659270926	94.9334844
-53.90388	0.555138058	94.657696
-52.53736	1.873679909	95.769746
-51.22164	2.185945066	97.4333728
-49.47666	2.116552809	97.5223368
-48.06188	2.775779252	99.461752
-46.61154	3.365657921	101.2143428
-45.15866	3.955492107	101.774816
-43.7134	4.337194004	102.6021812
-42.23512	4.267801747	105.555786
-40.71874	5.343203804	103.7142312
-39.19982	6.106963456	105.1910336
-38.04158	5.343203804	106.8546604
-36.45916	6.558013127	107.2194128
-34.93262	6.176355713	108.6072512
-33.37814	6.939670542	108.6962152
-32.18688	7.182543442	110.359842
-31.00832	7.217239571	109.158828
-29.44368	7.841769886	111.0982432
-27.81554	7.807073757	111.560856
-26.19502	8.188731172	111.560856
-24.910542	8.431604072	112.1124328
-23.668228	9.021438258	112.0234688
-21.950172	9.090830515	114.6034248
-20.665186	9.333703415	111.0982432
-19.38147	9.22961503	113.3134468
-18.060162	9.333703415	113.5002712
-16.36141	9.95823373	114.2386724
-15.015972	9.507184058	112.2992572
-13.700506	9.854145344	114.8881096
-11.960098	10.61746017	113.8650236
-10.67689	9.854145344	114.6034248
-9.370568	10.06232212	115.7154748
-8.05307	10.99911759	116.7296644
-6.669786	10.86033307	114.1497084
-4.863846	11.6236479	115.4396864
-3.570478	11.20729436	114.7902492
-2.2427692	10.6521563	117.2901376
-0.4355592	11.34607887	114.7012852
0.9071356	11.51955952	115.3507224
2.2376384	11.58895177	113.3134468
3.49631	11.69304016	109.7104048
3.483864	10.96442146	111.3740316
3.493262	10.92972533	75.63541352
3.4925	9.47248793	39.61833812
3.242564	7.633593114	3.786396804
2.735326	6.315140227	8.40398426
4.087876	7.251935699	5.26399988
5.40512	7.807073757	4.432898192
6.337808	7.841769886	6.0028459
6.32333	7.356024085	5.54112274
6.333236	7.668289243	5.448689144
6.320536	7.009062799	5.633467372
6.31444	7.043758928	1.569947708
