"Ohno and Nishioka 1984, Specimen L2"	
613	
0	0
0.28928	2.4594
0.28928	9.0179
0.57856	15.085
0.86784	21.643
1.1571	28.857
1.5428	35.744
2.4106	45.089
2.8928	51.81
3.5677	56.894
4.1463	62.143
4.8212	67.552
5.4963	72.471
5.6891	74.273
5.4963	67.387
5.0142	61.978
5.0142	56.565
4.7249	49.844
4.3391	44.27
3.7605	39.023
3.2784	33.448
2.9891	28.365
2.6035	23.118
2.2178	18.364
1.6392	11.969
1.1571	6.2308
0.96426	0.32792
0.57856	-5.0827
0.48212	-10.657
0.096426	-15.412
0	-21.151
-0.19285	-25.578
-0.7714	-30.333
-1.1571	-33.284
-2.3142	-42.63
-3.2784	-50.827
-3.6642	-55.253
-4.2428	-59.354
-4.5321	-63.126
-5.0142	-68.046
-5.3998	-71.653
-5.6891	-75.585
-5.4963	-69.847
-4.8212	-63.615
-4.3391	-57.388
-3.857	-51.81
-3.4714	-47.385
-2.8928	-40.991
-2.7	-36.236
-2.5071	-31.644
-2.2178	-26.889
-1.8321	-22.135
-1.5428	-12.789
-1.2535	-4.919
-0.7714	0.65586
-0.3857	5.7388
-0.096426	10.165
0.28928	14.428
0.7714	20.495
0.96426	25.578
1.2535	30.169
1.5428	35.252
2.0249	40.662
2.3142	45.254
2.8928	51.975
3.857	59.519
5.1105	69.193
6.1712	76.079
7.2319	84.112
8.0998	90.179
9.064	96.735
9.7389	100.67
10.317	103.95
9.8354	96.9
9.3533	87.884
9.064	82.475
8.6784	78.045
8.3891	73.454
7.6177	65.092
7.2319	58.86
6.4605	51.486
5.7856	45.089
4.6284	33.448
3.9535	27.546
3.2784	20.987
2.6035	13.937
2.1214	8.6901
1.6392	3.7711
1.35	0.32792
0.48212	-6.5586
-0.096426	-14.428
-0.28928	-24.594
-0.96426	-31.644
-1.6392	-36.728
-2.1214	-41.974
-2.6035	-48.043
-2.8928	-52.798
-3.6642	-57.059
-4.0498	-61.485
-4.8212	-66.075
-5.9784	-76.408
-7.2319	-85.095
-8.0998	-90.833
-8.6784	-93.951
-9.064	-94.44
-9.2568	-90.833
-8.7747	-84.77
-8.1961	-78.538
-7.4247	-71.159
-5.9784	-56.401
-4.4356	-42.63
-3.3749	-33.448
-2.6035	-24.43
-1.8321	-16.724
-0.7714	-7.8703
-0.096426	-0.4919
0.28928	3.6072
0.96426	17.708
2.5071	31.153
3.2784	39.351
4.2428	47.549
4.8212	54.928
5.4963	59.848
6.1712	66.898
6.8463	71.653
7.4247	77.062
7.907	82.635
8.4854	88.377
9.064	92.968
9.8354	97.229
10.896	101.65
12.246	104.77
15.139	105.76
18.996	107.56
21.406	107.4
21.117	103.13
20.828	96.735
20.346	89.685
19.767	82.635
18.996	73.783
17.742	61.978
16.489	50.009
14.56	32.792
13.596	25.086
11.571	11.477
10.607	3.9351
9.6426	-2.7873
8.6784	-10.494
7.1354	-18.2
5.8819	-25.25
4.6284	-30.169
2.6035	-39.679
0.19285	-48.203
-1.0607	-53.616
-2.6035	-60.173
-3.7605	-66.24
-4.9177	-71.488
-5.7856	-76.568
-7.0391	-84.441
-7.907	-89.031
-8.7747	-94.115
-9.9319	-95.917
-11.475	-98.706
-14.368	-100.51
-16.971	-102.15
-18.707	-103.3
-19.381	-104.44
-20.539	-104.77
-20.539	-100.67
-20.442	-96.9
-20.057	-92.474
-19.092	-80.669
-17.164	-61.978
-15.717	-51.156
-14.368	-39.515
-13.114	-30.989
-11.86	-23.118
-9.6426	-9.5098
-9.1605	-6.3944
-6.9426	4.263
-4.6284	13.937
-2.7	22.463
-0.096426	31.153
1.6392	37.219
5.1105	49.515
7.6177	59.354
11.185	74.766
13.403	83.947
15.524	90.833
16.778	95.263
19.478	99.689
21.599	103.63
23.431	103.79
25.745	103.13
27.866	104.61
29.411	105.1
30.663	105.1
29.411	91.162
28.832	84.112
28.252	76.568
27.673	70.505
27	64.274
26.325	58.207
25.167	48.532
23.624	37.383
23.142	32.628
22.178	26.398
20.828	19.02
19.575	12.461
18.321	5.4105
16.874	-1.4757
15.524	-6.5586
12.535	-17.708
10.51	-25.742
8.3891	-31.809
5.6891	-38.859
3.2784	-45.583
1.0607	-50.827
-1.2535	-57.059
-3.9535	-63.615
-8.8712	-76.897
-12.728	-88.377
-14.657	-93.786
-15.91	-97.558
-18.707	-100.18
-20.828	-102.97
-23.238	-103.63
-26.518	-103.13
-30.856	-102.64
-30.18	-92.638
-29.411	-80.175
-28.445	-72.636
-27	-63.291
-25.745	-53.287
-24.396	-42.63
-20.249	-20.331
-18.128	-10.657
-16.585	-3.2792
-13.789	5.4105
-9.5461	18.364
-6.7498	26.07
-3.0856	36.072
0.096426	43.778
3.1821	51.156
13.982	77.555
15.91	82.635
16.489	84.276
18.899	88.377
21.889	94.28
24.492	99.035
25.938	101.82
30.47	103.79
33.556	105.59
37.028	105.26
38.859	105.26
40.594	105.43
39.632	95.098
39.053	87.23
38.184	75.749
37.125	65.91
35.966	57.877
34.714	49.026
33.652	40.334
32.494	33.12
31.339	25.086
28.735	13.281
27.48	7.8703
25.842	0.16396
23.914	-5.0827
21.599	-11.477
18.321	-21.151
16.007	-27.546
11.571	-37.547
8.4854	-44.76
5.3035	-51.156
1.9285	-56.241
-2.3142	-63.291
-7.907	-72.471
-11.667	-79.028
-15.91	-85.753
-20.442	-92.145
-24.396	-98.376
-26.807	-99.524
-32.4	-101.33
-38.087	-102.64
-41.463	-102.48
-40.787	-94.605
-40.114	-84.77
-39.632	-80.504
-38.087	-70.505
-37.318	-63.944
-35.87	-55.747
-34.135	-44.105
-32.111	-31.644
-28.252	-14.265
-26.325	-6.2308
-25.649	-2.6234
-21.889	6.0666
-18.996	14.265
-16.103	21.151
-12.535	28.529
-7.8105	37.711
-2.7963	47.549
2.3142	56.076
7.0391	63.615
11.957	71.978
16.778	79.85
21.696	88.537
24.396	93.457
27.963	97.229
30.856	100.67
33.749	103.63
37.125	105.1
40.594	105.59
45.801	107.07
51.973	108.05
51.394	97.887
50.335	86.407
49.756	79.192
49.37	75.914
47.732	60.008
46.284	51.156
45.032	42.302
43.198	31.153
42.139	24.267
40.305	16.888
38.666	9.3457
36.546	0.16396
30.663	-12.789
28.059	-19.183
24.974	-26.234
21.406	-32.792
18.224	-39.843
14.85	-46.072
10.703	-52.139
7.2319	-57.553
4.4356	-62.143
0.28928	-67.058
-2.7963	-70.665
-7.6177	-76.408
-11.475	-80.504
-17.935	-88.537
-21.406	-91.985
-26.711	-96.41
-30.759	-99.524
-33.942	-101.49
-37.701	-102.48
-41.656	-102.97
-44.163	-103.46
-49.466	-104.28
-48.598	-94.769
-47.539	-82.964
-46.67	-73.783
-45.032	-62.468
-42.812	-48.861
-40.401	-36.891
-37.991	-24.922
-34.232	-9.6735
-32.4	-3.1153
-27.287	7.7062
-23.624	15.576
-21.214	21.151
-16.682	29.021
-12.053	37.711
-8.3891	44.925
-2.7963	52.139
1.6392	58.207
6.364	64.763
11.089	71.159
15.524	77.062
24.01	88.213
30.759	95.917
36.739	101.17
42.235	104.61
46.573	105.92
50.046	107.56
53.226	108.7
57.567	108.7
61.422	108.38
60.363	97.064
59.687	88.213
59.108	82.31
58.529	75.585
57.663	69.358
56.891	62.961
56.022	55.582
55.156	48.368
54.48	43.614
53.419	37.055
52.842	33.284
49.853	18.364
47.249	8.1981
44.935	-0.4919
40.114	-9.6735
35.58	-18.528
30.373	-28.038
26.035	-35.907
23.624	-40.662
20.731	-45.743
14.56	-54.27
9.9319	-61.32
2.6035	-69.358
-0.96426	-73.29
-4.5321	-76.897
-9.064	-80.669
-13.885	-85.095
-17.742	-87.884
-21.406	-91.326
-27.097	-95.263
-30.856	-97.887
-34.039	-99.689
-38.28	-101.65
-42.235	-102.8
-46.477	-103.95
-50.815	-104.28
-55.829	-104.61
-59.398	-103.79
-60.653	-103.46
-62.774	-103.46
-61.905	-94.28
-60.846	-80.175
-59.012	-68.21
-57.47	-59.025
-56.215	-51.156
-55.156	-46.402
-52.939	-34.76
-51.587	-27.546
-49.37	-19.183
-45.225	-3.9351
-39.825	5.5747
-35.966	12.625
-32.591	19.183
-27.48	27.054
-23.238	33.94
-20.249	38.859
-17.164	42.794
-13.5	47.549
-10.414	52.139
-4.1463	60.173
3.857	68.37
9.1605	73.29
14.174	78.538
19.381	83.622
23.817	88.048
28.928	92.803
34.328	97.558
40.787	102.48
47.249	104.44
49.949	105.26
54.094	106.41
59.108	106.74
63.543	107.23
67.788	107.72
71.933	107.72
71.643	100.18
70.777	89.196
69.812	79.686
69.04	70.995
67.305	57.224
65.667	47.549
64.219	37.875
62.774	29.021
62.001	25.086
60.267	18.528
58.722	12.953
57.18	7.0505
56.119	1.9675
55.735	0.4919
51.587	-6.2308
47.732	-12.133
44.163	-18.2
39.728	-24.267
37.221	-28.693
33.073	-35.252
29.411	-40.826
26.421	-45.908
24.106	-49.515
21.117	-54.928
17.646	-58.536
13.307	-62.797
9.8354	-66.733
5.207	-71.324
1.0607	-75.42
-1.8321	-77.72
-5.3035	-80.015
-10.414	-83.947
-14.657	-86.901
-20.057	-90.179
-27.097	-94.115
-31.918	-96.735
-36.835	-99.195
-41.366	-100.51
-45.512	-101.98
-50.912	-102.48
-54.48	-102.8
-59.012	-103.3
-67.498	-103.3
-71.547	-102.97
-70.294	-90.997
-69.522	-82.635
-69.04	-77.062
-66.919	-64.763
-65.088	-54.764
-62.967	-42.794
-61.229	-33.94
-59.108	-25.086
-56.891	-16.888
-55.156	-10.002
-53.419	-3.9351
-48.501	2.4594
-46.96	5.4105
-41.946	12.297
-36.256	19.839
-29.7	29.513
-24.974	36.072
-21.021	41.974
-16.778	48.532
-12.439	53.287
-8.0998	57.713
-4.0498	62.308
0.096426	66.898
4.8212	71.978
9.9319	77.391
14.078	81.981
17.357	85.095
21.021	87.39
23.335	89.196
27.673	92.309
32.014	95.263
40.208	99.035
46.573	101.65
52.36	103.95
57.18	104.61
62.87	105.1
69.136	105.26
74.633	105.26
80.902	104.61
85.915	104.44
84.661	95.098
83.698	86.407
82.443	76.568
81.191	66.24
80.322	58.7
79.647	50.992
78.491	42.302
77.333	35.252
76.177	28.201
75.308	24.43
72.801	13.281
71.354	6.8864
70.391	2.9513
70.005	0.4919
66.822	-3.4432
62.677	-9.0179
57.663	-15.412
52.553	-22.627
42.908	-35.416
39.535	-40.499
35.484	-46.402
29.507	-55.582
25.071	-59.519
20.057	-64.109
16.489	-67.552
5.207	-76.897
-0.86784	-81.163
-6.0749	-84.276
-11.764	-87.719
-16.971	-90.179
-22.178	-92.803
-30.759	-96.246
-38.956	-96.735
-46.477	-97.229
-53.805	-97.723
-64.315	-99.359
-73.574	-99.195
-75.405	-98.541
-73.767	-84.441
-71.836	-67.881
-68.943	-52.958
-65.377	-34.104
-61.326	-19.02
-59.398	-11.477
-57.47	-3.9351
-52.939	0.4919
-47.539	6.0666
-40.114	13.609
-32.304	21.643
-28.156	26.398
-24.203	30.989
-20.828	36.236
-16.778	42.794
-12.728	48.861
-11.185	51.321
-5.207	56.565
-1.8321	59.354
2.3142	63.126
8.6784	68.864
18.514	75.914
23.817	79.686
31.339	84.77
35.387	87.39
41.077	90.343
49.37	94.44
53.901	97.064
58.915	98.376
65.57	100.18
68.27	100.84
74.343	101
78.781	100.51
82.443	100.51
88.229	100.34
92.182	99.689
98.064	98.212
