"Ono et al. 1989, Specimen CA025C"	
1083	
0	0
0.037846	3.1525
0.088306	8.7301
0.12615	14.792
0.18923	22.067
0.2523	27.887
0.30277	32.98
0.35321	38.557
0.40368	43.892
0.41631	47.046
0.40368	42.922
0.36584	36.86
0.31537	31.767
0.23969	25.22
0.164	16.732
0.11354	10.67
0.075689	4.8501
-0.012615	-2.1825
-0.037846	-7.5176
-0.088306	-14.307
-0.15138	-19.885
-0.21446	-27.402
-0.26492	-33.222
-0.35321	-41.952
-0.39106	-47.772
-0.26492	-37.345
-0.21446	-27.645
-0.11354	-18.672
-0.037846	-8.9725
0.012615	-0.2425
0.11354	8.7301
0.17661	18.915
0.32799	31.282
0.37846	39.042
0.45415	45.832
0.52984	55.289
0.61813	65.475
0.64338	69.598
0.61813	63.775
0.55507	56.018
0.44153	44.863
0.34061	32.01
0.21446	20.612
0.12615	9.2149
0.037846	-1.6975
-0.05046	-11.155
-0.12615	-23.038
-0.21446	-30.555
-0.27752	-39.527
-0.32799	-46.077
-0.40368	-53.109
-0.492	-60.866
-0.54244	-66.929
-0.56769	-69.113
-0.492	-61.111
-0.37846	-48.986
-0.29014	-38.315
-0.20184	-28.615
-0.10092	-16.975
-0.037846	-8.0024
0.088306	5.0925
0.164	16.49
0.26492	26.918
0.36584	40.982
0.492	53.594
0.56769	61.351
0.63076	69.598
0.52984	58.442
0.44153	49.471
0.35321	39.285
0.29014	32.252
0.22707	24.007
0.13877	16.247
0.088306	8.9725
0.037846	1.6975
-0.037846	-5.5773
-0.11354	-15.278
-0.17661	-24.735
-0.26492	-32.98
-0.35321	-41.467
-0.44153	-50.925
-0.5046	-58.198
-0.54244	-64.745
-0.60554	-69.113
-0.52984	-60.866
-0.44153	-50.44
-0.34061	-38.072
-0.22707	-24.977
-0.12615	-14.55
-0.037846	-5.8198
0.037846	2.91
0.12615	13.337
0.20184	24.25
0.34061	36.86
0.40368	47.287
0.52984	60.866
0.64338	70.083
0.73167	76.63
0.87043	82.933
1.0849	89.24
1.2363	93.848
1.5012	100.64
1.4255	93.604
1.3624	88.511
1.2741	83.418
1.1858	78.085
1.1101	74.691
1.0218	70.323
0.93353	66.204
0.76952	57.473
0.63076	50.196
0.51722	44.863
0.4289	39.042
0.32799	32.737
0.20184	23.038
0.088306	15.52
0.063076	8.2448
0	1.2125
-0.02523	-6.305
-0.10092	-14.792
-0.23969	-26.675
-0.2523	-32.737
-0.29014	-39.77
-0.41631	-48.501
-0.5046	-57.228
-0.58029	-64.745
-0.70645	-72.751
-0.89568	-80.994
-1.0344	-87.056
-1.211	-92.394
-1.3751	-96.757
-1.5138	-98.941
-1.4507	-91.18
-1.3498	-84.147
-1.2363	-77.115
-1.0597	-68.628
-0.85783	-58.198
-0.69383	-49.955
-0.52984	-41.952
-0.35321	-31.282
-0.12615	-19.158
0	-2.1825
0.15138	8.7301
0.29014	19.642
0.39106	29.342
0.52984	38.072
0.6686	47.772
0.79474	56.018
0.90828	64.26
1.148	77.115
1.3372	87.056
1.5012	95.788
1.5895	102.09
1.4381	92.149
1.3498	84.147
1.2867	76.386
1.2489	70.568
1.1354	62.321
0.98397	54.079
0.83259	45.832
0.73167	40.255
0.65598	31.767
0.492	22.552
0.34061	12.61
0.20184	4.1225
0.063076	-4.365
-0.037846	-11.882
-0.15138	-19.642
-0.34061	-29.342
-0.45415	-37.345
-0.58029	-48.501
-0.75689	-57.473
-0.90828	-65.719
-1.0723	-73.961
-1.211	-82.448
-1.312	-88.755
-1.3751	-93.604
-1.5012	-102.34
-1.4633	-93.604
-1.3372	-83.662
-1.1984	-67.659
-1.1354	-59.172
-0.90828	-47.531
-0.68123	-37.83
-0.47937	-29.1
-0.23969	-19.158
-0.075689	-11.155
0.02523	-3.88
0.29014	15.52
0.51722	31.767
0.64338	42.68
0.75689	54.804
0.84521	63.05
1.0092	72.751
1.1858	81.963
1.312	89.965
1.4255	97.482
1.5012	101.12
1.4633	91.18
1.3498	80.994
1.2867	73.236
1.211	65.719
1.1101	58.927
0.93353	51.165
0.79474	40.982
0.68123	30.555
0.46675	18.43
0.29014	7.0323
0.075689	-5.0925
-0.075689	-16.49
-0.27752	-29.342
-0.5046	-43.165
-0.85783	-58.198
-0.99659	-67.899
-1.2363	-80.024
-1.4003	-90.695
-1.5012	-97.242
-1.5643	-102.82
-1.3877	-85.846
-1.211	-67.899
-1.0723	-57.713
-1.0092	-52.624
-0.87043	-45.588
-0.7443	-39.527
-0.59291	-32.737
-0.47937	-28.13
-0.31537	-22.067
-0.17661	-16.247
-0.075689	-10.427
0.012615	-4.1225
0.13877	14.792
0.23969	24.007
0.39106	34.192
0.51722	42.922
0.61813	51.41
0.85783	63.05
1.148	78.325
1.3246	88.026
1.5643	99.911
1.8418	107.91
2.0815	114.95
2.2203	117.12
2.2329	107.67
2.1319	101.61
1.9932	88.996
1.8418	79.539
1.6652	71.052
1.5138	64.02
1.3498	57.228
1.1858	51.165
1.0597	45.588
0.84521	34.677
0.68123	26.432
0.46675	17.46
0.22707	7.2751
0.10092	0.48501
-0.05046	-7.2751
-0.18923	-15.52
-0.27752	-22.795
-0.37846	-29.342
-0.44153	-34.435
-0.58029	-43.407
-0.70645	-49.955
-0.9209	-61.596
-1.0597	-69.113
-1.3372	-80.509
-1.4507	-88.026
-1.5517	-95.303
-1.6778	-102.09
-1.8292	-108.64
-2.1067	-115.91
-2.296	-119.07
-2.2581	-108.4
-2.0941	-95.788
-2.0058	-88.271
-1.8797	-78.085
-1.703	-69.353
-1.4507	-59.172
-1.1858	-47.531
-0.93353	-35.89
-0.71905	-26.19
-0.492	-15.278
-0.27752	-5.3349
-0.05046	4.365
0.164	14.55
0.52984	30.07
0.88306	52.135
1.1354	64.26
1.3372	73.721
1.539	81.478
1.7409	90.45
2.0058	102.34
2.195	108.64
2.1319	99.182
2.0563	90.695
1.9301	81.723
1.703	71.777
1.4886	63.775
1.1984	53.349
0.97137	43.407
0.73167	33.465
0.51722	25.22
0.29014	16.005
0.12615	8.0024
0	0.48501
-0.23969	-14.307
-0.5046	-33.465
-0.88306	-48.741
-1.0092	-55.289
-1.2237	-63.775
-1.4507	-72.267
-1.7156	-81.238
-1.9175	-91.18
-2.0689	-98.697
-2.296	-108.15
-2.1572	-95.788
-2.0184	-84.872
-1.7661	-72.751
-1.5643	-62.566
-1.3624	-53.834
-1.1228	-42.437
-0.88306	-30.555
-0.60554	-18.43
-0.32799	-6.5475
-0.037846	5.3349
0.164	16.975
0.44153	31.282
0.69383	43.65
1.1228	62.806
1.4381	75.66
1.7661	87.786
2.031	97.727
2.3212	108.15
2.4347	111.79
2.1446	97.482
1.8923	80.994
1.6778	70.323
1.4255	58.682
1.1984	48.986
0.84521	35.405
0.58029	25.462
0.4289	18.43
0.18923	6.305
0	-3.1525
-0.18923	-14.55
-0.34061	-23.765
-0.59291	-38.072
-0.71905	-45.347
-0.97137	-55.533
-1.1228	-62.566
-1.5012	-72.992
-1.804	-86.331
-2.0563	-97.242
-2.296	-107.91
-2.1067	-92.634
-1.9049	-79.784
-1.6274	-67.174
-1.3877	-56.018
-0.98397	-38.072
-0.94612	-36.132
-0.7443	-25.705
-0.492	-12.367
-0.2523	0
0.15138	18.43
0.45415	32.495
0.70645	45.588
1.0471	58.927
1.3246	70.323
1.5895	80.509
1.9049	93.119
2.1067	101.85
2.4473	113.49
2.6871	121.98
2.9771	126.59
2.9393	113.25
2.8763	104.27
2.7501	92.879
2.4473	80.269
2.1572	69.598
1.8292	56.503
1.5264	45.103
1.2615	36.132
0.84521	23.28
0.58029	13.58
0.2523	1.6975
-0.037846	-8.4872
-0.30277	-19.158
-0.59291	-32.495
-0.81999	-42.195
-1.1101	-54.804
-1.4129	-68.868
-1.6526	-78.814
-1.8797	-90.45
-2.0563	-96.028
-2.4221	-111.55
-2.6995	-116.88
-3.0401	-121.98
-2.952	-111.55
-2.7122	-94.818
-2.5104	-85.117
-2.2455	-72.992
-1.9049	-58.198
-1.476	-43.407
-1.1732	-31.282
-0.80736	-18.672
-0.52984	-6.5475
-0.23969	3.88
-0.05046	12.852
0.088306	21.825
-0.2523	-4.365
0.063076	13.095
0.29014	24.25
0.63076	37.102
0.99659	48.256
1.4255	60.382
1.6652	69.113
2.031	80.994
2.3086	89.965
2.6492	100.88
2.9393	111.79
2.7374	95.788
2.4978	83.662
2.1698	70.083
1.8544	55.048
1.4633	42.437
1.1354	32.252
0.75689	19.4
0.55507	10.67
0.27752	-0.72751
-0.063076	-15.278
-0.30277	-25.22
-0.59291	-37.83
-0.93353	-51.65
-1.6147	-71.293
-1.8797	-79.784
-2.4221	-96.028
-2.7752	-106.21
-3.015	-113.49
-2.7249	-95.303
-2.4473	-81.963
-2.1824	-69.838
-1.867	-57.957
-1.4633	-43.165
-1.0849	-28.615
-0.6686	-13.095
-0.2523	0
-0.012615	9.2149
-0.012615	9.2149
0.39106	23.28
0.70645	33.222
1.148	49.955
1.5012	62.081
1.8797	76.87
2.2203	88.271
2.523	97.967
2.7628	105.49
2.9644	113.49
2.6871	93.604
2.4852	82.208
2.2203	70.083
2.0184	60.382
1.7283	51.165
1.3751	38.8
1.0218	26.19
0.6686	13.095
0.18923	-1.2125
-0.10092	-17.46
-0.36584	-29.342
-0.7443	-43.892
-1.0975	-56.018
-1.64	-70.808
-2.1446	-87.056
-2.5481	-100.15
-2.9014	-111.31
-2.9898	-114.46
-2.5735	-88.026
-2.0941	-67.899
-1.539	-48.016
-1.148	-34.192
-0.73167	-17.217
-0.11354	4.1225
0.47937	24.492
1.0092	41.71
1.4633	62.081
1.9175	76.386
2.5356	96.998
2.8887	107.91
3.2421	119.31
3.6584	125.86
4.1631	129.01
4.5161	129.98
4.4658	117.85
4.3017	103.3
3.9863	85.602
3.7089	73.477
3.2042	58.927
2.6238	45.588
2.1698	33.707
1.6652	21.825
1.2994	12.852
0.87043	2.6675
0.5046	-7.0323
0.10092	-17.703
-0.52984	-35.647
-1.2489	-57.957
-1.6778	-71.537
-2.0689	-83.178
-2.4726	-96.513
-3.015	-114.46
-3.1537	-118.1
-3.6078	-125.37
-4.0874	-129.73
-4.4783	-130.22
-4.5161	-121.49
-4.3901	-108.4
-4.0368	-91.42
-3.6078	-73.236
-2.8006	-50.925
-1.9932	-30.07
-1.2741	-14.307
-0.81999	-2.425
-0.32799	10.67
0.30277	27.645
0.99659	44.377
1.7409	62.321
2.5481	81.963
3.2294	98.456
3.9863	114.46
4.491	123.19
4.3647	107.91
4.0998	92.149
3.6711	73.961
3.1537	57.957
2.6238	44.377
1.9806	29.342
1.5138	18.43
1.0092	6.7899
0.59291	-2.91
-0.10092	-20.612
-0.70645	-34.92
-1.2615	-48.741
-1.7913	-61.111
-2.4599	-76.386
-3.0528	-89.965
-3.6332	-105.24
-3.936	-112.28
-4.2512	-118.34
-4.5037	-122.7
-4.491	-118.58
-4.3523	-105.97
-4.0747	-91.18
-3.6332	-76.386
-3.2294	-64.745
-2.8384	-53.834
-2.2581	-38.315
-1.6652	-21.825
-0.83259	-2.1825
-0.27752	11.64
0.22707	25.462
0.9209	39.285
1.7661	57.957
2.4347	73.961
3.1412	88.511
3.936	106.46
4.5037	118.1
4.3774	107.67
4.1882	96.757
3.9233	85.117
3.6205	72.992
3.2042	60.626
2.6871	47.772
2.2329	36.375
1.703	22.552
1.3246	13.58
0.89568	3.1525
0.46675	-8.0024
0.15138	-16.005
-0.34061	-28.372
-0.90828	-43.407
-1.5264	-55.289
-2.0941	-65.959
-2.5735	-75.416
-3.0528	-87.301
-3.5575	-98.941
-3.8727	-105.97
-4.0747	-110.34
-4.2639	-114.22
-4.4404	-117.61
-4.3774	-107.67
-4.1504	-94.573
-3.9106	-84.872
-3.5954	-73.961
-3.2294	-63.291
-2.8636	-52.38
-2.5481	-44.135
-2.2203	-35.162
-1.8544	-25.705
-1.3372	-13.823
-0.88306	-3.395
-0.52984	5.0925
-0.088306	15.52
0.51722	29.585
1.3246	46.562
1.867	58.682
2.3969	70.568
2.9644	82.208
3.507	94.089
4.0117	106.7
4.3269	113.49
5.0208	121.25
5.5001	123.43
6.0175	124.65
6.0427	113.25
5.8534	101.12
5.6137	87.301
5.3487	76.145
5.0838	65.719
4.7432	56.988
4.428	49.955
4.1882	43.65
3.7592	35.647
3.4564	29.585
2.9393	22.067
2.4095	14.55
1.9049	7.0323
1.5264	0.72751
0.76952	-8.9725
0.34061	-16.247
-0.164	-24.007
-0.58029	-31.525
-1.0723	-42.437
-1.4886	-51.41
-1.8923	-59.897
-2.2581	-69.113
-2.8006	-83.178
-3.3177	-94.089
-3.7341	-103.3
-4.062	-109.85
-4.7686	-118.34
-5.3614	-123.43
-5.7777	-125.13
-6.0554	-124.4
-6.0175	-113.01
-5.7272	-97.482
-5.5255	-88.755
-5.3363	-81.963
-5.0714	-73.236
-4.6929	-63.05
-3.8603	-42.922
-3.4564	-34.677
-3.0401	-27.402
-2.0689	-12.367
-1.4507	-2.6675
-0.73167	7.0323
-0.13877	16.49
0.73167	32.737
1.211	42.195
1.867	53.834
2.5987	66.444
3.2294	76.145
3.7468	84.147
4.428	96.273
5.0208	104.76
5.5507	110.82
5.967	115.91
6.0048	116.16
6.0048	111.55
5.8661	98.941
5.702	88.026
5.3866	75.176
5.046	62.806
4.6297	53.834
4.2388	45.588
3.9738	39.285
3.6584	33.465
3.2548	29.1
2.6871	19.4
2.2203	10.912
1.6526	1.94
1.0092	-6.305
0.46675	-15.035
-0.088306	-23.038
-0.51722	-30.07
-0.90828	-37.345
-1.3246	-44.618
-1.703	-51.41
-2.3338	-61.596
-2.7249	-69.113
-3.0655	-74.691
-3.4564	-81.478
-3.9233	-88.996
-4.2766	-94.818
-4.6424	-101.12
-5.0335	-106.46
-5.5001	-111.55
-5.8407	-114.7
-6.0805	-116.16
-6.0678	-113.49
-5.7904	-100.64
-5.5507	-88.755
-5.273	-78.325
-5.046	-71.052
-4.7053	-61.596
-4.3774	-52.864
-3.9863	-44.377
-3.5575	-35.405
-3.2294	-29.585
-2.4221	-18.672
-2.0184	-12.367
-1.5012	-3.88
-0.88306	5.0925
-0.37846	12.125
0.12615	20.127
0.75689	30.07
1.211	37.83
1.6904	45.347
2.1824	54.079
2.6492	61.836
3.2294	71.293
3.7214	78.814
4.2009	85.362
4.7181	93.848
5.1849	101.12
5.765	108.15
6.0427	111.79
5.8283	96.757
5.6515	87.056
5.3741	76.87
5.1849	69.838
4.8946	61.351
4.5415	52.624
4.2009	44.618
3.7846	36.132
3.3304	27.402
2.7374	18.672
2.2581	11.155
1.6526	2.91
1.1606	-5.8198
0.60554	-13.58
0.02523	-20.855
-0.54244	-27.887
-1.0344	-34.435
-1.7661	-45.588
-2.195	-53.109
-2.5356	-58.442
-3.0401	-66.444
-3.4061	-71.777
-3.9106	-80.753
-4.2766	-86.571
-4.7432	-93.848
-5.1595	-100.64
-5.7147	-107.18
-6.0805	-111.06
-6.0678	-106.21
-5.8156	-93.604
-5.5507	-84.387
-5.2227	-74.446
-4.7432	-61.351
-4.3774	-51.65
-3.9484	-42.195
-3.6078	-34.92
-2.7628	-20.855
-2.1067	-12.125
-1.5643	-4.365
-1.0723	1.6975
-0.58029	8.4872
-0.164	15.035
0.13877	20.127
0.75689	28.857
1.211	35.162
1.6147	40.012
2.0437	46.562
2.5987	55.048
3.0277	61.596
3.6078	70.568
4.0241	77.355
4.5288	85.117
4.8946	90.21
5.4244	99.182
5.8786	104.51
6.4211	109.37
7.2789	112.76
7.506	113.49
7.5565	109.37
7.4808	100.88
7.3167	91.18
7.0896	82.208
6.8501	73.721
6.6482	66.929
6.4463	60.626
5.9543	50.44
5.6642	43.65
5.2984	35.647
4.983	29.585
4.4783	22.067
3.7846	14.065
3.2548	7.76
2.8384	1.455
2.1319	-5.3349
1.6021	-10.67
0.63076	-18.672
0.15138	-23.28
-0.39106	-28.857
-0.80736	-33.95
-1.3877	-40.74
-1.8418	-47.772
-2.3212	-55.048
-2.8636	-63.05
-3.2672	-69.113
-3.7089	-75.416
-4.1755	-81.238
-4.7686	-89.48
-5.2227	-94.573
-5.8156	-100.15
-6.0805	-102.82
-6.3581	-105.49
-6.7112	-106.94
-7.2032	-107.43
-7.6195	-107.18
-7.5943	-98.212
-7.3419	-85.846
-7.0645	-76.386
-6.7869	-66.689
-6.3454	-56.018
-5.9543	-46.802
-5.6391	-39.042
-5.3363	-33.222
-4.8567	-25.947
-4.3774	-20.612
-3.936	-15.762
-3.4313	-10.67
-2.9141	-4.6077
-1.7787	4.6077
-1.1858	9.2149
-0.63076	13.095
-0.075689	17.46
0.61813	23.522
1.3877	31.04
2.0184	38.315
2.6238	45.588
3.2799	52.624
4.0747	62.566
4.92	72.267
5.7399	80.509
6.3833	87.056
7.0267	92.879
7.4808	96.757
7.506	95.303
7.4933	89.48
7.4176	81.723
7.0645	70.323
6.7366	59.657
6.4338	50.925
6.03	42.437
5.6515	34.92
5.273	27.645
4.6929	18.915
4.1252	11.155
3.4313	4.6077
2.7752	0
2.1698	-3.88
1.64	-7.76
0.84521	-13.095
0.15138	-17.217
-0.41631	-22.067
-0.85783	-25.705
-1.6904	-31.767
-2.3969	-38.8
-3.1412	-45.103
-3.7592	-52.135
-4.3017	-58.442
-4.8821	-65.23
-5.5255	-72.267
-6.1813	-79.539
-6.7869	-85.362
-7.2916	-88.511
-7.5311	-90.695
-7.5943	-81.723
-7.3546	-70.568
-7.0896	-60.866
-6.6733	-49.711
-6.2192	-40.255
-5.8786	-32.737
-5.5758	-27.645
-4.92	-21.097
-4.4026	-16.49
-3.8476	-11.398
-3.0528	-5.3349
-2.0058	0
-1.0344	3.6375
0.21446	10.427
1.1984	16.975
2.1446	25.462
2.9393	32.98
3.5197	38.072
4.7559	51.41
5.273	57.228
5.7147	62.321
6.0175	65.959
6.396	70.808
6.7366	74.691
7.0267	77.115
7.3419	79.539
7.5187	80.753
7.4554	73.236
7.2789	64.26
6.9888	54.804
6.7112	47.772
6.2067	37.83
5.8283	30.07
5.2857	22.795
4.7559	16.975
4.062	9.6998
3.6078	4.8501
3.1537	0.2425
2.4599	-3.6375
1.2489	-10.67
0.73167	-11.882
-0.088306	-14.55
-0.93353	-17.46
-2.0058	-21.097
-2.8763	-26.432
-3.6457	-35.405
-4.2639	-41.467
-4.92	-49.226
-5.6012	-56.743
-6.2824	-64.26
-6.7996	-68.868
-7.2283	-72.507
-7.5943	-74.931
-7.5187	-65.959
-7.2159	-53.834
-6.7366	-42.437
-6.257	-33.222
-5.7399	-24.977
-4.8443	-16.732
-4.1377	-11.155
-3.5448	-6.7899
-2.9393	-1.455
-1.9301	3.6375
-0.84521	8.2448
0.60554	10.427
1.6526	15.52
2.5735	21.825
3.444	28.615
4.3144	35.405
5.1092	42.922
5.702	50.681
6.2697	58.682
7.0267	66.444
7.8339	73.236
8.5529	77.84
9.0449	80.509
8.8684	69.598
8.5405	58.442
8.1999	49.471
7.7457	39.527
7.3546	30.798
6.7239	22.31
5.7399	14.065
4.5161	3.88
3.6205	-0.72751
2.9266	-3.1525
1.9175	-6.0626
0.99659	-7.76
0.36584	-9.4573
-0.98397	-14.307
-1.804	-18.915
-2.523	-22.067
-3.3683	-26.918
-3.9611	-31.767
-4.6045	-37.83
-5.2984	-44.863
-6.1184	-52.864
-6.686	-59.172
-7.178	-64.505
-7.5311	-68.143
-8.1242	-69.598
-8.49	-71.537
-8.9568	-75.901
-9.0703	-75.901
-8.8684	-66.204
-8.7043	-61.836
-8.4143	-51.895
-7.9728	-41.467
-7.4554	-30.798
-7.1023	-24.492
-6.0932	-16.247
-5.1344	-9.6998
-4.2388	-3.395
-3.4313	0
-2.4726	1.455
-2.0058	2.1825
-0.5046	4.365
0.7443	6.7899
1.6274	9.4573
2.4473	13.095
3.2926	18.187
4.1504	23.765
4.8946	29.827
5.8156	38.315
6.888	47.287
7.6573	54.564
8.3637	60.866
9.0576	68.384
8.8054	56.503
8.2502	43.407
7.8087	33.707
7.2916	23.765
6.6987	15.035
5.6769	6.5475
4.7432	-0.48501
4.0747	-2.91
3.3556	-3.88
2.4599	-4.1225
1.2615	-6.305
0.164	-8.2448
-0.94612	-9.9426
-2.0184	-12.125
-2.9898	-16.975
-3.9106	-23.28
-4.8189	-30.07
-5.6515	-35.89
-6.3706	-41.952
-7.1148	-49.471
-7.8087	-56.018
-8.5027	-62.081
-9.0576	-66.689
-8.78	-54.804
-8.0485	-36.132
-7.3797	-24.007
-6.7869	-17.46
-5.9543	-10.427
-5.046	-3.88
-4.1882	-0.2425
-3.1664	1.2125
-2.4852	2.425
-1.4886	2.91
-0.45415	4.365
0.87043	5.0925
1.6904	7.5176
2.5104	9.9426
3.2169	12.61
3.7846	15.762
4.6297	20.127
5.4877	26.675
6.2697	35.162
7.0645	42.195
7.8844	49.711
8.4773	54.564
9.0576	60.141
8.7043	50.196
8.288	38.315
7.7457	26.432
7.0267	16.247
6.2824	9.2149
5.538	3.6375
4.6802	-0.96998
3.2548	-3.6375
2.0689	-6.5475
0.93353	-8.0024
0.075689	-8.9725
-0.75689	-8.9725
-1.7787	-10.185
-2.3716	-11.882
-3.2294	-13.58
-3.8981	-16.975
-4.7053	-22.552
-5.7526	-30.555
-6.4717	-36.132
-7.0013	-40.982
-7.8971	-49.226
-8.3259	-53.834
-8.717	-57.957
-9.0449	-61.836
-8.9819	-53.109
-8.5908	-40.74
-8.1242	-31.04
-7.5689	-22.067
-7.1148	-16.49
-6.194	-10.185
-5.3236	-5.0925
-4.5288	-0.2425
