"Petrovski and Ristic 1984, Spec. M2E1"	
606	
0	0
0	0
0	0.19619
0.20015	-2.2416
0	-6.2782
0.20015	1.1918
0.20015	-0.18159
0.20015	1.1918
0.70053	14.962
0.90068	19.979
0.4003	1.4026
-0.80061	-22.032
-0.20015	-0.11271
0.80061	18.402
0.30023	1.5914
-0.90068	-23.413
-0.20015	0.77017
0.70053	17.414
0.20015	-0.77017
-1.0008	-24.794
-0.20015	1.1626
0.70053	18.003
1.5011	30.716
1.5011	31.206
1.6012	31.802
1.6012	32.783
0.4003	0.71581
-1.0008	-25.97
-1.9014	-40.751
-1.6012	-24.935
-0.30023	0.95908
0.80061	19.187
1.6012	32.391
0.30023	-0.27244
-1.1008	-23.329
-1.9014	-39.181
-1.4011	-18.446
-0.30023	0.56675
0.80061	18.893
1.6012	32.293
1.301	20.499
0.4003	1.4025
-1.1008	-22.446
-2.0015	-39.385
-1.5011	-20.023
-0.4003	-0.32342
1.6012	31.704
2.4018	44.611
1.9014	22.602
0.50038	1.5079
-1.0008	-22.439
-2.0015	-39.679
-2.8021	-51.115
-2.602	-38.839
-2.0015	-23.885
-0.50038	0.35594
0.90068	18.704
1.8014	32.111
2.4018	43.142
2.1016	30.465
0.50038	0.91927
-0.10008	-7.5606
-1.7013	-31.123
-2.3017	-40.388
-2.9022	-49.651
-2.5019	-35.693
-1.9014	-20.542
-0.4003	0.55941
0.30023	10.42
1.6012	29.154
2.5019	43.541
2.0015	26.828
0.50038	0.82119
-0.10008	-7.1683
-2.0015	-33.793
-2.9022	-48.966
-2.2017	-26.744
-0.50038	-0.13454
0.10008	8.1491
1.4011	24.038
1.9014	32.413
2.5019	44.228
3.3025	54.193
3.2024	45.163
2.602	28.245
1.8014	15.532
0.80061	2.0202
-0.10008	-8.4436
-1.7013	-30.338
-3.0023	-50.345
-3.7028	-59.913
-3.0023	-34.356
-2.1016	-20.066
-0.50038	0.74832
0.10008	9.2283
1.7013	27.493
2.5019	39.029
3.3025	52.622
2.8021	31.889
2.0015	17.509
0.60046	0.63227
-0.20015	-8.549
-1.6012	-26.505
-2.7021	-41.3
-3.7028	-58.245
-3.4026	-45.274
-2.8021	-30.32
-0.4003	1.4423
1.2009	20.198
2.2017	33.219
3.3025	51.937
2.8021	31.595
0.70053	3.2881
-0.20015	-9.1375
-2.2017	-33.71
-3.7028	-57.462
-3.1024	-35.05
-0.4003	1.7366
1.301	21.774
2.8021	42.582
3.4026	53.908
4.2032	62.008
3.8029	43.145
2.9022	25.814
0.90068	1.3407
-1.301	-23.246
-2.8021	-42.386
-3.8029	-58.352
-4.5034	-67.818
-4.1031	-49.251
-3.3025	-33.102
-0.60046	0.54486
1.1008	17.836
1.9014	27.41
3.0023	42.499
4.2032	60.34
4.003	49.438
3.5027	34.883
2.3017	16.942
0.90068	1.7332
-0.90068	-17.331
-2.7021	-39.73
-3.4026	-48.904
-4.6035	-67.141
-4.1031	-47.583
-3.1024	-30.243
-0.50038	0.45403
0.10008	7.8551
2.602	35.701
4.2032	59.557
3.7028	38.724
2.602	20.299
0.90068	1.8312
-1.0008	-19.3
-2.5019	-34.222
-4.7036	-66.657
-4.003	-43.846
-2.9022	-26.893
-2.1016	-16.437
-0.60046	0.15246
0.70053	13.687
1.7013	24.06
3.3025	44.874
4.3033	59.958
5.204	66.986
2.1016	10.453
-0.30023	-13.657
-2.2017	-33.415
-4.003	-56.697
-4.6035	-66.354
-5.6043	-76.238
-5.1039	-53.735
-3.7028	-31.955
-0.70053	0.34133
1.9014	25.35
3.2024	40.748
4.7036	59.495
5.1039	64.232
4.5034	42.313
4.003	31.976
1.301	1.6643
-0.10008	-11.387
-1.9014	-28.685
-3.5027	-47.342
-5.7043	-75.558
-5.0038	-51.866
-3.5027	-28.212
-0.70053	0.34133
0.20015	9.0397
3.1024	38.19
5.0038	61.87
4.4033	40.246
3.3025	23.391
1.1008	0.86496
-0.4003	-13.861
-2.4018	-33.136
-4.003	-51.301
-5.4041	-70.34
-5.9045	-76.358
-5.204	-52.369
-4.4033	-39.264
-0.70053	0.53752
0.10008	8.1491
2.0015	25.553
3.4026	40.665
4.8036	60.385
5.7043	67.515
4.9037	40.184
3.903	25.102
1.5011	0.59975
-0.30023	-14.834
-2.602	-35.995
-4.2032	-53.574
-5.1039	-65.607
-6.5049	-80.522
-6.2047	-62.546
-5.204	-43.835
-3.0023	-17.679
-1.0008	1.0061
0	8.7305
1.2009	17.647
3.1024	36.424
4.6035	53.797
5.8044	67.72
6.7051	70.335
7.4056	72.052
8.5065	73.703
9.4071	74.85
10.108	74.801
10.408	70.602
9.6073	46.511
8.9068	36.061
5.8044	2.1882
3.4026	-17.998
2.0015	-24.673
0.50038	-29.687
-1.7013	-38.97
-3.5027	-49.108
-5.4041	-65.335
-6.605	-72.978
-7.6058	-77.168
-9.0068	-82.764
-11.008	-85.361
-10.608	-62.084
-9.8074	-49.175
-8.2062	-29.536
-6.7051	-14.222
-4.8036	1.9064
-3.3025	9.7647
-1.1008	18.656
0.80061	24.877
2.4018	31.173
6.0046	48.704
7.6058	57.453
10.308	67.751
10.208	54.891
9.4071	36.98
7.1054	11.21
5.9045	0.9202
4.2032	-10.877
0.10008	-27.558
-3.3025	-39.773
-4.6035	-45.95
-8.1062	-66.025
-11.209	-83.613
-10.708	-60.523
-8.7066	-33.692
-4.7036	0.63819
0.30023	21.21
3.0023	30.923
5.0038	39.212
6.7051	48.557
11.509	69.802
10.808	45.029
9.6073	28.166
6.8052	1.6724
4.2032	-14.506
0	-29.135
-3.5027	-40.279
-6.605	-55.905
-9.3071	-72.092
-11.209	-81.652
-11.108	-65.456
-8.4064	-28.569
-4.5034	0.75086
0.4003	20.335
4.3033	33.863
6.2047	43.126
10.208	63.623
9.8074	45.252
8.6065	27.308
5.8044	1.7958
3.903	-9.3288
-0.10008	-25.512
-4.7036	-43.211
-6.3048	-51.862
-11.309	-81.46
-10.908	-62.302
-8.7066	-32.024
-5.4041	-4.2193
0	18.344
3.5027	30.763
5.8044	40.938
10.208	64.019
9.5072	40.715
5.4041	-0.097163
2.5019	-14.826
-0.30023	-25.527
-4.7036	-41.936
-7.6058	-59.023
-11.309	-81.069
-10.808	-58.37
-6.5049	-11.951
-4.5034	0.26037
-1.8014	11.64
0.10008	18.351
4.9037	37.047
10.308	65.398
12.509	71.051
12.309	54.064
10.708	30.013
7.6058	1.8284
3.7028	-19.055
-0.10008	-30.025
-3.903	-40.504
-8.8067	-65.878
-11.409	-80.193
-13.61	-85.846
-13.61	-67.502
-11.008	-32.879
-6.605	0.79387
-2.4018	16.795
0.30023	23.859
4.3033	34.647
6.5049	42.657
9.3071	55.812
12.61	67.528
12.109	46.204
10.908	30.026
7.7059	1.0517
4.3033	-16.264
1.6012	-25.094
0	-29.429
-3.7028	-38.037
-5.6043	-44.749
-8.6065	-58.032
-13.81	-83.898
-13.31	-61.595
-9.4071	-18.44
-6.7051	-0.68485
-3.4026	12.406
0.4003	23.572
5.4041	37.083
12.71	66.946
12.209	46.898
10.808	28.841
7.7059	1.738
3.0023	-19.989
0.20015	-28.237
-6.2047	-46.364
-9.1069	-60.798
-13.71	-82.91
-13.31	-63.948
-10.508	-28.722
-7.5057	-5.7458
-4.1031	9.2154
-0.10008	21.182
5.8044	37.502
12.71	67.439
14.911	71.034
14.611	48.837
13.71	36.214
9.9075	2.2901
5.304	-19.919
0.20015	-32.455
-3.8029	-40.202
-6.4049	-47.747
-11.609	-71.968
-16.312	-85.944
-15.712	-60.692
-13.81	-36.221
-10.208	-7.6096
-8.7066	1.1308
-4.4033	16.06
0.50038	27.209
4.5034	34.956
6.4049	39.313
8.0061	44.531
11.209	56.439
13.01	62.262
14.911	67.302
14.511	47.36
11.209	11.017
9.9075	1.7997
7.8059	-9.0446
3.2024	-24.978
0.50038	-30.766
-3.3025	-37.813
-5.304	-42.175
-7.5057	-48.615
-9.7074	-58.098
-16.212	-83.684
-15.212	-55.06
-13.01	-29.395
-10.008	-7.3987
-8.6065	0.25479
-6.1046	9.4618
-3.6027	16.708
0.4003	25.926
6.3048	38.031
12.109	58.467
15.212	68.111
20.115	72.297
20.616	69.975
19.915	47.952
19.014	35.915
15.312	2.6839
11.209	-18.114
8.0061	-27.372
2.8021	-36.386
0	-39.337
-4.9037	-45.185
-8.5065	-53.788
-11.108	-62.417
-14.011	-72.929
-17.914	-83.907
-21.616	-85.842
-21.316	-62.573
-20.215	-48.17
-16.713	-11.829
-14.111	0.53979
-10.108	14.76
-5.5042	25.398
-2.3017	30.046
1.2009	33.931
4.3033	37.59
6.0046	39.578
7.906	42.855
9.6073	45.728
11.809	50.501
15.512	58.227
20.516	66.341
20.115	46.786
17.613	18.842
15.312	1.8999
13.01	-9.3502
8.6065	-22.718
6.1046	-28.885
2.9022	-34.711
0	-37.767
-5.7043	-44.068
-8.6065	-48.89
-11.209	-55.852
-21.616	-83.097
-21.316	-60.905
-18.714	-31.58
-16.813	-15.647
-13.61	1.7514
-9.7074	14.201
-6.0046	22.712
0.70053	31.834
6.4049	37.645
8.7066	41.344
11.309	46.542
13.51	51.706
20.516	65.064
19.915	46.382
18.414	26.454
15.111	1.1987
12.71	-9.3715
9.0068	-20.923
2.1016	-34.965
-2.1016	-40.568
-7.2055	-46.924
-9.0068	-50.292
-14.711	-64.25
-21.716	-81.042
-21.316	-61.394
-17.513	-21.487
-14.011	-1.515
-9.6073	12.246
-6.3048	20.532
0.70053	30.853
6.4049	36.958
10.808	44.147
13.911	50.558
20.516	65.166
23.518	68.129
25.519	68.672
31.224	67.506
31.024	46.413
29.822	33.182
28.222	19.036
26.119	3.9713
22.017	-16.144
19.515	-23.978
17.013	-30.048
12.509	-37.246
8.8067	-41.05
3.3025	-44.099
-0.20015	-44.94
-4.7036	-48.116
-8.8067	-51.946
-13.51	-59.744
-18.414	-69.326
-21.216	-75.024
-26.921	-81.127
-32.324	-81.518
-32.824	-70.967
-31.725	-52.155
-28.621	-22.204
-25.119	-0.26727
-21.817	12.43
-17.814	21.651
-13.71	27.74
-4.4033	33.817
0.70053	34.777
4.7036	36.932
7.3055	37.415
11.609	40.968
14.711	44.531
17.413	48.65
20.616	52.912
26.119	58.414
31.425	61.345
30.724	37.759
26.119	3.384
22.317	-10.924
18.014	-20.066
15.512	-24.86
9.8074	-33.617
4.6035	-38.413
0.10008	-41.095
-6.0046	-44.972
-11.709	-49.998
-15.412	-55.078
-21.716	-65.442
-30.122	-75.767
-33.025	-76.078
-32.525	-58.098
-30.823	-39.238
-25.019	-1.0447
-23.118	3.9969
-19.815	11.89
-13.71	21.951
-8.7066	26.635
-4.3033	29.507
-0.60046	31.936
8.3063	38.273
13.81	43.089
20.315	50.332
26.119	55.754
31.524	58.214
31.323	46.435
28.621	18.086
25.819	1.5963
22.917	-8.8204
21.316	-10.9
19.315	-14.38
16.312	-19.112
14.011	-22.616
7.906	-30.028
5.7043	-32.151
3.903	-33.951
-0.10008	-36.793
-3.8029	-39.515
-6.5049	-41.379
-10.408	-44.116
-14.111	-47.525
-17.613	-52
-20.215	-55.816
-24.118	-62.084
-32.426	-73.089
-32.624	-57.418
-30.023	-29.861
-26.119	-5.3445
-24.619	-0.42687
-19.615	9.0601
-14.311	18.571
-9.9075	22.818
-4.8036	26.331
0.30023	29.352
4.4033	31.809
8.1062	33.55
10.208	34.587
13.11	36.563
17.013	40.477
19.115	43.673
21.316	47.267
24.719	51.929
28.423	55.727
31.524	57.529
30.622	33.828
28.423	16.599
26.22	3.1951
23.518	-7.8925
21.316	-10.704
15.812	-18.56
9.7074	-26.561
0	-34.726
-6.1046	-38.996
-14.011	-44.182
-18.914	-51.11
-25.119	-62.062
-29.924	-69.472
-32.824	-72.043
