"Potangaroa 1979, Spec. 3"	
773	
0	0
0.10204	24.742
0.13606	41.237
0.13606	51.132
0.23809	65.98
0.23809	80.824
0.23809	95.668
0.30612	108.87
0.40815	123.71
0.4762	135.26
0.54422	150.1
0.64625	160
0.68026	174.85
0.81633	186.39
0.85034	199.59
0.91836	216.08
0.95237	225.98
0.98638	234.23
1.0544	247.42
1.2245	258.97
1.2925	272.16
1.3265	285.36
1.4626	300.21
1.5987	313.4
1.6327	331.54
1.7347	341.44
1.8367	356.29
1.9728	366.19
2.0068	381.03
2.1428	395.87
2.2789	412.37
2.3469	425.57
2.483	442.06
2.5509	456.92
2.7211	471.73
2.8913	491.53
3.0952	512.97
3.2654	529.47
3.4353	552.56
3.7074	565.77
3.9797	582.27
4.2517	600.42
4.5237	615.28
4.762	628.44
5.0681	644.95
5.3401	653.18
5.7483	663.1
6.1224	672.97
6.5646	684.54
6.9047	692.77
7.1768	701.04
7.4491	705.98
7.7551	712.56
7.9251	710.91
8.0612	717.54
8.1633	719.19
8.1633	712.56
8.0952	705.98
8.1293	696.1
8.1633	686.18
8.0952	677.95
8.1293	664.74
8.0612	656.51
8.0272	643.3
8.0612	635.07
7.9931	620.22
7.9591	610.3
7.9591	595.48
7.9591	585.56
7.9251	577.33
7.9251	565.77
7.8913	554.2
7.8913	539.39
7.8232	524.53
7.7551	512.97
7.6871	494.86
7.619	475.07
7.5171	456.92
7.4491	438.76
7.3469	422.27
7.2108	404.12
7.0749	385.98
6.9047	362.89
6.7008	339.8
6.5646	324.95
6.3607	305.15
6.2245	290.31
6.0884	268.86
5.9185	242.47
5.7483	224.33
5.6462	207.83
5.4762	189.69
5.272	171.55
5.1361	156.7
4.9319	133.61
4.762	118.76
4.6258	100.62
4.4557	80.824
4.2857	62.68
4.0815	42.887
3.8776	24.742
3.7074	9.8968
3.5375	-6.598
3.3332	-21.443
3.1974	-39.587
3.0612	-56.083
2.8232	-72.577
2.653	-89.071
2.483	-102.27
2.3469	-125.36
2.1769	-141.85
2.0748	-156.7
1.9048	-168.25
1.7347	-184.74
1.5987	-206.18
1.4286	-224.33
1.2245	-240.82
1.0884	-263.92
0.95237	-283.71
0.81633	-300.21
0.61224	-321.65
0.40815	-339.8
0.30612	-354.64
0.17007	-367.83
0.068026	-376.08
-0.034013	-390.93
-0.23809	-409.07
-0.40815	-422.27
-0.54422	-440.41
-0.81633	-456.92
-1.0204	-475.07
-1.2585	-489.88
-1.4626	-506.39
-1.6327	-521.24
-1.9388	-537.75
-2.2449	-557.54
-2.5509	-574
-2.8572	-590.5
-3.1293	-602.07
-3.5034	-618.57
-3.7755	-628.44
-4.0815	-635.07
-4.3538	-640.01
-4.6599	-648.24
-4.8979	-654.82
-5.2042	-663.1
-5.5783	-668.03
-5.7823	-669.68
-6.0543	-676.31
-6.3944	-679.6
-6.6667	-684.54
-6.9047	-686.18
-7.109	-686.18
-7.3469	-689.47
-7.4831	-689.47
-7.619	-689.47
-7.619	-681.25
-7.619	-669.68
-7.5849	-656.51
-7.5849	-640.01
-7.5509	-628.44
-7.5171	-603.71
-7.5509	-588.86
-7.4831	-572.35
-7.381	-557.54
-7.3469	-536.1
-7.3129	-516.31
-7.2448	-504.74
-7.1427	-491.53
-7.0409	-475.07
-6.9728	-458.57
-6.8026	-442.06
-6.7686	-428.87
-6.6667	-417.32
-6.5306	-399.17
-6.3607	-384.33
-6.2245	-371.13
-6.0884	-357.94
-5.9863	-346.39
-5.8844	-323.3
-5.6802	-308.45
-5.5103	-288.66
-5.3061	-275.47
-5.0681	-257.32
-4.8979	-235.88
-4.728	-222.68
-4.5578	-207.83
-4.4219	-192.99
-4.2517	-176.5
-4.0137	-158.35
-3.7755	-141.85
-3.5375	-125.36
-3.4013	-108.87
-3.1974	-98.968
-2.9591	-79.174
-2.585	-56.083
-2.449	-44.536
-2.2449	-26.392
-2.0748	-11.546
-1.8708	1.6495
-1.7007	16.495
-1.5306	31.34
-1.2925	49.486
-1.1225	65.98
-0.88435	85.775
-0.61224	107.22
-0.27211	131.96
0	151.75
0.20408	169.9
0.40815	186.39
0.68026	209.48
0.91836	227.63
1.1905	252.37
1.4966	275.47
1.6327	288.66
1.9048	303.51
2.0748	323.3
2.2449	339.8
2.415	354.64
2.653	372.78
2.8913	389.28
3.0952	404.12
3.4353	425.57
3.6733	445.36
4.0137	463.5
4.2177	481.65
4.5578	498.16
4.8979	519.6
5.2042	539.39
5.7142	557.54
6.0543	577.33
6.4625	595.48
6.9047	618.57
7.2789	635.07
7.653	648.24
7.8572	659.8
8.0612	659.8
8.0612	648.24
7.9931	636.72
8.0272	623.51
8.0272	611.94
7.9931	595.48
7.9251	578.98
7.8913	560.83
7.7551	549.27
7.7551	534.45
7.7551	516.31
7.653	499.8
7.5849	481.65
7.5849	463.5
7.4831	448.65
7.3469	433.81
7.2789	420.62
7.1427	404.12
7.0409	384.33
6.9047	362.89
6.6667	339.8
6.5646	324.95
6.4285	310.1
6.2245	290.31
6.0543	272.16
5.8504	249.07
5.6121	230.93
5.3741	209.48
5.1702	192.99
4.966	174.85
4.728	161.65
4.5578	148.45
4.3198	127.01
4.1156	112.17
3.9116	95.668
3.7414	79.174
3.5375	65.98
3.3673	56.083
3.1974	41.237
2.9931	28.041
2.7551	9.8968
2.619	1.6495
2.483	-4.9486
2.3129	-13.196
2.1428	-26.392
2.0408	-37.938
1.8708	-51.132
1.7347	-62.68
1.4966	-70.927
1.3265	-84.125
1.1905	-92.372
1.0204	-105.57
0.78232	-118.76
0.68026	-127.01
0.57823	-140.21
0.40815	-150.1
0.23809	-164.95
0.10204	-176.5
0	-184.74
-0.17007	-201.24
-0.40815	-216.08
-0.57823	-230.93
-0.74831	-247.42
-0.91836	-258.97
-1.0544	-272.16
-1.2245	-282.06
-1.3946	-298.56
-1.5646	-313.4
-1.7007	-323.3
-1.8367	-338.14
-2.1428	-356.29
-2.3129	-372.78
-2.653	-390.93
-2.8913	-405.77
-3.1633	-422.27
-3.2992	-437.11
-3.5375	-448.65
-3.8435	-470.09
-4.0137	-480.01
-4.1496	-491.53
-4.3538	-504.74
-4.6258	-516.31
-4.966	-536.1
-5.1702	-547.62
-5.3401	-555.89
-5.5443	-565.77
-5.7483	-578.98
-6.0203	-590.5
-6.2586	-603.71
-6.5306	-613.59
-6.8026	-621.86
-7.0409	-630.09
-7.3469	-638.36
-7.4831	-643.3
-7.5849	-646.59
-7.7551	-646.59
-7.8232	-648.24
-7.7892	-631.74
-7.7892	-618.57
-7.6871	-598.78
-7.5509	-574
-7.5509	-555.89
-7.4491	-536.1
-7.415	-512.97
-7.415	-489.88
-7.2108	-466.8
-7.0068	-448.65
-6.8367	-423.92
-6.5987	-397.52
-6.2926	-367.83
-6.1905	-348.04
-6.0543	-329.9
-5.8504	-308.45
-5.4762	-288.66
-5.238	-258.97
-5	-242.47
-4.728	-219.38
-4.5237	-201.24
-4.3198	-184.74
-4.1836	-171.55
-3.9456	-150.1
-3.6733	-131.96
-3.3673	-112.17
-3.1633	-95.668
-2.9931	-79.174
-2.7551	-61.03
-2.3809	-41.237
-2.1769	-24.742
-1.9048	-8.2474
-1.6327	8.2474
-1.3946	28.041
-1.1565	46.186
-0.81633	67.631
-0.57823	87.421
-0.20408	110.52
0	127.01
0.23809	145.15
0.37414	161.65
0.64625	181.44
0.85034	201.24
1.2245	219.38
1.4626	242.47
1.8027	260.62
2.0068	282.06
2.3129	298.56
2.483	316.7
2.7211	333.19
2.9931	349.69
3.1974	366.19
3.4353	381.03
3.7074	404.12
3.9116	415.67
4.1496	432.16
4.4897	455.28
4.8638	475.07
5.1702	489.88
5.6121	514.66
5.9525	536.1
6.3607	560.83
6.6327	578.98
6.9728	593.79
7.1427	602.07
7.5171	615.28
7.8232	630.09
8.2314	648.24
8.7414	663.1
9.2517	677.95
9.8301	692.77
10.238	701.04
10.578	704.33
11.02	709.27
11.394	717.54
11.837	720.83
12.279	722.48
12.653	725.77
13.027	725.77
13.299	727.42
13.571	729.06
13.775	727.42
13.741	717.54
13.674	705.98
13.674	694.41
13.606	684.54
13.64	666.39
13.571	649.89
13.435	635.07
13.469	618.57
13.401	605.36
13.401	590.5
13.367	570.71
13.299	549.27
13.095	521.24
12.993	494.86
12.891	481.65
12.789	461.86
12.653	447
12.483	422.27
12.279	399.17
12.041	379.38
11.939	361.24
11.599	341.44
11.327	321.65
11.156	301.86
10.85	282.06
10.612	263.92
10.442	245.77
10.17	229.28
10	212.79
9.762	192.99
9.4557	173.2
9.1156	156.7
8.8435	140.21
8.6736	125.36
8.4013	110.52
8.0272	94.022
7.7892	75.878
7.4831	59.379
7.2789	46.186
6.9388	26.392
6.6327	9.8968
6.2245	-6.598
5.8504	-29.691
5.6121	-46.186
5.1702	-64.33
4.8298	-80.824
4.4897	-102.27
4.1496	-120.41
3.8435	-140.21
3.4013	-164.95
3.1633	-176.5
2.619	-204.53
2.449	-216.08
2.2109	-229.28
1.9388	-247.42
1.7687	-257.32
1.4286	-273.81
1.2585	-285.36
0.91836	-300.21
0.51021	-316.7
0.27211	-329.9
-0.10204	-348.04
-0.37414	-364.54
-0.71427	-379.38
-1.0884	-397.52
-1.3606	-414.02
-1.7007	-428.87
-2.0408	-445.36
-2.3129	-461.86
-2.653	-475.07
-2.9931	-489.88
-3.4353	-506.39
-3.6733	-522.89
-4.0815	-536.1
-4.3878	-549.27
-4.796	-564.12
-5.1702	-582.27
-5.5103	-597.13
-5.8504	-613.59
-6.2926	-623.51
-6.8026	-640.01
-7.2448	-653.18
-7.619	-664.74
-8.0952	-672.97
-8.4694	-684.54
-8.8776	-692.77
-9.2857	-697.75
-9.7279	-704.33
-10.136	-710.91
-10.544	-714.21
-10.952	-717.54
-11.259	-720.83
-11.769	-722.48
-12.143	-724.13
-12.551	-725.77
-12.993	-729.06
-13.435	-729.06
-13.912	-730.71
-14.49	-734
-15	-732.36
-15.34	-734
-15.782	-732.36
-16.088	-730.71
-16.361	-730.71
-16.361	-717.54
-16.361	-710.91
-16.395	-694.41
-16.293	-676.31
-16.19	-656.51
-16.19	-638.36
-16.156	-621.86
-16.088	-607
-16.088	-588.86
-16.02	-570.71
-15.987	-549.27
-15.918	-536.1
-15.85	-516.31
-15.85	-501.45
-15.748	-481.65
-15.646	-465.15
-15.612	-445.36
-15.476	-423.92
-15.34	-407.42
-15.204	-387.63
-15.068	-367.83
-14.898	-351.34
-14.762	-333.19
-14.558	-308.45
-14.252	-296.91
-14.048	-280.41
-13.707	-258.97
-13.469	-242.47
-13.197	-224.33
-12.925	-204.53
-12.585	-191.34
-12.279	-173.2
-11.905	-151.75
-11.599	-133.61
-11.259	-120.41
-10.85	-107.22
-10.442	-87.421
-10	-67.631
-9.5918	-51.132
-9.2857	-39.587
-8.9456	-29.691
-8.5374	-14.845
-8.2654	-4.9486
-7.8572	11.546
-7.415	28.041
-7.0068	46.186
-6.5646	64.33
-6.0884	77.524
-5.7483	90.721
-5.3061	105.57
-4.8979	117.11
-4.3878	138.56
-3.7414	160
-3.2654	181.44
-2.8572	192.99
-2.3809	212.79
-1.7687	232.58
-1.2925	252.37
-0.57823	277.11
0	296.91
0.44219	316.7
0.81633	331.54
1.4966	356.29
2.2109	379.38
2.653	390.93
3.1974	412.37
3.8776	433.81
4.5578	456.92
4.966	471.73
5.3401	486.59
6.1224	511.32
6.7008	531.12
7.4491	557.54
7.9591	570.71
8.5374	590.5
9.1836	611.94
9.8301	631.74
10.408	651.53
11.02	664.74
11.769	684.54
12.551	702.69
13.061	709.27
13.537	714.21
13.912	717.54
14.252	719.19
14.388	719.19
14.49	719.19
14.388	709.27
14.422	697.75
14.456	687.83
14.422	677.95
14.422	663.1
14.32	644.95
14.354	626.8
14.286	608.65
14.15	593.79
14.116	572.35
14.048	557.54
13.98	539.39
13.878	521.24
13.775	503.09
13.707	486.59
13.64	465.15
13.435	450.29
13.265	432.16
13.027	412.37
12.959	390.93
12.687	372.78
12.415	354.64
12.177	333.19
11.973	316.7
11.735	298.56
11.394	272.16
11.02	247.42
10.646	224.33
10.408	206.18
10	186.39
9.6258	163.3
9.2517	140.21
8.9116	115.46
8.5374	90.721
8.0612	69.277
7.653	49.486
7.2448	34.639
6.9728	18.144
6.4625	0
5.9525	-21.443
5.5783	-39.587
5.034	-57.733
4.5237	-75.878
4.1156	-94.022
3.4694	-118.76
2.8913	-140.21
2.3469	-160
1.7007	-183.09
1.1905	-199.59
0.57823	-224.33
0.034013	-242.47
-0.40815	-257.32
-0.98638	-273.81
-1.6327	-296.91
-2.1088	-313.4
-2.585	-329.9
-3.1974	-349.69
-3.5034	-364.54
-3.9456	-376.08
-4.4557	-395.87
-4.762	-404.12
-5.238	-418.97
-5.7142	-433.81
-6.2245	-450.29
-6.6667	-463.5
-7.0409	-475.07
-7.5171	-488.24
-7.8572	-499.8
-8.3332	-512.97
-8.7414	-524.53
-9.2517	-536.1
-9.6258	-552.56
-10	-560.83
-10.442	-572.35
-10.884	-587.21
-11.361	-595.48
-11.837	-605.36
-12.143	-613.59
-12.585	-621.86
-12.959	-628.44
-13.333	-636.72
-13.674	-643.3
-14.15	-653.18
-14.524	-661.45
-15	-664.74
-15.272	-671.33
-15.544	-672.97
-15.884	-676.31
-16.19	-677.95
-16.395	-679.6
-16.531	-681.25
-16.633	-681.25
-16.633	-671.33
-16.633	-661.45
-16.599	-646.59
-16.599	-631.74
-16.565	-610.3
-16.463	-588.86
-16.463	-567.42
-16.428	-549.27
-16.395	-529.47
-16.293	-511.32
-16.19	-489.88
-16.054	-463.5
-15.987	-445.36
-15.782	-422.27
-15.612	-399.17
-15.374	-379.38
-15.17	-356.29
-14.83	-331.54
-14.558	-308.45
-14.184	-288.66
-13.775	-263.92
-13.231	-239.18
-12.755	-216.08
-12.347	-194.64
-11.871	-176.5
-11.394	-155.05
-10.918	-136.91
-10.544	-120.41
-10	-98.968
-9.4897	-75.878
-9.0815	-59.379
-8.6055	-42.887
-8.1973	-29.691
-7.5171	-1.6495
-7.0749	19.794
-6.5646	42.887
-6.0203	65.98
-5.4422	92.372
-4.966	107.22
-4.2857	133.61
-3.9456	150.1
-3.1293	181.44
-2.3469	206.18
-1.5987	234.23
-1.1565	249.07
-0.34013	275.47
0.57823	301.86
1.3265	323.3
1.8708	341.44
2.5509	359.59
2.9251	379.38
3.7414	402.48
4.4897	423.92
5.1361	445.36
5.7142	463.5
6.3944	486.59
6.9388	499.8
7.381	514.66
7.9931	532.76
8.6055	552.56
9.3878	570.71
10.034	588.86
10.884	608.65
11.463	623.51
12.143	636.72
12.789	646.59
13.401	659.8
14.048	669.68
14.524	676.31
15.034	686.18
15.612	694.41
16.156	697.75
16.633	704.33
16.905	704.33
17.075	705.98
