"Potangaroa 1979, Spec. 5b"	
931	
0	0
0.083327	16.659
0.16665	31.235
0.3333	43.729
0.3333	56.221
0.58329	74.966
0.66662	87.456
0.91658	106.2
1.1666	120.77
1.4166	149.93
1.4999	166.59
1.6665	179.08
1.9998	197.82
2.2498	214.48
2.5832	239.47
2.9997	262.37
3.2497	276.95
3.5832	297.77
3.9997	316.51
4.1664	333.18
4.5829	349.83
4.9997	370.66
5.4163	389.4
5.7495	406.06
6.0828	418.55
6.5829	443.54
6.9162	456.03
7.3327	474.76
7.8326	495.58
8.1661	514.35
8.5827	526.85
8.9159	543.48
9.416	555.98
9.7493	570.57
10.083	587.21
10.416	595.53
10.749	608.03
11.166	622.62
11.499	637.21
11.832	649.71
12.249	660.12
12.416	670.53
12.749	678.84
12.999	689.25
13.249	701.75
13.499	712.16
13.832	701.75
13.666	691.34
13.666	683.02
13.582	670.53
13.666	660.12
13.666	645.53
13.582	630.94
13.416	614.3
13.499	599.71
13.499	587.21
13.332	570.57
13.249	545.57
13.249	528.89
13.166	508.08
13.166	487.26
13.082	474.76
12.999	453.94
12.999	439.37
12.916	422.71
12.832	408.14
12.832	391.48
12.749	376.9
12.666	356.08
12.499	337.34
12.416	314.43
12.332	293.61
12.166	272.79
11.916	247.8
11.666	226.97
11.416	204.07
11.166	183.24
10.999	158.26
10.833	137.43
10.416	116.61
10.249	91.624
9.9159	70.798
9.4993	54.139
9.1658	35.4
8.9992	18.741
8.5827	2.0823
8.416	-20.823
8.1661	-37.482
7.7493	-54.139
7.5827	-72.88
7.3327	-89.543
6.9995	-106.2
6.6662	-127.02
6.4996	-147.85
6.2494	-168.67
5.8329	-189.49
5.5829	-210.32
5.2497	-231.14
4.8329	-251.97
4.6662	-270.71
4.2497	-291.53
3.6665	-314.43
3.333	-333.18
2.9164	-351.92
2.4165	-368.58
1.9165	-387.32
1.5832	-406.06
1.1666	-420.63
0.83327	-437.29
0.3333	-456.03
-0.16665	-474.76
-0.74994	-495.58
-1.2499	-516.44
-1.7499	-537.26
-2.3331	-558.07
-2.9164	-578.89
-3.4996	-595.53
-4.083	-616.39
-4.7495	-635.12
-5.4163	-655.93
-6.2494	-680.93
-7.0828	-701.75
-7.5827	-716.34
-8.1661	-735.07
-9.1658	-753.8
-9.7493	-768.39
-10.499	-778.79
-11.332	-795.43
-12.249	-805.88
-12.832	-816.29
-13.166	-820.43
-13.499	-822.52
-13.999	-828.79
-14.332	-830.84
-14.166	-816.29
-14.166	-801.7
-14.082	-789.2
-14.166	-768.39
-14.082	-745.48
-14.249	-728.8
-14.082	-712.16
-14.166	-687.16
-13.999	-672.62
-14.082	-653.84
-13.999	-635.12
-13.999	-624.71
-13.999	-603.89
-13.832	-589.3
-13.832	-572.66
-13.666	-551.8
-13.582	-535.17
-13.582	-520.58
-13.416	-503.94
-13.499	-483.12
-13.332	-464.35
-13.249	-451.85
-13.166	-433.13
-13.082	-422.71
-12.999	-412.3
-12.916	-399.81
-12.749	-376.9
-12.582	-351.92
-12.332	-337.34
-12.249	-318.6
-12.082	-306.1
-11.916	-287.36
-11.582	-272.79
-11.249	-243.63
-10.999	-231.14
-10.749	-210.32
-10.416	-185.33
-10.166	-168.67
-9.9992	-152.01
-9.666	-129.11
-9.416	-106.2
-9.2492	-81.211
-8.9992	-66.634
-8.7493	-45.812
-8.4993	-29.153
-8.2494	-14.576
-7.9995	6.2471
-7.5827	29.153
-7.0828	49.976
-6.5829	77.048
-6.0828	102.03
-5.6662	124.94
-5.1664	145.76
-4.7495	170.75
-4.2497	187.41
-3.9164	199.9
-3.5832	216.56
-3.2497	237.39
-2.9997	249.88
-2.6665	262.37
-2.2498	283.2
-1.9165	295.69
-1.4999	322.76
-1.3332	335.26
-0.99992	351.92
-0.66662	368.58
-0.24998	389.4
0.083327	418.55
0.58329	439.37
1.0833	460.21
1.8332	489.35
2.1665	520.58
2.6665	543.48
3.0831	566.39
3.5832	593.48
4.1664	614.3
4.5829	630.94
5.2497	649.71
5.4996	672.62
6.2494	701.75
7.0828	726.75
7.666	743.39
8.4993	764.2
9.2492	778.79
9.9159	789.2
10.666	799.61
11.332	810.02
12.332	824.61
12.916	828.79
13.582	837.11
14.416	843.34
14.832	830.84
14.749	818.34
14.665	801.7
14.665	791.29
14.499	778.79
14.416	760.07
14.249	739.25
14.166	726.75
14.082	705.93
13.916	685.07
13.749	662.16
13.666	645.53
13.416	624.71
13.416	610.12
13.249	591.39
13.166	570.57
12.999	539.35
12.832	516.44
12.749	493.53
12.582	460.21
12.499	439.37
12.332	412.3
12.249	389.4
11.999	366.49
11.916	341.5
11.832	316.51
11.666	293.61
11.499	272.79
11.416	254.05
11.166	231.14
10.833	206.15
10.582	179.08
10.332	152.01
9.9992	129.11
9.666	106.2
9.2492	81.211
8.9159	60.389
8.5827	45.812
8.0828	24.988
7.8326	8.3293
7.4994	-8.3293
6.9995	-31.235
6.4996	-60.389
6.1661	-81.211
5.6662	-104.12
5.1664	-124.94
4.6662	-147.85
4.2497	-168.67
3.7498	-191.58
3.0831	-218.64
2.5832	-233.22
2.2498	-254.05
1.9165	-274.87
1.4166	-295.69
0.99992	-322.76
0.74994	-347.75
0.24998	-372.74
-0.083327	-401.89
-0.41664	-426.88
-0.83327	-443.54
-1.1666	-460.21
-1.5832	-483.12
-1.9165	-499.76
-2.4165	-526.85
-2.9997	-553.89
-3.6665	-578.89
-4.333	-605.98
-4.9997	-628.85
-5.5829	-655.93
-6.4996	-683.02
-7.1661	-705.93
-7.9162	-726.75
-8.666	-745.48
-9.2492	-762.11
-10.083	-778.79
-10.999	-795.43
-11.666	-807.93
-12.582	-824.61
-13.166	-839.2
-13.666	-847.52
-14.166	-849.61
-14.499	-853.75
-14.749	-853.75
-14.749	-843.34
-14.665	-832.93
-14.749	-822.52
-14.749	-807.93
-14.665	-789.2
-14.582	-768.39
-14.832	-753.8
-14.665	-732.98
-14.665	-714.25
-14.582	-693.43
-14.582	-670.53
-14.499	-643.44
-14.416	-618.44
-14.332	-599.71
-14.249	-578.89
-14.166	-549.76
-13.916	-478.94
-13.666	-453.94
-13.249	-420.63
-12.916	-389.4
-12.582	-349.83
-12.416	-320.68
-12.082	-293.61
-11.582	-262.37
-11.249	-233.22
-10.916	-210.32
-10.416	-181.16
-10.249	-160.34
-9.8326	-137.43
-9.5827	-110.36
-9.0825	-81.211
-8.5827	-56.221
-8.3327	-35.4
-7.8326	-12.494
-7.4994	2.0823
-6.9995	20.823
-6.416	43.729
-5.8329	66.634
-5.1664	87.456
-4.6662	112.45
-4.083	135.35
-3.5832	156.18
-3.0831	177
-2.7498	191.58
-2.4165	210.32
-2.0832	237.39
-1.8332	249.88
-1.4999	268.62
-1.0833	291.53
-0.99992	306.1
-0.58329	324.84
-0.3333	347.75
0	374.82
0.16665	389.4
0.49997	410.22
0.83327	431.05
1.0833	451.85
1.4166	481.03
1.8332	503.94
2.1665	524.76
2.6665	543.48
3.0831	568.48
3.4996	589.3
3.7498	603.89
3.9997	616.39
4.4163	637.21
4.9997	658.03
5.333	680.93
5.7495	701.75
6.1661	722.57
6.5829	741.3
7.1661	757.98
7.666	778.79
8.4993	797.52
9.0825	814.2
9.5827	828.79
10.166	845.43
10.833	860.02
11.832	876.66
12.749	889.16
13.582	899.56
14.332	905.84
15.082	914.15
15.915	920.38
16.582	922.47
17.165	926.65
17.832	930.79
18.499	932.88
19.082	932.88
19.748	937.06
20.165	934.97
20.582	934.97
20.998	937.06
21.415	934.97
21.415	924.56
21.415	912.06
21.415	891.25
21.332	874.56
21.248	855.84
21.248	832.93
21.248	814.2
21.165	793.38
20.998	772.57
20.915	755.89
20.998	730.89
20.748	707.98
20.748	685.07
20.748	666.34
20.748	643.44
20.665	616.39
20.415	599.71
20.332	578.89
20.248	549.76
20.082	526.85
19.915	501.85
19.665	483.12
19.499	458.12
19.332	426.88
19.165	406.06
18.998	389.4
18.832	370.66
18.499	351.92
18.249	326.93
17.999	301.94
17.665	279.03
17.332	258.21
16.999	235.3
16.749	216.56
16.332	193.66
15.999	172.84
15.665	149.93
15.166	124.94
14.915	108.28
14.582	91.624
14.416	68.716
13.999	47.894
13.666	35.4
13.499	20.823
13.082	2.0823
12.749	-12.494
12.416	-43.729
12.082	-64.553
11.582	-89.543
11.166	-110.36
10.833	-131.19
10.332	-154.09
9.9159	-177
9.3327	-204.07
8.8326	-226.97
8.416	-247.8
7.8326	-270.71
7.416	-293.61
6.9162	-314.43
6.5829	-335.26
6.0828	-356.08
5.4996	-385.23
4.7495	-414.39
4.083	-439.37
3.4996	-460.21
2.9164	-483.12
2.4998	-508.08
1.9165	-528.89
1.4166	-549.76
0.83327	-570.57
0.083327	-585.12
-0.24998	-605.98
-0.99992	-628.85
-1.7499	-649.71
-2.4165	-670.53
-3.0831	-689.25
-3.5832	-701.75
-4.083	-712.16
-4.5829	-724.66
-4.9997	-735.07
-5.5829	-753.8
-6.1661	-770.48
-6.9995	-789.2
-7.7493	-807.93
-8.416	-820.43
-9.0825	-837.11
-9.8326	-847.52
-10.582	-862.11
-11.499	-878.75
-12.499	-893.34
-13.332	-903.75
-14.249	-912.06
-15.416	-916.24
-16.249	-920.38
-17.082	-922.47
-18.082	-924.56
-18.832	-926.65
-19.748	-928.74
-20.498	-926.65
-21.248	-926.65
-21.748	-926.65
-22.248	-926.65
-22.248	-907.88
-22.165	-891.25
-22.165	-872.52
-22.165	-853.75
-22.165	-841.25
-22.165	-822.52
-22.081	-803.79
-21.998	-787.11
-21.998	-772.57
-21.915	-737.16
-21.832	-720.48
-21.748	-697.57
-21.665	-678.84
-21.582	-662.16
-21.498	-641.34
-21.415	-622.62
-21.248	-603.89
-21.165	-580.98
-20.998	-564.3
-20.832	-543.48
-20.665	-522.67
-20.582	-497.67
-20.332	-476.85
-20.165	-460.21
-19.998	-439.37
-19.748	-420.63
-19.499	-401.89
-19.332	-385.23
-19.082	-368.58
-18.832	-341.5
-18.665	-329.01
-18.332	-308.19
-17.832	-281.11
-17.665	-260.29
-17.165	-233.22
-16.832	-208.23
-16.499	-187.41
-16.165	-172.84
-15.915	-154.09
-15.499	-129.11
-15.166	-110.36
-14.665	-87.456
-14.416	-72.88
-14.082	-58.307
-13.666	-35.4
-13.332	-16.659
-13.082	-6.2471
-12.916	10.412
-12.582	31.235
-11.999	49.976
-11.582	68.716
-11.332	83.293
-11.083	99.952
-10.666	116.61
-10.249	135.35
-9.9159	152.01
-9.5827	168.67
-8.9992	193.66
-8.666	210.32
-8.1661	226.97
-7.9995	241.55
-7.4994	260.29
-6.9995	276.95
-6.5829	295.69
-6.1661	312.35
-5.6662	331.09
-5.333	343.59
-4.8329	364.41
-4.4163	378.98
-3.8331	397.72
-3.5832	403.97
-2.9997	420.63
-2.2498	441.45
-1.4999	462.26
-1.0833	478.94
-0.24998	510.17
0.49997	537.26
1.2499	564.3
1.8332	585.12
2.5832	605.98
3.1664	626.8
3.8331	645.53
4.4996	666.34
5.2497	687.16
5.7495	710.07
6.4996	735.07
7.3327	755.89
8.5827	782.98
9.416	797.52
10.249	816.29
11.166	830.84
12.082	847.52
12.999	860.02
13.832	870.43
14.832	882.93
15.749	891.25
17.082	901.65
18.082	909.97
18.998	912.06
19.748	916.24
20.582	918.29
21.165	918.29
21.998	918.29
22.665	918.29
22.998	916.24
23.415	916.24
23.582	916.24
23.582	907.88
23.498	901.65
23.582	887.06
23.582	874.56
23.498	860.02
23.498	845.43
23.415	828.79
23.415	810.02
23.331	793.38
23.248	770.48
23.165	747.57
23.081	720.48
22.998	714.25
22.915	687.16
22.915	672.62
22.832	643.44
22.748	614.3
22.498	580.98
22.415	560.16
22.248	537.26
21.998	512.26
21.832	485.17
21.415	456.03
21.248	435.21
20.998	414.39
20.832	395.64
20.498	374.82
20.332	354
20.165	331.09
19.998	310.27
19.582	285.28
19.332	260.29
18.915	233.22
18.499	212.4
18.165	191.58
17.749	166.59
17.415	149.93
16.915	122.86
16.499	102.03
16.165	81.211
15.665	60.389
15.416	41.647
14.999	20.823
14.582	0
14.416	-6.2471
14.082	-27.071
13.582	-52.058
13.082	-74.966
12.499	-106.2
12.082	-127.02
11.582	-152.01
11.166	-177
10.916	-193.66
10.582	-210.32
10.332	-224.89
9.9159	-241.55
9.4993	-262.37
8.9992	-281.11
8.416	-301.94
7.8326	-320.68
7.416	-335.26
6.8329	-356.08
6.3327	-374.82
5.9162	-387.32
5.333	-399.81
4.6662	-420.63
3.7498	-451.85
3.2497	-462.26
2.6665	-483.12
2.0832	-499.76
1.2499	-524.76
0.83327	-539.35
-0.083327	-562.21
-0.49997	-578.89
-1.0833	-595.53
-1.7499	-614.3
-2.3331	-626.8
-2.9164	-641.34
-3.4996	-658.03
-4.2497	-678.84
-5.083	-699.66
-5.9995	-718.39
-6.9162	-737.16
-7.7493	-753.8
-8.7493	-772.57
-9.5827	-787.11
-10.499	-803.79
-11.332	-816.29
-12.166	-826.7
-12.916	-839.2
-13.916	-857.93
-14.832	-860.02
-15.665	-868.34
-16.499	-870.43
-17.415	-872.52
-18.249	-874.56
-19.165	-878.75
-19.915	-880.84
-20.582	-884.97
-21.332	-882.93
-21.998	-884.97
-22.332	-882.93
-22.832	-880.84
-22.998	-866.25
-22.832	-851.66
-22.915	-835.02
-22.915	-822.52
-22.915	-801.7
-22.832	-789.2
-22.748	-770.48
-22.665	-747.57
-22.582	-718.39
-22.332	-699.66
-22.332	-678.84
-22.332	-655.93
-22.248	-635.12
-21.998	-616.39
-21.832	-599.71
-21.665	-574.71
-21.415	-551.8
-21.332	-533.07
-21.165	-512.26
-20.998	-491.44
-20.915	-476.85
-20.582	-460.21
-20.415	-439.37
-20.248	-426.88
-20.082	-406.06
-19.915	-393.56
-19.748	-378.98
-19.582	-362.33
-19.499	-341.5
-19.332	-320.68
-18.998	-299.85
-18.749	-281.11
-18.499	-264.46
-18.165	-237.39
-17.832	-222.81
-17.499	-195.74
-17.082	-174.92
-16.749	-152.01
-16.415	-133.27
-16.082	-112.45
-15.665	-97.87
-15.249	-79.129
-14.999	-60.389
-14.499	-39.564
-14.082	-18.741
-13.666	-2.0823
-13.332	14.576
-12.916	39.564
-12.332	60.389
-11.832	83.293
-11.249	104.12
-10.749	131.19
-10.332	145.76
-9.7493	168.67
-9.1658	189.49
-8.4993	218.64
-7.8326	245.72
-7.0828	272.79
-6.416	295.69
-5.8329	320.68
-5.2497	343.59
-4.4996	366.49
-3.9997	387.32
-3.333	410.22
-2.4998	435.21
-1.6665	458.12
-0.99992	476.85
-0.49997	499.76
0.24998	526.85
0.99992	553.89
1.9165	574.71
2.4998	593.48
3.1664	608.03
4.083	628.85
5.083	658.03
5.6662	672.62
6.4996	691.34
7.666	716.34
8.4993	730.89
9.3327	751.71
10.499	768.39
11.249	785.02
12.082	795.43
12.916	810.02
13.582	822.52
14.749	832.93
15.332	841.25
15.999	851.66
17.082	860.02
18.165	868.34
19.082	870.43
19.915	872.52
20.582	876.66
21.665	876.66
22.582	876.66
23.331	876.66
23.998	874.56
24.748	872.52
25.499	866.25
26.248	862.11
26.998	855.84
27.666	853.75
28.247	845.43
28.997	841.25
29.497	832.93
30.081	830.84
30.582	824.61
30.914	822.52
30.914	812.11
30.914	795.43
30.914	778.79
30.998	757.98
31.082	743.39
30.998	722.57
30.998	707.98
30.998	687.16
30.998	670.53
31.082	655.93
31.082	635.12
31.082	614.3
30.998	595.53
30.914	574.71
30.831	551.8
30.747	524.76
30.582	508.08
30.665	489.35
30.498	466.44
30.33	439.37
30.33	408.14
30.165	376.9
29.997	351.92
29.83	326.93
29.665	314.43
29.581	304.02
29.413	289.45
29.248	274.87
29.08	254.05
28.832	233.22
28.58	210.32
28.247	187.41
27.831	164.5
27.414	133.27
27.081	114.53
26.581	91.624
26.248	72.88
25.916	58.307
25.415	39.564
25.081	22.906
24.498	8.3293
24.081	-4.1647
23.665	-18.741
23.248	-37.482
22.582	-56.221
21.748	-79.129
21.165	-99.952
20.498	-110.36
19.832	-141.6
19.248	-156.18
18.332	-183.24
17.749	-206.15
17.332	-216.56
16.749	-237.39
15.915	-258.21
15.332	-279.03
14.665	-299.85
13.749	-329.01
13.166	-351.92
12.249	-374.82
11.582	-397.72
10.582	-428.96
9.7493	-456.03
8.9159	-474.76
8.416	-495.58
7.7493	-518.48
7.0828	-537.26
6.2494	-562.21
5.4163	-585.12
4.333	-614.3
3.5832	-633.03
2.8331	-647.62
2.2498	-664.25
1.5832	-680.93
1.0833	-691.34
0.49997	-701.75
-0.16665	-718.39
-0.99992	-735.07
-1.6665	-751.71
-2.5832	-766.3
-3.4163	-774.61
-3.9997	-782.98
-4.9997	-793.38
-6.2494	-805.88
-7.0828	-810.02
-8.0828	-820.43
-8.666	-824.61
-10.083	-828.79
-11.083	-830.84
-12.166	-835.02
-13.082	-837.11
-13.832	-837.11
-14.665	-832.93
-15.499	-830.84
-16.499	-826.7
-17.499	-818.34
-18.249	-810.02
-18.998	-805.88
-19.582	-795.43
-20.498	-789.2
-21.165	-780.89
-22.081	-768.39
-22.998	-755.89
-23.665	-741.3
-24.248	-735.07
-24.665	-726.75
-25.081	-718.39
-25.58	-710.07
-26.165	-699.66
