"Saatcioglu, 1999, Specimen RC-9"	
2628	
0.01	5.5529704
0.08	5.573763203
0.49	15.33554961
0.58	15.8122832
1.22	19.66238865
1.53	20.95447086
1.91	23.4673457
2.1	24.94378305
2.15	24.73863498
2.56	27.36042062
2.56	27.87042062
2.78	28.5957689
3.06	30.74893931
3.37	32.56102064
3.47	33.59072425
3.73	34.04795352
3.85	34.94359774
3.97	34.73924193
4.25	36.88241154
4.58	37.88043258
4.8	39.59577976
4.99	41.41221583
5.4	42.3639985
5.66	43.92122623
5.9	45.02251313
5.97	45.8033051
6.32	47.04726465
6.52	48.17666987
6.68	48.88419392
6.92	49.70547978
6.99	49.79627144
7.11	50.10191423
7.07	49.96003331
7.14	47.77082492
6.18	32.01568089
5.8	29.04281028
5.44	26.01587971
5.13	23.52380022
4.51	19.80964027
4.39	19.35399626
3.58	14.26339819
2.73	9.320917029
1.68	1.87902674
0.82	-2.926427226
0.2	-7.140591992
-0.13	-8.638615205
-0.92	-12.68327675
-2.49	-20.20962797
-2.85	-21.24656152
-3.28	-23.44428737
-3.66	-25.08716104
-4.09	-26.57488607
-4.36	-27.75508526
-4.76	-29.46389846
-5.28	-31.57835485
-5.83	-34.43172114
-6.5	-37.01072936
-6.86	-37.31765834
-7.05	-38.89409284
-7.4	-39.61805069
-7.41	-39.1710209
-7.4	-38.99805069
-7.4	-38.51805069
-7.36	-37.36616982
-7.29	-34.79537829
-6.91	-25.69250954
-6.79	-24.34686664
-6.54	-22.03261038
-6.12	-18.25785925
-5.4	-13.5239985
-4.71	-8.839046839
-4.26	-6.33538188
-3.9	-4.228449491
-3.31	-0.093198461
-2.59	4.230668243
-2.07	6.855128108
-1.38	10.72008504
-1.04	12.26107848
-0.26	16.63276959
0.29	20.65614161
0.99	24.58406953
1.39	27.39288536
1.63	29.11417478
2.01	30.91704957
2.58	32.97636138
3.22	37.13646518
3.8	41.09874599
4.28	43.54132256
4.39	44.23399626
4.56	44.38449192
4.83	46.81469072
5.16	47.66271115
5.47	49.79479061
5.73	51.66201826
6.11	53.21488898
6.71	54.95310467
7.09	56.05597377
7.14	55.73082492
7.2	55.40864628
7.18	50.78270583
7.01	47.77221191
6.82	43.02577737
6.76	41.1079559
6.26	36.82944305
5.37	31.7750876
4.8	27.78577976
4.13	23.85676745
3.73	20.39795352
3.42	20.10587245
2.72	15.41794665
2.04	11.38596073
1.75	9.059819473
0.92	4.713276753
0.58	1.652283204
-1.06	-6.274862313
-2.85	-17.10656152
-3.06	-18.34893931
-3.59	-21.05636855
-4.02	-22.52409366
-4.33	-24.09617425
-4.81	-27.37875008
-4.97	-27.69627519
-5.38	-29.5080579
-5.76	-31.34092913
-6.09	-33.88894843
-6.62	-35.59637242
-6.86	-36.83765834
-7.29	-38.34537829
-7.22	-38.01458673
-7.22	-37.84458673
-7.29	-37.62537829
-6.21	-20.2145917
-4.28	-6.371322558
-3.61	-3.62230926
-2.92	0.712645876
-2.09	5.339187336
-1.26	9.99572977
-0.64	13.3498944
1.13	23.69565509
1.58	27.68932283
1.94	28.10625686
2.3	30.83319073
2.63	32.51121327
2.61	32.91527251
2.8	33.63170965
3.15	36.49567262
3.42	37.91587245
3.85	39.18359774
4.47	43.11775894
4.97	46.29627519
5.39	49.0410282
5.56	49.30152329
5.97	51.0733051
6.23	52.46053224
6.4	53.82102676
6.87	54.62062858
7.11	55.62191423
7.11	55.41191423
7.2	54.09864628
6.7	42.27013442
6.3	38.53132411
5.66	34.17122623
5.63	33.88231535
5.59	32.98043417
4.85	28.42063136
4.51	26.20964027
4.18	24.12161916
2.65	14.70715402
2.42	12.80883531
1.79	10.35170103
1.34	7.358033388
-2.02	-12.39001996
-2.5	-15.49259835
-3.24	-18.16240591
-3.78	-21.35280528
-3.99	-22.72518262
-4.24	-23.5194412
-4.47	-24.96775894
-4.49	-25.5536996
-4.69	-26.20310619
-5.11	-27.9478596
-5.09	-28.83191897
-5.19	-28.97162208
-5.45	-30.04885001
-5.88	-32.54657256
-6.24	-34.45350251
-6.54	-35.43261038
-6.72	-37.24607492
-7.03	-38.40815238
-7.19	-38.21567605
-7.16	-37.96676537
-7.14	-33.51082492
-7.14	-32.17082492
-6.54	-23.30261038
-6.31	-21.17429438
-5.92	-18.08845369
-5.17	-12.97568146
-3.04	-0.21299857
-1.09	11.5562265
-0.95	12.49781205
-0.3	15.03088799
0.3	18.41911201
0.94	22.39921755
1.79	27.02170103
2.04	29.16596073
2.32	30.6291315
2.68	33.18606515
3.09	36.29785041
4.04	41.30003435
4.54	43.86855126
4.92	46.4614236
5.11	47.3078596
5.61	49.34637476
6.06	51.4500376
6.68	54.80419392
7.06	55.56706308
7.14	56.42082492
7.56	57.88557407
7.89	58.50359063
7.87	58.63765025
8.31	59.56833813
8.37	59.48615912
8.47	59.81586073
8.56	59.94259213
8.81	61.04684577
9.28	63.7364416
9.62	65.11742495
10.14	66.91186862
10.35	67.71423958
10.64	68.2103704
11.3	70.65638998
11.83	72.25379725
12.52	74.51872031
12.81	75.98484621
13.38	76.914126
14.07	79.0790397
14.67	80.85722186
15.29	82.54133967
15.84	83.60466666
16.46	81.37877684
16.84	80.56161646
16.41	81.0739294
17.1	80.46882157
17.14	80.30069921
17.15	79.86366862
17.17	79.48960743
17.15	78.86366862
17.31	78.56117897
17.65	78.42213748
17.27	79.22930141
17.63	78.10619879
17.7	77.91698421
17.79	78.84370824
17.89	78.77340149
18.1	78.59575692
18.15	78.50060337
17.88	78.08043217
18.01	77.97903323
18.07	77.82684903
18.27	77.74623473
18.27	77.36623473
17.96	74.31418669
17.89	72.74340149
17.72	67.79292289
17.65	66.60213748
17.17	63.21960743
16.48	59.84471581
14.19	49.00467641
13.4	44.43006559
12.93	41.81048429
12.33	39.18229261
11.9	37.36458672
11.5	35.51578921
10.78	32.73195058
10.12	29.29592851
9.43	26.26099317
8.75	22.71902493
8.14	19.41784521
7.76	17.20497811
7.23	14.58755695
6.63	12.06934267
6.06	9.100037602
5.35	5.339146989
4.34	0.459144584
2.42	-9.41116469
1.68	-12.20097326
1.53	-12.98552914
0.92	-15.42672325
0.34	-17.26900639
0.46	-15.37336159
0.49	-15.18445039
0.48	-15.36742079
0.48	-15.18742079
0.46	-15.06336159
0.48	-15.12742079
0.49	-15.12445039
0.48	-15.18742079
0.46	-15.16336159
0.49	-15.05445039
0.44	-15.09930239
0.48	-15.32742079
0.46	-14.95336159
0.49	-15.15445039
0.48	-14.81742079
0.48	-14.98742079
0.48	-15.18742079
0.48	-14.87742079
0.48	-15.12742079
0.46	-15.16336159
0.46	-15.37336159
0.48	-17.05742079
0.49	-17.35445039
0.44	-16.86930239
0.1	-18.470296
-0.64	-22.5201056
-1.44	-26.02773733
-1.78	-27.29873064
-3.3	-34.0802281
-6.02	-44.92815649
-6.85	-48.0346881
-7.67	-50.41824632
-8.02	-51.52220305
-8.41	-53.11803978
-8.69	-53.61120407
-9.36	-55.98020245
-9.81	-57.4238565
-10.81	-61.4108606
-11.86	-64.12270703
-12.15	-65.04883452
-13.13	-67.79988083
-13.37	-68.4711562
-14.82	-70.90176684
-14.53	-70.40564633
-15.36	-72.56212691
-15.86	-73.71060576
-15.89	-73.83951441
-16.44	-74.88283787
-16.77	-75.51083034
-17.44	-77.05978092
-17.96	-77.41418669
-17.94	-76.71824807
-17.92	-76.47230944
-17.96	-76.14418669
-18.25	-76.68029618
-18.25	-76.43029618
-18.23	-76.25435763
-18.28	-76.069204
-18.25	-75.95029618
-18.23	-75.63435763
-18.25	-75.37029618
-18.3	-75.24514254
-18.27	-75.16623473
-17.91	-65.61934012
-16.8	-56.32973868
-16.3	-53.70126494
-15.05	-48.68006872
-13.84	-43.39073562
-11.76	-32.92300774
-11.08	-30.48105048
-10.43	-28.24799987
-9.64	-23.78336513
-9.12	-20.83891977
-8.57	-19.43556229
-7.88	-16.47062044
-4.23	2.673529138
-2.52	10.41146089
-1.8	11.97532858
-1.07	14.70216729
-0.57	17.4706872
-0.3	15.52088799
-0.28	15.48682879
-0.28	15.55682879
-0.28	15.52682879
-0.33	15.51197679
-0.3	15.55088799
-0.3	15.55088799
-0.26	15.46276959
-0.26	15.46276959
-0.28	15.45682879
-0.26	15.46276959
-0.28	15.41682879
-0.26	15.46276959
-0.25	15.46573999
-0.26	15.35276959
-0.28	15.38682879
-0.28	15.34682879
-0.25	15.39573999
-0.23	17.36168079
0.06	19.5178224
3.49	35.45666497
4.23	37.60647086
5.44	41.64587971
6.54	46.35261038
9.21	57.72565082
14.9	73.53552408
16.33	78.17017344
17.55	81.97244395
18.26	81.05326546
18.32	80.55108108
18.58	80.10828158
18.6	79.80422005
17.46	67.13571966
17.48	64.4916584
17.26	64.14633202
17.12	63.65476039
17.12	62.76476039
16.7	60.16004416
16.29	57.82829543
15.93	56.43139259
15.45	54.2388533
14.91	51.10849373
14.55	50.76158571
13.84	47.76073562
13.1	44.89097137
12.73	42.95108741
12.1	39.833985
11.33	37.06529989
10.88	35.23165062
10.9	34.79759062
10.54	33.93067018
9.92	30.64652729
9.42	27.73802307
9.07	26.09406916
8.48	23.46883089
6.7	14.25013442
6.13	12.12082953
5.58	9.757463877
4.66	4.824195208
3.9	0.878449491
3.42	-0.384127555
2.53	-4.748490512
1.61	-8.791765999
0.34	-12.95900639
-0.57	-16.9493128
-1.52	-20.88150047
-1.61	-21.428234
-2.71	-25.40497628
-2.87	-26.49250226
-3.68	-28.69310175
-4.57	-32.35746225
-4.98	-33.77924551
-6.19	-38.35865116
-6.85	-41.1346881
-7.59	-43.91448469
-8.19	-46.40269609
-9.27	-50.15347149
-10.05	-52.88513811
-10.5	-54.01879008
-11.55	-57.43063897
-12.48	-60.42684082
-13.89	-64.92558438
-14.65	-67.05128251
-14.89	-67.58255443
-15.91	-70.7254535
-16.22	-71.55750888
-17.15	-73.52366862
-17.66	-75.34510683
-18.01	-77.14903323
-18.53	-77.1734354
-18.59	-75.60125081
-18.59	-74.85125081
-18.6	-73.16422005
-18.51	-71.78749691
-17.65	-58.24213748
-16.68	-53.25410524
-16.01	-50.2551489
-14.94	-45.93740267
-13.98	-42.25231208
-13.1	-38.35097137
-12.31	-34.70635284
-11.39	-31.22311967
-10.72	-28.54413052
-10.2	-25.92968892
-9.5	-22.94178385
-8.81	-19.94684577
-8.1	-16.7459645
-7.5	-13.83775281
-6.6	-9.27043191
-6.54	-8.562610382
-6.09	-7.358948429
-5.04	-2.357067403
-3.99	2.534817379
-3.31	6.216801539
-2.19	11.29948349
-1.32	14.7279074
-0.23	19.29168079
0.68	23.25198719
3.32	33.54616882
3.73	34.24795352
4.34	36.28914458
4.83	37.47469072
4.9	38.11548297
5.44	39.75587971
6.25	42.95647278
6.85	45.6546881
7.42	47.68399112
7.95	48.94141176
8.18	50.22972591
8.83	52.20278605
9.62	54.57742495
10.33	57.0182995
10.93	59.44650061
11.66	61.82330837
12.02	62.52022573
12.67	65.05326828
13.29	67.1473978
14.21	69.92061585
14.74	71.93800954
15.86	74.81060576
16.19	75.50860034
16.43	76.84986838
17.84	78.92855488
17.89	79.35340149
18.07	79.23684903
17.996622	78.90470789
18.220579	78.69556427
18.358398	78.46085146
18.272261	71.54424608
17.652075	68.22467162
16.790703	61.87033599
15.929333	56.10173152
14.671732	50.4566402
14.172136	48.9989793
13.190173	45.3996661
12.259892	41.54147131
11.54	37.88073702
10.82	34.8071226
10.089238	32.04040403
9.31	28.08780992
9.1417303	27.38318392
8.2114496	23.11008199
7.1950312	18.53574743
6.2475233	13.94742213
5.7479281	11.10734343
5.3516974	9.089651168
4.8521023	7.813388615
4	3.529034768
3.2499526	0.377557577
2.12	-4.33388298
1.55	-6.225951551
0.75197685	-9.977420811
-0.52285212	-15.007538
-1.832136	-20.42689807
-2.5384603	-23.59984352
-3.020828	-25.08687478
-3.9166536	-28.21274519
-4.9330716	-31.33997628
-6.04	-36.14409705
-6.79	-39.43686664
-7.14	-40.19082492
-8.36	-43.97318896
-9.5	-48.03178385
-10.82	-52.7938306
-11.69	-55.64221819
-12.25	-58.21853349
-13.29	-60.7273978
-13.39	-61.65709579
-14.12	-63.01388835
-14.6	-63.59643412
-15.51	-66.97667084
-16.46	-69.76877684
-16.84	-71.16161646
-17.51	-73.3005665
-18.32	-73.94108108
-18.34	-73.35701961
-18.34	-73.04701961
-18.37	-72.35592739
-17.91	-62.92934012
-15.91	-50.8654535
-14.87	-46.59661512
-13.77	-41.88994733
-12.87	-38.31266527
-12.1	-34.743985
-11.27	-31.08748007
-10.46	-27.74690996
-9.91	-24.92355722
-9.22	-21.89862093
-8.55	-18.73962198
-8.03	-16.20517324
-7.47	-13.93884218
-7.09	-11.85597377
-6.83	-11.43874762
-6.41	-9.173997018
-6.16	-8.689740345
-6.12	-7.987859252
-5.54	-5.575582693
-4.64	-1.488254553
-4.24	0.810558798
-3.57	4.309572167
-3.43	4.901157194
-2.71	7.325023722
-1.73	12.26612131
-0.88	15.06860484
-0.2	18.44059199
0.36	20.84693441
0.89	21.83436556
1.63	24.70417478
2.32	28.0091315
2.77	30.04279853
3.49	32.07666497
4.08	34.73191573
4.54	36.31855126
5.2	37.92459239
5.39	39.1210282
5.85	40.49766171
6.56	43.39855089
7.28	45.92240806
7.85	48.23170986
8.5	50.65477121
8.81	51.64684577
9.16	52.82080024
9.76	54.89900612
10.19	56.22671888
10.55	57.53364021
11.14	58.87887038
12.24	62.4155636
13.24	65.53254877
14.41	68.68001002
15.03	71.44412945
15.17	71.20570427
16.36	74.65908193
16.64	75.85222739
17.38	78.06196466
18.31	79.68811181
18.38	79.91889665
19.03	81.14189583
19.38	81.76581622
19.96	83.12802361
21.01	85.06976674
22.1	86.56336923
23.75	89.15319215
23.87	89.18881397
24.91	90.09752653
24.78	90.05893844
25.66	91.07014453
27.11	92.2505114
27.82	92.26122885
27.99	92.31168092
29.02	93.21734933
29.26	92.96857008
29.88	93.73255171
32.45	94.25510066
33.02	93.80420707
33.45	94.21177379
33.45	93.69177379
33.45	93.34177379
34.55	93.7780881
34.48	93.47732347
34.53	93.25215536
35.28	94.09462659
35.74	94.061069
35.78	93.62293332
35.83	93.39776366
35.98	93.27225432
36.12	93.24377844
36.19	93.09454032
36.17	92.80860837
35.05	77.03640349
34.6	75.0829199
33.02	70.20420707
29.61	60.75243162
28.26	56.90180956
26.71	51.72179327
25.23	47.56251138
24.34	44.22833051
23.79	41.86506612
23.42	41.13523097
22.65	39.9366482
21.82	36.73024364
20.86	33.55523295
20.12	30.81552831
19.03	27.22189583
17.82	22.72261622
16.88	19.41349422
15.83	17.27169711
14.65	14.58128251
13.57	11.06055195
11.95	5.619436323
10.23	-0.101400932
8.95	-4.721572353
7.95	-7.118588242
7.04	-10.41887739
6.4	-12.01897324
5.44	-15.40412029
4.46	-18.2152114
3.77	-20.76016507
3.46	-21.82224611
2.84	-23.20640885
2.13	-25.34730579
1.48	-27.9203811
0.67	-30.8509832
0.15	-32.13544399
-0.68	-34.80198719
-1.16	-36.04456628
-1.99	-38.5311088
-2.91	-40.97438375
-3.18	-41.43458372
-4.57	-46.21746225
-5.21	-49.3775627
-6.31	-51.07429438
-8.14	-56.99784521
-9.03	-58.95218867
-10.76	-63.49601056
-11.08	-64.90105048
-12.39	-67.88011192
-14.01	-71.90122129
-15.67	-76.05418411
-16.6	-78.05034952
-18.53	-81.0034354
-19.23	-81.9112791
-20.44	-83.39053665
-21.59	-85.61196105
-22.73	-87.14039749
-24.3	-87.7164569
-24.62	-87.21144502
-26.04	-87.63293394
-26.07	-87.74183826
-27.36	-88.82470875
-28.78	-88.79612746
-30.17	-89.06860498
-30.88	-89.41927985
-31.05	-88.94972157
-32.94	-90.30047327
-34	-90.30493442
-34.03	-89.90383389
-35.12	-90.81716718
-35.46	-90.4680177
-35.91	-90.53149208
-36.2	-90.61750629
-36.25	-90.49233612
-36.17	-88.95860837
-32.15	-66.08609441
-30.91	-63.40818137
-28.22	-54.20993874
-27.67	-53.73671186
-26.54	-49.99133718
-25.28	-45.71735261
-24.74	-43.55706513
-23.83	-42.04694006
-22.23	-37.30196285
-21.2	-33.82617575
-20.3	-30.00897067
-19.71	-29.52379684
-18.4	-25.45483517
-17.06	-21.29694391
-12.87	-11.33266527
-12.72	-10.94811756
-12.27	-9.364473279
-11.72	-7.441127998
-10.88	-5.99165062
-9.05	-1.068128915
-6.48	6.775211161
-5.26	8.97758576
-4.76	10.57610154
-3.8	13.30125401
-3.16	16.15135701
-1.83	19.54641741
-0.9	21.09266404
-0.85	21.31751603
-0.14	23.00841439
0.03	23.3689112
0.24	21.71128961
0.25	21.67426001
0.27	21.44020081
0.42	23.41475681
0.73	24.09683919
1.54	27.53744126
1.94	28.03625686
2.1	28.97378305
2.56	29.94042062
3.61	33.35230926
5.11	37.7278596
5.61	39.70637476
6.32	41.77726465
7.04	43.95112261
7.63	44.98636551
8.33	46.43427847
9.25	48.64753127
10.25	51.10453916
11.45	53.90093943
12.36	55.94120227
13.14	57.70285065
13.76	58.62697757
14.06	59.37606997
14.86	60.81364547
15.43	62.08291411
16.57	65.04144111
16.88	66.21349422
18.89	69.81032723
19.79	71.7775495
21.36	74.64367768
22.61	76.89477352
22.9	77.5008644
23.42	78.55523097
25.32	81.61922556
26.18	82.88448729
27.16	84.66535096
28.23	86.32290645
30.59	88.98323081
31.33	89.99280074
32.88	90.86267283
33.35	91.52210748
34.57	91.96402082
35.27	91.6416604
35.57	91.56064522
35.81	91.53183153
36.4	91.77682525
36.43	91.575723
36.4	91.35682525
33.02	68.03420707
31.93	64.33082192
30.71	62.31883752
29.18	58.65482996
27.89	54.9020033
26.39	50.48681667
24.9	46.29455823
23.6	42.97866456
22.89	39.55789577
22.49	37.71914934
21.03	35.18570456
20.39	32.79569169
19.5	29.5614457
18.81	26.94657363
18.5	26.30452767
17.5	24.31759713
16.1	20.32187467
15.03	17.38412945
14.15	14.26279752
13.69	13.77618922
13.04	12.83315243
12.23	10.35259371
10.8	5.517890593
10.38	3.773149692
9.28	1.586441597
8.75	-0.300975068
7.68	-2.718783482
7.02	-4.634817855
6.13	-7.689170474
5.04	-11.0129326
4.73	-12.68501251
3.77	-13.39016507
3.08	-15.69511996
2.34	-17.84492774
1.6	-20.02473639
1.29	-20.46681858
0.49	-22.56445039
-0.26	-24.26723041
-0.82	-26.15357277
-1.76	-27.91278986
-2.68	-30.60606515
-3.99	-34.74518262
-5.24	-36.70647363
-6.35	-39.92617544
-6.98	-41.67330121
-8.36	-44.24318896
-9.15	-46.19783012
-9.71	-48.19415571
-11.13	-50.1359004
-12.1	-53.243985
-12.36	-53.77120227
-13.56	-56.52758217
-14.49	-58.70376758
-15.56	-60.62151877
-16.27	-61.79235643
-18.18	-65.49951123
-19.78	-69.07458042
-20.66	-70.91585407
-22.9	-74.1008644
-24.27	-75.97755168
-25.43	-78.53187603
-27.28	-81.00096573
-28.31	-82.72664805
-30.24	-84.2293762
-31.72	-87.38851538
-33.74	-88.2378048
-34.31	-89.64689463
-34.46	-88.3813907
-34.48	-87.83732347
-34.96	-88.10970716
-34.98	-87.80563969
-35.91	-88.63149208
-36.44	-89.23868892
-31.77	-63.77335036
-30.67	-60.51696865
-29.84	-57.51068216
-29.48	-56.58385476
-28.57	-55.0338074
-27.36	-51.57470875
-26.42	-48.84572081
-25.47	-46.50374888
-24.74	-43.83706513
-24.73	-43.11409679
-23.56	-40.31679047
-22.63	-37.32071087
-22.44	-37.09430586
-21.56	-35.00305456
-20.59	-31.92507133
-19.71	-28.63379684
-18.75	-26.51875838
-18.04	-24.54794114
-17.85	-23.7015242
-17.39	-23.15493404
-16.66	-21.20816632
-15.65	-18.29824497
-14.98	-17.26928125
-14.27	-14.95843414
-13.05	-11.11612226
-12.17	-10.06477432
-11.27	-6.377480072
-10.07	-4.541078231
-8.72	-0.590114504
-8.1	1.5240355
-6.79	4.153133359
-5.33	8.40679362
-4.66	10.29580479
-4.42	10.67709273
-3.73	11.81204648
-3.28	12.97571263
-2.81	15.63531998
-2.3	15.98680927
-1.3	17.77384819
-0.76	20.44424962
0.46	22.80663841
1.3	25.60615181
2.15	26.95863498
2.65	28.86715402
3.32	31.06616882
3.59	31.93636855
4.35	32.85211492
5.32	35.31023608
5.92	37.58845369
6.18	37.73568089
7.32	40.69428895
7.52	41.20369323
8.21	42.83863643
8.94	44.82545752
9.49	46.11881376
10.49	47.83582005
11.04	49.68917053
11.42	50.79202956
13.22	55.22660915
14.56	58.12455539
14.88	57.71958477
15.93	59.75139259
17.19	62.47554623
17.89	63.61340149
18.7	65.5539123
20.79	68.7744504
21.53	70.65414807
21.89	71.10102515
22.67	71.99258553
23.91	74.73068786
24.47	75.86691955
24.92	76.60049484
27.08	79.50160764
28.09	81.24135836
29.35	82.68527757
30.3	83.69718003
31.55	85.81807606
31.81	86.0452183
33.07	87.64904062
33.4	88.64694066
34.74	89.66444864
35.33	89.86945754
35.57	89.25064522
35.6	88.91954359
36.05	88.95301644
36.07	88.70894845
36.02	88.5641184
35.95	88.40335623
31.45	62.35840559
30.52	60.22246009
29.11	56.24405725
28.38	54.55742185
28.06	53.43245515
26.92	51.16412065
25.56	46.76046268
24.34	42.88833051
23.56	40.10679047
23.42	39.75523097
22.7	38.23149152
21.87	35.60508758
20.99	32.24382892
20.24	29.7111566
19.94	29.1420855
19	26.97298829
17.51	22.3205665
16.1	18.18187467
15.24	15.3064916
14.74	13.95800954
13.83	13.37776587
12.93	10.76048429
11.28	6.520450043
9.8	1.940886425
8.62	-2.019586961
8.54	-2.533348174
7.21	-5.028383497
3.59	-15.64363145
2.01	-18.63295043
0.63	-22.7228648
-0.66	-26.3860464
-2.68	-30.53606515
-4.12	-34.2637971
-4.78	-36.80983911
-6.21	-38.2645917
-7.17	-40.5797356
-8.43	-43.5039801
-9.76	-47.30900612
-10.67	-48.95928045
-11.36	-49.75420978
-12.74	-52.36405726
-14.24	-55.599525
-15.42	-58.12994451
-16.35	-59.46611244
-17.7	-61.76698421
-18.13	-63.20466479
-19.09	-64.51971087
-20.7	-67.71772989
-21.75	-69.95946206
-23.14	-71.06211103
-23.3	-71.72960829
-24.28	-72.75052009
-25.19	-74.50063837
-26.33	-76.55900836
-27.55	-78.95109797
-28.48	-80.70709854
-30.31	-82.01014732
-30.89	-83.08224702
-32.32	-84.74653152
-32.6	-84.92960304
-33	-85.08827364
-33	-85.52827364
-33.69	-85.842972
-34.31	-86.78689463
-34.62	-87.42885261
-35.2	-87.67089696
-35.44	-88.3220854
-35.89	-87.93555999
-35.87	-87.61962789
-36.05	-87.61301644
-34.6	-72.0229199
-34.05	-69.57976686
-33.62	-68.18220599
-33.19	-67.05464092
-32.43	-65.34916697
-31.34	-61.02576782
-30.83	-60.73444393
-30.02	-58.53409488
-29.72	-57.37507332
-29.1	-55.09108971
-28.43	-53.03226022
-27.21	-49.98019048
-25.93	-46.02028463
-24.62	-43.39144502
-24.12	-41.79302534
-23.47	-40.01007368
-22.78	-37.88524074
-21.97	-35.46477535
-21.95	-34.90883781
-21.16	-33.57430022
-20.44	-31.43053665
-19.75	-28.67567318
-19.4	-27.19175448
-18.77	-26.6246968
-17.94	-24.20824807
-17.08	-21.89288274
-16.2	-19.63156986
-15.36	-16.69212691
-13.84	-14.21073562
-12.63	-10.57138884
-11.46	-6.813909388
-10.24	-3.521569115
-8.67	-1.065263779
-7.6	2.112545107
-7.59	2.565515313
-6.26	4.960556954
-5.35	7.610853011
-4.4	10.2330334
-4.04	11.67996565
-1.99	15.3988912
-1.49	17.53741071
-1.09	19.3462265
0.94	23.22921755
2.18	27.13754613
3.06	29.29893931
3.46	30.86775389
5.2	33.68459239
6.37	37.38211597
7.02	38.81518214
8.23	41.44457678
9.21	43.42565082
10.36	46.52720962
11.86	50.52270703
13	52.86127312
14.26	55.33546443
15.4	57.47400532
16.65	60.51519685
17.29	61.8452402
19.41	64.61472361
20.17	66.87037345
21.06	68.75461127
23.22	71.63585971
24.25	72.87161485
24.94	74.76643144
25.54	75.7045263
26.58	77.29320925
28.56	79.35083976
29.04	80.22328444
29.94	81.14035597
30.76	82.41367356
31.47	83.9743397
33.04	85.6101405
33.45	86.63177379
34.85	87.69707804
35.53	88.89878071
39.17	90.97828914
40.05	91.08921778
40.55	91.34746337
41.68	91.17247305
43.41	90.68529394
43.87	90.3416363
46.11	90.58547343
47.68	90.55065936
48.76	90.6806139
49.01	90.554672
50.63	90.82451785
50.8	90.39486688
50.47	90.08712962
50.44	90.26824423
52.38	90.65276882
53.67	90.72472459
53.42	90.20070683
53.57	90.07511776
54.19	90.22867426
53.78	87.95729169
53.9	89.72281893
53.846882	80.30276886
51.882954	72.89913379
50.37	67.90751153
48.78	63.02653862
47.75	60.7713983
46.01	56.55584112
44.47	53.16946472
40.46	42.31077967
39.81	40.27805748
37.14	34.12629677
36.34	32.07902966
34.05	27.30976686
32.88	25.16267283
32.04	23.61345829
30.95	21.39005004
30	19.92816017
29.47	18.5508873
28.13	16.89322928
27.14	14.35941515
25.39	10.54000316
24.13	7.165993776
23.08	5.094299457
21.6	2.414929871
20.67	0.438823024
20.15	-0.7055646
18.86	-3.098580363
17.57	-5.601617336
15.33	-10.3467819
14.14	-11.8601722
13.71	-13.08787125
11.59	-16.29748124
10.69	-18.53477952
10.55	-18.78635979
9.83	-19.65020335
8.8	-22.36612437
8.52	-22.68928848
7.92	-24.04749881
6.82	-26.74422263
5.93	-28.28857603
5.37	-29.6949124
3.7	-32.90095754
2.84	-34.50640885
0.72	-37.41613121
-0.45	-39.76366801
-1.47	-42.09664851
-2.13	-41.36269421
-2.44	-42.72477607
-3.4	-44.76993172
-5.43	-48.54290941
-6.48	-51.23478884
-7.26	-52.66646762
-8.15	-54.04081539
-9.76	-56.06900612
-11.86	-59.58270703
-13.13	-61.95988083
-14.91	-65.44849373
-15.37	-66.03509652
-16.72	-66.77598307
-18.73	-70.27281995
-19.58	-71.51519859
-21.46	-74.28336619
-22.49	-76.00914934
-24.5	-78.49582467
-25.83	-79.17060326
-26.93	-81.1770886
-27.59	-83.17296929
-29.46	-83.92791983
-30.36	-85.02498378
-30.36	-85.54498378
-32.31	-87.22356465
-32.39	-87.86729956
-34.34	-90.16579388
-36.36	-91.90496153
-39.58	-93.81986074
-43.07	-95.99451516
-43.38	-93.84640183
-44.4	-93.83871863
-44.45	-93.27353728
-46.64	-94.34251944
-48.28	-94.82841658
-49.45	-94.75500923
-50.69	-94.70228821
-51.48	-94.45625307
-52.34	-94.30092428
-53.05	-94.3011564
-53.88	-93.44689776
-53.96	-93.36058235
-54.38	-93.04492264
-54.34	-92.72308098
-53.65	-81.72880325
-51.96	-74.16839834
-49.69	-68.39609953
-48.52	-66.07951618
-46.83	-62.6588168
-44.57	-56.74910175
-42.97	-52.5548737
-42.23	-51.3355179
-40.35	-47.53816595
-38.99	-43.93491483
-38.15	-41.6858235
-37.91	-42.30465118
-37.29	-40.32078257
-36.6	-38.70614321
-35.87	-36.83962789
-34.74	-34.40444864
-33.98	-32.99900143
-32.94	-31.18047327
-32.5	-29.87993484
-32.03	-29.21049136
-31.2	-27.73422847
-30.24	-25.4893762
-29.05	-23.95625199
-28.22	-21.91993874
-27.16	-20.47535096
-25.98	-17.70512525
-24.43	-15.62504603
-22.75	-11.8563348
-21.16	-10.00430022
-20.28	-7.473032655
-19.99	-6.486930771
-18.68	-4.847973858
-16.54	-1.052532684
-15.8	1.267211559
-12.22	6.36037619
-11.77	7.59402233
-9.43	10.80900683
-9.08	11.91296072
-7.88	12.46937956
-6.59	15.64253834
-6.19	17.07134884
-4.18	19.42838084
-3.76	20.69313542
-1.88	23.49156547
-1.26	25.22572977
0.27	26.61020081
1.65	28.33011557
2.66	30.5601244
3.25	32.11537628
3.66	33.43716104
5.11	35.6978596
5.71	37.04607768
7.14	38.47082492
7.8	39.90685889
8.69	41.18120407
9.85	42.7557368
10.24	43.54156911
10.95	44.59244061
11.57	46.13657886
12.47	47.90387095
13.05	48.69612226
13.48	49.72382391
14.05	50.27310024
14.84	51.15770616
15.74	53.04497108
16.1	53.58187467
17.2	54.78851564
17.7	55.95698421
19.44	58.11363099
20.44	59.07053665
21.51	60.6882104
22.67	62.72258553
24.3	64.4464569
24.92	65.40049484
27.02	68.32380008
29.02	70.49734933
29.76	71.43694296
31.12	72.43049152
32.45	74.33510066
34.48	76.43732347
34.47	76.83435709
35.72	78.10513683
36.81	79.48842601
39.26	81.95497597
39.98	82.28846285
42.43	84.50480481
44.96	85.87468325
47.3	86.69807377
48.51	87.09655374
50.56	87.6037856
50.87	87.41559855
54.45	89.05564539
54.9	88.74885876
55.02	88.23438106
55.12	83.57398256
55.14	80.88990282
54.9	78.92885876
54.66	74.82781256
53.18	69.90964765
52.93	68.48562547
52.23	66.76835151
50.95	63.14929168
49.85	59.793492
48.85	57.21727505
48.11	54.65805322
46.77	52.81103881
45.68	50.38805231
44.73	47.93652036
43.08	44.37747929
42.55	41.8503764
42.05	40.08215872
40.98	37.52494911
39.63	34.53468624
38.48	32.403683
37.14	28.73629677
36.03	27.81708442
35.24	25.8627618
34.29	23.51096178
33.57	22.02737306
33.33	21.57617419
32.55	20.46476897
32.14	19.1531275
31.57	17.95401013
30.66	17.33400142
29.88	15.35255171
28.92	12.92767369
28.01	10.96761643
26.77	8.549601172
26.42	7.775720808
25.7	7.432017215
24.89	5.791589921
23.68	3.172412653
22.48	1.376180646
21.86	0.352118797
21.1	-1.383513136
20.36	-3.573215303
19.7	-4.38917225
18.51	-5.422503087
17.79	-8.016291763
16.77	-9.049169664
15.38	-11.63193388
14.84	-13.20229384
13.24	-14.84745123
12.19	-17.15928588
11.11	-18.44003956
10.38	-20.17685031
9.5	-21.91821615
8.26	-23.42651271
7.68	-24.14878348
7.2	-25.53135372
6.63	-26.73065733
5.54	-28.40441731
5.28	-28.92164515
4.37	-29.57194441
3.3	-31.2697719
2.3	-33.56680927
1.03	-34.66404888
0.08	-36.6762368
-0.49	-38.53554961
-1.56	-38.91338204
-2.23	-41.11239805
-3.76	-42.32686458
-5.89	-45.67954284
-6.04	-46.58409705
-7.71	-47.70012712
-8.72	-49.2101145
-10.05	-51.43513811
-10.93	-52.44650061
-11.98	-54.15834607
-12.93	-55.39048429
-13.72	-56.27509852
-14.48	-57.78079789
-17.01	-60.59209681
-18.06	-62.70387973
-19.71	-63.60379684
-20.47	-65.51944361
-22.51	-67.28508672
-23.25	-67.85476544
-23.93	-68.81662479
-25.74	-71.42388988
-27.31	-73.29986937
-30.03	-75.93706223
-32.45	-77.61510066
-33.15	-78.86277419
-34	-79.04493442
-35.1	-79.68123471
-35.74	-81.111069
-36.82	-81.77139183
-37.75	-83.14720216
-39.3	-84.78683671
-42.25	-87.24144665
-44.07	-88.61091364
-47.66	-90.56473392
-50.02	-91.95384554
-50.55	-90.25082384
-50.28	-89.66085496
-52.93	-90.57562547
-53.62	-90.29992122
-54.17	-90.3627533
-54.17	-90.0827533
-54.15	-89.83683233
-54.15	-89.59683233
-52.83	-75.00601597
-52.17	-73.61058436
-51.36	-70.58071549
-51	-69.36409977
-49.98	-67.76199774
-49.09	-65.28837016
-47.67	-61.76769664
-46.57	-59.03177802
-45.07	-55.34728233
-44.78	-54.19133851
-43.52	-52.33789812
-42.14	-49.02883843
-40.94	-45.95309019
-39.89	-43.51177775
-38.8	-40.28857435
-37.67	-37.7134774
-36.44	-35.62868892
-36.03	-34.40708442
-35.94	-34.17039019
-35.22	-33.19682938
-34.44	-31.41545792
-33.79	-30.19263754
-33.13	-28.64684081
-32.69	-27.58630423
-32.32	-26.85653152
-31.62	-26.08884527
-30.5	-24.32652558
-29.72	-22.91507332
-28.48	-20.30709854
-27.62	-19.00187277
-26.17	-16.83151921
-25.16	-14.9817336
-23.95	-12.56256172
-22.47	-9.673211953
-20.73	-6.70663674
-19.92	-5.016147387
-17.25	-1.853362625
-15.3	1.455690725
-13.7	3.850841011
-13.68	4.546780546
-11.86	6.087292971
-10.86	8.384289382
-9.83	8.960203351
-9.14	10.78514
-8.64	12.04364666
-6.48	15.19521116
-5.04	16.7629326
-4.38	18.05897407
-3.42	20.28412755
-2.33	21.18789812
-0.94	23.56078245
0.2	25.72940801
1.03	27.62595112
2.65	28.51715402
3.28	29.63428737
3.78	30.82280528
4.09	31.36488607
5.06	32.58300803
5.75	32.98795884
6.75	34.83498566
7.54	36.06963365
7.69	36.22418672
8.14	36.48784521
8.85	37.93872632
9.57	39.9125745
10.57	40.41958026
11.66	42.74330837
12.12	44.18992481
14.03	45.33716077
15.6	47.80339709
16.65	49.39519685
17.57	50.71838266
18.55	51.84937387
19.05	53.16783418
21.86	56.2121188
22.6	57.67180485
23.7	58.02834966
24.39	59.30317248
25.15	60.93876533
25.34	61.22516203
27.28	62.88096573
28.02	64.31058417
29.37	65.43121254
30.02	65.79409488
30.4	66.2168529
31.64	68.07477931
32.59	69.07663623
35.21	71.98386317
35.93	72.76742416
38.95	75.71305375
39.86	77.03288267
43.44	80.09418602
45.56	80.8824919
46.7	82.53029768
48.68	83.94691487
50.25	85.02196937
52.35	86.06388542
52.3	85.80907969
53.4	86.33478531
54.09	85.78906932
54.31	85.50419971
53.69	85.08064591
54.52	85.01636796
53.97	84.30354291
54.35	81.3460414
52.21	67.03242914
51.09	63.09075412
50.06	60.09569329
49.13	57.51021916
48.27	55.49545405
46.47	51.62214715
45.39	49.4021139
44.01	45.93313056
42.56	42.71334068
42.06	40.04512314
41.18	37.71424306
39.74	36.4673021
38.39	33.30699432
36.43	28.245723
34.81	23.80521284
33.57	21.12737306
32.88	19.61267283
30.42	15.83278745
29.33	13.94934258
27.66	10.21374404
25.15	4.608765334
23.68	1.862412653
23.06	0.918362253
21.49	-0.68772728
20.34	-3.159153305
18.6	-6.475779953
18.31	-6.691888191
18.01	-7.260966773
16.89	-8.733536344
16	-10.54782063
15.19	-11.37835649
13.87	-13.39035512
13.79	-14.47411315
12.86	-15.41030458
12.1	-17.216015
10.99	-18.82567942
10.02	-20.62377207
9.59	-21.75148531
8.46	-23.39710942
7.32	-25.35571105
6.18	-27.16431911
5.2	-28.12540761
4.09	-30.48511393
3.06	-30.83106069
2.25	-32.55166118
1.61	-34.321766
0.55	-34.67662799
-0.4	-36.32881601
-0.97	-38.15812874
-2.13	-39.88269421
-4.18	-41.94161916
-4.92	-43.8814236
-6.6	-45.66043191
-7.72	-47.39309732
-8.59	-48.41150259
-11.01	-50.23026056
-12.27	-51.64447328
-12.69	-52.65920799
-14.27	-54.19843414
-15.77	-56.23387977
-16.66	-56.94816632
-18.23	-58.68435763
-19.75	-60.68567318
-21.51	-62.8982104
-22.68	-64.5355542
-23.9	-65.80771939
-24.8	-66.76487509
-26.62	-68.50508129
-28.02	-70.02058417
-29.55	-71.76462696
-31.2	-73.66422847
-32.24	-75.59279649
-36.56	-78.8542797
-38.25	-79.81547819
-39.84	-81.9469526
-40.8	-83.12158361
-44.83	-84.69615659
-46.18	-86.44621586
-49.29	-87.91761462
-49.76	-88.39683384
-51.93	-89.2795145
-53.34	-89.18702066
-53.79	-89.56025231
-55.74	-90.58750355
-56.03	-89.36333906
-56.05	-88.91925863
-55.53	-78.59534483
-52.21	-66.97242914
-50.59	-62.59267087
-48.5	-58.49359129
-47.62	-55.552883
-46.4	-53.22140536
-45.3	-51.20544284
-44.31	-48.74204486
-43.11	-45.66637166
-42.35	-44.00109018
-41.68	-42.21247305
-41.25	-40.98499568
-40.75	-39.9367597
-39.9	-37.99474277
-39.43	-36.99538384
-37.91	-33.89465118
-37.06	-31.71257077
-36.24	-30.18937016
-35.17	-27.77199831
-33.91	-25.91823588
-32.53	-23.37883532
-31.41	-21.42653734
-29.84	-18.96068216
-28.62	-17.04864559
-26.79	-13.57553713
-25.78	-11.85576251
-23.99	-9.324435556
-22.45	-6.707274561
-20.95	-4.291953263
-19.61	-1.924105895
-18.34	0.542980393
-16.63	3.060742077
-15.55	4.751450813
-13.68	6.336780546
-12.58	8.063460479
-11.24	10.16142984
-10.03	11.92080201
-9.17	13.22622965
-8.64	13.48364666
-6.62	15.74362758
-5.54	17.85441731
-4.55	19.64847841
-2.47	22.27631279
-2.02	23.27998004
-0.64	24.7498944
0.08	26.8237632
0.82	27.66357277
2.54	28.69447987
3.68	30.48310175
4.94	32.85736424
6.16	34.62974034
7.99	36.6932925
9.35	39.12723235
9.62	39.30742495
10.4	39.67908976
11.62	41.5614286
12.62	43.02841898
13.71	44.90212875
14.17	46.37873697
14.93	47.22443302
16.95	48.75428025
18.41	51.28780442
20.06	53.84771409
20.87	55.08820188
22.84	57.3830526
23.7	58.26834966
24.35	59.77129891
26.58	61.29320925
27.01	61.02083214
29.16	63.78889491
29.83	65.01771477
31.14	66.09642577
32.42	67.72620012
33.33	68.94617419
33.97	69.89603493
34.59	70.97995354
37.27	72.66485116
37.72	72.90830539
39.1	74.70753256
40.19	75.60072723
41.51	77.27207564
42.7	78.0748403
44.63	79.81688382
45.91	81.32620851
46.59	81.83770416
48.49	83.13062884
49.47	83.55093349
51	84.93409977
52.06	85.31801093
53.49	86.19143203
56.47	86.35356614
56.33	85.93213105
61.44	87.20401321
61.17	86.70415538
61.98	86.67371977
61.51	86.2547166
64.53	87.69772275
64.84	87.34936673
67.03	87.71666595
67.47	87.77669094
68.08	87.81693822
68.09	87.64989295
68.75	87.574895
70.21	87.62619093
71.13	87.65791459
71.4	87.42765187
71.59	87.17376118
72.06	87.13255038
72.14	87.016173
71.94	86.75711586
72.18	86.71798419
72	86.5348332
72.19	86.45093698
71.49	70.42423018
70.47	67.02298649
68.79	63.53671266
66.7	58.97914145
64.98	54.57075296
62.06	46.65737897
60.51	43.64893468
59.14	40.64364716
57.95	38.55154812
56.79	35.58827211
54.66	31.16781256
53.02	28.03227371
52.86	27.78489886
51.52	25.41809881
50.37	23.21751153
48.64	20.23506528
47.2	17.41844522
46.08	15.77658377
44.77	13.79837489
43.22	11.0389768
41.36	8.277606664
39.32	4.472767071
38.38	2.534028901
35.78	-0.677066684
35.28	-1.655373406
33.64	-3.211860851
32.11	-5.66577324
30.9	-7.434785802
30.45	-7.958310734
28.75	-10.46277535
26.71	-13.06820673
24.8	-15.20512491
24.37	-16.0527643
23.54	-16.80914658
22.08	-18.64256828
20.58	-20.58789764
19.25	-22.2827826
17.41	-24.6991272
14.84	-27.69229384
13.38	-29.725874
12.09	-31.00898491
9.35	-34.02276765
8.14	-34.98215479
6.7	-36.90986558
5.97	-37.1266949
3.97	-38.82075807
3.11	-40.00620885
3.08	-40.26511996
1.06	-42.88513769
-0.45	-44.13366801
-1.71	-46.00793791
-2.54	-47.23447987
-5.64	-50.07528564
-6.48	-51.02478884
-7.95	-51.96141176
-9.79	-54.30791635
-11.67	-56.16627831
-12.6	-57.14247925
-15.17	-59.32570427
-16.77	-61.01083034
-18.27	-62.72623473
-20.27	-65.01006364
-22.37	-67.49352493
-22.82	-68.03711532
-25.85	-70.37653955
-27.57	-72.38703363
-28.6	-73.41271032
-32.1	-76.73125984
-33.75	-77.24077135
-34.13	-77.84349865
-37.34	-80.08561105
-38.18	-80.83471993
-39.49	-82.15317467
-43.73	-83.93014146
-44.45	-84.72353728
-45	-85.3365375
-48.59	-87.50025321
-50.52	-88.79193853
-50.6	-88.61563262
-51.69	-87.55844262
-54.43	-88.05972462
-59.29	-89.49802539
-60.15	-89.06244314
-61.59	-89.36837736
-63.95	-88.97624856
-65.8	-88.35314065
-66.57	-88.07072136
-66.61	-87.70254301
-67.83	-87.89306845
-67.9	-87.42375227
-69.48	-87.65055548
-70.19	-87.55028344
-70.24	-87.52505212
-71.43	-87.15651135
-72.22	-86.87979531
-72.17	-86.2450314
-72.21	-86.04684254
-72.22	-85.80979531
-72.21	-85.42684254
-71.706551	-74.73461924
-69.398071	-66.47266183
-68.192154	-62.98096745
-67.74	-61.58647463
-65.45	-57.10968613
-63.92	-54.05737881
-62.97	-51.89648332
-62.56	-51.35524284
-60.78	-48.03879986
-59.66	-45.43748785
-58.89	-44.13968143
-58.06	-42.24409743
-57.51	-40.42134613
-56.2	-38.48365494
-55.01	-36.12142088
-54.06	-34.24018777
-52.57	-31.06902961
-50.88	-28.6985602
-49.04	-25.51355884
-47.3	-22.34807377
-46.54	-21.31288879
-44.19	-17.31647947
-42.76	-14.79262568
-40.89	-12.13826647
-38.7	-8.588921092
-38.03	-7.500237525
-33.79	-2.232637538
-32.48	-0.994001172
-29.53	2.331307945
-27.33	5.114194869
-26.21	6.616608462
-21.73	11.24647554
-20.35	13.1061843
-16.51	16.59637575
-13.2	19.67933047
-11.01	21.63973944
-8.72	23.8098855
-5.67	25.98580348
-4.31	27.79976643
-3.06	28.89106069
-2.47	29.61631279
-0.47	30.66039119
-0.3	31.12088799
0.73	31.63683919
1.53	32.25447086
2.66	33.4201244
3.84	34.70062739
4.8	35.80577976
5.56	36.69152329
6.45	37.53587806
7.63	38.88636551
8.8	40.54387563
10.28	41.95344929
11.11	42.39996044
11.74	43.45706787
12.67	44.17326828
13.91	45.37152387
15.86	47.50060576
17.65	50.04213748
18.36	50.86295813
19.82	52.60645672
22.3	54.92274393
22.58	55.0058675
24.56	56.99363488
25.35	57.65813026
26.75	58.84366521
27.95	60.3898099
31.5	62.85324085
33.16	64.14574088
34.35	65.1987603
35.43	66.02911924
36.9	67.56511831
38.1	68.81099605
38.79	70.01560904
40.24	71.24555191
41.48	72.1631819
45.82	74.89953888
46.78	75.48400182
48.06	76.76324029
49.51	77.89278198
54.66	80.71781256
55.98	81.86854006
56.5	82.36244499
59.76	84.42707135
60.46	82.5341445
61.36	84.01035195
63.7	85.49233278
64.24	84.82198748
65.35	84.70012669
66.85	84.73347138
68.03	85.0521645
70.09	85.38074573
70.99	85.06656795
71.54	84.87899574
72.09	84.9014089
72.09	84.7014089
72.06	84.45255038
72.11	84.25731455
72.09	84.0814089
72.16	83.92207861
72.11	83.77731455
72.19	83.69093698
72.16	83.54207861
72.18	83.41798419
72.23	83.15274808
72.13	70.10322019
70.94	65.51180106
69.01	60.12170844
67.92	56.8696619
66.8	54.91869485
65.54	52.81628924
64.13	48.95946625
61.81	42.96344309
60.17	37.96835947
58.1	35.35593343
51.9	20.19063062
47.75	15.4113983
42.3	5.21626845
41.22	3.726101718
39.7	1.685441825
36.93	-2.545984307
34.78	-4.473686091
32.93	-7.692493462
31.43	-8.857528531
30.02	-10.48590512
29.16	-11.71110509
28.3	-12.37631964
25.49	-16.33031471
24.9	-16.72544177
23.3	-18.08039171
21.8	-20.05569394
19.82	-21.16354328
17.93	-23.27472125
17	-24.79087261
16.15	-25.45327773
13.84	-27.62926438
12.64	-30.2156413
8.87	-32.61533341
7.83	-33.78423052
6.37	-35.00788403
4.61	-37.29065643
2.82	-38.3723496
-0.8	-42.37763198
-2.97	-44.36220598
-4	-45.63815297
-8.15	-48.28081539
-8.29	-48.4623978
-10.77	-50.22898057
-12.89	-52.47860495
-14.63	-53.84534315
-17.97	-56.817156
-21.32	-59.19180223
-21.9	-59.77399393
-24.26	-61.09458327
-26.2	-62.57042346
-27.69	-63.76264748
-32.22	-67.10686271
-34.65	-69.61775165
-35.58	-71.07361135
-40.35	-73.03816595
-43.2	-75.36304862
-45.81	-77.51657558
-51.36	-79.67071549
-55.7	-82.19566393
-58.8	-83.32305316
-61.94	-84.25189008
-66.59	-86.62663219
-67.47	-83.64669094
-67.49	-83.38260096
-70.24	-83.67505212
-71.5	-83.6671833
-72.4	-83.79294436
-72.48	-83.16656566
-72.52	-82.89837619
-72.53	-82.66132881
-72.57	-81.67313924
-67.59	-58.18215077
-64.25	-51.82494393
-61.4	-45.36218261
-58.94	-40.43447478
-57.77	-37.05828458
-56.03	-34.75333906
-49.86	-23.106454
-49.14	-20.9631814
-45.64	-15.26619889
-42.47	-10.98666205
-40.9	-8.461231221
-36.3	-1.437165892
-33.19	2.145359078
-31.31	4.343133432
-26.85	7.766655055
-25.57	10.31656912
-20.06	15.74228591
-19.56	15.58073963
-17.7	18.44301579
-13.43	22.40102504
-6.72	27.49392508
-1.78	30.93126936
2.96	34.98923561
3.94	36.90033088
8.56	39.37259213
9.18	41.38674047
14.78	44.9798882
15.17	45.22570427
21.67	51.4657116
27	56.83786421
28.45	57.74819555
32.83	59.87783907
38.27	66.3114091
41.84	69.95990517
48.87	75.07319972
52.52	76.60422426
55.26	79.17542404
58.58	79.56796048
61.12	81.17936656
61.7	81.63091048
65.73	84.26245018
66.34	82.17274549
66.53	81.98889964
66.77	81.91982888
71.49	83.24423018
72.02	83.30073895
72.38	83.16703899
72.49	82.8895183
72.56	82.73018664
70.92	61.95589427
66.78	51.74278421
60.08	36.63173583
47.32	10.90399945
43.29	4.819725343
40.77	2.102689272
39.82	0.591022523
35.47	-5.169016145
27.85	-14.39986781
22.08	-19.49256828
20.93	-21.24398457
18.62	-23.36984149
17.32	-24.86585164
14.36	-27.33483849
12.02	-29.40977427
11.2	-30.44330975
8.87	-32.64533341
6.78	-33.7861036
5.6	-35.13659553
4.2	-36.65244016
1.56	-39.67661796
-0.95	-41.32218795
-3.31	-43.58319846
-4.78	-45.41983911
-9.65	-48.89633521
-12.27	-51.44447328
-13.22	-52.22660915
-14.63	-52.64534315
-16.51	-53.60362425
-17.39	-54.66493404
-18.97	-55.59408074
-23.47	-58.52007368
-26.28	-60.69416805
-30.1	-62.93783366
-30.07	-62.12893163
-30.24	-63.3793762
-33.3	-65.49727424
-34.39	-66.58062593
-36.73	-67.58469936
-37.61	-68.43568372
-40.73	-70.56083012
-44.3	-72.0690811
-46.64	-73.24251944
-47.12	-73.80474215
-49.48	-74.84389562
-51.83	-75.81990146
-51.98	-76.10432089
-54.2	-77.98163474
-54.84	-77.67109741
-58.2	-80.35552315
-60.73	-81.38401024
-63.23	-82.56336383
-64.75	-80.77276085
-67.64	-81.3169255
-68.62	-81.1664871
-68.66	-80.618305
-72.1	-81.70436173
-72.09	-81.2914089
-72.14	-81.066173
-72.19	-80.77093698
-72.24	-80.54570084
-69.8	-64.52508371
-69.35	-61.77215202
-68.07	-58.74398349
-67.02	-55.57371074
-65.35	-52.94012669
-63.3	-48.58406193
-62.47	-45.71862812
-59.56	-39.85790394
-57.63	-36.32685651
-57.43	-35.12767223
-55.62	-32.18198449
-54.65	-29.17485225
-53.53	-27.87327492
-51.43	-22.3314458
-46.97	-15.46029834
-43.57	-10.62271808
-40.08	-5.798112703
-36.03	-1.227084415
-33.69	1.607027998
-32.67	2.89962935
-30.34	5.360950799
-28.3	8.026319643
-26.5	9.220534915
-24.1	13.10291153
-21.37	15.97335346
-18.04	19.24205886
-13.29	22.8526022
-9.6	25.05851523
-6.67	28.19877633
-2.88	31.94452736
-0.11	33.7673256
2.78	36.1257689
5.18	37.15865177
5.58	38.93746388
7.92	39.70250119
10.35	41.86423958
14.09	45.15497916
14.43	45.62594941
18.58	48.85828158
21.32	50.91180223
23.13	52.10914244
24.37	53.5472357
25.53	54.8815581
27.23	56.28612627
30.09	58.34486632
33.28	61.91134093
36.81	63.77842601
39.81	66.66805748
45.47	70.99582131
47.2	72.40844522
50.25	74.17196937
51.02	74.50002299
53.14	76.43780425
56.72	76.98755551
56.79	77.62827211
61.81	80.48344309
67.54	82.11737592
69.39	83.66396855
69.61	82.99895816
72.23	82.63274808
72.16	82.03207861
72.23	81.77274808
75.14	83.32179288
76.59	83.57967964
76.76	83.03983858
76.88	82.73524399
80.14	83.83680046
80.36	83.66167029
81.77	83.7673641
81.89	83.38273724
85.61	83.82890323
86.36	83.80980847
87.75	83.79913238
87.73	83.45324364
88.51	83.58288699
89.04	83.66890593
89.15	83.25128511
89.15	83.08128511
89.18	82.85011566
90.51	83.44154884
90.52	83.17449154
90.52	82.93449154
90.56	82.76626227
90.56	82.59626227
90.59	82.46509025
90.13	67.44972177
83	47.87990086
67.59	17.04215077
60.22	6.353150238
48.83	-8.558649624
44.37	-13.4301726
43.39	-13.93063413
35.6	-21.43045641
32.5	-23.65006516
26.9	-27.64181526
23.87	-30.16118603
14.38	-37.27889908
11.83	-39.48620275
2.6	-46.01769787
-1.59	-48.67229322
-7.79	-52.3438887
-10.36	-54.38720962
-16.54	-58.49253268
-27.86	-65.43309997
-35.58	-69.93361135
-40.25	-72.51851683
-46.74	-75.34214977
-51.29	-79.23998501
-57.11	-79.24297414
-57.13	-77.65889289
-57.17	-76.98073034
-57.18	-76.50368969
-60.87	-78.73542092
-63.58	-79.15685224
-63.56	-78.49093876
-65.92	-80.39860951
-67.02	-80.41371074
-67.06	-80.11553157
-71.55	-81.72194884
-73.77	-82.02741545
-75.94	-82.25788168
-75.98	-81.71968526
-76	-81.10558702
-76.05	-80.87034133
-76.07	-80.74624302
-81.82	-82.34210301
-84.11	-82.6669953
-87.21	-83.27012798
-88.21	-83.28456692
-89.62	-83.18962425
-90.88	-82.73042459
-90.88	-82.18042459
-83.9	-49.76511791
-82.5	-45.46253837
-80.77	-42.23255702
-78.53	-38.6719919
-69.67	-20.5566822
-64.3	-12.96972611
-63.73	-11.90120281
-59.3	-6.150983911
-58.82	-5.628970582
-55.81	-1.35822276
-54.01	0.614614893
-51.9	3.399369376
-51.09	4.739245878
-49	7.198290283
-45.64	10.85380111
-41.51	15.87792436
-38.56	18.14259391
-30.67	23.96303135
-27.43	25.8245162
-22.04	29.5544433
-18.96	31.22888844
-17.18	32.55742317
-13.27	35.55854181
-10.88	37.45834938
-9.76	38.10099388
-2.16	42.85839464
-0.2	43.54059199
1	44.09703993
1.53	44.55447086
2.5	45.04259835
7.3	48.86834851
7.64	48.84933571
8.73	50.00308465
15.31	53.95727888
20.22	57.20521857
25.8	61.16169881
31.31	64.29686657
34.71	66.00554966
36.71	67.46876767
38.98	68.97194956
42.99	71.46080201
46.4	73.55140536
49.71	74.80202364
53.66	77.25176392
56.19	78.65069521
58.69	79.67050706
66.99	83.05484506
75.12	85.83589024
75.79	83.10361753
78.12	83.1710558
80.95	84.27562635
82.07	84.36579546
83.39	84.06483387
83.39	83.58483387
85.79	84.84192347
88.03	85.6415723
88.18	85.13573462
88.78	85.28237045
89.35	85.24015446
89.58	84.95785122
89.61	84.626681
89.9	84.47203269
90.21	84.32326505
90.21	84.21326505
90.2	81.66032216
86.01	42.42672343
80.86	29.8490919
76.88	21.43524399
72.97	16.39123922
70.6	13.35138307
66.82	7.314605478
62.39	1.034970304
59.36	-3.131265071
53.62	-9.240078782
49.85	-13.086508
47.9	-14.98416164
46.18	-16.92378414
38.36	-24.41190195
35.09	-27.18173153
28.99	-31.74155334
24.68	-35.1707449
19.46	-38.67043077
13.78	-42.59708291
7.49	-46.4752174
3.78	-48.25719472
-0.1	-50.729704
-1.97	-51.68516803
-4.74	-53.40795781
-7.48	-55.15181239
-11.89	-57.9716168
-18.01	-61.78903323
-22.26	-64.36086904
-25.88	-65.91544397
-31.1	-67.77455726
-37.2	-71.92409116
-40.65	-74.49711167
-46.37	-76.50251597
-49.67	-78.24017541
-53.08	-80.42003905
-58.29	-80.90215356
-59.75	-82.12411302
-61.49	-83.35880137
-64.13	-84.68946625
-65.94	-85.60452093
-68.17	-86.02353064
-68.38	-83.29557815
-76.36	-86.20181517
-79.3	-85.96909161
-84.33	-87.41181653
-86.83	-87.80822568
-87.06	-87.59595704
-87.14	-87.41951504
-90.83	-87.60571214
-90.83	-86.88571214
-90.85	-86.37159714
-90.85	-86.10159714
-87.42	-51.91196508
-85.51	-48.13944673
-83.97	-44.30574399
-82.66	-40.33969589
-80.79	-35.8984537
-79.3	-32.17909161
-76.51	-28.53607492
-73.05	-20.48485827
-70.4	-16.32231108
-68.92	-12.83511953
-67.69	-11.27170012
-66.37	-10.45161204
-65.75	-8.058361761
-63.9	-5.581465619
-63.23	-4.693363825
-60.85	-2.369505156
-59.11	0.265228598
-57.27	1.989676319
-56.24	3.714506189
-56.01	3.882580531
-55.1	5.49193771
-52.6	8.642087226
-50.83	10.3762481
-48.48	12.97233362
-46.83	14.3011832
-44.92	15.77717105
-44.37	16.3901726
-41.97	18.27155677
-39.77	20.68380272
-38.92	21.20584208
-36.68	22.81012988
-35.15	24.70393413
-33.34	26.20085916
-28.48	30.34290146
-26.14	31.83738506
-25.1	33.146076
-22.63	34.37928913
-18.37	37.16407261
-15.11	39.31211349
-13.81	39.99817364
-10.39	42.32388027
-8.3	44.32463204
-5.14	46.17322947
-1	48.56296007
2.97	50.68220598
8.3	53.96536796
15	57.95522053
15.83	58.72169711
22.99	63.53758199
25.84	64.7335714
33.79	69.84263754
41.37	73.81057128
51	78.66409977
56.33	81.10213105
59.86	82.65665445
62.15	84.83399524
62.89	84.7028272
72.87	85.58171496
76.12	86.47099715
76.17	85.24575115
76.19	85.78165271
81.43	86.69713586
82.88	86.43453514
85.7	86.40541358
87.6	86.85496623
87.61	86.17791068
88.78	86.48237045
90.06	87.37912109
90.21	84.18326505
88.3	53.30106351
87.27	44.65779599
86.32	41.10802768
85.46	35.58471826
84.32	32.24887017
80.34	19.84577314
77.1	14.72015196
71.47	6.688323922
67.89	1.930797456
65.3	-1.034653187
58.14	-10.70223064
52.19	-17.81349324
49.9	-20.20169804
45.77	-24.01527768
43.22	-26.6610232
36.19	-32.08545968
29.09	-36.36187783
21.89	-40.79897485
8.81	-47.79315423
4.18	-50.65838084
-1.63	-54.38417478
-4.85	-56.67063136
-8.91	-58.80654712
-16.34	-63.56314294
-22.07	-66.68446297
-28.67	-69.22348372
-35.34	-73.19242372
-38.34	-74.99216719
-44.59	-77.53502912
-49.28	-78.98465243
-50.33	-80.2656642
-54.43	-82.57972462
-58.36	-84.50286587
-60.34	-82.15864766
-60.35	-81.13160576
-60.39	-80.62343808
-60.39	-80.24343808
-60.34	-79.95864766
-60.35	-79.71160576
-60.34	-79.50864766
-60.32	-79.36273147
-61.89	-81.40710286
-61.94	-81.08189008
-61.94	-80.84189008
-61.92	-80.5959752
-61.92	-80.4859752
-61.96	-80.32780493
-61.9	-80.07006031
-61.96	-81.47780493
-61.9	-79.55006031
-61.9	-79.38006031
-64.9	-81.64710379
-75.7	-86.73705848
-79.39	-86.13563366
-80.87	-85.9820402
-87.44	-88.08785419
-90.19	-88.31737926
-90.19	-87.21737926
-88.76	-59.22648293
-80.84	-36.0531953
-77.99	-30.45270836
-57.8	5.862838075
-56.65	7.103161269
-54.9	8.931141243
-51.05	13.45109222
-46.59	18.07229584
-44.28	20.65684645
-41.04	23.37726259
-40.9	23.78876878
-37.56	27.01914441
-35.18	29.03503547
-32.63	30.62149654
-32.1	31.29874016
-29.1	33.04891029
-26.4	34.85021528
-22.25	38.19209969
-16.4	42.87904009
-11.69	46.24778181
-6.19	49.91134884
-2.97	51.62779402
2.89	55.25844301
10.86	59.55571062
14.5	61.87673727
19.37	64.46284709
22.7	66.10149152
28.5	68.86303386
31.92	70.67785496
33.9	72.16526936
35.3	73.08055898
36.8	74.12546019
40.31	76.18630634
44.17	78.43055186
47.47	79.85844158
53.74	82.75544916
59.55	85.66494553
62.58	86.86115717
75.64	91.21935222
79.6	89.04756342
79.36	89.61678636
83.99	89.6916371
84.06	88.90226281
86.8	89.10939093
88.94	89.55946969
88.97	88.98830063
88.99	88.57418789
88.99	89.25418789
90.4	89.91917875
92.73	90.95467635
94.38	91.05990901
97.23	91.47762681
98.95	92.06293921
100.72	91.85273402
102.14	91.7495903
104.22	91.53994445
105.37	91.11726922
105.39	90.5031349
105.37	90.15726922
105.37	89.87726922
105.39	89.6431349
106.49	90.34570353
107.13	90.08333974
107.11	89.97747655
108.56	90.67248176
108.54	90.21662067
108.54	89.97662067
108.54	89.80662067
108.56	86.12248176
105.4	41.95606774
101.8	24.39979226
91.9	4.98052484
81.46	-9.164020211
73.92	-17.58830505
62.08	-28.48670627
52.8	-35.53286695
42.98	-41.44216215
40.65	-42.92288833
34.31	-47.25310537
22.89	-52.80210423
10.59	-58.5544797
6.14	-60.7762002
-0.97	-64.37812874
-4.78	-66.01983911
-8.3	-67.76536796
-14.6	-70.69643412
-17.23	-71.96742383
-22.94	-74.8327389
-28.88	-77.37580338
-37.36	-80.89154242
-42.8	-82.80448255
-46.85	-84.40474277
-50.24	-84.8090075
-53.4	-84.34478531
-55.2	-84.6776635
-60.42	-85.32231229
-60.44	-84.7082284
-65.4	-85.79490647
-70.29	-86.57982067
-70.26	-86.73095955
-74.98	-88.48457121
-81.53	-90.03661542
-89.18	-91.15011566
-92.97	-91.92526634
-93.79	-92.06642139
-97.9	-92.67448696
-98.27	-92.65318803
-98.32	-92.29787667
-101	-90.78494197
-102.66	-86.91220712
-103.13	-86.40013308
-103.2	-87.93067393
-103.37	-88.48055742
-103.35	-87.97468888
-105.78	-86.55751007
-105.78	-85.69751007
-106.59	-85.02502364
-107.97	-85.91956714
-107.97	-85.16956714
-107.99	-84.75542907
-107.99	-84.34542907
-107.2	-84.70386065
-108.62	-81.50006487
-95.58	-25.91269644
-83.5	-1.837249317
-79.7	3.582947049
-76.03	8.365560376
-72.9	11.56942771
-66.57	18.25927864
-46.85	35.15525723
-26.16	48.56144888
-13.05	55.79387774
-2.38	60.96304621
3.2327251	57.120046
3.26718	58.74967336
3.3016348	57.10606069
3.3188622	56.07752486
