"Saatcioglu, 1999, Specimen RC-8"	
1975	
-0.01	3.337031204
0.36	7.096876639
0.75	10.34265963
1.54	13.26719412
2.51	18.55516594
2.97	22.55172937
3.61	24.15172995
3.94	26.06969862
4.23	27.26579206
4.34	27.46844813
4.75	29.86016589
5.14	31.3259457
5.73	34.05109875
6.13	35.36984583
6.13	35.57984583
6.49	36.30671763
6.88	38.42249477
7.11	39.32077327
7.28	39.50123983
7.54	40.74842369
7.82	41.63154439
7.95	41.94013601
8.21	42.60731896
9.07	44.65261369
9	38.74183405
8.78	34.64652642
8.57	31.03418705
8.45	29.85856444
8.42	29.15965877
8.04	26.66685323
7.87	24.41638733
7.71	23.60888988
7.38	22.00092597
6.99	19.05514974
6.45	15.96484301
6.25	15.59546982
5.51	10.82578759
5.02	8.000321194
4.21	3.449854584
2.96	-2.781239396
2.94	-3.057176929
1.99	-8.199210546
1.51	-11.72171224
0.96	-13.46499571
0.2	-17.35062409
0.03	-19.19109361
-0.26	-19.61718869
-0.7	-22.57781566
-1.28	-24.71000561
-1.94	-27.97594554
-2.31	-30.21579042
-2.88	-31.76501047
-3.14	-33.74219836
-3.21	-34.03297969
-3.99	-36.92454233
-4.78	-39.61907204
-5.07	-40.54516474
-5.81	-42.52484822
-6.38	-43.48406241
-6.85	-46.14358886
-7.57	-47.8673295
-8.05	-48.2598218
-8.07	-47.95575896
-8.09	-47.71169611
-8.07	-47.60575896
-8.09	-47.40169611
-7.98	-42.85904175
-8.02	-41.42091607
-7.81	-34.1585758
-7.17	-28.86858501
-6.62	-24.47531009
-5.79	-19.81891085
-4.76	-14.23313461
-4.24	-11.80876079
-3.47	-8.4101674
-3.14	-5.90219836
-2.88	-4.755010469
-2.26	-2.780946526
-0.78	4.78843399
0.98	14.27094187
2.58	22.56594735
3.42	26.95532362
3.82	29.31407368
4.44	31.69813543
4.68	33.24938484
5.06	34.64219603
5.28	35.32750755
5.71	36.93516138
5.89	37.64859766
6.09	38.14797115
6.39	39.47703107
6.73	41.30796518
6.99	41.72514974
7.42	43.68280041
7.66	44.0640469
7.88	44.63935592
8	45.05497891
8.02	44.75091607
8.02	44.06091607
8.04	35.76685323
7.56	28.8743609
6.8	23.06874567
5.33	14.08235106
4.52	9.641885255
4.15	8.052042164
2.56	-0.209990193
0.99	-7.916089336
-0.73	-16.75672204
-1.52	-21.03125655
-2.62	-26.00782245
-3.76	-31.26626119
-4.92	-36.23063407
-5.5	-39.9228189
-6.16	-41.93875183
-8.12	-48.45060183
-9.12	-52.87745628
-9.27	-49.44198393
-9.31	-49.28385794
-9.26	-44.13901542
-8.59	-35.70012414
-7.22	-26.95342812
-6.43	-22.4489057
-6.17	-20.4817205
-5.73	-19.55109875
-5.29	-17.12047625
-4.86	-14.92282178
-4.71	-13.97829101
-4.31	-12.23954193
-3.21	-6.922979692
-2.56	-3.140009807
-1.4	2.054368913
0.1	9.399687957
1.35	16.00078714
2.91	24.08391677
3.42	26.84532362
3.89	29.0248549
4.23	30.88579206
4.42	31.21219797
4.65	32.52047868
4.94	32.9565715
5.28	34.73750755
5.64	36.22438057
5.97	37.94234707
6.44	39.29187436
6.51	40.24265493
6.87	41.23952614
7.11	42.24077327
7.35	42.93202013
7.61	43.73920391
7.94	45.00716743
7.95	44.77013601
7.94	44.62716743
7.97	44.22607317
8.19	40.01138183
8.09	35.78169611
7.64	29.3081097
7.26	26.09530259
7.09	25.25483602
6.8	22.92874567
6.33	20.12921912
5.73	16.92109875
4.59	10.55266633
3.04	2.202510726
2.06	-4.838429073
0.63	-10.3629659
-0.2	-15.08937591
-0.95	-18.24203549
-1.76	-22.27250743
-3.06	-27.92844825
-3.88	-32.55188615
-4.4	-35.04626051
-5.11	-37.32703958
-5.6	-39.43250582
-6.38	-42.48406241
-6.48	-43.31374897
-6.83	-43.54765159
-7.57	-46.4273295
-8.12	-48.79060183
-8.17	-48.15544469
-8.15	-47.79950755
-8	-39.55497891
-7.9	-36.04529309
-7.34	-31.84905152
-6.88	-27.72249477
-6.33	-24.38921912
-5.79	-21.36891085
-5.17	-17.80485181
-4.62	-15.74157251
-4	-12.04751107
-3.31	-8.22266729
-2.76	-5.509385243
-1.71	-1.027663499
-0.14	6.328436861
0.68	11.22187807
2.25	18.85797775
3.18	24.29407341
3.66	26.3365737
3.96	27.0456361
4.15	28.37204216
4.59	30.88266633
4.89	32.35172793
5.13	33.49297699
5.44	34.44500673
5.58	35.07656843
5.71	35.90516138
5.94	36.76344104
6.33	38.32921912
6.49	39.54671763
7.02	41.70405563
7.3	42.05717706
7.57	43.3773295
7.76	44.29373285
8	44.67497891
8.04	44.51685323
8.02	44.34091607
8.04	43.41685323
8.07	42.32575896
8.04	41.48685323
7.95	33.74013601
7.54	27.72842369
7.23	24.70639674
6.76	23.11687111
5.71	17.09516138
4.25	8.701729525
3.28	3.243761013
2.32	-2.421240806
1.68	-5.741242858
0.84	-10.23062123
-0.07	-14.98078157
-0.92	-17.78312912
-1.4	-19.85563109
-2	-22.89375824
-2.8	-26.92126032
-3.04	-28.02251073
-3.37	-29.98047984
-4.11	-32.30016721
-4.33	-34.09547939
-4.55	-34.81079143
-4.57	-35.09672888
-5.11	-37.07703958
-5.69	-40.21922401
-6.74	-43.56093383
-7.52	-46.58248648
-7.55	-47.0013923
-7.97	-47.47607317
-8.05	-47.9798218
-8.05	-47.5998218
-8.02	-45.32091607
-7.74	-35.61779566
-7.05	-29.52296151
-6.31	-24.1032818
-5.35	-19.12828845
-5.07	-18.04516474
-4.9	-17.00469664
-4.4	-14.40626051
-3.81	-10.92110493
-3.09	-6.887354546
-2.78	-5.935322782
-2.16	-3.331258734
-0.83	2.673590022
-0.3	5.800936132
0.36	9.816876639
1.04	12.39875462
1.08	12.72062979
1.39	13.9826623
2.18	18.10719629
2.6	20.0218849
3.09	22.54735455
3.49	25.49610491
3.87	25.87891741
4.11	27.64016721
4.73	31.34422845
5.16	33.57188311
5.59	36.27953713
6.04	37.44312779
6.33	38.77921912
7.09	41.75483602
7.9	45.37529309
8.69	48.84980958
9.28	50.02495243
9.87	51.88009311
10.18	53.52211525
10.67	55.15756825
11.07	56.48630412
11.4	57.5742603
12.28	60.00547264
12.67	61.29123518
13.59	64.2343108
14.31	65.84801676
14.83	67.31235685
15.76	66.86838135
16.38	67.9423926
16.81	66.87001082
17.19	66.80278797
17.81	66.64678917
18.13	66.46175574
18.15	66.1576911
18.15	65.9176911
18.17	65.68362647
18.17	65.51362647
18.51	63.0245269
18.55	62.41639744
18.63	62.00013847
18.69	61.32794419
18.7	61.15091181
18.62	55.44717085
18.01	45.37614342
17.65	42.26930543
16.64	38.28955736
15.41	32.61450221
14.43	28.15363394
14.17	26.8364632
12.83	22.05872712
12	16.9223603
11.24	14.5967665
9.25	5.466046916
7.87	-0.963612666
7.26	-2.434697407
5.77	-9.007026514
4.42	-15.88780203
4.18	-17.43905162
3.11	-20.75670793
1.87	-25.53483594
1.25	-28.47890076
-0.23	-32.5282823
-2.19	-40.14016507
-3.23	-43.45891721
-4.57	-46.91672888
-6.55	-54.01452954
-7	-55.83811837
-8.14	-58.06653897
-9.34	-61.32276345
-9.93	-62.55790389
-10.53	-63.60601042
-11.77	-66.24408897
-12.58	-67.62452086
-13.48	-69.64166085
-13.67	-70.42805614
-14.24	-70.79724
-14.6	-72.14409137
-15.51	-73.2841821
-16.11	-75.21225918
-17.75	-75.7389828
-17.78	-74.67788599
-17.8	-73.78382145
-17.94	-73.31536949
-17.96	-72.9013049
-17.99	-72.60020802
-18.01	-72.40614342
-18.01	-72.29614342
-17.99	-72.15020802
-18.03	-72.03207882
-18.01	-71.84614342
-18.03	-71.61207882
-18.01	-71.47614342
-18.03	-71.10207882
-18.03	-70.86207882
-18.04	-70.55504652
-18.06	-69.94098191
-18.04	-69.79504652
-18.11	-68.60582036
-18.18	-67.17659415
-18.39	-66.82891515
-18.42	-66.5978181
-18.42	-66.1178181
-18.4	-65.9018828
-18.44	-62.2237534
-18.23	-56.93143253
-17.1	-47.63607774
-14.34	-37.51692106
-13.41	-34.13088355
-12.67	-30.43123518
-11.15	-25.44005115
-10.02	-21.20462003
-9.48	-18.3643224
-8.77	-16.87355789
-8	-13.75497891
-6.64	-8.45124738
-5.92	-4.627503691
-5.47	-4.213912816
-4.23	0.564207945
-2.81	6.77577091
-1.19	12.9367135
-0.49	15.25452902
0.49	17.15547098
1.73	21.49360107
2.44	24.45438451
2.77	24.93235401
3.23	25.79891721
3.58	27.27282369
3.94	28.96969862
4.39	29.44329178
4.96	31.89250892
5.14	32.4959457
5.66	33.41031795
6.64	37.28124738
7.11	38.81077327
8.14	41.37653897
8.71	43.82574666
8.88	43.97621174
9.43	45.27947994
10.14	48.52024146
11.23	50.66379813
11.74	53.57518399
13.33	56.87713802
14.17	58.9464632
14.79	59.65048463
15.4	61.45153422
15.58	61.91495795
15.96	62.44774027
16.27	63.11974575
16.48	63.60207144
16.96	64.53452832
17.24	64.78762694
17.57	65.84556344
17.89	66.39053093
17.93	65.82240178
17.93	65.64240178
17.93	65.47240178
17.93	65.37240178
17.94	65.20536949
17.93	65.02240178
18.19	65.47956183
17.46	51.38291808
16.45	45.8431678
15.21	39.65514213
14.38	35.85879346
14.03	34.72490946
13.35	32.55307441
12.41	28.4540603
12.02	25.91829692
11.45	24.30910208
9.37	16.73166895
7.14	6.519679145
6.14	2.162814494
4.9	-1.105303357
2.63	-10.62920878
0.58	-18.33780987
-0.32	-21.73500146
-1.13	-24.08547375
-1.88	-26.12813284
-3.5	-30.81907366
-5.17	-36.51485181
-6.35	-40.10515644
-7	-42.04811837
-8.36	-44.73184742
-10.69	-51.21350507
-12.6	-56.64045738
-13.03	-57.13809175
-13.56	-57.60540628
-14.27	-59.12614433
-15.13	-62.14139798
-15.51	-63.0441821
-16.48	-64.88207144
-17.37	-66.04620814
-17.94	-67.62536949
-17.94	-66.83536949
-18.35	-67.02704452
-18.35	-66.91704452
-18.37	-66.72297984
-18.13	-58.41175574
-18.06	-57.77098191
-17.13	-50.88498116
-15.65	-43.89573376
-15.11	-41.25546194
-14.41	-39.90769775
-13.89	-37.96335554
-13.5	-35.91759721
-12.62	-33.2463939
-11.74	-29.47518399
-11.51	-28.64691218
-10.95	-26.96068348
-10.53	-25.56601042
-10.22	-24.09398903
-9.64	-22.2318182
-8.71	-18.64574666
-7.93	-15.14419884
-7.53	-13.99545509
-6.02	-8.267190444
-5.83	-7.040785579
-5.26	-5.871570149
-3.97	-1.008604844
-3.74	0.989676302
-1.92	6.999992025
-0.28	14.13687372
1.91	19.81703919
3.08	25.37438578
4.16	27.1750109
4.56	29.18376016
6.09	33.32797115
6.71	36.0620279
7.97	39.15607317
8.06	39.32279038
9.19	42.65823586
9.69	45.0766606
10.76	47.29428392
11.79	51.42002563
13	53.60918707
14.15	56.98052697
14.98	59.29687753
15.24	59.57404617
15.81	60.88322112
16.33	61.86755314
16.65	63.27252522
17.12	64.03201336
17.38	65.06917592
17.82	65.2397569
17.84	64.82569234
18.05	64.81801421
18.05	64.68801421
18.05	64.54801421
17.48	49.76885361
17	47.7963996
16.03	42.9585158
14.88	38.1771971
14.09	34.74271823
13.93	33.55522811
13.31	32.16120162
12.76	29.44794942
12.36	27.32921891
12.05	27.03720184
11.71	25.10627899
11.42	24.57019702
10.95	22.50068348
10.14	19.09024146
9.85	17.11415617
9.12	15.17745628
8.59	12.12012414
7.75	9.430764257
6.75	5.513902468
5.85	2.34672294
4.51	-3.771083472
4.3	-5.173426805
3.35	-7.835457677
2.58	-11.30405265
1.51	-15.54171224
0.68	-17.51812193
-0.32	-20.98500146
-0.63	-22.4170341
-1.06	-22.92469221
-1.87	-25.98516406
-2.54	-29.01407226
-4.47	-33.65704162
-4.78	-34.49907204
-5.97	-37.61234707
-6.86	-40.8065575
-7.98	-43.37904175
-8.65	-45.98793541
-10.76	-50.57428392
-11.15	-52.24005115
-11.86	-52.83080389
-12.84	-55.64169536
-12.94	-56.56137771
-13.74	-57.52883327
-14.37	-59.19582536
-14.96	-60.95094145
-15.92	-62.65586852
-16.04	-62.86148372
-16.18	-64.03303459
-17.01	-64.76936742
-17.22	-65.24169136
-17.3	-65.61543368
-17.75	-66.1189828
-17.78	-66.26788599
-17.97	-66.60427261
-17.96	-66.5613049
-18.06	-66.70098191
-18.08	-66.52691729
-18.08	-66.32691729
-18.22	-62.02846486
-18.01	-56.79614342
-17.37	-51.64620814
-17.22	-49.74169136
-15.61	-44.09386188
-14.29	-38.15208055
-13.82	-37.56257851
-12.24	-31.92359949
-11.32	-27.80051343
-10.96	-27.10365187
-9.79	-23.20634535
-9.29	-21.12792094
-8.81	-19.02543202
-8.5	-17.1434072
-8.02	-15.65091607
-7.78	-15.23967003
-6.38	-9.584062414
-5.64	-7.434380571
-5.43	-6.512038035
-4.26	-2.68469826
-3.37	1.719520162
-2.75	4.483583527
-1.78	6.601555003
-0.64	11.03999711
1.01	17.68984825
2.54	21.07407226
3.85	26.18297992
4.04	26.68938603
4.77	28.31610332
6.21	33.43359516
6.45	33.91484301
7.09	35.38483602
8.06	38.94279038
9.19	41.61823586
9.99	44.27571466
10.35	45.55257873
10.88	46.39990473
11.16	47.72301952
12.02	49.90829692
12.43	51.53999685
13.12	53.40480571
13.72	54.26289695
14.55	57.67925098
16.14	61.01116294
17.22	64.33169136
17.94	65.23536949
18.26	66.33033554
19.06	67.84774511
19.82	68.34327657
20.1	69.01636518
20.77	70.03517999
21.06	70.64123222
22.22	70.84542902
22.75	71.3526847
23.34	71.79773782
23.68	72.7286134
25.56	74.42636195
26.47	74.17631434
27.02	74.78946523
27.3	75.35252175
28.02	75.70608899
28.71	76.29074839
29.73	76.72327139
30.4	78.51197616
30.73	77.1298423
32.47	77.81582578
33.69	78.34756791
34.38	78.00214485
34.36	77.72621524
34.38	77.45214485
34.95	77.79113487
35.22	78.0111801
36	78.41241209
35.98	78.23648324
36	78.03241209
36.02	77.65834092
36.17	77.36280685
36.64	76.60212986
36.64	76.05212986
36.21	68.07466434
34.97	59.6370642
34.12	56.83505918
32.57	52.79547802
30.81	47.83356708
29.09	41.91345544
27.11	37.67616213
25.65	32.93306118
25.59	32.05526171
24.65	30.32639526
23.44	26.8274073
21.92	22.3464145
20.6	18.47473503
19.62	15.32392693
18.05	10.00801421
18	9.843175719
17.01	7.969367424
17	7.556399605
15.83	5.039157022
14.67	1.004867873
13.57	-1.28162555
12.29	-5.45155907
11.14	-7.89291723
9.49	-13.7227091
8.37	-15.61518402
7.76	-17.78626715
6.63	-20.19172127
6.2	-22.5293735
4.59	-25.48733367
4.32	-26.63748934
3.53	-27.97202007
3.35	-29.50545768
2.72	-30.10248984
2.01	-33.03327298
1.23	-35.02483834
0.17	-36.64953047
-0.13	-36.83859434
-0.7	-38.59781566
-1.69	-41.10172593
-2.9	-44.460948
-3.45	-46.16422989
-4.47	-48.72704162
-5.12	-49.80000828
-6.38	-52.17406241
-7.45	-55.35170624
-9.05	-58.81667666
-11.27	-63.1956716
-13.29	-66.79526523
-15.01	-69.85578164
-17.3	-73.46543368
-18.85	-75.75542588
-20.89	-76.36078796
-21.01	-77.01639572
-23.83	-77.47311675
-24.23	-78.45179057
-25.07	-77.56099701
-25.64	-78.80009461
-27.31	-80.60548803
-28.33	-81.24803854
-28.62	-79.6140542
-28.66	-79.14591831
-31.22	-79.7651545
-31.65	-79.75266921
-31.67	-79.24860003
-34.03	-80.38837531
-35.08	-80.49967538
-35.96	-80.31055439
-36.01	-80.0853765
-36.1	-79.66205615
-36.11	-79.21502054
-36.13	-77.05094932
-36.17	-76.44280685
-36.2	-75.83169997
-36.24	-75.50355743
-36.24	-75.22355743
-36.22	-70.8776287
-36.1	-66.43205615
-34.29	-56.73546153
-33.74	-53.77239269
-32.1	-50.84611059
-30.34	-45.22418208
-28.09	-40.10685195
-26.57	-35.17597854
-25.45	-33.64372936
-25.21	-32.47253027
-23.49	-28.27224198
-21.3	-21.97244696
-20.92	-20.47968992
-19.58	-17.84205693
-15.91	-7.972900583
-15.42	-6.857470206
-14.34	-5.706921064
-12.63	-1.649362156
-10.72	3.217589702
-8.74	7.405347725
-6.91	11.64859932
-5.54	14.81530633
-4.55	17.24920857
-3.73	19.01264505
-1.63	22.52608679
-0.66	23.84405952
-0.09	25.22328084
0.89	26.16422274
1.75	28.41953864
3.06	31.35844825
4.28	34.31063573
5.32	36.85938236
6.32	39.52625046
6.92	40.43436931
8.14	42.03653897
9.54	45.51213335
10.45	47.85226303
12	50.8923603
12.55	51.23561607
13.59	52.2343108
14.76	54.68158045
16.36	57.25645682
16.62	58.40362163
18.32	60.21814154
20.34	63.46758314
21.46	65.16992299
22.89	66.49422321
23.87	68.06498425
24.66	69.509362
25.23	69.77846357
25.82	70.98349268
27.18	72.17692628
28.66	73.37591831
29.78	75.22810042
30.56	75.69942669
32.26	76.82355537
34.24	77.58063738
35.16	77.75339242
35.29	78.06193228
35.5	77.54418814
35.5	77.19418814
35.91	77.14573222
36.19	77.1987356
36.17	77.02280685
36.17	76.84280685
36.19	75.9187356
35.21	62.94821549
34.04	58.64134019
32.78	54.26774701
31.74	51.13935783
30.99	49.05694736
29.68	46.76844232
28.14	42.66168258
26.66	38.57267617
25.51	35.40152898
24.82	32.95682966
24.3	31.84255822
23.37	29.97663868
22.49	27.30554094
21.46	23.82992299
20.22	20.15197426
18.69	16.52794419
16.74	12.50923591
15.14	7.764366005
13.55	3.7424381
12.73	1.359044683
11.3	-0.745423302
9.87	-3.449906894
8.21	-7.902681036
7.2	-11.17250912
5.61	-13.2645255
4.73	-15.58577155
4.27	-17.31233301
2.84	-19.3568646
1.49	-22.78764982
0.84	-24.50062123
-0.39	-26.20578303
-1.5	-29.80531897
-3.06	-31.50844825
-3.73	-33.08735495
-4.5	-35.2459478
-5.55	-36.86766236
-6.12	-37.96687716
-7.48	-39.75061206
-9.29	-43.76792094
-10.27	-46.08883123
-10.95	-47.19068348
-12.94	-49.50137771
-13.87	-51.39741925
-15.15	-52.97733403
-16.63	-55.5965895
-17.84	-58.56569234
-18.9	-59.68026385
-21.47	-62.97289023
-22.99	-65.0238934
-23.75	-66.52938168
-26.61	-69.89784417
-27.33	-71.07142058
-30.24	-73.44452511
-30.64	-74.04315175
-32.89	-75.7503637
-33.24	-76.33414231
-34.75	-78.19184099
-36.6	-79.1902728
-36.68	-77.52398689
-36.7	-76.90991539
-36.72	-76.57584387
-36.68	-72.08398689
-36.55	-65.77545141
-35.91	-62.20573222
-34.63	-56.48626422
-32.72	-51.88995597
-31.41	-47.54149869
-28.9	-42.51710227
-27.52	-38.93777943
-26.92	-36.07980184
-25.93	-35.36612456
-24.21	-31.10585694
-21.99	-24.48718468
-21.16	-22.72090513
-20.89	-21.78078796
-19.97	-19.92778846
-17.89	-14.48053093
-17.2	-11.89575577
-16.18	-11.46303459
-14.68	-7.667835941
-13.01	-3.182155299
-11.31	-0.847545062
-10.02	3.155379969
-8.02	5.989083929
-6.47	9.679219679
-4.26	13.92530174
-2.21	18.66389737
-1.16	21.94561988
1.15	25.18141133
1.72	26.72063229
2.65	27.68672876
3.34	29.65157356
3.59	29.96579244
4.54	31.41782271
5.77	34.54297349
5.99	34.94828442
7.04	36.43999289
8	38.68497891
9.59	41.56697578
10.14	43.49024146
12.41	47.5740603
13.95	49.34116439
15.24	51.27404617
15.81	52.69322112
17.26	54.42356253
18.57	56.46233271
19.79	58.57437416
22.11	62.46279052
24.51	66.77486069
27.01	70.1164989
27.8	70.71083336
29.42	71.50133031
31.16	74.59736144
33.66	76.64867301
33.86	74.77797194
33.86	74.22797194
35.16	74.92339242
35.6	75.09383341
36.29	75.3283792
36.26	73.28948614
33.02	54.09891036
32.36	52.00320806
31.88	51.01087313
30.74	48.0828079
29.56	44.94285233
29.07	43.07752356
28.47	42.51956355
27.8	40.25083336
26.71	36.99750813
26.13	35.03545471
25.35	33.94406319
24.46	31.54002683
23.39	28.40257258
22.23	25.26839615
21.58	23.45552977
20.62	22.07066975
18.86	16.40839348
17.41	12.11807924
16.64	10.83955736
16.12	9.885227103
14.76	6.751580453
13.26	3.306360625
11.76	-0.648879355
10.12	-4.295695437
9.31	-6.166142055
8.3	-7.565963946
7.11	-10.46922673
5.9	-13.65843366
5.02	-14.87967881
4.77	-16.37389668
3.03	-19.47045804
1.73	-22.36639893
0.98	-24.20905813
0.41	-25.06827938
-0.87	-26.82828515
-2.21	-29.60610263
-3.3	-32.33969853
-4.04	-33.89938603
-5.97	-36.51234707
-7.83	-40.16451298
-9.22	-43.67714139
-11.13	-46.40411439
-12.44	-47.90296512
-13.68	-50.48102431
-15.17	-52.10327007
-16.22	-53.74490623
-18.13	-56.17175574
-18.89	-57.98729626
-20.25	-59.32087649
-21.7	-60.78113634
-21.71	-60.89410355
-23.06	-63.04466244
-24.64	-65.34342852
-25.36	-66.48702982
-27.38	-68.66625192
-28.4	-70.02880109
-30.36	-72.31011345
-31.48	-73.47225689
-32.03	-74.25535333
-34.13	-74.73802404
-34.98	-75.44002887
-35.01	-74.78892285
-35.89	-74.91980334
-36.2	-74.90169997
-36.24	-74.71355743
-35.62	-59.70976243
-34.98	-58.00002887
-33.05	-52.46780569
-31.1	-47.5795683
-30.38	-44.61604481
-29.57	-43.61581817
-27.9	-39.47049513
-26.5	-35.74521362
-24.73	-31.05012916
-23.59	-29.20191122
-22.26	-25.83729753
-21.37	-22.44321777
-20.9	-21.92375528
-19.78	-19.38140669
-18.97	-16.01103694
-17.92	-15.07943407
-15.98	-9.883676143
-13.72	-6.012896953
-13.32	-4.27416982
-11.65	-1.738468982
-9.83	3.141780766
-8.83	5.47863091
-6.47	9.029219679
-4.66	13.7665526
-4.26	14.09530174
-2.68	16.50436492
-1.11	19.96046383
0.1	22.96968796
0.63	24.0970341
2.35	26.08766553
3.3	28.94969853
3.94	30.30969862
5.39	32.12016325
6.32	34.97625046
8.37	37.45481598
9.68	40.70369212
10.31	42.47070499
12.05	45.17720184
13.26	46.93636062
14.74	49.27564433
15.88	51.22399676
16.64	53.68955736
18.98	55.83400452
20	57.7166908
20.72	59.48034328
23.01	62.22982742
23.68	62.7286134
26.2	65.8962201
26.85	66.56903736
29.06	69.92455761
29.9	71.54368988
32	72.26645733
32.85	74.13850312
35.07	75.34671074
37.41	77.83037061
42.05	79.17541525
43.15	80.36130849
45.58	81.32110996
46.47	80.28469597
47.71	79.75189782
49.76	79.86885608
50.54	79.8297595
51.42	79.81024097
51.44	78.85616069
52.33	78.83957418
52.9	78.55826252
53.21	78.34000043
53.31	77.99959257
53.76	77.85275273
54.17	77.66407002
54.19	76.97998778
54.19	76.80998778
54.19	76.49998778
54.24	69.27478212
53.8	63.94458883
52.23	57.78997855
51.71	55.77607558
50.73	53.94600207
49.64	50.92333065
49.11	49.77642092
47.27	45.821606
45.66	42.20480409
45.25	41.5633696
43.68	38.68831724
41.72	34.14764053
40.93	31.64356136
39.65	29.22425736
38.95	28.36680683
36.52	23.16655855
34.43	18.71696884
32.74	14.53588632
30.76	11.0487391
30.37	10.14307913
28.78	8.051510426
25.75	3.262726832
23.47	-0.93369189
21.58	-4.454470229
19.08	-9.816319753
17.57	-12.08443656
16.48	-13.60792856
15.33	-15.60924177
14.43	-16.81636606
12.28	-19.85452736
10.92	-22.4582217
10.4	-23.58257911
8.47	-26.64549846
7.85	-27.66954984
6.32	-29.52374954
5.46	-31.14905588
4.71	-32.75170899
3.3	-34.41030147
2.34	-35.90530325
2.1129429	-35.52254549
0.9587059	-38.07034191
0.96	-37.31499571
0.92425102	-37.01246384
0.92425102	-36.39226984
0.94147843	-35.76696238
0.90702361	-35.70828231
0.8897962	-35.50666677
0.66583973	-35.36642082
0.64861232	-35.06143928
0.63138491	-34.65309375
0.73474944	-28.45493595
0.75197685	-28.51873149
0.80365908	-28.5378431
1.1826622	-22.70577194
1.9406687	-18.27720994
2.4058089	-15.89953606
2.8881767	-14.10248606
3.5945008	-11.96330738
4.4386444	-8.784016009
5.9891119	-4.326932826
7.3500781	-0.167300783
7.5223522	0.29730236
8.9177732	4.122600726
10.761107	9.355686925
12.122073	13.72201048
12.535532	14.49938409
14.396092	19.35852372
16.876841	26.81355415
18.461763	30.28151489
18.909676	31.62036729
19.857183	32.7629225
21.183695	35.77513711
21.993383	38.49615947
22.871983	38.82575952
24.336313	41.08633556
26.231329	44.92175476
28.178026	47.87660554
29.935223	50.63736222
30.76214	51.33051774
32.019741	53.5640322
33.122295	55.75153987
33.78	57.42425248
36.17	59.72280685
37.55	62.61186732
38.39	63.86083711
41.29	66.03023251
42.65	68.29317952
43.56	70.14276881
46.96	71.04980577
47.96	72.82592449
49.78	73.95477694
52.07	74.4926248
52.95	75.47305919
53.4	74.36622519
53.88	74.02826086
54.5	73.97171118
54.43	64.96099976
54.14	61.01519335
53.69	58.43203941
51.99	53.30894759
50.09	49.09654851
48.32	44.47251933
46.96	41.10980577
46.58	39.51727229
45.51	38.65037744
44.8	36.64008193
43.91	34.48645054
43.63	33.85350545
43.06	32.51464581
42.8	31.81761897
41.93	30.79986116
41.06	28.68208192
40.01	26.27094111
39.96	26.83612413
38.93	24.26087948
36.84	18.88141459
35.81	16.5760877
34.83	14.46555866
33.93	12.78872635
33.14	11.82449156
31.93	9.335699915
30.64	6.363151754
29.92	4.599621431
28.99	3.18379596
27.9	2.420495125
25.73	-1.883206284
23.22	-6.797865768
21.34	-10.795684
20	-13.3333092
18.72	-15.09315297
16.77	-17.59186055
14.64	-21.43403634
12.52	-25.47328872
10.66	-28.33540016
9.3	-30.53911056
7.66	-32.7059531
5.25	-36.73139855
5.11	-37.39296042
3.94	-38.25030138
2.49	-40.96077161
1.23	-42.83483834
-0.37	-44.62984543
-2.81	-48.56422909
-4.47	-51.15704162
-5.79	-53.85891085
-8.9	-57.8821488
-11.72	-58.91924732
-13.46	-63.36572448
-18.53	-67.90046217
-20.9	-70.09375528
-24.14	-73.18508919
-28.09	-76.35685195
-30.21	-77.64562797
-34.12	-79.59505918
-38.77	-80.90346032
-39.54	-80.23165886
-40.7	-79.87540847
-42.94	-79.4190952
-44.71	-79.59342365
-44.76	-78.95823384
-45.92	-78.44180864
-47.47	-78.62083032
-48.79	-76.87167845
-50.45	-75.85311785
-50.64	-75.11936101
-51.95	-74.4071089
-53.67	-73.87612128
-55.03	-73.9385204
-55.06	-72.73739608
-55.08	-72.15331319
-55.08	-71.77331319
-55.03	-69.0785204
-55.03	-68.9685204
-55.01	-67.10260326
-54.91	-62.49301734
-54.81	-59.12343104
-54.82	-57.36638969
-53.65	-52.20020314
-52.65	-49.83427783
-50.22	-44.42503239
-49.45	-42.02708107
-48.23	-40.49587102
-46.71	-36.8757711
-46.26	-35.54250374
-43.92	-30.70941282
-43.92	-30.22941282
-42.95	-28.84205777
-41.75	-25.89652927
-40.01	-22.32094111
-38.46	-17.93158377
-37.51	-15.41001117
-35.27	-12.9160031
-34.44	-10.84993363
-34.13	-10.09802404
-33.03	-9.361875477
-31.76	-6.365288614
-30.26	-4.710456516
-28.86	-1.43523835
-27.04	0.544602114
-25.05	4.654936335
-24.04	7.01457917
-21.42	10.34194598
-18.97	13.56896306
-16.46	17.11386431
-14.82	19.50061121
-12.53	22.28032046
-11.01	23.50150619
-10.5	24.16289484
-8.62	26.13097022
-7.72	27.43814152
-6.43	29.3710943
-5.05	31.00077268
-3.64	32.9193638
-3.23	33.52108279
-0.68	35.89812193
0.06	36.22781277
1.35	36.50078714
1.73	37.47360107
3.51	39.62204242
4.74	40.60719717
6.7	43.18905925
8.06	46.00279038
8.68	46.60684104
11.35	50.07941851
15.64	53.59276579
17.39	56.77214369
21.84	59.36267707
24.92	61.58649673
25.75	63.14272683
28.69	64.63481636
32.04	66.86831866
32.69	67.82106042
35.72	68.92940742
36.26	69.56948614
38.95	70.77680683
42.51	72.45170211
45.01	73.74228361
45.28	71.83225522
48.78	73.0387177
52.9	73.97826252
54.11	73.64631665
54.09	72.57039884
54	58.73376847
53.81	56.08754785
53.55	52.71061223
52.97	49.98897783
52.74	48.54091257
51.87	47.76343135
50.61	44.70048059
49.82	42.67661861
48.75	41.15983541
48.28	39.09067567
46.8	37.17242381
45.87	34.68700024
45.78	34.14034491
45.2	33.83856016
44.18	31.32643111
43.32	28.52167068
40.77	24.42615081
38.91	19.67495212
37.02	16.80477
34.72	11.60294683
33.26	10.45007244
31.93	7.365699915
30.45	5.896804506
29.5	2.895057222
28.68	1.651850346
26.35	-1.659282942
24.63	-3.23953823
23.51	-6.841824161
21.56	-7.870404677
20.94	-9.814375452
19.81	-10.4196909
18.84	-12.50754171
17.57	-13.46443656
16.76	-15.4248284
15.14	-17.325634
14.88	-18.3628029
12.93	-20.60159052
11.4	-22.7357397
10.09	-23.81460079
9.87	-24.08990689
8.59	-26.04987586
7.63	-27.33485889
5.8	-29.25812047
5.06	-29.75780397
4.27	-31.99233301
2.37	-33.34639692
1.96	-34.15811689
-0.59	-37.70515892
-2.99	-40.6876669
-4.62	-40.69157251
-5.48	-43.01688151
-7.66	-44.2840469
-8.38	-45.97778454
-11.05	-49.18036735
-13.91	-51.09929182
-15.44	-51.79340619
-17.29	-54.10246589
-18.73	-54.90981464
-20.59	-56.77176767
-22.14	-57.60169195
-24.19	-59.41992331
-25.43	-59.99779614
-27.35	-61.38735312
-27.67	-61.97227279
-29.91	-64.38665566
-32.15	-66.12093714
-36.73	-68.57880811
-40.52	-69.70207041
-42.06	-70.29837807
-44.44	-70.80344737
-46.12	-71.47104149
-47.17	-71.98199335
-47.31	-70.47345096
-50.78	-70.85080254
-51.57	-70.77463855
-52.48	-70.87396697
-53.17	-70.65816347
-53.62	-70.59132591
-54.24	-70.56478212
-54.27	-70.09365867
-54.29	-69.85957636
-54.27	-69.61365867
-54.2	-60.73294666
-54.15	-56.85815225
-53.36	-50.5943885
-52.03	-46.00078622
-50.45	-44.15311785
-47.35	-36.27529588
-46.35	-32.83915772
-45.21	-31.95152205
-42.94	-26.6990952
-41.82	-23.54726956
-39.9	-20.31834367
-38.58	-15.99714919
-36.99	-12.11587749
-34.19	-6.605813166
-31.57	-2.568945838
-30.12	1.061063528
-25.38	7.927036937
-24.43	9.7488735
-21.39	13.35084773
-17.6	18.95553331
-14.86	22.318739
-12.15	25.39311515
-9.72	28.11443397
-8.03	30.20611535
-5	33.11561623
-3.12	35.79373916
0.73	38.48672204
1.44	39.80750624
4.58	43.35969761
8.14	45.71653897
9.87	49.09009311
14.24	51.97724
14.96	53.36094145
17.96	55.8013049
22.3	58.949166
23.61	60.71784505
28.85	64.03227237
35.28	68.41896769
40.2	70.52724501
46.42	72.91988842
49.49	73.93892319
50.09	72.31654851
52.64	72.42131839
54.33	72.44141169
54.4	71.91212337
54.45	71.47691732
54.48	71.13579365
54.57	70.99242243
54.55	70.77650495
54.28	54.47661752
53.9	49.50417883
53.76	46.94275273
53.47	46.51693924
52.99	42.82489646
51.54	39.88575909
49.38	35.34635724
48.95	34.07905011
47.42	31.46602436
45.99	27.69254028
43.32	22.87167068
41.03	18.6131926
38.69	13.77975048
36.74	9.721772352
34.69	6.704052647
33.21	4.375247113
30.21	-0.584372025
26.77	-5.844693589
24.04	-8.61457917
21.92	-11.3135855
21.2	-13.35722575
19.5	-14.13168312
17.69	-18.31882361
13.71	-23.60007121
10.66	-27.09540016
6.52	-32.04437641
2.44	-35.97561549
-1.13	-39.86547375
-5.09	-42.48110216
-6.33	-44.02921912
-8.5	-44.9834072
-10.6	-48.80678935
-17.8	-53.94382145
-19.75	-56.03250426
-25.57	-61.23932854
-28.07	-62.16091969
-31.96	-65.48459596
-34.19	-66.51581317
-37.13	-68.28737569
-45.3	-71.29817896
-49.4	-72.78227835
-50.72	-71.14304197
-50.78	-70.99080254
-52.21	-71.10405938
-54.63	-71.20017478
-54.65	-70.4060922
-54.67	-69.97200961
-54.69	-69.667927
-54.67	-61.49200961
-54.6	-54.41129862
-53.88	-47.68826086
-52.53	-43.11876439
-51.95	-40.8371089
-50.17	-38.25023096
-48.81	-34.18759996
-48.29	-32.59363659
-46.14	-28.6769647
-45	-25.13932165
-44.71	-24.67342365
-43.04	-21.66872074
-40.52	-15.89207041
-37.51	-8.790011167
-37.06	-7.866626651
-35.87	-7.203874441
-33.48	-2.185303203
-32.84	-0.375537965
-30.79	2.362364104
-28.78	6.538489574
-24.74	12.15690411
-23.62	13.61918804
-19.39	18.52432582
-16.1	21.95070874
-15.48	23.13472186
-13.05	25.40597181
-11.63	27.54746769
-7.47	32.54235655
-5.86	33.36030838
-2.26	37.18905347
-0.45	38.4164042
1.51	39.92828776
2.97	42.58172937
5.66	45.18031795
8.68	47.49684104
9.9	50.3389985
13.76	53.59476959
17.76	56.81195053
22.53	60.77740928
29.47	65.72615964
35.91	69.18573222
41.37	71.29393672
47.16	73.27903207
49.51	71.77484423
54.35	72.58732933
59.86	73.38706144
64.77	73.59829584
75.55	73.23069481
75.76	72.57263341
75.78	67.0285322
75.78	64.4385322
75.59	55.70249281
75.45	52.46119944
75.31	50.65990508
74.74	45.22176774
74.35	54.37671693
74.26	57.72016566
74.24	54.44426532
73.26	38.78512427
70.51	33.36350712
69.23	29.94561244
67.49	26.30178918
64.67	19.29874939
62.13	14.4181248
58.31	9.388726123
53.38	1.530306852
47.44	-6.728053245
45.34	-9.329973609
43.65	-10.45056983
40.06	-14.21424198
38.22	-16.84954817
32.74	-22.26411368
31.43	-23.47257039
28.51	-26.23857223
27.39	-27.37078182
24.16	-30.90897716
19.01	-35.91709275
16.05	-37.73554835
12.97	-40.8497176
10.92	-42.7982217
7.66	-45.2759531
3.04	-47.99748927
-1.52	-50.76125655
-2.99	-51.3676669
-3.37	-48.18047984
-4.74	-51.47719717
-5.52	-53.42875628
-8.03	-56.21388465
-11.43	-57.90316537
-14.87	-59.37422905
-16.35	-61.67348893
-19.78	-63.49140669
-20.83	-64.282984
-21.94	-65.09234885
-23.57	-66.05597738
-28.07	-68.56091969
-34.12	-69.49505918
-34.46	-70.25586321
-36.94	-70.23105659
-37.49	-70.77408308
-37.85	-71.05078718
-40.49	-72.93318065
-40.9	-71.88467194
-42.37	-72.01022414
-44.33	-71.94086381
-46.69	-72.25984824
-47.85	-72.01335301
-49.05	-71.98865697
-52.34	-72.76253372
-52.36	-72.2784528
-54.48	-72.73579365
-57.56	-72.64691683
-57.6	-71.83874721
-57.63	-71.39761996
-57.61	-71.0817048
-61.66	-72.47919967
-62.68	-72.23068498
-64.04	-71.94259672
-67.81	-71.78629588
-67.8	-71.12334262
-68.93	-71.04703223
-68.97	-70.60884317
-70.95	-71.37339045
-71.95	-71.24854522
-71.96	-70.80149653
-72.33	-70.53069132
-72.36	-70.19954466
-72.33	-70.02069132
-72.33	-69.78069132
-72.34	-69.67364244
-72.4	-69.56134904
-72.34	-69.40364244
-72.33	-51.00069132
-72.22	-48.7582287
-72.1	-44.76281426
-71.29	-42.49374849
-69.35	-37.92104335
-66.06	-30.36940558
-64.47	-27.51965517
-61.37	-20.23347531
-58.91	-16.26615761
-55.84	-9.39815201
-53.69	-3.872039406
-50.93	0.014796557
-48.34	3.761558853
-47.12	5.222813088
-44.87	8.489184032
-41.7	12.72828531
-40.19	15.04571833
-37.98	17.7306816
-35.53	20.95691826
-34.13	22.67197596
-31.02	25.494156
-27.67	28.19772721
-26	29.2431098
-24.02	31.47051286
-22.47	32.84039324
-19.42	35.53542325
-17.92	37.09056593
-15.01	39.54421836
-13.27	40.88067117
-10.65	42.34836857
-6.29	44.71265553
-4.47	45.56295838
-2.95	46.77420816
-0.97	48.87202692
1.73	48.41360107
2.22	48.30907141
2.65	49.87672876
4.65	52.19047868
8.25	55.15919323
9.62	54.66588123
10.81	56.98912594
14.19	59.37239944
19.29	60.77599885
22.22	61.99542902
24.25	63.35772419
28.23	66.0183776
29.78	64.40810042
31.47	63.87929144
31.47	63.42929144
31.49	63.12522233
31.49	62.91522233
31.52	62.75411866
31.49	62.57522233
31.54	62.45004954
31.52	62.34411866
31.52	61.82411866
31.54	61.48004954
39.15	66.77607974
40.58	66.53984987
40.63	66.074666
40.67	65.80651886
40.69	65.57244527
43.85	66.95867679
47.68	67.92301449
49.33	67.6215544
51.47	68.25504025
52.85	68.17346576
52.88	67.70234382
56.53	68.88226313
59.38	69.14513561
59.67	68.33088358
62.77	68.97728452
64.13	68.54919101
67.65	68.96904311
69.52	68.59123597
70.57	68.42121903
71.02	67.93405286
71.18	67.63128032
72.69	67.80692848
72.97	67.57955297
72.97	67.36955297
73.06	67.18611003
72.76	45.04758496
72.4	41.63134904
71.99	38.31035041
71.59	35.12229507
71.09	32.80471502
70.54	30.8923631
70.04	29.74475791
68.94	25.65998497
67.61	22.54722974
67.34	21.84748755
64.65	16.26284005
62.55	11.81226282
59.1	5.972341273
56.19	2.061688893
54.86	0.618224238
52.45	-2.574911527
50.11	-5.84753086
47.83	-9.692569125
45.66	-11.75519591
41.17	-16.73532414
37.93	-19.86550125
36	-20.57758791
35.43	-22.1565637
32.28	-25.78051408
29.33	-29.09536263
25.77	-31.77134006
23.18	-34.26973368
20.43	-35.80571033
16.72	-39.72669979
13.72	-41.41710305
11.38	-44.02167641
9.52	-44.79380363
7.11	-46.48922673
5.28	-47.91249245
2.75	-49.94358353
-2.92	-54.44688554
-10.1	-58.12836766
-14.36	-60.19285726
-16.06	-61.38741957
-18.73	-62.58981464
-20.92	-63.75968992
-22.94	-64.76905833
-25.35	-65.82406319
-29.84	-67.95589519
-39.82	-70.98463623
-42.01	-69.32356393
-42.02	-67.97652677
-46.47	-70.36469597
-46.92	-68.42796035
-49.79	-68.86773736
-50.22	-67.96503239
-50.21	-67.41207211
-50.19	-67.02615154
-50.21	-66.75207211
-50.21	-66.51207211
-50.22	-66.34503239
-50.19	-66.16615154
-50.21	-65.99207211
-50.19	-65.85615154
-52.74	-68.09091257
-52.72	-67.70499377
-52.77	-67.40979076
-52.77	-67.16979076
-52.84	-67.0505064
-52.81	-66.80162829
-56.06	-68.52323288
-57.41	-68.47255233
-58.77	-67.97475821
-58.79	-67.50067246
-58.8	-67.12362958
-58.82	-66.8895438
-59.61	-67.2631429
-59.61	-67.0231429
-59.63	-66.77905647
-59.63	-66.60905647
-59.63	-66.43905647
-59.65	-66.34497003
-59.65	-66.20497003
-59.65	-65.96497003
-59.65	-65.10497003
-64.76	-67.71534122
-64.94	-67.14852381
-67.31	-67.2586271
-69.29	-67.43332798
-69.88	-67.26752175
-69.9	-66.37342634
-69.93	-65.90228318
-70.55	-65.84531508
-71.16	-65.91537696
-71.19	-65.584232
-71.96	-65.81149653
-72.29	-65.7688868
-72.29	-65.4888868
-72.14	-44.63461915
-71.09	-39.40471502
-69.69	-35.85142724
-69.29	-34.87332798
-68.57	-33.94073045
-66.12	-28.59712982
-64.83	-25.5260235
-61.47	-18.71303583
-59.54	-15.21244525
-58.1	-12.51662174
-57.53	-12.208044
-56.68	-9.886632709
-54.43	-4.540999756
-51.86	0.49952836
-49.59	4.06147175
-48.02	6.806309409
-45.09	11.18402087
-42.85	13.84756803
-41.25	15.77161966
-40.06	17.49424198
-38.61	18.82395952
-37.53	19.90406075
-34.34	24.35971438
-32.12	27.22795878
-30.03	29.2277552
-28.45	31.05636857
-25.62	33.70583855
-22.92	35.70687571
-20.73	37.66668937
-19.13	38.59148194
-17.73	40.13695266
-14.8	42.66654732
-11.79	44.41997437
-8.43	47.00737267
-5.43	49.19796197
-2.16	51.47874127
1.48	53.0093814
4.21	53.92985458
6.66	55.40718467
9.3	56.47088944
12.28	58.31547264
16.12	59.8752271
19.72	61.28360182
22.51	60.60147511
22.68	58.72191532
31.83	62.29604628
37.81	63.30893133
45.51	64.63037744
46.7	63.36280967
51.33	64.62360205
53.12	64.5033672
55.85	64.10111027
60.84	64.81679765
62.91	64.1586609
63.56	64.44075457
68.52	63.71596583
71.04	63.00995636
72.14	61.40461915
72.61	60.13332077
72.8	59.63938856
72.92	58.98479888
72.97	58.68955297
72.99	58.45545458
73.12	58.04381451
73.12	57.83381451
73.16	57.6356174
73.16	57.5056174
73.18	57.37151881
73.16	57.1956174
73.43	57.09528482
73.43	56.92528482
74	55.0234597
74.04	53.66526084
74.04	44.53526084
73.95	41.33870817
73.52	33.90183982
72.97	29.98955297
72.88	29.72299552
72.62	27.74627175
71.26	22.31489359
70.39	19.67808279
67.77	14.4944828
67.06	13.08478844
65.58	10.29760591
63.67	5.393260939
61.72	2.096935305
60.72	0.111321854
58.98	-3.403142975
55.17	-7.940060036
53.61	-10.30163318
52.11	-12.14553668
48.63	-17.34569405
45.7	-20.42334892
42.27	-24.15940332
42.24	-23.96829162
38.26	-28.74769274
33.83	-33.66092284
30.5	-36.6083672
26.71	-39.57249187
24.32	-41.58150818
22.44	-43.33929452
16.58	-47.69824983
11.62	-51.24043603
7.13	-54.08328948
4.59	-55.43733367
0.06	-57.63218723
-5.57	-60.02359974
-7.72	-58.91185848
-7.69	-57.76295269
-9.19	-57.89823586
-9.21	-57.49417288
-9.19	-57.17823586
-9.21	-56.93417288
-9.19	-56.68823586
-9.21	-56.52417288
-9.21	-56.28417288
-9.21	-56.14417288
-9.19	-55.86823586
-9.15	-55.61636182
-9.19	-55.51823586
-19.32	-62.07490146
-19.25	-60.67412869
-19.3	-60.10896639
-27.81	-63.69379955
-31.69	-63.12453084
-32.34	-62.28727754
-34.1	-61.76912944
-36.6	-60.7902728
-36.6	-59.7902728
-36.61	-59.59323707
-39.94	-60.20019732
-44.9	-60.91970194
-46.04	-59.8573485
-46.86	-59.63019214
-47.05	-59.05645776
-50.05	-58.1447072
-54.63	-58.28017478
-54.81	-56.36343104
-57.92	-56.39338804
-62.89	-56.24275004
-65.73	-55.73191941
-65.83	-53.28146119
-67.24	-53.38795256
-67.26	-52.4338596
-68.17	-51.91261031
-68.17	-51.49261031
-68.97	-51.34884317
-70.52	-51.60645912
-71.88	-50.76788596
-72.28	-50.63593566
-72.28	-49.91593566
-72.69	-49.55692848
-72.81	-47.42233945
-72.21	-30.53527752
-71.83	-28.8031292
-70.66	-24.93778657
-69.97	-22.63409224
-67.74	-18.63562294
-66.85	-16.51276178
-65.97	-15.15281893
-64.52	-11.92442889
-62.73	-8.495462546
-60.66	-4.033583735
-60.13	-2.256890627
-57.79	2.705059316
-55.01	8.727396739
-51.64	13.62464285
-50.17	15.51976904
-48.52	18.39826313
-43.78	24.21205939
-40.37	27.81237865
-36.6	31.5797272
-31.12	36.96450064
-25.98	38.72904283
-23.04	40.98127157
-20.14	42.11176511
-17.44	43.98301745
-13.32	45.44583018
-9.91	46.25803303
-8.91	43.89488267
-3.93	43.44327013
-3.95	42.71733264
-0.88	42.55874606
0.55	44.12328374
0.55	43.57328374
0.75	43.25265963
0.77	42.90859722
0.75	42.66265963
0.77	42.42859722
1.03	40.78578583
1.04	40.64875462
1.03	40.47578583
1.04	40.02875462
1.22	39.60219287
1.25	39.23109924
1.27	38.68703682
1.53	37.90422534
3.112133	26.68997131
3.4	21.98938611
3.42	21.64532362
