"Saatcioglu, 1999, Specimen RC-1"	
2978	
-0.01 	7.84 
0.15 	13.41 
0.92 	18.67 
1.79 	22.01 
2.18 	24.49 
2.89 	26.66 
3.28 	28.70 
3.30 	28.32 
3.34 	28.23 
3.32 	28.01 
3.34 	27.92 
3.34 	27.50 
3.37 	27.57 
3.44 	27.48 
3.42 	27.44 
3.46 	27.42 
3.46 	27.18 
3.44 	25.58 
3.09 	18.99 
1.94 	9.49 
1.17 	4.55 
1.10 	4.26 
1.06 	3.67 
-0.45 	-3.39 
-0.49 	-3.68 
-0.57 	-3.83 
-0.94 	-5.89 
-1.07 	-6.22 
-1.26 	-7.25 
-1.52 	-8.49 
-1.59 	-8.61 
-1.57 	-8.74 
-1.64 	-9.03 
-1.90 	-10.21 
-1.99 	-10.36 
-2.37 	-11.84 
-2.47 	-12.51 
-2.71 	-14.23 
-3.19 	-15.86 
-3.21 	-16.66 
-3.28 	-17.09 
-3.55 	-17.81 
-3.61 	-18.10 
-3.76 	-18.91 
-3.85 	-19.04 
-3.97 	-19.61 
-4.07 	-19.93 
-4.09 	-20.14 
-4.21 	-21.40 
-4.50 	-22.17 
-4.85 	-23.54 
-4.88 	-23.02 
-4.92 	-22.72 
-4.92 	-22.48 
-4.80 	-13.12 
-4.47 	-9.14 
-4.12 	-5.88 
-3.86 	-3.67 
-3.71 	-3.24 
-3.23 	-1.09 
-2.83 	1.08 
-1.47 	8.43 
-0.85 	11.94 
-0.23 	14.55 
1.25 	20.86 
1.51 	23.10 
1.91 	23.55 
2.80 	27.38 
3.54 	30.53 
3.84 	31.65 
4.63 	33.49 
4.90 	34.23 
4.96 	34.48 
5.09 	34.64 
5.18 	34.99 
5.28 	35.29 
6.11 	38.66 
7.54 	42.50 
8.56 	44.77 
9.45 	46.50 
10.16 	48.95 
11.42 	50.19 
11.47 	49.58 
11.45 	49.44 
10.59 	34.48 
9.85 	30.88 
9.74 	30.69 
9.50 	30.41 
9.35 	28.39 
8.37 	26.17 
7.11 	20.97 
7.04 	20.37 
6.32 	17.39 
5.06 	12.51 
3.35 	5.38 
2.01 	-0.21 
1.77 	-2.36 
0.98 	-3.30 
0.48 	-5.52 
-0.01 	-7.49 
-0.56 	-9.51 
-1.33 	-11.73 
-1.88 	-14.44 
-2.31 	-15.93 
-2.62 	-16.36 
-2.66 	-17.36 
-3.21 	-18.56 
-3.33 	-19.08 
-3.71 	-19.91 
-4.26 	-22.37 
-4.66 	-23.75 
-4.69 	-24.06 
-5.28 	-25.88 
-5.54 	-26.61 
-5.69 	-27.11 
-6.10 	-27.98 
-6.48 	-29.14 
-6.91 	-30.14 
-7.29 	-32.02 
-7.93 	-32.99 
-8.09 	-33.29 
-8.10 	-33.57 
-8.12 	-33.33 
-8.14 	-33.13 
-7.88 	-23.33 
-7.19 	-16.53 
-6.54 	-12.82 
-5.52 	-7.52 
-5.19 	-6.77 
-4.90 	-5.66 
-4.26 	-1.42 
-3.92 	-0.75 
-2.73 	5.57 
-0.59 	15.19 
-0.02 	16.80 
1.49 	22.24 
2.16 	24.28 
2.84 	26.32 
3.04 	26.83 
3.54 	29.29 
3.99 	29.57 
5.20 	34.06 
5.54 	34.57 
5.58 	35.17 
5.78 	35.30 
5.87 	35.86 
6.80 	39.53 
8.09 	42.32 
8.61 	42.61 
9.76 	45.48 
10.04 	46.80 
11.31 	49.10 
11.92 	50.96 
12.29 	51.40 
12.88 	52.15 
13.19 	52.41 
13.69 	54.14 
14.28 	55.37 
15.45 	56.25 
15.86 	57.34 
16.88 	58.20 
17.29 	58.71 
18.01 	59.72 
18.24 	60.18 
18.93 	61.49 
19.05 	60.51 
19.06 	60.20 
19.05 	60.00 
19.06 	59.76 
19.05 	59.69 
19.08 	59.55 
18.69 	50.26 
18.29 	46.40 
18.12 	45.45 
17.39 	42.29 
16.67 	41.04 
15.91 	38.68 
14.90 	35.35 
13.69 	31.57 
13.62 	31.46 
13.57 	31.11 
13.50 	30.85 
13.47 	30.09 
12.98 	29.63 
11.93 	25.70 
11.36 	23.13 
10.83 	22.67 
9.64 	18.59 
8.45 	14.30 
7.45 	12.42 
6.75 	9.71 
6.68 	9.39 
5.94 	7.96 
5.94 	7.79 
5.02 	5.20 
4.59 	3.10 
3.51 	-0.28 
3.20 	-1.37 
2.75 	-2.47 
2.54 	-2.67 
2.49 	-2.79 
2.44 	-3.59 
2.18 	-4.01 
2.08 	-5.06 
1.48 	-6.46 
1.41 	-5.89 
1.42 	-5.85 
0.94 	-8.24 
0.73 	-9.34 
-0.47 	-12.78 
-1.50 	-16.11 
-2.62 	-20.49 
-2.90 	-22.40 
-3.83 	-23.71 
-5.02 	-27.22 
-5.83 	-30.59 
-5.92 	-31.01 
-6.79 	-32.67 
-7.76 	-35.31 
-8.84 	-37.86 
-9.08 	-38.24 
-9.79 	-39.80 
-10.39 	-41.14 
-10.74 	-42.60 
-11.26 	-43.14 
-11.94 	-44.80 
-11.98 	-44.25 
-11.96 	-43.83 
-12.01 	-43.64 
-12.00 	-43.40 
-12.00 	-43.12 
-12.00 	-43.05 
-11.94 	-37.70 
-11.84 	-34.82 
-11.45 	-30.45 
-11.01 	-27.01 
-10.14 	-23.70 
-9.46 	-20.59 
-9.36 	-20.16 
-8.76 	-17.90 
-8.15 	-15.45 
-7.78 	-13.74 
-7.47 	-13.21 
-7.00 	-10.92 
-6.35 	-8.34 
-6.02 	-6.64 
-5.73 	-4.93 
-5.23 	-3.68 
-4.83 	-2.07 
-4.62 	-1.10 
-4.49 	-0.91 
-4.42 	-0.73 
-3.97 	1.69 
-3.66 	3.49 
-2.68 	6.17 
-1.42 	11.16 
-0.94 	13.68 
0.29 	17.05 
1.27 	19.03 
2.65 	23.05 
3.73 	27.73 
4.40 	28.33 
6.40 	33.33 
6.82 	34.53 
7.18 	34.90 
7.21 	35.05 
7.37 	35.52 
7.61 	36.24 
7.88 	37.83 
8.52 	38.39 
8.66 	37.90 
8.99 	39.74 
9.80 	41.00 
10.36 	42.71 
11.04 	44.55 
11.66 	45.51 
12.23 	46.53 
12.67 	47.15 
12.93 	47.78 
13.16 	49.09 
13.55 	49.36 
13.97 	49.56 
14.15 	50.46 
14.34 	50.73 
14.62 	51.23 
14.96 	52.31 
15.60 	53.44 
15.84 	54.21 
16.64 	54.82 
17.51 	56.89 
18.62 	59.86 
18.96 	60.05 
20.25 	61.32 
20.56 	62.58 
22.18 	64.18 
23.11 	63.58 
23.44 	64.35 
24.22 	65.20 
24.77 	65.39 
24.78 	64.95 
24.80 	64.67 
25.03 	64.44 
25.03 	64.13 
25.15 	63.55 
25.18 	63.35 
25.16 	63.25 
25.20 	63.04 
25.34 	60.08 
25.03 	54.89 
24.15 	49.40 
23.80 	47.73 
23.42 	46.26 
22.54 	44.23 
22.22 	43.14 
21.67 	41.23 
21.63 	41.11 
20.72 	39.07 
19.77 	36.54 
19.06 	34.54 
18.86 	33.68 
18.36 	32.22 
18.05 	32.00 
17.94 	31.74 
17.94 	31.46 
16.58 	27.52 
15.88 	24.38 
15.21 	23.58 
12.93 	18.38 
10.74 	13.04 
9.88 	11.43 
8.37 	6.49 
7.21 	4.28 
6.06 	0.26 
5.21 	-1.45 
4.78 	-2.28 
4.68 	-2.71 
4.39 	-3.21 
4.39 	-3.73 
4.20 	-4.27 
3.61 	-5.67 
3.03 	-7.55 
2.70 	-8.30 
1.65 	-11.71 
1.39 	-12.30 
0.61 	-13.91 
0.25 	-16.48 
-0.49 	-17.01 
-0.51 	-17.26 
-1.71 	-20.68 
-2.56 	-23.20 
-2.83 	-23.76 
-3.61 	-25.71 
-3.86 	-26.37 
-4.42 	-28.02 
-4.86 	-29.53 
-5.47 	-31.29 
-6.12 	-32.08 
-6.72 	-34.17 
-8.21 	-37.31 
-8.79 	-40.12 
-10.36 	-43.71 
-10.93 	-44.46 
-12.31 	-46.96 
-13.13 	-48.30 
-13.68 	-50.39 
-15.24 	-52.46 
-15.75 	-54.19 
-17.56 	-56.24 
-18.59 	-58.44 
-19.56 	-59.39 
-20.66 	-61.21 
-20.85 	-61.84 
-23.23 	-64.04 
-23.78 	-64.99 
-24.66 	-65.38 
-24.99 	-65.12 
-24.99 	-64.84 
-25.00 	-64.60 
-25.00 	-64.39 
-25.00 	-64.19 
-25.00 	-64.08 
-25.00 	-63.81 
-24.99 	-63.15 
-25.02 	-63.05 
-25.00 	-62.95 
-25.00 	-62.46 
-25.02 	-62.39 
-25.02 	-62.26 
-25.02 	-62.19 
-25.02 	-62.08 
-25.02 	-61.98 
-25.04 	-62.09 
-25.02 	-62.08 
-25.04 	-61.78 
-25.02 	-61.70 
-25.04 	-61.54 
-25.02 	-61.60 
-25.02 	-61.46 
-25.02 	-61.70 
-25.04 	-61.47 
-25.02 	-61.39 
-25.04 	-61.68 
-25.02 	-61.53 
-25.04 	-61.40 
-25.02 	-61.43 
-25.04 	-61.47 
-25.30 	-61.44 
-25.30 	-61.34 
-25.30 	-61.55 
-25.28 	-61.27 
-25.28 	-61.51 
-25.30 	-61.27 
-25.28 	-61.41 
-25.30 	-61.20 
-25.28 	-61.07 
-25.30 	-61.41 
-25.31 	-61.24 
-25.30 	-61.10 
-25.28 	-60.96 
-25.30 	-61.51 
-25.30 	-61.24 
-25.30 	-61.07 
-25.31 	-61.55 
-25.28 	-61.38 
-25.28 	-61.20 
-25.31 	-61.48 
-25.30 	-61.34 
-25.30 	-61.00 
-25.28 	-61.48 
-25.30 	-61.34 
-25.26 	-61.06 
-25.31 	-61.20 
-25.30 	-61.31 
-25.28 	-61.07 
-25.28 	-60.96 
-25.28 	-60.93 
-25.31 	-61.20 
-25.28 	-61.10 
-25.26 	-61.43 
-25.30 	-61.31 
-25.28 	-61.17 
-25.28 	-60.82 
-25.26 	-61.23 
-25.28 	-61.10 
-25.30 	-60.96 
-25.30 	-60.82 
-25.28 	-60.76 
-25.28 	-60.65 
-25.30 	-61.20 
-25.26 	-60.88 
-25.18 	-56.53 
-24.88 	-51.28 
-24.66 	-49.35 
-23.75 	-44.76 
-22.88 	-42.04 
-22.32 	-40.29 
-22.18 	-40.03 
-20.97 	-36.04 
-20.49 	-34.18 
-19.59 	-32.10 
-18.51 	-28.59 
-17.13 	-23.78 
-16.15 	-21.66 
-14.98 	-17.47 
-14.01 	-15.12 
-13.43 	-12.86 
-12.79 	-11.44 
-12.03 	-9.87 
-11.84 	-10.19 
-11.29 	-8.27 
-10.74 	-6.70 
-10.19 	-5.45 
-9.98 	-4.61 
-9.69 	-4.32 
-9.48 	-3.98 
-9.21 	-3.22 
-8.84 	-2.23 
-8.53 	-1.32 
-7.91 	0.61 
-6.67 	3.08 
-6.19 	4.26 
-5.02 	7.13 
-3.80 	10.12 
-3.26 	11.83 
-1.81 	15.51 
-0.28 	18.51 
0.29 	20.88 
1.32 	21.97 
2.13 	25.23 
3.08 	25.80 
3.53 	27.81 
4.15 	28.18 
5.61 	32.03 
6.94 	34.48 
7.40 	34.94 
7.66 	35.08 
7.83 	35.60 
8.21 	36.90 
9.78 	39.63 
11.59 	42.71 
12.98 	45.13 
13.84 	48.24 
15.41 	49.04 
16.05 	51.14 
17.19 	53.08 
18.96 	55.95 
20.13 	57.65 
21.10 	58.09 
22.39 	60.22 
22.51 	60.58 
23.60 	62.00 
23.99 	62.34 
24.58 	62.70 
24.58 	63.01 
25.28 	64.31 
25.42 	63.77 
25.44 	63.39 
25.42 	63.15 
25.42 	62.95 
25.47 	62.85 
25.49 	62.61 
25.49 	62.47 
25.51 	62.37 
25.49 	62.23 
25.54 	62.14 
25.73 	61.89 
25.71 	61.85 
25.70 	61.88 
25.71 	61.61 
25.70 	61.68 
25.71 	61.71 
25.71 	61.57 
25.71 	61.71 
25.73 	61.55 
25.70 	61.57 
25.73 	61.76 
25.73 	61.58 
25.73 	61.52 
25.73 	61.21 
25.73 	61.55 
25.73 	61.38 
25.73 	61.27 
25.77 	61.27 
25.73 	61.41 
25.71 	61.40 
25.73 	61.24 
25.75 	61.14 
25.75 	61.41 
25.73 	61.21 
25.75 	61.10 
25.75 	61.27 
25.75 	61.14 
25.77 	61.31 
25.73 	61.14 
25.77 	61.00 
25.77 	61.27 
25.75 	61.21 
25.77 	60.96 
25.77 	61.17 
25.77 	60.86 
25.77 	61.27 
25.75 	61.17 
25.75 	61.03 
25.75 	60.93 
25.77 	61.07 
25.78 	60.97 
25.77 	60.83 
25.77 	61.14 
25.78 	60.91 
25.75 	61.07 
25.77 	60.79 
25.77 	61.03 
25.75 	60.72 
25.73 	60.86 
25.73 	57.76 
25.49 	54.07 
24.51 	45.64 
23.72 	44.11 
23.72 	43.49 
22.65 	40.79 
22.29 	40.60 
21.27 	37.81 
21.20 	36.67 
20.18 	34.96 
19.50 	32.40 
19.22 	32.21 
19.05 	31.88 
18.12 	29.35 
17.22 	26.93 
16.77 	25.28 
15.88 	23.76 
14.84 	21.18 
13.93 	18.59 
13.62 	17.13 
12.41 	16.00 
11.86 	13.56 
9.09 	8.47 
8.50 	6.44 
7.04 	2.87 
5.90 	0.93 
4.83 	-2.03 
4.49 	-2.36 
4.27 	-2.60 
4.21 	-3.09 
3.92 	-3.97 
3.65 	-4.32 
3.39 	-5.27 
3.03 	-5.59 
2.77 	-6.78 
2.30 	-7.30 
2.27 	-7.48 
2.25 	-7.62 
2.01 	-7.14 
1.70 	-9.26 
0.70 	-11.17 
-0.57 	-14.54 
-1.13 	-17.42 
-2.19 	-18.42 
-3.24 	-20.49 
-3.68 	-21.31 
-3.73 	-21.91 
-4.14 	-22.45 
-4.38 	-23.46 
-5.69 	-26.56 
-6.86 	-29.54 
-7.31 	-30.06 
-7.60 	-31.21 
-8.07 	-32.60 
-8.46 	-32.83 
-9.07 	-33.45 
-9.46 	-34.44 
-9.98 	-35.38 
-10.00 	-35.62 
-10.51 	-36.99 
-11.24 	-38.34 
-11.88 	-40.62 
-13.39 	-42.41 
-14.48 	-44.23 
-15.18 	-46.01 
-15.75 	-48.06 
-17.23 	-49.60 
-17.61 	-50.22 
-17.80 	-50.67 
-18.39 	-51.38 
-18.40 	-51.76 
-19.54 	-53.70 
-20.64 	-56.01 
-21.71 	-58.52 
-22.64 	-59.09 
-24.02 	-61.72 
-24.09 	-61.22 
-24.25 	-61.89 
-24.45 	-61.92 
-24.56 	-62.46 
-24.76 	-63.15 
-25.05 	-62.78 
-24.54 	-49.88 
-23.52 	-45.65 
-22.90 	-43.38 
-21.61 	-39.18 
-20.70 	-37.55 
-19.70 	-34.70 
-18.73 	-31.62 
-17.75 	-28.67 
-16.77 	-25.62 
-15.98 	-23.22 
-15.80 	-22.20 
-15.11 	-21.39 
-15.05 	-21.10 
-14.70 	-19.60 
-14.63 	-19.25 
-14.46 	-18.98 
-14.15 	-18.41 
-13.70 	-17.41 
-13.63 	-16.85 
-13.32 	-16.49 
-12.56 	-14.20 
-11.89 	-12.75 
-11.62 	-11.39 
-10.81 	-10.43 
-10.14 	-8.81 
-9.86 	-7.94 
-9.52 	-6.40 
-8.48 	-4.89 
-7.95 	-3.33 
-7.55 	-2.92 
-7.26 	-2.05 
-7.22 	-1.52 
-6.81 	-1.11 
-6.76 	-0.37 
-6.28 	0.08 
-5.04 	3.38 
-3.92 	7.00 
-2.85 	8.58 
-2.02 	10.69 
-1.54 	11.90 
-0.71 	14.72 
0.67 	16.53 
1.49 	18.69 
2.75 	22.20 
3.66 	23.31 
4.47 	25.72 
4.94 	27.06 
5.61 	27.76 
5.99 	27.96 
6.04 	29.00 
6.57 	29.18 
7.21 	30.53 
7.76 	31.79 
7.95 	32.14 
8.14 	33.03 
9.12 	34.28 
9.45 	34.68 
9.52 	35.00 
9.59 	35.25 
9.81 	35.46 
9.90 	35.61 
10.00 	35.76 
10.02 	36.08 
10.14 	36.41 
10.21 	37.39 
10.93 	37.84 
11.98 	40.63 
12.95 	41.62 
13.91 	43.28 
14.14 	43.81 
15.31 	45.55 
16.26 	47.70 
17.19 	48.64 
17.63 	50.40 
19.03 	51.72 
19.65 	53.33 
19.77 	53.80 
20.62 	54.25 
21.36 	55.54 
21.77 	56.53 
22.58 	57.35 
23.29 	58.54 
23.84 	59.59 
23.99 	60.00 
24.77 	60.84 
25.21 	61.12 
25.54 	61.76 
25.56 	61.42 
25.54 	61.21 
25.56 	60.18 
25.13 	51.73 
24.84 	48.94 
24.56 	47.44 
24.11 	45.68 
23.35 	43.94 
22.77 	42.09 
22.23 	41.07 
21.87 	39.40 
20.96 	37.56 
20.46 	35.96 
20.31 	35.22 
19.72 	34.50 
19.70 	34.22 
19.05 	32.50 
18.81 	32.26 
18.77 	31.76 
18.72 	31.48 
18.27 	30.37 
17.82 	29.10 
17.22 	27.93 
16.76 	25.65 
15.46 	23.62 
14.93 	21.85 
14.84 	20.56 
13.93 	20.00 
13.29 	18.34 
12.13 	15.92 
11.21 	14.05 
10.26 	11.94 
8.92 	8.48 
8.85 	7.85 
8.16 	7.50 
7.45 	5.63 
7.20 	4.24 
6.33 	2.55 
6.23 	1.84 
5.14 	0.39 
4.70 	-1.27 
4.61 	-1.48 
4.20 	-2.31 
3.94 	-2.80 
3.77 	-3.14 
3.61 	-3.50 
3.42 	-3.74 
3.09 	-5.27 
2.47 	-6.13 
1.98 	-7.38 
1.60 	-8.85 
0.92 	-10.07 
0.25 	-12.14 
-0.44 	-13.11 
-1.40 	-16.57 
-2.38 	-18.69 
-3.31 	-20.63 
-4.33 	-22.52 
-4.71 	-24.21 
-5.59 	-26.03 
-6.16 	-26.61 
-6.95 	-28.77 
-8.05 	-31.25 
-8.24 	-31.90 
-9.34 	-33.28 
-9.53 	-34.49 
-10.69 	-36.36 
-11.63 	-38.55 
-12.50 	-39.96 
-12.81 	-41.15 
-13.98 	-42.81 
-15.32 	-45.65 
-16.27 	-47.73 
-16.73 	-49.31 
-18.37 	-51.07 
-19.89 	-53.92 
-20.78 	-55.72 
-21.16 	-57.24 
-22.42 	-58.54 
-23.23 	-60.22 
-23.40 	-60.86 
-24.52 	-61.83 
-24.68 	-62.00 
-24.90 	-62.44 
-25.05 	-62.33 
-25.05 	-62.09 
-25.07 	-61.92 
-25.07 	-61.71 
-23.40 	-45.46 
-21.49 	-39.68 
-21.02 	-37.46 
-20.13 	-35.50 
-18.15 	-29.97 
-16.51 	-25.20 
-15.58 	-22.09 
-14.29 	-19.12 
-13.32 	-16.15 
-13.24 	-15.85 
-12.60 	-14.68 
-12.53 	-15.77 
-12.51 	-14.71 
-12.19 	-14.14 
-11.74 	-12.72 
-11.34 	-11.55 
-10.65 	-9.55 
-10.38 	-8.82 
-9.72 	-7.68 
-9.38 	-6.76 
-9.07 	-6.02 
-8.41 	-4.47 
-8.10 	-3.83 
-7.98 	-4.16 
-7.69 	-3.52 
-7.50 	-2.70 
-7.31 	-1.94 
-7.21 	-1.69 
-7.02 	-1.39 
-6.78 	-0.76 
-6.09 	1.52 
-5.04 	4.62 
-3.35 	8.54 
-2.07 	11.85 
-0.59 	14.61 
1.04 	18.35 
2.18 	20.25 
3.51 	23.25 
4.25 	25.44 
4.87 	25.67 
5.30 	26.74 
5.35 	26.99 
6.11 	29.35 
6.64 	30.41 
7.59 	31.42 
8.59 	33.13 
9.23 	34.44 
9.43 	34.98 
9.59 	35.32 
9.85 	35.85 
10.11 	36.20 
10.36 	37.51 
10.67 	37.80 
11.12 	38.11 
11.73 	39.25 
12.28 	40.34 
12.62 	41.40 
12.95 	42.20 
14.12 	43.98 
14.76 	45.39 
15.77 	46.41 
17.07 	48.45 
18.20 	50.49 
19.00 	52.27 
19.34 	52.94 
20.51 	53.92 
21.67 	55.97 
22.73 	58.28 
23.18 	58.76 
23.82 	59.00 
25.03 	60.82 
26.15 	62.86 
26.90 	64.03 
29.40 	67.33 
30.80 	68.94 
34.14 	70.20 
38.67 	71.03 
38.95 	69.70 
39.82 	69.63 
42.94 	69.72 
42.94 	69.34 
48.52 	69.68 
49.82 	69.48 
50.28 	69.10 
50.30 	68.89 
50.32 	68.49 
50.33 	68.11 
50.37 	67.88 
50.35 	67.76 
50.61 	67.63 
50.61 	67.32 
50.61 	67.15 
50.63 	66.71 
50.52 	58.77 
50.14 	53.95 
48.61 	50.22 
47.87 	48.63 
47.11 	46.88 
46.23 	45.12 
44.82 	42.08 
43.53 	39.45 
43.23 	38.06 
41.70 	36.10 
41.27 	35.44 
41.22 	35.05 
41.06 	34.95 
40.12 	33.22 
38.08 	29.11 
37.10 	26.57 
34.38 	24.55 
32.02 	20.59 
31.66 	18.85 
28.71 	16.48 
26.44 	12.80 
25.35 	10.57 
23.11 	8.90 
22.37 	7.67 
21.05 	4.64 
18.72 	2.74 
17.36 	0.60 
16.86 	-0.24 
16.55 	-0.66 
16.17 	-0.87 
15.71 	-1.46 
14.60 	-3.74 
13.35 	-4.63 
12.41 	-6.23 
11.52 	-7.57 
11.02 	-8.89 
9.76 	-9.95 
8.59 	-12.01 
7.92 	-13.02 
6.37 	-15.05 
5.25 	-17.27 
4.61 	-18.15 
3.15 	-20.18 
2.32 	-21.90 
2.20 	-22.68 
1.25 	-23.25 
0.32 	-25.05 
-0.11 	-26.64 
-1.11 	-27.38 
-1.76 	-28.72 
-2.71 	-29.97 
-3.50 	-32.45 
-4.76 	-33.54 
-5.54 	-34.95 
-6.64 	-37.99 
-8.02 	-39.31 
-9.62 	-42.70 
-10.82 	-44.24 
-10.93 	-44.39 
-11.76 	-46.25 
-12.98 	-48.40 
-14.48 	-51.19 
-15.96 	-52.78 
-17.54 	-55.10 
-18.85 	-56.89 
-20.68 	-59.43 
-20.80 	-59.73 
-21.92 	-61.04 
-22.28 	-62.06 
-22.97 	-62.35 
-23.23 	-62.87 
-24.30 	-64.45 
-25.62 	-65.77 
-27.04 	-67.44 
-27.48 	-67.79 
-27.93 	-68.45 
-29.88 	-70.58 
-30.12 	-68.73 
-31.43 	-67.59 
-32.17 	-67.47 
-35.36 	-68.53 
-40.25 	-69.60 
-46.88 	-70.73 
-46.88 	-70.38 
-46.88 	-69.97 
-49.45 	-71.03 
-49.62 	-70.93 
-49.66 	-70.24 
-50.34 	-70.04 
-50.36 	-69.83 
-50.36 	-69.73 
-50.38 	-69.56 
-50.36 	-69.31 
-50.40 	-68.91 
-50.36 	-68.73 
-50.41 	-68.63 
-50.45 	-68.44 
-50.45 	-68.16 
-50.45 	-67.27 
-50.45 	-66.96 
-50.47 	-66.89 
-50.43 	-66.64 
-50.29 	-58.73 
-49.41 	-53.73 
-48.38 	-51.84 
-46.97 	-48.41 
-46.83 	-47.32 
-45.35 	-45.29 
-43.75 	-41.35 
-43.66 	-40.99 
-42.51 	-39.19 
-40.13 	-33.81 
-39.58 	-31.83 
-37.92 	-30.15 
-36.46 	-27.23 
-35.12 	-24.84 
-34.25 	-23.18 
-33.62 	-22.32 
-32.58 	-21.85 
-30.91 	-19.34 
-30.14 	-17.81 
-29.43 	-17.35 
-28.17 	-15.39 
-26.76 	-12.58 
-26.21 	-12.07 
-25.07 	-11.17 
-24.16 	-9.58 
-23.07 	-7.82 
-22.66 	-6.93 
-22.13 	-6.63 
-21.42 	-5.83 
-20.83 	-4.73 
-20.21 	-3.91 
-19.97 	-3.53 
-19.71 	-3.31 
-19.32 	-3.12 
-18.53 	-1.68 
-18.20 	-1.01 
-17.23 	-0.12 
-16.84 	1.11 
-15.44 	2.95 
-14.15 	4.29 
-13.55 	4.77 
-11.62 	7.53 
-11.19 	8.69 
-10.15 	9.41 
-8.22 	12.14 
-6.91 	14.76 
-5.23 	16.03 
-3.95 	18.41 
-3.90 	18.89 
-2.04 	20.22 
-1.85 	21.22 
-0.66 	22.65 
0.68 	23.73 
0.70 	22.35 
0.73 	21.71 
0.73 	21.60 
0.72 	21.60 
0.72 	21.60 
0.73 	21.43 
0.75 	21.53 
0.73 	21.67 
0.75 	21.84 
0.75 	21.53 
0.75 	21.71 
0.75 	21.81 
0.75 	21.67 
0.77 	21.81 
0.73 	21.43 
0.75 	21.60 
0.73 	21.81 
0.73 	21.22 
0.75 	21.67 
0.73 	21.26 
0.73 	21.40 
0.73 	21.57 
0.75 	21.43 
0.73 	21.64 
0.73 	21.74 
0.77 	21.40 
0.75 	21.57 
0.75 	21.26 
0.75 	21.40 
0.79 	21.61 
0.77 	21.22 
0.73 	21.67 
0.75 	21.19 
0.77 	21.50 
0.77 	21.71 
0.79 	22.04 
0.79 	21.13 
0.80 	21.27 
0.80 	21.54 
0.80 	21.65 
0.79 	21.23 
0.80 	21.41 
0.99 	21.09 
0.92 	21.29 
0.92 	21.08 
0.94 	21.25 
0.99 	21.40 
0.98 	21.54 
0.96 	21.19 
0.98 	21.30 
0.96 	21.50 
0.96 	21.19 
0.98 	21.40 
0.98 	21.51 
0.98 	21.20 
0.98 	21.37 
0.96 	21.53 
0.94 	22.96 
0.98 	24.37 
0.94 	23.16 
0.92 	23.36 
0.99 	23.17 
0.98 	23.67 
1.82 	24.60 
2.97 	26.44 
4.04 	29.09 
4.46 	29.51 
7.35 	32.86 
8.52 	34.67 
9.18 	35.49 
9.81 	35.49 
9.92 	35.75 
10.23 	36.15 
11.64 	38.44 
12.24 	39.95 
13.22 	40.62 
14.79 	41.46 
15.65 	42.81 
16.12 	43.10 
17.65 	44.75 
18.69 	45.47 
18.91 	45.74 
19.17 	46.03 
19.60 	46.78 
20.13 	46.97 
20.72 	47.82 
20.96 	48.00 
21.96 	48.81 
22.67 	49.72 
23.10 	49.90 
24.15 	50.99 
25.34 	51.81 
26.21 	52.63 
27.09 	53.60 
27.87 	54.34 
29.45 	55.11 
29.71 	55.61 
31.45 	57.34 
33.69 	58.58 
34.78 	59.31 
35.93 	60.22 
37.81 	61.41 
39.48 	61.92 
40.74 	62.57 
40.96 	63.03 
42.86 	64.01 
43.82 	64.35 
44.29 	64.83 
45.30 	65.13 
45.85 	65.98 
48.08 	66.20 
49.33 	66.09 
49.94 	66.98 
50.07 	66.10 
50.09 	65.83 
50.09 	65.59 
50.09 	65.48 
50.06 	65.35 
49.99 	58.06 
48.95 	51.87 
47.28 	47.60 
46.08 	44.55 
45.41 	43.44 
44.82 	42.90 
44.56 	41.52 
43.49 	40.03 
42.99 	38.57 
42.30 	36.98 
41.06 	35.16 
40.87 	34.79 
40.53 	34.46 
39.77 	32.31 
38.69 	31.55 
37.60 	29.34 
35.67 	25.27 
33.04 	23.06 
31.18 	19.25 
28.90 	17.41 
27.14 	13.98 
25.06 	12.31 
23.08 	9.37 
21.72 	6.43 
18.12 	2.82 
17.74 	1.32 
16.17 	0.71 
15.26 	-0.63 
14.91 	-1.31 
14.09 	-2.44 
13.72 	-3.54 
12.71 	-4.04 
11.36 	-6.53 
10.85 	-7.41 
9.31 	-8.28 
7.35 	-11.38 
6.13 	-13.31 
3.70 	-16.62 
1.68 	-18.77 
0.10 	-21.15 
0.03 	-21.38 
-2.35 	-24.03 
-3.26 	-26.76 
-7.09 	-30.20 
-7.48 	-32.30 
-10.05 	-33.98 
-12.96 	-37.72 
-14.89 	-39.58 
-16.70 	-41.80 
-18.16 	-44.58 
-21.51 	-47.43 
-23.54 	-50.62 
-25.88 	-51.65 
-26.38 	-53.04 
-29.00 	-54.76 
-30.46 	-56.90 
-33.48 	-59.41 
-35.65 	-61.04 
-37.25 	-62.22 
-40.89 	-63.77 
-42.51 	-65.62 
-44.81 	-67.08 
-46.99 	-68.22 
-49.48 	-68.73 
-50.90 	-70.16 
-51.36 	-68.41 
-51.36 	-67.96 
-52.74 	-69.32 
-52.74 	-68.97 
-53.50 	-69.27 
-53.43 	-63.33 
-53.43 	-63.22 
-53.39 	-62.09 
-53.15 	-58.26 
-53.10 	-58.00 
-52.81 	-55.62 
-52.08 	-53.40 
-51.88 	-52.85 
-51.33 	-51.18 
-50.40 	-49.17 
-49.84 	-47.84 
-48.69 	-46.62 
-47.85 	-44.76 
-47.20 	-43.18 
-46.66 	-42.43 
-46.64 	-42.57 
-45.69 	-40.49 
-44.50 	-37.99 
-44.30 	-37.33 
-43.71 	-36.66 
-42.71 	-34.50 
-42.54 	-34.30 
-42.08 	-33.47 
-42.02 	-32.80 
-40.49 	-30.49 
-39.08 	-27.61 
-38.70 	-26.59 
-37.77 	-26.30 
-37.73 	-25.88 
-36.13 	-24.01 
-34.53 	-21.13 
-34.29 	-20.68 
-33.39 	-20.30 
-32.00 	-17.65 
-31.70 	-16.89 
-29.78 	-15.27 
-28.45 	-12.36 
-26.52 	-10.50 
-26.40 	-10.29 
-24.38 	-7.85 
-23.61 	-5.98 
-22.25 	-4.38 
-21.59 	-4.13 
-21.33 	-3.57 
-19.77 	-1.71 
-19.70 	-1.32 
-17.94 	0.38 
-17.25 	1.07 
-15.61 	4.13 
-13.25 	6.50 
-11.66 	9.59 
-10.14 	10.69 
-8.95 	11.84 
-7.67 	14.67 
-6.12 	15.61 
-5.19 	17.66 
-4.12 	17.96 
-2.80 	20.56 
-0.39 	23.08 
0.25 	24.56 
2.44 	26.35 
2.47 	26.53 
3.56 	27.60 
4.44 	30.32 
6.21 	30.92 
6.26 	31.17 
7.75 	32.61 
7.95 	33.44 
8.78 	33.75 
9.54 	35.18 
10.12 	35.37 
10.52 	35.58 
10.66 	35.91 
11.52 	37.25 
12.81 	38.43 
13.21 	39.45 
14.24 	39.72 
14.74 	41.12 
16.14 	42.75 
17.45 	43.78 
19.05 	45.08 
20.34 	45.83 
21.27 	46.63 
22.70 	47.83 
23.04 	48.68 
24.28 	49.05 
25.42 	51.47 
27.54 	52.78 
29.47 	54.44 
31.74 	56.10 
32.79 	56.96 
35.41 	57.93 
38.31 	59.56 
38.67 	60.21 
41.05 	61.86 
42.84 	62.74 
44.13 	63.23 
45.99 	63.48 
47.25 	64.52 
48.73 	65.23 
50.26 	66.00 
50.47 	64.96 
50.50 	64.66 
50.50 	64.45 
49.78 	52.24 
47.40 	46.52 
46.63 	43.95 
45.78 	43.05 
44.41 	39.28 
43.08 	38.01 
42.41 	35.62 
41.77 	35.28 
41.63 	35.09 
41.48 	34.75 
39.63 	31.15 
37.62 	27.27 
35.64 	24.65 
32.92 	21.18 
30.06 	17.52 
28.28 	14.72 
25.80 	11.39 
23.63 	8.25 
21.44 	5.63 
19.01 	2.93 
17.10 	0.38 
16.00 	-0.55 
15.22 	-1.57 
13.72 	-4.02 
11.97 	-5.78 
10.16 	-8.28 
7.76 	-10.93 
4.94 	-14.28 
2.68 	-17.95 
-0.18 	-21.89 
-2.40 	-24.53 
-3.22 	-25.24 
-4.67 	-27.68 
-6.90 	-28.73 
-8.05 	-32.04 
-10.39 	-33.76 
-10.90 	-33.95 
-12.58 	-36.63 
-14.82 	-39.64 
-17.49 	-42.38 
-20.11 	-45.14 
-21.85 	-46.29 
-23.62 	-47.77 
-24.31 	-48.33 
-25.45 	-49.51 
-27.38 	-50.13 
-27.41 	-50.52 
-28.90 	-51.79 
-30.58 	-54.44 
-33.69 	-56.62 
-35.77 	-57.58 
-35.98 	-57.78 
-37.01 	-58.81 
-39.11 	-60.11 
-39.53 	-60.83 
-42.94 	-62.62 
-44.35 	-63.67 
-46.14 	-65.09 
-47.12 	-65.60 
-48.81 	-66.59 
-49.10 	-65.46 
-50.28 	-65.34 
-50.28 	-65.17 
-50.28 	-64.79 
-50.28 	-64.58 
-50.26 	-62.72 
-50.17 	-57.91 
-50.10 	-56.32 
-50.07 	-56.28 
-50.09 	-56.35 
-49.19 	-49.94 
-48.00 	-47.20 
-45.69 	-43.15 
-43.78 	-39.05 
-43.14 	-36.67 
-42.21 	-36.11 
-40.47 	-32.59 
-39.51 	-30.54 
-38.04 	-27.86 
-37.56 	-26.30 
-36.79 	-25.73 
-35.89 	-23.62 
-35.10 	-23.01 
-34.29 	-21.92 
-34.25 	-21.63 
-33.31 	-20.55 
-32.24 	-18.28 
-30.58 	-16.85 
-29.78 	-15.58 
-28.72 	-13.65 
-28.62 	-13.50 
-27.47 	-12.39 
-26.95 	-11.16 
-26.00 	-10.22 
-25.26 	-9.58 
-24.42 	-7.86 
-23.26 	-6.68 
-22.57 	-5.08 
-21.64 	-4.66 
-21.35 	-3.96 
-20.89 	-3.68 
-20.64 	-3.15 
-18.77 	-0.44 
-18.23 	0.71 
-16.61 	2.21 
-16.04 	3.68 
-13.53 	6.67 
-13.24 	7.30 
-11.96 	7.81 
-10.38 	10.82 
-9.84 	11.73 
-7.79 	13.58 
-7.34 	15.03 
-5.47 	16.92 
-3.88 	18.11 
-2.38 	20.66 
-0.85 	21.86 
0.34 	23.84 
0.86 	24.90 
2.91 	26.74 
3.59 	28.44 
5.27 	29.33 
5.83 	30.73 
7.25 	31.39 
8.04 	32.83 
9.25 	33.64 
10.18 	35.34 
10.92 	35.71 
11.42 	35.92 
11.59 	36.26 
12.05 	36.71 
13.14 	38.41 
14.02 	39.89 
15.79 	41.44 
16.77 	42.37 
19.01 	44.16 
20.31 	45.31 
21.27 	46.53 
23.85 	48.40 
26.09 	50.07 
26.71 	50.82 
28.95 	51.86 
29.99 	53.27 
32.40 	54.66 
34.29 	55.89 
35.52 	57.74 
38.43 	59.14 
40.46 	60.05 
42.77 	61.66 
45.77 	63.11 
48.78 	64.38 
49.45 	65.45 
53.18 	66.63 
55.40 	67.23 
56.72 	67.20 
58.33 	68.15 
58.69 	66.66 
63.06 	67.28 
63.17 	66.75 
63.17 	66.40 
63.17 	66.09 
63.18 	65.92 
63.22 	65.69 
63.20 	67.44 
63.22 	67.44 
63.22 	67.24 
63.22 	67.34 
66.27 	67.11 
67.66 	67.05 
67.66 	66.85 
68.82 	66.75 
70.44 	67.39 
70.83 	67.07 
72.49 	67.31 
73.07 	67.09 
73.38 	67.03 
75.45 	67.05 
75.45 	66.85 
75.67 	66.61 
75.66 	66.44 
75.66 	66.27 
75.69 	66.16 
75.64 	62.26 
75.55 	56.84 
74.92 	50.81 
73.81 	48.03 
72.71 	45.65 
72.00 	44.28 
71.35 	42.84 
69.94 	40.75 
68.90 	39.31 
68.32 	39.00 
68.23 	38.86 
67.40 	36.97 
66.01 	34.58 
65.01 	32.56 
63.15 	29.40 
61.10 	26.93 
60.48 	26.07 
58.45 	24.62 
55.81 	21.13 
54.16 	18.62 
53.12 	17.67 
50.40 	15.09 
48.97 	13.07 
47.32 	11.88 
45.44 	9.72 
43.44 	7.81 
42.27 	6.04 
37.67 	2.82 
36.64 	1.83 
36.00 	1.27 
34.17 	0.33 
32.07 	-1.87 
31.93 	-2.13 
29.90 	-3.18 
28.59 	-4.21 
26.28 	-6.65 
24.77 	-7.11 
23.32 	-8.27 
21.55 	-9.75 
19.46 	-11.64 
17.70 	-13.25 
12.38 	-17.63 
9.10 	-20.33 
5.87 	-23.25 
3.22 	-26.17 
2.68 	-26.66 
0.46 	-27.79 
-3.11 	-31.46 
-5.76 	-34.43 
-7.43 	-36.08 
-11.57 	-39.16 
-13.17 	-41.03 
-15.49 	-42.58 
-15.89 	-42.95 
-18.40 	-45.24 
-19.85 	-47.07 
-25.16 	-51.88 
-28.55 	-53.57 
-31.34 	-55.32 
-31.64 	-55.99 
-34.37 	-57.17 
-35.94 	-59.46 
-40.59 	-62.50 
-42.08 	-63.84 
-45.78 	-65.59 
-46.80 	-66.16 
-52.60 	-67.54 
-53.76 	-68.35 
-56.43 	-69.25 
-56.79 	-69.10 
-59.08 	-69.03 
-62.71 	-69.47 
-65.14 	-69.24 
-69.17 	-69.67 
-69.17 	-69.87 
-72.88 	-70.54 
-72.91 	-69.89 
-75.07 	-69.82 
-75.08 	-69.44 
-75.07 	-69.23 
-75.10 	-69.04 
-75.10 	-68.79 
-75.08 	-68.68 
-75.10 	-68.42 
-75.12 	-68.11 
-75.15 	-67.49 
-74.93 	-59.12 
-74.33 	-53.16 
-72.79 	-50.25 
-71.60 	-48.32 
-69.86 	-45.04 
-69.59 	-44.76 
-68.57 	-42.73 
-68.00 	-40.57 
-66.47 	-38.47 
-64.01 	-34.05 
-61.39 	-30.15 
-59.27 	-27.19 
-58.58 	-25.88 
-55.53 	-23.08 
-55.43 	-23.07 
-53.51 	-21.14 
-51.03 	-17.57 
-47.66 	-14.44 
-47.61 	-14.30 
-45.64 	-11.91 
-45.47 	-11.61 
-43.45 	-9.76 
-42.25 	-8.57 
-41.09 	-7.38 
-40.11 	-6.89 
-39.75 	-6.50 
-38.30 	-5.12 
-36.80 	-3.59 
-35.74 	-2.12 
-33.10 	-0.37 
-31.29 	1.03 
-30.21 	2.34 
-30.14 	1.83 
-27.90 	4.43 
-25.88 	7.03 
-24.92 	7.73 
-22.66 	9.95 
-19.56 	12.69 
-18.42 	13.04 
-15.06 	15.17 
-11.19 	18.79 
-10.36 	20.10 
-7.47 	23.25 
-5.90 	23.77 
-4.02 	24.55 
-1.90 	25.94 
-0.71 	27.30 
0.77 	27.91 
1.70 	29.75 
3.54 	30.91 
4.11 	32.41 
6.16 	33.09 
7.51 	34.68 
7.71 	35.09 
8.75 	35.46 
9.47 	35.99 
10.50 	36.46 
11.93 	37.55 
13.38 	38.90 
14.81 	40.06 
16.31 	40.64 
17.58 	42.05 
18.67 	43.81 
22.79 	45.20 
24.75 	46.88 
26.90 	48.41 
27.33 	48.64 
31.73 	50.28 
32.76 	51.24 
33.42 	51.57 
37.19 	53.28 
39.10 	54.56 
42.18 	56.07 
43.20 	56.70 
48.37 	58.47 
49.76 	59.27 
50.59 	59.62 
54.81 	60.83 
55.62 	61.86 
59.17 	62.73 
63.24 	63.52 
64.32 	64.35 
64.82 	64.71 
66.97 	65.46 
69.33 	65.53 
69.83 	66.40 
70.35 	65.18 
72.37 	65.39 
75.71 	65.65 
74.85 	49.22 
74.55 	47.79 
73.81 	46.74 
72.44 	44.18 
70.92 	39.87 
70.32 	39.46 
69.90 	39.23 
69.82 	39.04 
69.27 	38.48 
68.25 	36.31 
67.18 	34.21 
66.78 	33.32 
65.61 	32.44 
64.60 	31.01 
63.10 	28.87 
61.67 	27.54 
60.34 	24.99 
59.33 	23.00 
55.69 	19.74 
54.04 	18.05 
52.33 	15.92 
51.18 	14.04 
49.97 	13.61 
47.46 	10.92 
44.94 	9.09 
43.15 	7.11 
40.94 	4.42 
39.50 	2.88 
38.57 	2.59 
37.69 	2.28 
36.62 	1.06 
35.12 	-0.55 
32.93 	-2.80 
30.43 	-3.96 
28.18 	-5.97 
26.63 	-7.81 
24.20 	-9.21 
21.15 	-11.61 
19.12 	-13.69 
18.48 	-14.03 
16.64 	-14.75 
13.88 	-16.70 
11.64 	-19.20 
10.74 	-20.55 
7.04 	-21.83 
5.70 	-23.09 
4.09 	-24.82 
2.70 	-26.81 
-2.47 	-29.36 
-4.30 	-31.10 
-5.47 	-32.73 
-9.17 	-34.70 
-10.64 	-37.35 
-15.24 	-39.71 
-15.46 	-39.92 
-18.16 	-41.34 
-20.52 	-43.65 
-20.63 	-43.85 
-22.25 	-44.28 
-24.02 	-46.11 
-24.43 	-47.07 
-28.12 	-48.25 
-29.83 	-49.81 
-30.24 	-50.38 
-33.38 	-51.47 
-33.62 	-52.23 
-36.06 	-52.83 
-39.06 	-54.86 
-41.35 	-56.23 
-44.09 	-57.86 
-45.06 	-58.32 
-50.05 	-60.93 
-52.86 	-62.26 
-55.31 	-63.46 
-57.29 	-64.36 
-62.73 	-66.34 
-66.43 	-67.73 
-71.74 	-69.63 
-72.43 	-67.50 
-74.19 	-67.20 
-74.95 	-67.01 
-75.20 	-66.81 
-75.12 	-65.66 
-74.30 	-48.99 
-71.10 	-43.78 
-69.31 	-41.69 
-67.23 	-38.35 
-65.66 	-34.48 
-65.07 	-33.74 
-63.99 	-32.63 
-62.58 	-30.41 
-61.54 	-28.55 
-60.92 	-26.90 
-59.63 	-25.53 
-58.46 	-24.93 
-57.34 	-23.68 
-55.79 	-21.57 
-55.31 	-20.74 
-53.84 	-19.98 
-52.95 	-18.57 
-52.34 	-18.19 
-51.12 	-16.76 
-50.60 	-15.53 
-48.28 	-13.96 
-47.57 	-12.82 
-47.30 	-12.28 
-46.05 	-11.60 
-45.11 	-10.45 
-44.78 	-9.51 
-43.63 	-8.39 
-42.08 	-7.28 
-41.75 	-6.99 
-40.85 	-6.43 
-40.16 	-5.35 
-39.16 	-3.23 
-36.65 	-2.18 
-35.34 	-0.07 
-31.62 	2.46 
-29.83 	4.84 
-27.64 	5.37 
-24.54 	8.58 
-21.30 	11.86 
-17.01 	14.41 
-14.30 	17.40 
-10.55 	20.62 
-7.29 	22.10 
-5.14 	24.87 
-2.95 	25.32 
-1.14 	27.99 
2.03 	29.53 
4.13 	32.20 
4.83 	32.50 
8.42 	34.41 
9.02 	35.20 
10.61 	35.97 
11.31 	36.39 
14.22 	38.27 
16.39 	40.10 
17.24 	41.69 
21.32 	43.43 
23.40 	45.08 
24.41 	45.73 
29.40 	48.23 
31.74 	50.10 
38.64 	52.08 
42.56 	54.77 
44.11 	56.22 
53.90 	60.03 
55.19 	60.72 
62.94 	63.00 
64.10 	64.42 
72.02 	66.09 
72.49 	64.41 
75.09 	64.41 
72.97 	44.23 
72.69 	43.29 
70.25 	39.52 
70.18 	38.93 
70.14 	38.92 
68.75 	36.90 
66.04 	31.27 
63.55 	27.69 
61.19 	25.22 
58.05 	21.76 
55.30 	18.27 
51.81 	14.39 
49.11 	12.85 
45.51 	9.21 
42.91 	5.97 
42.41 	5.75 
39.94 	4.02 
38.67 	2.12 
38.01 	1.81 
36.55 	0.99 
33.85 	-2.17 
33.38 	-2.90 
30.16 	-4.41 
26.73 	-7.99 
26.13 	-8.47 
23.92 	-9.65 
20.62 	-12.59 
18.94 	-14.62 
11.33 	-19.77 
9.16 	-21.32 
4.58 	-23.54 
1.42 	-26.97 
0.34 	-28.50 
-5.26 	-31.00 
-8.95 	-35.71 
-13.79 	-38.20 
-16.03 	-39.25 
-16.63 	-40.14 
-21.47 	-42.39 
-21.71 	-42.98 
-27.26 	-46.63 
-30.17 	-47.93 
-32.29 	-49.71 
-36.32 	-51.52 
-39.39 	-53.31 
-46.26 	-56.12 
-49.04 	-58.65 
-52.77 	-60.09 
-53.32 	-60.32 
-58.20 	-61.99 
-58.99 	-62.46 
-62.25 	-63.22 
-64.95 	-65.14 
-66.45 	-66.14 
-72.81 	-67.77 
-80.08 	-68.17 
-80.94 	-69.62 
-82.37 	-53.13 
-81.06 	-49.67 
-79.61 	-46.83 
-77.18 	-42.87 
-77.15 	-42.89 
-76.58 	-41.29 
-73.86 	-37.03 
-73.58 	-36.78 
-72.26 	-33.91 
-70.17 	-30.34 
-68.70 	-27.56 
-67.68 	-26.12 
-65.16 	-24.07 
-63.54 	-21.67 
-62.35 	-20.76 
-61.30 	-19.17 
-60.18 	-17.44 
-58.84 	-15.99 
-56.68 	-14.61 
-54.34 	-12.00 
-52.83 	-9.66 
-50.34 	-8.19 
-49.79 	-7.72 
-49.33 	-7.44 
-47.76 	-6.51 
-45.18 	-3.60 
-42.89 	-0.90 
-39.18 	0.94 
-37.08 	3.76 
-33.41 	6.55 
-31.55 	8.45 
-27.55 	10.31 
-27.43 	10.67 
-24.83 	12.53 
-20.71 	16.29 
-15.13 	19.68 
-13.89 	21.08 
-9.72 	23.45 
-5.93 	26.86 
1.30 	31.41 
5.40 	34.45 
8.26 	35.32 
9.49 	37.37 
15.79 	41.76 
22.49 	45.80 
27.06 	47.63 
34.02 	49.82 
36.76 	52.05 
40.12 	52.38 
41.75 	54.13 
45.23 	55.13 
48.63 	55.95 
49.30 	56.64 
52.31 	57.85 
55.17 	59.20 
57.88 	60.99 
60.93 	61.57 
64.41 	61.81 
65.90 	62.26 
67.70 	64.79 
76.62 	67.24 
77.67 	65.38 
80.10 	65.24 
85.60 	66.12 
85.61 	65.99 
85.61 	65.74 
88.54 	66.56 
88.56 	66.35 
88.66 	66.13 
90.27 	66.73 
91.97 	66.65 
94.11 	67.06 
94.12 	66.72 
94.18 	66.59 
96.86 	67.26 
100.89 	67.62 
101.52 	67.62 
101.55 	67.34 
101.53 	67.17 
101.55 	67.00 
101.53 	66.76 
101.69 	66.61 
101.70 	66.51 
101.72 	65.86 
101.57 	57.05 
101.57 	56.88 
101.26 	52.45 
100.67 	48.08 
98.43 	44.05 
98.12 	43.65 
97.73 	42.73 
96.07 	39.50 
95.74 	38.62 
91.85 	32.69 
91.45 	32.25 
87.20 	27.10 
83.74 	22.79 
80.98 	20.07 
80.07 	18.83 
76.86 	15.32 
75.14 	13.18 
70.90 	9.45 
66.72 	6.57 
64.87 	4.83 
63.36 	4.48 
61.15 	2.03 
60.12 	1.03 
55.66 	-2.43 
51.81 	-5.18 
47.27 	-7.87 
43.41 	-10.42 
38.93 	-12.65 
38.29 	-12.85 
35.50 	-14.60 
29.37 	-18.08 
26.23 	-19.31 
21.96 	-21.37 
19.34 	-22.86 
16.83 	-23.71 
16.31 	-24.17 
14.79 	-25.42 
13.59 	-26.09 
10.55 	-26.75 
8.71 	-27.28 
7.11 	-29.99 
4.28 	-30.27 
3.42 	-31.61 
0.61 	-32.34 
-0.14 	-33.56 
-4.66 	-35.70 
-4.69 	-33.46 
-4.76 	-32.96 
-4.76 	-32.92 
-6.19 	-36.12 
-6.59 	-36.91 
-8.83 	-37.51 
-12.20 	-39.67 
-14.94 	-41.59 
-18.63 	-42.97 
-20.11 	-43.87 
-21.90 	-45.60 
-22.45 	-45.79 
-27.60 	-47.34 
-29.02 	-48.19 
-30.52 	-49.40 
-31.27 	-49.48 
-32.15 	-50.45 
-35.96 	-51.89 
-37.17 	-52.97 
-39.87 	-53.54 
-40.92 	-54.88 
-46.68 	-56.49 
-49.50 	-58.12 
-50.83 	-59.37 
-55.34 	-60.09 
-58.56 	-61.02 
-62.21 	-62.46 
-63.78 	-63.51 
-64.90 	-64.27 
-69.91 	-64.66 
-71.65 	-66.07 
-74.14 	-65.53 
-74.96 	-66.73 
-77.75 	-67.39 
-78.15 	-65.45 
-78.98 	-65.30 
-78.94 	-64.89 
-80.30 	-65.41 
-88.55 	-66.49 
-88.80 	-66.32 
-90.59 	-66.71 
-92.95 	-66.78 
-94.86 	-66.87 
-96.12 	-66.41 
-97.29 	-66.29 
-97.31 	-65.74 
-97.29 	-65.54 
-97.32 	-65.30 
-97.96 	-65.77 
-100.34 	-66.09 
-100.34 	-65.98 
-100.36 	-65.64 
-100.37 	-65.48 
-100.34 	-65.26 
-100.29 	-56.53 
-100.18 	-53.77 
-98.87 	-47.84 
-98.03 	-46.42 
-95.96 	-43.24 
-93.19 	-38.18 
-90.83 	-33.01 
-88.50 	-29.85 
-85.71 	-26.21 
-84.35 	-24.19 
-82.09 	-22.05 
-78.51 	-17.82 
-75.60 	-13.61 
-72.67 	-11.13 
-71.96 	-10.86 
-69.24 	-8.18 
-67.54 	-6.11 
-62.23 	-2.54 
-60.11 	0.38 
-53.77 	4.19 
-50.33 	6.64 
-46.28 	8.99 
-42.52 	11.39 
-35.37 	16.24 
-32.07 	18.65 
-25.76 	21.76 
-21.68 	23.55 
-16.60 	25.55 
-15.72 	26.37 
-12.27 	28.34 
-11.58 	28.51 
-7.21 	30.35 
-6.91 	30.60 
-6.12 	31.08 
-4.35 	32.33 
-1.69 	33.04 
-1.13 	33.29 
0.08 	32.97 
0.11 	31.19 
0.11 	31.05 
0.27 	30.24 
1.04 	32.16 
1.11 	32.41 
1.39 	33.28 
2.06 	34.35 
2.73 	34.84 
3.65 	35.20 
4.54 	35.93 
6.42 	37.95 
7.56 	38.71 
16.03 	42.88 
21.56 	45.93 
24.87 	47.52 
34.91 	50.24 
37.02 	52.13 
47.04 	55.69 
50.54 	56.94 
60.20 	59.06 
61.32 	59.53 
65.34 	60.90 
68.63 	61.70 
73.11 	63.69 
81.50 	65.41 
82.48 	64.38 
84.30 	64.26 
84.36 	64.51 
84.37 	63.44 
91.76 	65.31 
94.64 	65.81 
94.64 	65.46 
94.66 	65.26 
99.53 	66.34 
100.64 	66.48 
100.64 	66.27 
100.62 	66.10 
100.65 	65.79 
100.64 	65.48 
100.64 	65.34 
100.67 	63.28 
100.48 	55.18 
100.15 	49.97 
99.24 	45.24 
98.93 	43.30 
98.40 	42.35 
98.38 	41.83 
97.95 	41.66 
95.69 	36.09 
94.90 	34.49 
92.01 	31.48 
88.20 	26.29 
87.96 	25.32 
84.70 	22.54 
79.88 	16.80 
73.37 	10.76 
72.11 	9.56 
68.97 	7.86 
67.65 	6.07 
67.08 	5.84 
64.84 	3.93 
63.30 	2.10 
61.89 	0.73 
59.24 	-1.52 
55.45 	-4.20 
54.12 	-5.19 
51.06 	-6.13 
49.14 	-7.57 
47.30 	-8.15 
44.54 	-9.66 
42.03 	-12.75 
34.04 	-16.73 
33.24 	-17.46 
24.41 	-21.66 
18.29 	-24.56 
14.79 	-26.22 
7.13 	-29.09 
7.01 	-29.47 
1.80 	-32.20 
-2.00 	-34.79 
-4.71 	-36.06 
-8.84 	-36.89 
-11.15 	-38.02 
-16.18 	-41.45 
-20.58 	-42.22 
-23.18 	-43.71 
-24.56 	-45.34 
-31.26 	-48.03 
-36.77 	-50.19 
-42.90 	-53.20 
-51.00 	-55.67 
-53.38 	-56.47 
-60.39 	-58.00 
-66.19 	-59.65 
-72.46 	-60.75 
-72.55 	-61.18 
-77.96 	-63.39 
-81.72 	-64.26 
-83.99 	-65.21 
-84.45 	-62.95 
-87.04 	-63.01 
-89.93 	-63.30 
-92.17 	-63.68 
-92.21 	-63.25 
-95.27 	-64.18 
-99.60 	-64.73 
-100.17 	-64.68 
-100.17 	-64.30 
-100.17 	-64.13 
-100.15 	-64.02 
-100.15 	-63.78 
-100.18 	-60.83 
-98.44 	-46.25 
-98.41 	-45.48 
-96.69 	-43.42 
-94.57 	-39.26 
-92.93 	-35.86 
-92.38 	-34.68 
-89.81 	-30.99 
-87.81 	-26.94 
-85.13 	-23.42 
-82.75 	-20.35 
-80.63 	-18.68 
-79.53 	-16.74 
-77.84 	-15.34 
-76.38 	-13.11 
-75.69 	-12.58 
-74.02 	-11.35 
-73.83 	-10.77 
-73.14 	-10.14 
-70.57 	-7.84 
-69.60 	-6.03 
-67.14 	-4.71 
-65.57 	-3.32 
-63.68 	-1.57 
-62.15 	1.32 
-58.53 	2.18 
-55.84 	4.51 
-53.74 	6.98 
-49.24 	8.49 
-48.97 	9.02 
-45.71 	11.60 
-42.76 	12.18 
-40.78 	15.05 
-36.77 	17.75 
-30.88 	20.53 
-27.04 	22.97 
-22.09 	25.90 
-18.42 	26.83 
-14.75 	28.49 
-9.53 	30.74 
-4.61 	32.73 
-1.88 	33.62 
1.61 	36.70 
9.88 	40.58 
16.07 	41.77 
19.56 	42.44 
22.58 	43.61 
27.20 	45.65 
27.66 	46.32 
33.50 	49.70 
36.95 	50.60 
42.79 	51.63 
46.56 	52.93 
51.81 	54.53 
57.69 	56.46 
62.86 	57.36 
63.25 	57.70 
69.21 	59.48 
75.47 	61.79 
81.41 	63.04 
81.70 	62.58 
86.89 	64.64 
90.16 	64.33 
90.30 	64.74 
95.00 	66.06 
96.02 	66.67 
96.86 	65.43 
99.96 	65.75 
100.93 	65.56 
100.91 	65.25 
100.91 	61.35 
99.48 	43.52 
98.69 	41.57 
97.16 	36.27 
95.62 	32.43 
93.37 	30.69 
87.97 	23.02 
85.25 	21.79 
81.93 	17.12 
79.26 	14.20 
72.45 	8.81 
69.06 	6.01 
68.73 	5.58 
67.42 	4.65 
63.51 	0.86 
62.67 	-0.76 
54.60 	-6.24 
50.40 	-9.30 
42.30 	-13.51 
38.31 	-15.69 
32.69 	-18.25 
30.30 	-19.83 
22.51 	-22.80 
21.84 	-23.56 
16.10 	-25.14 
15.81 	-25.52 
10.45 	-28.42 
3.80 	-31.90 
-2.45 	-33.69 
-2.88 	-34.86 
-12.44 	-39.61 
-19.68 	-42.35 
-22.76 	-42.64 
-26.97 	-43.83 
-29.14 	-44.45 
-33.77 	-46.40 
-37.42 	-47.36 
-41.35 	-48.99 
-42.04 	-49.83 
-48.66 	-52.78 
-52.46 	-53.74 
-55.63 	-53.97 
-58.29 	-55.63 
-62.71 	-57.03 
-67.02 	-58.24 
-70.50 	-59.65 
-72.98 	-59.36 
-76.63 	-60.56 
-80.82 	-62.64 
-84.45 	-62.29 
-88.26 	-63.55 
-89.45 	-62.63 
-90.81 	-63.27 
-92.66 	-64.97 
-93.21 	-62.75 
-97.91 	-62.60 
-100.39 	-63.27 
-100.39 	-62.65 
-100.39 	-62.51 
-100.39 	-62.00 
-100.42 	-61.89 
-100.41 	-60.41 
-98.41 	-43.59 
-97.65 	-40.88 
-95.17 	-37.91 
-93.52 	-33.69 
-90.97 	-30.14 
-88.62 	-25.91 
-84.40 	-19.76 
-83.85 	-19.50 
-80.04 	-15.58 
-79.60 	-14.17 
-76.43 	-11.74 
-75.96 	-10.59 
-72.36 	-6.23 
-66.78 	-1.72 
-62.16 	1.57 
-60.97 	3.93 
-54.05 	9.38 
-48.00 	13.01 
-44.78 	14.96 
-36.53 	19.52 
-28.81 	21.86 
-25.40 	23.50 
-22.88 	24.46 
-22.87 	24.81 
-19.68 	25.49 
-16.49 	27.17 
-13.12 	30.50 
-6.48 	32.47 
-3.86 	33.06 
-2.69 	34.46 
-0.16 	34.89 
3.34 	36.75 
4.18 	37.49 
10.21 	39.45 
14.21 	40.99 
14.79 	41.22 
19.65 	43.41 
21.61 	44.42 
26.77 	46.24 
36.83 	48.72 
40.12 	49.74 
44.20 	50.93 
50.68 	53.62 
55.07 	54.57 
60.15 	56.24 
62.91 	57.20 
70.75 	59.93 
75.88 	61.47 
81.27 	61.95 
81.51 	62.27 
84.29 	64.05 
86.89 	63.67 
87.44 	64.21 
92.59 	65.17 
97.60 	67.03 
98.38 	65.40 
99.76 	65.38 
103.81 	66.40 
104.94 	66.27 
104.98 	66.03 
104.98 	65.86 
104.96 	65.71 
104.98 	65.55 
109.32 	67.06 
109.34 	66.72 
110.80 	66.64 
110.78 	66.32 
112.30 	66.95 
113.42 	67.09 
115.47 	67.32 
119.12 	67.44 
120.81 	67.60 
120.84 	67.33 
120.88 	67.23 
122.03 	67.59 
122.12 	67.33 
123.27 	67.44 
123.29 	67.24 
125.51 	67.55 
125.55 	67.35 
125.58 	67.22 
125.60 	67.12 
125.60 	66.95 
125.63 	66.71 
125.55 	60.77 
124.81 	48.18 
124.41 	45.47 
124.19 	44.12 
123.98 	43.85 
121.98 	37.05 
121.90 	36.11 
116.71 	29.05 
115.21 	26.20 
111.40 	22.10 
107.46 	17.50 
104.75 	14.79 
98.66 	10.31 
95.76 	7.61 
95.57 	7.24 
88.25 	1.46 
86.73 	0.15 
79.71 	-4.33 
76.23 	-7.03 
71.01 	-9.35 
62.31 	-13.95 
60.27 	-15.30 
53.64 	-17.79 
49.16 	-20.56 
45.25 	-21.87 
36.53 	-25.06 
30.14 	-27.53 
21.44 	-30.72 
11.86 	-34.40 
-1.09 	-38.36 
-3.07 	-39.65 
-12.32 	-42.93 
-21.35 	-45.69 
-27.38 	-47.96 
-34.99 	-49.83 
-39.23 	-51.37 
-43.02 	-53.02 
-48.38 	-54.91 
-68.24 	-58.56 
-70.79 	-61.18 
-78.56 	-62.56 
-93.22 	-64.13 
-98.44 	-65.89 
-104.56 	-67.55 
-107.23 	-64.25 
-110.18 	-64.17 
-110.23 	-63.45 
-115.76 	-63.60 
-121.46 	-64.53 
-121.48 	-64.23 
-123.32 	-64.56 
-124.32 	-64.78 
-125.18 	-64.57 
-125.16 	-64.33 
-125.16 	-64.09 
-125.15 	-63.80 
-125.16 	-63.64 
-125.16 	-63.43 
-125.18 	-62.95 
-125.15 	-56.15 
-113.67 	-25.44 
-110.78 	-21.84 
-107.20 	-18.70 
-107.02 	-20.08 
-107.04 	-19.56 
-104.85 	-16.64 
-103.80 	-14.47 
-103.22 	-13.07 
-98.84 	-7.93 
-91.78 	-2.22 
-90.21 	-0.18 
-86.23 	1.14 
-81.35 	5.40 
-77.51 	9.70 
-76.22 	10.25 
-70.21 	12.30 
-65.57 	15.00 
-60.49 	17.52 
-54.34 	21.28 
-45.42 	24.43 
-42.51 	25.99 
-37.42 	28.01 
-30.62 	29.87 
-26.98 	31.52 
-23.00 	32.40 
-16.60 	34.78 
-12.56 	35.04 
-12.25 	35.50 
-11.03 	32.67 
-11.03 	32.50 
-11.01 	32.46 
-11.01 	32.39 
-11.00 	32.32 
-11.00 	32.36 
-11.00 	32.32 
-10.96 	32.44 
-10.84 	32.35 
-10.82 	32.35 
-10.82 	32.49 
-10.79 	32.57 
-10.77 	32.40 
-10.77 	32.54 
-10.79 	32.19 
-10.79 	32.40 
-10.79 	32.54 
-10.81 	32.71 
-10.79 	32.36 
-10.79 	32.36 
-10.74 	32.48 
-10.79 	32.40 
-10.76 	32.36 
-10.76 	32.50 
-10.76 	32.64 
-10.74 	32.37 
-10.76 	32.19 
-10.76 	32.36 
-10.72 	32.10 
-10.74 	32.30 
-10.76 	32.40 
-10.76 	32.19 
-10.74 	32.37 
-10.74 	32.17 
-10.72 	32.48 
-10.74 	32.24 
-10.76 	32.47 
-10.76 	32.16 
-10.74 	32.34 
-10.76 	32.33 
-10.74 	32.44 
-9.00 	35.89 
-7.09 	37.40 
-4.78 	39.59 
1.54 	40.34 
2.99 	41.64 
9.81 	43.48 
12.16 	45.00 
19.58 	46.43 
24.54 	48.23 
31.69 	50.30 
41.41 	52.14 
48.04 	53.65 
51.02 	54.54 
57.31 	56.58 
63.53 	57.09 
69.20 	58.37 
73.35 	59.45 
77.81 	60.51 
85.58 	62.09 
88.96 	63.00 
98.07 	64.83 
98.14 	62.33 
106.48 	64.02 
114.25 	65.46 
117.81 	65.79 
119.36 	65.69 
119.41 	65.32 
119.43 	65.18 
119.43 	65.08 
119.45 	64.88 
121.48 	65.68 
121.62 	65.53 
121.60 	65.42 
123.45 	65.92 
123.46 	65.65 
125.32 	66.14 
125.38 	65.88 
125.38 	65.74 
125.38 	65.43 
125.38 	65.29 
125.41 	65.13 
125.41 	65.03 
125.39 	64.84 
124.53 	45.04 
124.26 	43.37 
124.20 	43.15 
124.10 	42.66 
123.45 	39.05 
122.89 	35.72 
121.72 	33.70 
118.86 	28.98 
116.28 	24.16 
110.87 	18.73 
105.58 	12.82 
104.72 	12.28 
100.89 	9.84 
98.21 	7.21 
97.19 	6.84 
94.49 	4.07 
90.90 	1.26 
89.83 	-0.15 
87.08 	-1.46 
83.51 	-4.08 
81.45 	-5.25 
78.46 	-6.99 
73.26 	-10.06 
73.21 	-10.31 
69.42 	-11.60 
65.85 	-14.00 
65.56 	-14.60 
57.67 	-17.76 
56.38 	-19.16 
48.23 	-22.16 
46.56 	-23.35 
35.05 	-27.17 
32.31 	-28.29 
25.40 	-30.08 
24.61 	-30.42 
18.03 	-32.40 
15.22 	-34.00 
11.81 	-34.64 
5.95 	-35.80 
4.28 	-37.99 
-5.29 	-40.28 
-11.69 	-42.35 
-18.90 	-44.01 
-25.54 	-45.57 
-26.55 	-46.62 
-30.52 	-47.99 
-39.03 	-49.07 
-44.23 	-50.00 
-46.42 	-51.33 
-52.55 	-54.19 
-61.11 	-56.49 
-72.43 	-59.03 
-80.79 	-61.29 
-82.37 	-58.40 
-82.34 	-57.78 
-86.71 	-58.27 
-95.76 	-60.57 
-99.82 	-61.01 
-101.91 	-61.10 
-106.63 	-62.06 
-110.24 	-62.49 
-113.67 	-62.61 
-116.69 	-62.68 
-121.70 	-63.37 
-126.85 	-63.56 
-126.87 	-63.39 
-126.85 	-62.76 
-126.87 	-62.43 
-126.89 	-61.95 
-126.89 	-61.57 
-121.58 	-34.06 
-119.56 	-29.71 
-116.79 	-26.62 
-112.35 	-18.16 
-109.07 	-14.61 
-105.82 	-12.96 
-100.92 	-5.98 
-91.54 	1.09 
-88.00 	4.99 
-84.75 	7.25 
-79.18 	11.93 
-66.56 	19.45 
-63.14 	21.53 
-51.48 	26.40 
-40.47 	29.77 
-37.82 	30.61 
-34.12 	31.45 
-29.53 	33.73 
-25.40 	35.01 
-21.85 	35.82 
-19.35 	36.61 
-13.08 	38.41 
-9.19 	39.74 
2.27 	41.03 
4.28 	43.19 
15.10 	45.37 
23.37 	46.84 
29.38 	48.86 
43.54 	51.72 
53.90 	54.38 
62.96 	56.52 
72.09 	58.15 
75.85 	59.61 
90.27 	62.66 
101.52 	64.66 
105.43 	62.90 
105.44 	62.04 
105.48 	61.12 
110.18 	63.06 
110.22 	62.52 
115.11 	63.33 
115.12 	62.95 
118.14 	63.77 
120.55 	63.84 
120.57 	63.46 
124.81 	64.48 
126.22 	64.35 
126.31 	64.20 
126.29 	64.09 
126.32 	63.65 
126.25 	54.96 
124.12 	35.87 
120.78 	26.39 
111.49 	15.31 
104.27 	7.51 
100.81 	4.56 
92.01 	-2.32 
82.07 	-8.65 
78.83 	-10.93 
70.97 	-14.92 
62.86 	-18.85 
60.41 	-19.80 
48.97 	-24.21 
44.79 	-26.26 
32.35 	-30.49 
21.92 	-33.92 
12.19 	-36.85 
2.22 	-39.52 
-5.78 	-41.16 
-15.72 	-43.37 
-19.66 	-45.48 
-33.00 	-47.51 
-43.94 	-51.03 
-58.29 	-53.83 
-65.28 	-55.65 
-66.12 	-55.19 
-69.83 	-57.20 
-86.25 	-59.47 
-94.76 	-62.51 
-97.32 	-61.57 
-106.04 	-62.33 
-111.52 	-61.07 
-115.57 	-61.23 
-115.57 	-60.57 
-115.55 	-60.16 
-115.53 	-58.02 
-123.46 	-62.65 
-126.52 	-62.65 
-126.52 	-62.06 
-126.54 	-61.61 
-126.56 	-61.42 
-126.54 	-61.03 
-126.54 	-60.34 
-126.56 	-60.17 
-126.47 	-51.99 
-125.89 	-43.04 
-125.25 	-39.15 
-120.13 	-30.28 
-117.48 	-24.76 
-114.43 	-20.77 
-110.90 	-15.04 
-105.58 	-9.65 
-97.38 	-0.63 
-92.41 	3.84 
-83.23 	10.69 
-77.36 	15.30 
-70.07 	19.19 
-63.68 	22.81 
-57.61 	26.04 
-46.19 	30.06 
-35.55 	33.42 
-26.19 	36.30 
-15.68 	39.15 
-6.40 	41.37 
8.30 	44.62 
20.87 	47.26 
29.71 	48.92 
38.53 	50.78 
47.87 	52.49 
55.83 	54.07 
60.34 	55.62 
70.71 	57.04 
77.55 	58.47 
83.48 	59.47 
93.07 	60.56 
97.17 	61.49 
117.36 	63.57 
118.33 	65.01 
119.72 	62.82 
122.95 	62.53 
126.29 	62.81 
126.34 	62.62 
128.77 	63.07 
128.77 	62.96 
133.23 	63.53 
135.61 	63.35 
135.64 	62.87 
135.76 	62.72 
138.85 	63.41 
138.95 	63.08 
138.98 	62.88 
142.05 	63.54 
142.24 	63.08 
143.64 	63.03 
143.69 	62.73 
143.71 	62.62 
145.50 	62.97 
147.70 	63.22 
147.70 	63.01 
147.70 	62.91 
147.72 	62.70 
147.81 	62.23 
149.18 	62.93 
149.24 	62.70 
149.27 	62.56 
149.27 	62.39 
150.03 	62.93 
150.06 	62.80 
150.06 	62.63 
150.06 	62.45 
150.15 	57.05 
150.15 	49.58 
150.11 	47.50 
150.10 	47.29 
150.11 	47.12 
149.17 	39.78 
148.39 	33.90 
146.65 	29.59 
141.79 	20.46 
140.55 	18.14 
137.83 	16.17 
133.99 	12.38 
130.97 	8.49 
127.94 	5.71 
125.19 	2.14 
118.90 	-1.88 
117.54 	-3.76 
113.54 	-6.16 
107.56 	-11.02 
101.34 	-13.21 
101.10 	-14.49 
93.99 	-17.93 
93.42 	-18.19 
84.51 	-21.67 
75.04 	-25.48 
65.68 	-28.77 
61.86 	-30.07 
50.75 	-32.95 
47.82 	-33.90 
36.90 	-36.58 
25.56 	-38.78 
14.93 	-42.03 
2.70 	-44.79 
-5.93 	-46.65 
-15.61 	-48.86 
-30.22 	-51.11 
-43.76 	-53.38 
-51.09 	-55.20 
-63.09 	-56.19 
-63.39 	-56.79 
-69.79 	-59.02 
-79.72 	-60.98 
-85.33 	-60.15 
-94.00 	-59.98 
-100.29 	-60.05 
-107.11 	-60.47 
-112.57 	-60.89 
-118.67 	-61.47 
-126.80 	-62.03 
-134.22 	-63.65 
-136.83 	-62.65 
-141.53 	-62.59 
-141.58 	-62.36 
-141.49 	-62.12 
-141.48 	-62.12 
-144.84 	-62.11 
-146.66 	-61.91 
-150.45 	-61.82 
-150.47 	-61.48 
-150.47 	-61.24 
-150.49 	-60.96 
-150.50 	-60.75 
-150.49 	-60.44 
-150.50 	-60.31 
-146.70 	-29.74 
-137.60 	-17.70 
-130.90 	-8.86 
-121.58 	0.77 
-111.78 	8.49 
-107.06 	12.81 
-97.08 	19.26 
-87.71 	23.16 
-87.19 	23.93 
-80.11 	26.48 
-73.02 	29.72 
-63.94 	32.27 
-49.74 	35.70 
-39.35 	38.30 
-30.40 	40.38 
-21.06 	42.12 
-18.85 	39.96 
-18.85 	39.07 
-14.94 	39.89 
-14.92 	39.39 
-14.94 	39.07 
-12.82 	40.34 
-12.81 	40.10 
-12.79 	39.79 
