Saatcioglu and Gira 1999 Column BG-1	
1935	
0.01119782	-1.618220061
0.5107929	41.11279635
1.010388	50.25006079
1.509983	59.24951368
2.009578	68.66243161
2.509173	75.90468085
3.008769	84.55957447
3.508363	89.28656535
4.007959	94.42705167
4.507554	99.25744681
5.024376	104.885228
5.506744	111.2955623
6.00634	115.9192097
6.505934	118.9579331
7.00553	122.3756231
7.505125	127.2060182
8.004721	132.6910638
7.487897	20.63132523
6.988302	7.187167173
6.488707	-4.982151976
5.989111	-7.607398176
5.47229	-17.05974468
4.989922	-22.84987842
4.490326	-31.81487538
3.990731	-40.29748936
3.491136	-53.29374468
2.991541	-54.50632219
2.491946	-63.19568389
1.992351	-71.36820669
1.492756	-78.05914894
0.9931607	-88.23009119
0.4763381	-88.8618845
-0.006029591	-98.20091185
-0.5056247	-100.1714894
-1.00522	-106.448997
-1.504815	-110.1079027
-2.00441	-117.2123404
-2.504005	-120.5266869
-3.003601	-121.9804863
-3.503196	-125.9494833
-4.00279	-129.1948936
-4.502386	-133.9219453
-5.001981	-135.2034043
-5.501576	-139.0690578
-6.018399	-139.1496049
-6.500767	-142.6312462
-7.000361	-144.2573252
-7.517184	-144.3722796
-8.016778	-148.8925836
-8.516373	-151.3455319
-7.999552	-92.72571429
-7.499956	-81.72790274
-6.983134	-73.89495441
-6.483539	-65.41234043
-5.983943	-58.44572644
-5.484349	-51.5824924
-4.984753	-44.71926444
-4.485158	-36.51229179
-3.985563	-28.68431611
-3.485968	-22.09672948
-2.986373	-15.71586626
-2.486778	-3.40872766
-1.987183	6.383191489
-1.487588	11.04128875
-0.9879924	12.25387842
-0.4883973	26.318231
0.01119782	34.97311854
0.5107929	39.63122796
1.010388	47.08018845
1.509983	54.59806687
2.009578	62.73617021
2.526401	67.98492401
3.008769	74.32638298
3.508363	80.87951368
4.007959	85.29641337
4.507554	93.29671733
5.007149	102.1582979
5.506744	106.988693
6.00634	111.8534954
6.505934	112.5837082
7.00553	120.4461398
7.505125	125.3454711
8.021948	129.9396353
8.504315	131.905228
9.00391	137.5969605
9.503505	139.326383
8.986683	66.02869301
8.487087	48.07091185
7.987493	47.44406687
7.487897	46.98948936
6.988302	33.95880243
6.488707	25.64845593
5.989111	12.37657751
5.489516	10.92280243
4.989922	-0.488503283
4.473099	-10.35431003
3.973504	-11.18789666
3.491136	-22.97322188
2.974313	-28.66996353
2.491946	-35.59711246
1.992351	-42.5292462
1.492756	-48.66893009
0.9931607	-56.32462614
-0.5056247	-66.40553191
-1.00522	-67.96261398
-1.504815	-76.92759878
-2.00441	-84.20431611
-2.504005	-89.13805471
-3.003601	-93.65835866
-3.503196	-99.48790274
-4.00279	-101.5963526
-4.502386	-107.9082675
-5.001981	-113.1521581
-5.501576	-116.2252888
-6.001172	-119.7808511
-6.500767	-123.8876596
-7.000361	-129.2693009
-7.517184	-133.4500304
-8.016778	-139.8653495
-8.516373	-140.5266261
-7.999552	-91.62316109
-7.499956	-73.87209726
-6.983134	-65.97027356
-6.483539	-57.93556231
-5.983943	-52.86399392
-5.484349	-43.17544681
-4.984753	-36.45003647
-4.485158	-26.27911246
-3.985563	-19.76043769
-3.485968	-14.86114894
-2.986373	-8.27356231
-2.46955	4.279748328
-1.987183	5.142803647
-1.487588	16.17510638
-0.9879924	25.69137386
-0.4883973	34.27735562
0.01119782	38.48755015
0.5107929	47.48699696
1.010388	53.35102736
1.509983	59.00832827
2.009578	65.4581155
2.526401	74.35914894
3.008769	79.70139818
3.508363	87.563769
4.007959	91.11933131
4.507554	97.84474164
5.007149	102.0549544
5.506744	109.0904559
6.00634	114.8511246
6.505934	119.5092401
7.00553	123.1681459
7.505125	125.0353191
8.004721	133.2078419
8.504315	136.2810334
7.987493	67.39361702
7.487897	47.78196353
6.988302	47.49966565
6.488707	33.98660182
5.989111	24.19468693
5.489516	23.39555623
4.989922	7.057167173
4.490326	-8.626571429
3.990731	-9.597975684
3.491136	-16.9780304
2.991541	-23.63452888
2.491946	-32.77179331
1.992351	-33.39864438
1.492756	-42.46700304
0.9931607	-48.05539818
0.4935656	-57.15821884
-0.006029591	-65.08954407
-0.5228521	-66.72054711
-1.00522	-75.74948328
-1.504815	-82.37155015
-2.00441	-88.7868693
-2.521233	-89.41866261
-3.003601	-95.13993921
-3.503196	-101.1417629
-4.00279	-102.6989058
-4.502386	-108.5629179
-5.019208	-114.259696
-5.501576	-114.9159878
-6.001172	-122.1582371
-6.500767	-127.7466261
-7.017589	-128.3784195
-7.517184	-138.6182979
-8.016778	-142.0359878
-8.516373	-142.352766
-9.015969	-142.6006079
-8.499146	-93.35258359
-7.999552	-84.11191489
-7.499956	-75.28480243
-6.983134	-69.45021277
-6.483539	-60.34742249
-5.983943	-54.38001216
-5.484349	-44.51919757
-4.984753	-34.79618845
-4.485158	-30.96500912
-3.985563	-23.99841337
-3.485968	-14.55105167
-2.986373	-5.896156231
-2.486778	2.931015805
-1.987183	4.143604863
-1.47036	15.9388997
-0.9879924	22.83159878
-0.4883973	30.8318541
0.01119782	36.93706991
0.5107929	43.86920973
1.010388	55.79733739
1.509983	56.52756231
2.009578	65.11355623
2.526401	71.29264438
3.008769	79.18455927
3.508363	82.25768997
4.007959	91.77398176
4.507554	93.19331307
5.007149	100.6078419
5.506744	105.0247416
6.00634	110.3375076
6.505934	117.5108207
7.00553	123.2370213
7.505125	128.446383
8.004721	133.2767781
8.504315	137.7281459
9.00391	141.3181763
9.503505	144.5979939
10.0031	147.9468085
10.5027	150.8477204
11.00229	154.8855927
11.50189	158.1310638
12.00148	162.2378723
12.50108	165.5866261
13.00067	165.9034043
13.50027	167.4950152
14.01709	170.3319149
14.51668	172.0613374
15.01628	173.9975076
15.51587	177.8286322
16.01547	178.31769
16.51506	177.9452888
15.99824	113.0547112
15.49865	112.0144073
14.99905	103.8418845
14.48223	98.48972644
13.99986	88.56492401
13.48304	88.03653495
12.98344	78.41683891
12.48385	69.93428571
11.98425	69.44522796
11.48466	61.203769
10.98506	55.85658967
10.48547	50.88840122
9.985872	39.02918541
9.486278	38.91916109
8.969455	28.29534954
8.487087	28.22476596
7.987493	14.7806079
7.487897	14.67058967
6.988302	6.084601824
6.488707	-2.777024316
5.989111	-16.42790881
5.489516	-16.50348328
4.989922	-16.88914286
4.490326	-31.67705775
3.990731	-32.06271733
3.491136	-40.95880851
2.991541	-41.31001216
2.491946	-51.65320973
1.992351	-52.21114894
1.492756	-64.03592705
0.9759333	-64.2887538
0.4935656	-75.69507599
-0.006029591	-76.0462614
-0.5056247	-85.87264438
-1.00522	-85.94820669
-1.504815	-96.29142857
-2.00441	-96.95270517
-2.504005	-104.8496049
-3.020828	-105.1024316
-3.503196	-105.3452888
-4.00279	-114.2069301
-4.502386	-121.0012158
-5.001981	-121.0768389
-5.501576	-130.1796353
-6.001172	-130.4963526
-6.500767	-137.4629787
-7.000361	-137.8486322
-7.517184	-137.8258359
-8.016778	-145.8950152
-8.516373	-148.6580547
-9.015969	-153.0404863
-9.515564	-156.1825532
-10.01516	-158.7044377
-10.53198	-158.9572644
-11.01435	-165.7466261
-11.51394	-165.9944681
-12.01354	-166.448997
-12.51313	-170.9348328
-13.01273	-174.662614
-13.51232	-175.2894833
-14.01192	-178.0869909
-14.51152	-178.3348328
-15.01111	-180.1331915
-15.51071	-183.7920365
-16.0103	-183.8331307
-16.5099	-183.5986018
-15.99307	-140.4147112
-15.49348	-126.1781155
-14.99388	-121.8990274
-14.49429	-115.8627356
-13.99469	-110.0675988
-13.4951	-104.7548328
-12.9955	-99.51100304
-12.49591	-95.7487538
-11.99631	-90.95282675
-11.49672	-86.50145897
-10.99712	-80.08620061
-10.49753	-74.87677812
-9.997931	-68.6337386
-9.498337	-67.80018237
-8.998741	-67.0699696
-8.499146	-56.65786626
-7.999552	-50.89720365
-7.499956	-45.23990881
-6.983134	-39.43981155
-6.483539	-33.40350152
-5.983943	-27.88402432
-5.484349	-23.05364742
-4.984753	-18.98128267
-4.485158	-13.0138845
-3.985563	-8.149057751
-3.485968	-2.00938541
-2.986373	3.062177508
-2.46955	8.276541033
-1.969955	13.21028571
-1.487588	20.51644985
-0.9879924	23.89971429
-0.4883973	28.6267234
0.01119782	36.42023708
0.5107929	37.04709422
1.010388	45.25406687
1.509983	52.84086322
2.009578	55.91402432
2.509173	60.2620304
3.008769	63.47300912
3.525591	69.06638298
4.007959	76.47592705
4.507554	79.03227964
5.007149	83.41471125
5.506744	88.2106383
6.00634	91.8006079
6.505934	97.8024924
7.00553	101.8058967
7.505125	107.2220669
8.004721	111.74231
8.504315	116.4693617
9.00391	119.9215198
9.503505	123.3736778
10.0031	126.4468085
10.5027	130.8637082
11.00229	135.8319149
11.50189	139.4563526
12.00148	142.3917325
12.50108	142.8807295
13.00067	146.0916717
13.50027	148.5790881
14.01709	153.8968389
14.51668	155.8330091
15.01628	160.3532523
15.51587	162.5305775
16.0327	166.401155
16.51506	169.8483891
15.99824	129.4897872
15.49865	112.3589666
14.99905	108.6311246
14.49946	101.32
13.99986	96.24844985
13.48304	88.24322188
12.98344	87.78869301
12.48385	73.44869301
11.98425	73.16638298
11.48466	60.72142857
10.98506	59.26765957
10.48547	49.09673556
9.968645	43.81346505
9.469051	43.66899088
8.986683	24.23462614
8.487087	23.50441337
7.987493	23.01538602
7.487897	22.56080851
8.004721	21.53879635
7.487897	20.97587234
6.988302	-0.255141641
6.488707	-0.709715502
5.989111	-1.026469301
5.489516	-7.545148936
4.989922	-14.13273556
4.490326	-16.75798176
3.990731	-24.03466869
3.491136	-31.07018237
2.991541	-31.76593921
2.491946	-44.55544681
1.992351	-44.87220061
1.475528	-52.84297872
0.9931607	-53.49930699
0.4935656	-60.74155015
-0.006029591	-67.53586626
-0.5056247	-71.12583587
-1.00522	-75.92176292
-1.504815	-79.13276596
-2.00441	-86.16826748
-2.504005	-87.93215805
-3.003601	-95.79452888
-3.503196	-96.3525228
-4.020018	-97.50115502
-4.502386	-104.2560486
-5.001981	-106.1922188
-5.501576	-113.5722188
-6.001172	-114.6469909
-6.500767	-114.963769
-7.000361	-120.9655927
-7.534411	-125.7714894
-8.016778	-126.4967781
-8.516373	-127.2269301
-9.015969	-133.8145289
-9.515564	-134.5447416
-10.01516	-139.4096049
-10.51475	-142.4482675
-11.01435	-147.106383
-11.51394	-147.6643161
-12.01354	-152.1845593
-12.51313	-155.6712462
-13.01273	-160.2604255
-13.51232	-160.852766
-14.01192	-164.4772036
-14.51152	-168.3083891
-15.01111	-173.3110638
-15.51071	-174.0412766
-16.0103	-177.3900304
-16.5099	-178.2580547
-17.00949	-182.2959878
-16.49267	-136.3900912
-15.99307	-126.0469301
-15.49348	-120.4930091
-14.99388	-115.9038298
-14.49429	-111.693617
-13.97747	-105.583465
-13.4951	-101.0336778
-12.9955	-99.78662614
-12.49591	-94.30164134
-11.99631	-89.81580547
-11.49672	-82.1256535
-10.99712	-77.01963526
-10.49753	-73.91203647
-9.980703	-67.04382979
-9.498337	-65.836231
-8.998741	-58.24946505
-8.499146	-52.93671733
-7.999552	-45.69448632
-7.499956	-42.38013374
-6.983134	-37.16577508
-6.483539	-34.02369605
-5.983943	-28.26302736
-5.484349	-23.39820061
-4.984753	-19.77375076
-4.485158	-11.63568389
-3.985563	-5.220371429
-3.485968	0.023467179
-2.986373	3.613460182
-2.486778	9.236303951
-1.987183	14.5835076
-1.487588	17.38102736
-0.9879924	23.45179331
-0.4883973	26.28377508
0.02842524	31.49813982
0.5107929	38.7353921
1.010388	41.49845593
1.509983	47.913769
2.009578	52.36514286
2.509173	56.98879635
3.008769	63.95537994
3.508363	69.47489362
4.007959	73.54723404
4.507554	79.54905775
5.007149	86.89471125
5.506744	87.9350152
6.00634	93.76455927
6.505934	94.94267477
7.00553	101.5992097
7.505125	101.640304
8.004721	108.9514894
8.521543	110.7892401
9.021138	115.1716717
9.503505	120.1348936
10.0031	123.2424924
10.5027	128.2795745
11.00229	131.2493617
11.51911	135.7057751
12.00148	141.0134954
12.50108	141.8815198
13.00067	145.3336778
13.50027	151.2321581
14.01709	152.3119149
14.51668	154.8682675
15.01628	158.423769
15.51587	158.947234
16.01547	164.5356231
16.51506	167.5054103
17.01466	170.1651064
16.49784	125.2240122
15.99824	123.873617
15.49865	111.7732523
14.99905	104.9789058
14.49946	90.25987842
13.98263	87.90534954
13.48304	86.76164134
12.98344	77.41768997
12.48385	71.51914894
11.98425	71.44364742
11.48466	63.20218845
10.98506	57.33817629
10.48547	51.30186018
9.985872	44.92100912
9.486278	36.36948328
8.986683	35.67372644
8.487087	26.05409119
7.987493	20.29342857
7.47067	13.73531915
6.988302	8.048547112
6.488707	-0.881991489
5.989111	-7.43512462
5.489516	-10.19819453
4.989922	-11.54859574
4.490326	-16.82689362
3.990731	-22.65646809
3.491136	-28.27931307
2.991541	-32.48950152
2.491946	-37.56105167
1.992351	-48.73117933
1.492756	-49.08238298
0.9931607	-55.42879635
0.4935656	-62.73993921
-0.006029591	-63.50462006
-0.5228521	-63.86079027
-1.00522	-72.88972644
-1.504815	-79.13276596
-2.00441	-80.86218845
-2.504005	-87.69094225
-3.003601	-88.90352584
-3.503196	-89.32364742
-4.020018	-95.15817629
-4.502386	-100.7761094
-5.001981	-106.5367781
-5.501576	-110.1267477
-6.001172	-110.6157447
-6.500767	-111.242614
-7.000361	-117.7612766
-7.517184	-121.0117325
-8.016778	-126.4967781
-8.516373	-127.6059574
-9.015969	-132.0228571
-9.515564	-133.1665653
-10.01516	-138.0313678
-10.51475	-143.8953799
-11.01435	-144.6255927
-11.51394	-145.1491185
-12.01354	-145.8448632
-12.51313	-150.7441337
-13.01273	-154.506383
-13.51232	-157.7863222
-14.02915	-162.7594529
-14.51152	-162.9334347
-15.01111	-163.3535562
-14.49429	-163.2040729
-15.01111	-167.9360486
-15.51071	-168.1494225
-16.0103	-175.8395745
-16.5099	-176.1562918
-17.00949	-179.4706383
-16.49267	-133.6681459
-15.99307	-126.6671125
-15.49348	-120.3551976
-14.99388	-117.2131307
-14.47706	-115.0308207
-13.97747	-108.7877812
-13.4951	-103.4111246
-12.9955	-100.5102128
-12.49591	-94.23270517
-11.99631	-89.54018237
-11.49672	-83.53835866
-10.99712	-82.94595745
-10.49753	-76.49617021
-9.997931	-71.11452888
-9.498337	-67.49009119
-8.998741	-59.97221277
-8.499146	-53.76363526
-7.982324	-50.16866869
-7.499956	-44.55081459
-6.983134	-39.5087234
-6.483539	-35.8153617
-5.983943	-28.36639514
-5.484349	-26.56807295
-4.984753	-20.84186018
-4.485158	-16.80395137
-3.985563	-9.044887538
-3.485968	-3.077494225
-2.986373	-0.004329229
-2.486778	7.754735562
-1.987183	9.105142857
-1.487588	15.17590274
-0.9879924	20.79874772
-0.4883973	25.87031611
0.01119782	30.76960486
0.5107929	36.4268997
1.010388	36.67473556
1.509983	43.84806687
2.009578	49.50537386
2.509173	54.33575076
3.008769	58.23583587
3.508363	63.72085106
4.007959	67.96547112
4.507554	75.48340426
5.007149	78.79775076
5.506744	83.35246201
6.00634	88.76857143
6.505934	92.1862614
7.00553	97.53349544
7.505125	101.3302128
8.004721	104.7479027
8.504315	108.0967173
9.00391	114.0296657
9.503505	118.7566565
10.0031	120.5550152
10.5027	123.4903343
11.01952	128.4635258
11.50189	132.668693
12.00148	135.9830395
12.50108	140.9857143
13.00067	141.7848024
13.50027	146.718541
14.01709	150.2790274
14.51668	152.1462614
15.01628	157.8035866
15.51587	159.2917933
16.01547	164.1910638
16.51506	164.4044377
17.01466	164.5834043
17.51426	172.170152
18.01385	174.4508207
18.51344	178.1441945
19.01304	180.0458359
19.51263	181.7752584
20.01223	184.2626748
20.51183	187.3358055
21.01142	187.962614
21.51101	188.3827356
22.01061	191.1113678
22.5102	192.2205471
23.0098	193.9844377
23.5094	194.4044985
24.00899	194.5144681
24.50859	194.3833435
25.00818	194.1487538
25.50777	193.9142249
26.00737	194.6443769
26.50697	194.2031003
27.00656	193.3483283
27.50616	191.5632827
28.00575	192.5691185
28.50535	191.8177508
29.00494	191.8243769
29.52176	191.8704559
30.00413	191.9754407
30.50373	188.9155623
31.00332	186.4758663
31.50292	185.6210942
32.00251	184.7663222
32.50211	183.7393313
33.0017	181.6786018
32.46765	122.3303343
31.98529	121.2950152
31.48569	120.461459
30.98609	113.2882067
30.4865	111.6277204
29.9869	106.4183587
29.48731	104.5167173
28.98771	99.8931307
28.48812	94.683769
27.98852	92.88547112
27.48893	92.22419453
26.98933	86.73920973
26.48974	81.52984802
25.97292	80.86358663
25.49055	76.62395137
24.99095	75.13574468
24.49136	71.23574468
23.99176	66.19860182
23.49217	65.12389058
22.99257	58.60523404
22.49298	58.1851307
21.99338	53.90604863
21.49379	50.79844985
20.99419	48.00094833
20.4946	44.61770821
19.995	41.33782371
19.49541	38.81595745
18.99581	38.77486322
18.49622	26.26100912
17.99662	26.18545289
17.49702	26.00652888
16.99743	22.17536778
16.49784	14.96759271
15.99824	12.54908815
15.49865	9.096930091
14.99905	7.57424924
14.49946	1.882505167
13.99986	0.773291185
13.48304	-4.303246809
12.98344	-9.133617021
12.48385	-11.03530091
11.98425	-14.86647416
11.48466	-15.18322188
10.98506	-22.39099696
10.48547	-23.15565957
9.985872	-27.05575076
9.486278	-32.57522188
8.986683	-33.1676231
8.487087	-38.17026748
7.987493	-42.31154407
7.487897	-45.1779696
6.988302	-48.25113678
6.488707	-52.73697264
5.989111	-56.77486322
5.489516	-59.64130699
4.989922	-63.81702128
4.490326	-69.12978723
3.990731	-70.82474164
3.491136	-75.31057751
2.991541	-77.04
2.491946	-80.52656535
1.992351	-85.01240122
1.475528	-86.57452888
0.9759333	-90.47458967
0.4935656	-92.02680851
-0.006029591	-98.37319149
-0.5056247	-99.27568389
-1.00522	-99.83361702
-1.504815	-106.5590274
-2.00441	-107.3237082
-2.504005	-110.982614
-3.003601	-114.5037082
-3.503196	-118.4727052
-4.00279	-120.6155623
-4.502386	-123.3441945
-5.001981	-128.4157447
-5.501576	-129.1459574
-6.001172	-129.8072948
-6.517993	-135.6074164
-7.000361	-138.9856535
-7.517184	-141.4435866
-8.016778	-143.3108815
-8.516373	-148.3823708
-9.015969	-148.6991489
-9.515564	-148.9469909
-10.01516	-149.1948328
-9.498337	-149.0798176
-10.03239	-155.7118541
-10.51475	-155.851307
-11.01435	-156.1680851
-11.51394	-160.102614
-12.01354	-163.003465
-12.51313	-166.0767173
-13.01273	-166.46231
-13.51232	-170.6380547
-14.01192	-172.5741641
-14.51152	-175.2683283
-15.01111	-175.9296049
-15.51071	-179.6574468
-16.0103	-180.0775684
-16.5099	-180.3254103
-17.00949	-183.5363526
-17.50909	-184.7144681
-18.00868	-186.3060182
-18.50828	-186.5194529
-19.00787	-189.3858359
-19.50747	-189.8404255
-20.00706	-190.5361094
-20.50666	-191.507538
-21.00625	-191.5486322
-21.50585	-191.2451672
-22.00544	-191.217386
-22.50504	-191.706383
-23.00463	-188.1641337
-23.50423	-188.8254103
-24.00382	-185.4899088
-24.50342	-180.7761702
-25.00302	-181.1618237
-25.50261	-182.5466261
-26.0022	-176.3858359
-26.51903	-176.5352584
-27.00139	-175.1931307
-27.50099	-175.027538
-28.00059	-173.7937386
-28.50018	-174.2827356
-29.017	-174.4321581
-29.5166	-170.2697264
-30.01619	-169.2082675
-30.51579	-169.6627964
-31.01538	-171.35769
-31.51498	-167.3330699
-32.0318	-167.8270517
-32.51417	-165.6235258
-33.03099	-164.7393313
-33.51336	-164.8443161
-34.01295	-163.2659574
-34.52978	-163.2775684
-33.99573	-106.031003
-33.49613	-101.0628571
-32.99653	-97.85191489
-32.49694	-93.1593921
-31.99734	-90.18966565
-31.49775	-86.7031003
-30.99816	-83.6299696
-30.49856	-79.28200608
-29.99896	-77.27696049
-29.49937	-74.65173252
-28.99977	-70.92401216
-28.48295	-66.26091185
-27.98336	-63.08443769
-27.48376	-59.14993313
-26.96694	-57.17438298
-26.48457	-53.45158663
-25.98498	-51.79110638
-25.48538	-49.44151976
-24.98578	-46.54066261
-24.48619	-43.50197568
-23.9866	-40.53219453
-23.487	-37.04559271
-22.98741	-36.48768389
-22.48781	-33.38007903
-21.98821	-29.23882675
-21.48862	-26.510231
-20.98903	-25.46993921
-20.48943	-22.25896657
-19.98984	-20.87412158
-19.49024	-17.80097264
-18.99064	-15.31356231
-18.49105	-10.68992705
-17.99145	-9.305075988
-17.49186	-5.921829179
-16.99227	-5.191626748
-16.49267	-2.979848632
-15.99307	-1.250446201
-15.49348	2.752997568
-14.99388	3.345384802
-14.49429	6.246261398
-13.99469	9.319422492
-13.4951	12.08248024
-12.9955	14.81108815
-12.49591	17.64306383
-11.99631	19.20020061
-11.49672	23.54819453
-10.99712	23.93386018
-10.49753	26.86919757
-9.997931	29.56334954
-9.498337	31.15494833
-8.998741	33.60790881
-8.499146	35.64741641
-7.999552	38.99622492
-7.499956	41.48364742
-6.983134	43.83823708
-6.483539	45.87774468
-5.983943	48.29626748
-5.484349	50.33577508
-4.984753	52.58201216
-4.485158	55.82745897
-3.985563	57.83251672
-3.485968	59.38964742
-2.986373	62.56620061
-2.486778	65.22589666
-1.987183	67.47215805
-1.487588	67.23762918
-0.9879924	70.75866261
-0.4883973	73.5906383
0.01119782	75.11337386
0.5280203	78.01920973
1.010388	79.91592705
1.509983	82.88571429
2.009578	85.40759878
2.509173	87.41264438
3.008769	89.07319149
3.508363	90.94042553
4.007959	90.91264438
4.507554	93.0899696
5.007149	95.47398176
5.506744	96.75550152
6.00634	99.69088146
6.505934	101.661459
7.00553	102.5639514
7.505125	103.9488146
8.004721	106.8497264
8.504315	108.9581155
9.00391	110.4807903
9.503505	113.4850456
10.0031	115.8001824
10.5027	116.8404863
11.00229	118.9489362
11.50189	118.7144073
12.00148	121.6152584
12.50108	123.0345897
13.00067	122.9723404
13.50027	126.5967781
14.01709	127.9866261
14.51668	130.9564134
15.01628	131.5832827
15.51587	133.6916109
16.01547	133.9394529
16.51506	136.3579939
17.01466	136.8469909
17.51426	139.1277204
18.01385	139.6511854
18.51344	141.7940426
19.01304	141.5249848
19.51263	143.6678419
20.01223	145.2594529
20.51183	145.9207295
21.01142	147.7190881
21.51101	147.7601824
22.01061	150.0408511
22.5102	150.5987842
23.0098	152.1903343
23.5094	152.093617
24.00899	153.1683283
24.50859	154.2775684
25.00818	155.3522796
25.50777	156.3925836
26.0246	158.2992705
26.50697	156.8192705
27.00656	158.6175684
27.52338	159.1115502
28.00575	160.9393313
28.50535	160.4291185
29.00494	161.8828571
29.50454	162.6474772
30.00413	163.3432219
30.50373	163.0397568
31.00332	163.0119149
31.50292	163.6387234
32.00251	163.1629787
32.50211	164.788997
33.01893	164.3181763
33.5013	165.1467477
32.98448	124.9604863
32.48488	124.2648024
31.98529	123.2934347
32.50211	122.9604863
31.98529	117.4360486
31.48569	116.740304
30.98609	111.1864438
30.4865	106.2871733
29.9869	105.8671125
29.48731	101.3468693
28.98771	97.03337386
28.48812	96.19981763
27.98852	90.71483283
27.48893	90.19136778
26.98933	89.15106383
26.48974	83.66607903
25.99014	80.24838906
25.49055	75.86595745
24.99095	74.65343465
24.49136	70.06425532
23.99176	65.61288754
23.49217	64.77933131
22.99257	60.84480243
22.49298	60.21798176
21.99338	59.48778116
21.49379	52.90022492
20.99419	52.5834772
20.4946	49.20023708
19.995	46.67837082
19.49541	45.22461398
18.99581	41.42790881
18.49622	40.0775076
17.97939	36.27582371
17.49702	35.75733131
16.99743	35.78514286
16.48061	30.6052462
15.99824	26.57232827
15.49865	26.22112462
14.99905	21.76976292
14.49946	17.31840122
13.99986	16.5537386
13.48304	15.81854711
12.98344	11.78064438
12.48385	10.67142857
11.98425	8.011732523
11.48466	3.801553191
10.98506	2.588970821
10.46824	0.992398784
9.968645	-2.597590881
9.486278	-4.184198784
8.986683	-6.774990881
8.487087	-10.22715502
7.987493	-11.02628571
7.487897	-11.99768389
8.004721	-12.36505167
7.487897	-14.68518541
6.988302	-17.34488146
6.488707	-17.59272948
5.989111	-17.94393313
5.489516	-22.25748328
4.989922	-25.22728267
4.490326	-25.99195745
3.990731	-29.23739818
3.491136	-30.24325836
2.991541	-34.03998176
2.474719	-37.04921581
1.992351	-37.60217629
1.492756	-39.98623708
0.9931607	-40.40635258
0.4935656	-44.82328267
-0.006029591	-45.2433921
-0.5056247	-49.14348328
-1.00522	-50.9073617
-1.504815	-54.91080851
-2.00441	-55.60657143
-2.504005	-55.85441945
-3.003601	-59.72004863
-3.503196	-62.82765957
-4.00279	-63.38559271
-4.502386	-66.90668693
-5.001981	-67.15452888
-5.501576	-71.70924012
-6.001172	-72.33610942
-6.500767	-72.34273556
-7.017589	-75.90328267
-7.517184	-76.28893617
-8.016778	-80.0856535
-8.516373	-80.29908815
-9.033195	-83.5150152
-9.515564	-83.62006079
-10.01516	-87.24449848
-10.51475	-87.45787234
-11.01435	-90.77221884
-11.51394	-92.88066869
-12.01354	-93.16297872
-12.51313	-95.78820669
-13.01273	-99.34370821
-13.51232	-100.0050456
-14.02915	-102.0839514
-14.51152	-102.6024924
-15.01111	-103.0914894
-15.51071	-106.7503951
-16.0103	-107.5150152
-16.5099	-110.0713678
-17.00949	-110.4225532
-17.50909	-110.7393313
-18.00868	-113.2266869
-18.50828	-113.543465
-19.00787	-115.927538
-19.50747	-117.3812766
-20.00706	-117.6979939
-20.50666	-119.5308207
-21.00625	-122.3627356
-21.50585	-123.2996353
-22.00544	-125.1324012
-22.50504	-126.7584802
-23.00463	-128.2122188
-23.50423	-128.3911246
-24.00382	-129.4658967
-24.52065	-129.4774468
-25.00302	-133.2691793
-25.50261	-132.8623708
-26.0022	-133.1790881
-26.5018	-136.1488754
-27.00139	-136.2244377
-27.51822	-138.1999392
-28.01781	-138.3099088
-28.50018	-139.345228
-29.017	-139.4947112
-29.5166	-140.1559271
-30.01619	-140.2314894
-30.51579	-141.2028571
-31.01538	-142.5531915
-31.51498	-143.4212158
-32.01458	-143.9446201
-32.51417	-142.1595745
-33.03099	-143.3771429
-32.49694	-98.87896657
-31.98012	-92.07969605
-31.49775	-88.01234043
-30.99816	-84.62917933
-30.48133	-83.17045593
-29.98174	-77.99556231
-29.49937	-76.23671733
-28.99977	-72.40553191
-28.48295	-68.77617021
-27.98336	-65.18620061
-27.48376	-63.59465046
-26.98417	-59.59122188
-26.48457	-55.3466079
-25.98498	-51.82555623
-25.46815	-48.29951976
-24.98578	-47.98777508
-24.48619	-43.50197568
-23.9866	-42.63396353
-23.46977	-39.2457386
-22.98741	-36.48768389
-22.48781	-33.3456231
-21.98821	-31.06494833
-21.48862	-28.02625532
-20.98903	-25.50439514
-20.48943	-22.22451672
-19.98984	-22.14896049
-19.49024	-21.97004255
-18.99064	-16.55394529
-18.49105	-12.27486322
-17.99145	-11.13119757
-17.49186	-8.471507599
-16.99227	-6.087458967
-16.49267	-3.25548997
-15.99307	-1.043716717
-15.49348	1.684888754
-14.99388	3.242017629
-14.49429	5.970625532
-13.99469	8.940413374
-13.4951	10.08408511
-12.97827	12.88658967
-12.49591	15.12784195
-11.99631	16.58161094
-11.49672	18.17319757
-10.99712	22.52119757
-10.49753	25.00862006
-9.997931	27.11703343
-9.498337	29.08764134
-8.998741	31.85070517
-8.499146	33.95911246
-7.999552	36.44654711
-7.499956	39.07178723
-6.983134	40.7372766
-6.483539	42.46668085
-5.983943	46.26341641
-5.484349	46.44234043
-4.984753	48.65412766
-4.485158	51.65838906
-3.985563	54.31809119
-3.485968	56.46096657
-2.986373	57.5357386
-2.486778	60.98790274
-1.987183	63.3375076
-1.487588	65.37702128
-0.9879924	67.38206687
-0.4883973	68.87033435
0.01119782	70.56528875
0.5107929	73.25945289
1.010388	74.81653495
1.509983	76.54601824
2.009578	78.34431611
2.526401	80.87118541
3.008769	83.11240122
3.508363	84.56620061
4.007959	86.91580547
4.507554	89.3343465
5.007149	90.23683891
5.506744	92.31082067
6.00634	94.17805471
6.505934	95.21835866
7.00553	97.56796353
7.505125	97.71246201
8.004721	99.33848024
8.504315	103.4452888
9.00391	104.2444377
9.503505	104.9746505
10.0031	107.496535
10.5027	109.1914894
11.00229	111.1620669
11.50189	112.2023708
12.00148	114.4486322
12.50108	115.6956231
13.00067	117.1838906
13.50027	118.7410334
14.01709	119.2005471
14.51668	121.2055927
15.01628	124.3132523
15.51587	125.2156839
16.01547	124.6021884
16.51506	127.9854103
17.01466	127.8542249
17.51426	129.5491793
18.01385	131.3819453
18.51344	131.1818845
19.01304	134.2205471
19.51263	135.3641945
20.01223	136.1288754
20.51183	137.9961094
21.01142	138.657386
21.51101	140.4212158
22.01061	141.7026748
22.5102	142.1572644
23.0098	144.6102128
23.5094	144.651307
24.00899	146.8630395
24.50859	146.5251672
25.00818	147.73769
25.50777	148.9847416
26.00737	150.0594529
26.50697	151.0997568
27.00656	150.555076
27.50616	152.663465
28.00575	152.9457751
28.50535	153.4691793
29.00494	152.9245593
29.50454	154.8606687
30.00413	155.6252888
30.50373	155.3906991
31.00332	156.1897872
31.50292	157.0577508
32.00251	157.0644377
32.50211	157.2088754
33.0017	155.182614
32.48488	115.9955623
31.98529	115.678845
31.48569	115.3965957
30.98609	109.6359878
30.4865	104.2888146
29.96968	103.7948328
29.48731	98.28036474
28.98771	93.69118541
28.48812	93.16772036
27.98852	88.44079027
27.48893	87.84838906
26.98933	83.15586626
26.48974	77.70534954
25.99014	76.9062614
25.47332	71.03726444
24.99095	70.76
24.49136	70.51215805
25.00818	70.59264438
24.49136	66.79100304
23.99176	66.47428571
23.47494	62.43142857
22.99257	59.05314894
22.49298	58.52968389
21.99338	55.00861398
21.49379	51.93547112
20.99419	50.10271125
20.4946	47.16738602
19.995	43.9908693
19.49541	43.74304559
18.99581	41.25562918
18.47899	38.14303951
17.99662	37.93465046
17.4798	34.44305167
16.99743	32.51190274
16.48061	29.74386018
15.99824	25.02184195
15.49865	24.94628571
14.99905	24.87072948
14.49946	21.4530152
13.99986	16.82937994
13.48304	14.33697872
12.98344	13.91686322
12.48385	11.49835258
11.96703	7.421015198
11.48466	6.592419453
10.98506	0.969579939
10.48547	0.480554225
9.985872	0.129346748
9.486278	-3.770737386
8.986683	-7.291817629
8.487087	-7.643021277
7.987493	-7.994231003
7.487897	-12.30778116
6.988302	-11.86651672
6.488707	-14.66404255
5.989111	-16.11781155
5.489516	-20.25908815
4.989922	-23.84908207
4.490326	-24.16583587
3.990731	-24.24140426
4.507554	-23.98857751
3.990731	-26.58435258
3.491136	-28.76168389
2.974313	-30.63390274
2.474719	-33.5692462
1.992351	-33.91547112
1.492756	-36.50626748
0.9931607	-38.71805471
0.4935656	-42.51478419
-0.023257	-42.83651064
-0.5056247	-42.87265046
0.01119782	-42.58536778
-0.5056247	-46.11143465
-1.00522	-46.53155623
-1.504815	-49.01897872
-2.00441	-52.22996353
-2.504005	-52.4433617
-3.003601	-52.69120365
-3.503196	-57.07366565
-4.00279	-57.59714894
-4.519613	-57.91888754
-3.985563	-57.97117933
-4.502386	-61.3593921
-5.001981	-61.74510638
-5.518804	-62.13574468
-6.018399	-65.34668693
-6.517993	-65.73240122
-7.000361	-70.55775076
-7.517184	-71.18960486
-8.016778	-71.74753799
-8.516373	-75.68206687
-9.033195	-75.59033435
-9.515564	-79.0031003
-10.01516	-79.69884498
-10.53198	-80.36510638
-11.01435	-83.88121581
-11.51394	-85.02486322
-12.01354	-87.82237082
-12.51313	-88.38036474
-13.01273	-90.62656535
-13.51232	-91.04668693
-14.01192	-91.39787234
-14.51152	-91.64571429
-13.99469	-91.63410334
-14.51152	-94.67781155
-15.01111	-94.89118541
-15.51071	-96.72395137
-16.0103	-96.90285714
-16.5099	-99.25246201
-17.00949	-99.50030395
-17.50909	-103.0213374
-18.00868	-104.7162918
-18.5255	-107.4843161
-19.00787	-107.7616413
-19.50747	-107.8372036
-20.00706	-108.1195137
-19.49024	-107.7977508
-20.00706	-110.3246201
-20.50666	-111.0203647
-21.00625	-114.5758663
-21.50585	-115.8229179
-22.00544	-117.5523404
-22.52226	-118.218541
-23.00463	-118.151307
-23.50423	-121.2933739
-24.00382	-121.3344681
-24.50342	-123.7184802
-25.00302	-124.1041337
-25.50261	-123.9040122
-26.0022	-123.9106383
-26.5018	-126.6048024
-27.00139	-128.6442553
-27.50099	-128.7542857
-28.00059	-129.036535
-28.50018	-129.008693
-29.017	-131.6044377
-29.53382	-131.7883283
-30.03342	-132.8975076
-30.51579	-133.1058967
-31.01538	-133.5604255
-31.51498	-134.5317933
-32.01458	-135.0896657
-32.51417	-136.1643769
-33.01376	-136.6878419
-32.49694	-98.70668693
-31.99734	-94.46212766
-31.49775	-86.42741641
-30.99816	-82.80303951
-30.49856	-79.14419453
-29.99896	-75.20966565
-29.49937	-70.68942249
-28.99977	-66.82382979
-28.48295	-65.39957447
-27.98336	-61.87854103
-27.48376	-61.07945289
-26.98417	-55.66333131
-26.48457	-52.52129483
-25.98498	-49.00023708
-25.48538	-46.16827964
-24.98578	-42.9228693
-24.48619	-39.05726444
-23.9866	-38.43043769
-23.487	-34.42700304
-22.97018	-31.59006687
-22.48781	-31.48504559
-21.98821	-27.86062006
-21.48862	-24.99420061
-20.98903	-21.95551368
-20.48943	-20.77739818
-19.98984	-16.39495441
-19.49024	-14.14872948
-18.99064	-12.24705167
-18.49105	-9.173902736
-17.99145	-7.031039514
-17.49186	-5.577278419
-16.99227	-3.020955015
-16.49267	-2.221835866
-15.99307	2.126156231
-15.49348	4.854759878
-14.99388	6.205161094
-14.49429	7.417738602
-13.99469	10.4908997
-13.4951	12.56485106
-12.9955	14.50099696
-12.49591	16.40268085
-11.99631	17.95981763
-11.49672	21.06742857
-10.99712	24.48513678
-10.49753	25.07753191
-9.997931	26.11783587
-9.498337	30.08683283
-8.998741	32.12634043
-8.499146	32.95992097
-7.999552	35.92972036
-7.499956	37.83140426
-6.983134	40.11708207
-6.483539	42.67341641
-5.983943	46.26341641
-5.467121	47.34316109
-4.984753	49.89451064
-4.485158	52.41640122
-3.985563	53.31888146
-3.485968	55.6684924
-2.986373	58.46602432
-2.486778	60.7122614
-1.987183	61.27021277
-1.487588	59.58856535
-0.9879924	62.07598784
-0.4883973	67.21647416
0.01119782	69.08370821
0.5107929	71.12322188
1.010388	71.7156231
1.527211	74.82820669
2.009578	76.79386018
2.509173	78.76443769
3.008769	81.01069909
3.508363	83.36030395
4.007959	84.05604863
4.507554	85.88881459
5.007149	87.96279635
5.506744	89.38212766
6.00634	91.93841945
6.505934	93.70231003
7.00553	95.36285714
7.505125	97.78133739
8.004721	97.89136778
8.504315	100.1375684
9.00391	101.901459
9.503505	103.8031611
10.0031	105.4981155
10.5027	105.6081459
11.00229	107.8888146
11.50189	108.7568389
12.00148	110.5896657
12.50108	111.2854103
13.00067	113.8761702
13.50027	115.1920973
14.01709	117.4433435
14.51668	117.9323404
15.01628	120.3853495
15.51587	120.219696
16.01547	122.6382371
16.51506	123.7130091
17.01466	123.9952584
17.51426	126.241459
18.01385	127.6607903
18.51344	128.4943465
19.01304	129.7758055
19.51263	131.2640729
20.01223	132.6488754
20.51183	134.2404863
21.01142	134.143769
21.51101	135.8041945
22.01061	136.0520973
22.5102	137.9882067
23.0098	138.7872948
23.5094	140.4822492
24.00899	141.0401216
24.50859	141.942614
25.00818	143.9821277
25.50777	143.8853495
26.00737	145.3735562
26.50697	145.9314894
27.00656	146.1448632
27.50616	146.3926444
28.00575	147.8119149
28.50535	148.8522188
29.02217	148.8293617
29.50454	149.9335562
30.00413	150.353617
30.50373	150.6359271
31.00332	151.4350152
31.50292	149.7533131
32.00251	151.7582979
32.50211	152.4540426
33.0017	151.3925228
33.5013	153.0874772
34.00089	152.2671733
34.50048	152.2393313
35.00008	153.417386
35.51691	154.2558663
36.0165	154.6759271
36.51609	155.1993921
37.01569	154.1378723
37.51529	154.4890578
38.01488	155.012462
38.51448	154.6745289
39.01407	154.8189058
39.51366	155.7558055
40.01326	155.0733131
40.51286	155.803465
41.01245	155.7066869
41.51205	154.6451064
42.01164	154.6517325
42.51123	155.485228
43.01083	154.5270517
43.51043	154.8093009
44.01002	154.7469301
44.50962	154.3745289
45.00921	154.2777508
45.50881	153.9742249
46.0084	153.9807903
46.508	152.2990881
47.00759	152.9602432
47.50719	152.3810942
48.00678	152.5598784
48.50638	151.0159878
49.00598	151.8839514
49.50557	151.683769
48.98875	94.16662614
48.48915	93.98778116
47.98956	93.91234043
47.47273	93.79738602
46.99037	93.38237082
47.52442	93.26103343
48.00678	93.40048632
47.48996	93.25112462
46.99037	86.00893617
46.49077	80.38620061
45.99118	79.89726444
45.49158	79.51167173
44.99199	79.1950152
45.50881	78.68978723
44.99199	75.88735562
44.49239	72.056231
43.9928	71.18826748
43.4932	67.66729483
42.99361	67.24723404
42.49401	64.10522796
41.99441	60.99768997
41.49482	55.78839514
40.99523	55.36835258
40.49563	51.95070517
39.99604	51.80629787
39.49644	51.45514286
40.01326	51.43226748
39.49644	49.28447416
38.99684	46.86601824
38.49725	46.27369605
37.99765	43.78632219
37.49806	43.43517933
36.99846	40.3276231
36.49887	38.39153799
35.99927	36.66217629
35.49968	34.58825532
34.98286	32.54381763
34.48326	30.02198784
33.98366	28.87835866
33.48407	27.04562918
32.98448	25.3162614
32.48488	21.6918541
31.98529	18.99774468
31.48569	18.64657751
30.98609	17.22730091
30.4865	15.4290152
29.9869	13.69963526
29.47008	10.79380547
28.98771	10.03415198
28.48812	7.374474164
27.98852	7.126668693
27.48893	4.535911246
26.98933	2.220789666
26.48974	1.731786626
25.99014	-1.341351368
25.49055	-2.002631003
24.97372	-2.427702128
24.49136	-2.98063465
25.00818	-3.382484498
24.49136	-3.84201155
23.99176	-6.088231003
23.49217	-6.439422492
22.97535	-6.795586626
22.49298	-11.06967781
21.99338	-11.69651064
21.49379	-12.25442553
20.99419	-13.88046201
20.4946	-16.29896049
19.995	-16.47787842
19.49541	-18.6896535
18.99581	-19.21312462
18.49622	-21.80389666
17.99662	-22.05173252
17.49702	-23.88449848
16.99743	-24.64914894
16.48061	-26.5213617
15.99824	-28.7626079
15.49865	-31.04330091
14.99905	-32.66934347
14.49946	-33.05499696
13.99986	-34.71548936
13.48304	-35.24395137
12.96622	-37.80526444
12.48385	-38.56495441
11.98425	-40.81118541
11.48466	-41.78258359
10.98506	-42.13379331
10.48547	-44.65567173
9.985872	-46.24725836
9.486278	-46.70182979
8.969455	-47.05801216
8.487087	-50.12620061
7.987493	-50.47741033
7.487897	-53.48166565
6.988302	-54.72870517
6.488707	-56.25139818
5.989111	-57.73961094
5.489516	-60.05475988
4.989922	-60.44043161
4.490326	-62.27319149
3.990731	-62.62443769
3.491136	-62.87227964
2.991541	-65.84206687
2.491946	-66.26218845
1.975123	-66.5150152
1.492756	-68.54954407
0.9931607	-70.00334347
0.4935656	-70.56121581
-0.006029591	-73.8756231
-0.5056247	-74.39908815
-1.00522	-76.40413374
-1.504815	-77.37556231
-2.00441	-77.79568389
-2.504005	-79.80072948
-3.003601	-79.66954407
-3.503196	-82.32930091
-4.00279	-83.61075988
-4.502386	-85.2712462
-5.001981	-85.79477204
-5.518804	-87.32243161
-6.001172	-88.35775076
-6.500767	-88.81234043
-7.000361	-90.19720365
-7.517184	-92.06942249
-8.016778	-92.17945289
-8.516373	-92.35835866
-9.015969	-95.22480243
-9.515564	-95.12808511
-10.01516	-97.23647416
-10.51475	-97.55325228
-11.01435	-100.4541033
-11.51394	-100.6330699
-12.01354	-101.7767173
-12.51313	-102.1624316
-13.01273	-104.6842553
-13.51232	-104.4153191
-14.01192	-106.0068693
-14.52874	-107.1555015
-15.01111	-107.2605471
-15.51071	-109.7479635
-16.0103	-111.1672948
-16.5099	-111.2428571
-17.00949	-112.6965957
-17.50909	-114.2192705
-18.00868	-115.7074772
-18.50828	-116.2654103
-19.00787	-116.4443161
-19.50747	-116.6921581
-18.99064	-116.4737994
-19.50747	-117.3812766
-20.00706	-117.6635258
-20.50666	-119.3240729
-21.00625	-119.4685106
-21.50585	-120.2331307
-22.00544	-121.4801824
-22.50504	-121.9347112
-23.02186	-122.0841945
-23.50423	-123.2917933
-24.00382	-124.4009726
-24.50342	-124.7866261
-25.00302	-125.6201824
-25.50261	-126.1780547
-26.0022	-126.494772
-26.5018	-127.0871733
-27.00139	-127.9896657
-27.50099	-127.3760486
-28.00059	-129.3121581
-28.50018	-129.9734347
-29.017	-129.6749544
-29.5166	-130.1294833
-30.03342	-129.8654711
-30.51579	-130.2116717
-31.01538	-130.2527052
-31.51498	-130.5694225
-32.01458	-130.9894833
-32.51417	-131.6507599
-33.01376	-130.864924
-33.51336	-132.0085714
-34.03018	-131.089848
-34.51255	-131.8150152
-35.01215	-132.786383
-35.51174	-131.0702128
-36.01133	-131.4558663
-36.51093	-132.9095441
-37.01052	-132.4337994
-37.51012	-132.7849848
-38.00971	-133.1705775
-38.50931	-131.3854711
-39.0089	-131.5643161
-39.5085	-131.4675988
-40.00809	-132.4044377
-40.50769	-130.9983587
-41.00728	-131.6596353
-41.50688	-130.8737386
-42.0237	-131.9189666
-42.5233	-131.0297264
-43.00567	-131.582614
-43.50526	-131.6925228
-44.00485	-130.6999392
-44.50445	-130.6375684
-45.00404	-128.9558663
-45.50364	-127.2741641
-46.02047	-127.4924012
-46.50283	-128.2520365
-47.00243	-128.2586018
-47.50202	-128.3340426
-46.9852	-127.9779331
-47.50202	-127.0936778
-48.00161	-127.1347112
-48.50121	-127.210152
-49.00081	-127.1477812
-49.5004	-126.0862006
-48.98358	-71.80790274
-48.48399	-62.49841945
-47.98439	-59.49428571
-47.48479	-57.00695441
-46.9852	-54.24398176
-46.4856	-50.51625532
-45.98601	-46.82299088
-45.48642	-45.85168389
-44.98682	-42.60631611
-44.48722	-38.80968389
-43.98763	-36.52906991
-43.48803	-32.80134347
-42.98844	-31.10645593
-42.48885	-29.79058967
-41.98925	-26.88977508
-41.48965	-25.71171429
-40.99006	-21.60496049
-40.49046	-20.39244985
-39.99087	-17.59499088
-39.49127	-17.38167173
-38.99168	-13.44718541
-38.49208	-11.02873556
-37.99249	-8.78256535
-37.49289	-6.984291793
-36.9933	-5.048206687
-36.4937	-4.180231003
-35.9941	-1.796224316
-35.49451	-0.687053495
-34.99492	0.284296657
-34.49532	2.633854711
-33.99573	3.191745897
-33.49613	5.610210334
-32.99653	5.306727052
-32.47971	8.867197568
-31.99734	9.902486322
-31.49775	12.52768997
-30.99816	12.4998541
-30.49856	14.12586626
-29.99896	16.75107599
-29.49937	17.55016413
-28.99977	18.79717325
-28.48295	21.53072948
-27.98336	22.12309422
-27.48376	23.26674164
-26.98417	26.06423708
-26.48457	26.89778723
-25.96775	29.08006687
-25.48538	29.52963526
-24.98578	31.36238906
-24.48619	33.05732523
-23.9866	34.54552584
-23.487	35.93036474
-22.98741	37.65975684
-22.48781	39.0446079
-21.98821	40.3949848
-21.48862	41.88320365
-20.9718	43.10074164
-20.48943	43.96378116
-19.98984	44.79734954
-19.49024	46.83685106
-18.99064	48.18724012
-18.49105	49.50318541
-17.99145	51.85277204
-17.49186	51.37704559
-16.99227	54.8981155
-16.49267	55.45604863
-15.99307	56.15179939
-15.49348	57.74337994
-14.99388	59.09378116
-14.49429	59.16934347
-13.99469	60.69202432
-13.4951	61.2843769
-12.97827	62.88097264
-12.49591	64.05410334
-11.99631	64.71544073
-11.49672	66.10030395
-10.99712	66.72711246
-10.49753	68.00863222
-9.997931	68.66990881
-9.498337	71.05398176
-8.998741	72.05981763
-8.499146	73.13458967
-7.999552	74.82954407
-7.499956	75.45641337
-6.983134	76.88066869
-6.483539	77.40419453
-5.983943	78.82352584
-5.484349	79.5537386
-4.984753	80.59404255
-4.485158	80.8418845
-3.985563	83.84613982
-3.485968	84.12844985
-2.986373	82.92917933
-2.486778	85.72668693
-1.987183	87.45610942
-1.487588	88.4274772
-0.9879924	88.15854103
-0.4883973	89.40553191
0.01119782	91.20389058
0.5107929	91.69294833
1.010388	90.63148936
1.509983	92.91215805
2.009578	93.19446809
2.509173	93.95914894
3.008769	95.58516717
3.508363	96.24650456
4.007959	96.63215805
4.507554	98.43051672
5.007149	97.88589666
5.506744	99.99428571
6.00634	100.9312462
6.505934	100.3521581
7.00553	102.1160486
7.505125	103.1908207
8.004721	101.9915502
8.504315	105.2024924
9.00391	106.0705775
9.503505	105.4569605
10.0031	107.4275988
10.5027	108.5712462
11.00229	108.9224924
11.50189	108.8947112
12.00148	110.4517933
12.50108	108.6668085
13.00067	111.0508815
13.50027	111.436535
14.01709	111.9305167
14.51668	113.5565957
15.01628	114.5968997
15.51587	115.2237082
16.01547	112.3017021
16.51506	114.9268693
17.01466	115.6915502
17.51426	115.4570213
18.01385	117.2897872
18.51344	118.2612158
19.01304	117.165228
19.51263	118.8257751
20.01223	119.6937994
20.51183	119.2869301
21.01142	118.8112462
21.51101	119.8170821
22.01061	119.8581763
22.5102	121.0018237
23.0098	121.6975684
23.5094	120.1536778
24.00899	121.9864438
24.50859	122.5099088
25.00818	120.8972036
25.50777	123.04
26.00737	123.9424924
26.50697	123.6734954
27.00656	123.0943465
27.50616	124.1691185
28.00575	121.5571429
28.50535	123.6310638
29.00494	124.6024316
29.50454	123.1619453
30.00413	123.3408511
30.50373	124.863465
31.00332	124.3877204
31.50292	122.1892401
32.00251	122.8505167
32.50211	121.5822492
33.0017	122.9326444
33.5013	123.1459574
34.00089	119.3969605
34.50048	114.3041945
35.00008	110.2451064
35.51691	113.4610334
36.0165	112.7440729
36.51609	113.0952584
37.01569	113.6531307
37.51529	113.4874772
38.01488	114.7344073
38.51448	113.535076
39.01407	114.299696
39.51366	115.0643161
40.01326	112.3144681
40.51286	113.1479635
41.01245	113.6024924
41.51205	103.8238298
42.01164	104.5539818
42.51123	103.4579939
43.01083	104.0848024
43.51043	104.3325228
44.01002	99.92881459
44.50962	100.4178116
45.00921	93.74006079
45.50881	86.68334347
