"Saatcioglu and Ozcebe 1989, Spec. U1"	
1751	
0	0.0005
0.0685	4.708
0.167	10.5
0.214	14.05
0.31	19.65
0.495	25.5
0.66	30.92
0.808	36.9
0.964	41
1.17	47
1.32	51.67
1.6	57.22
1.72	60.22
1.97	65.15
2.21	70.52
2.5	76.22
2.52	77.32
2.81	82.6
3.18	87.77
3.22	88.9
3.39	91.9
3.61	97.2
3.96	101.2
3.88	95.37
3.71	89.45
3.62	86.37
3.56	82.55
3.4	76.92
3.27	71.15
3.09	64.97
2.84	59.27
2.7	53.72
2.56	47.97
2.35	41.7
2.35	41.7
2.19	35.75
1.99	30.12
1.77	24.27
1.57	18.32
1.36	12.6
1.15	6.771
0.954	1.488
0.757	-4.22
0.558	-10.36
0.363	-16.08
0.173	-22.08
-0.045	-28
-0.257	-33.53
-0.585	-39.03
-0.828	-44.83
-1.08	-50.75
-1.36	-56.63
-1.66	-62.63
-1.87	-66.8
-2.18	-72.75
-2.34	-75.08
-2.58	-80.7
-2.87	-86.83
-2.94	-87.13
-3.25	-92.78
-3.37	-94.83
-3.66	-99.53
-3.7	-93.73
-3.59	-88.25
-3.42	-82.18
-3.33	-76.43
-3.12	-70.35
-2.98	-64.73
-2.98	-64.73
-2.68	-54.53
-2.49	-48.95
-2.3	-43.13
-2.1	-37.45
-1.89	-31.25
-1.62	-25.45
-1.42	-19.5
-1.21	-14.13
-0.997	-7.967
-0.705	-2.129
-0.417	3.858
-0.183	9.053
0.105	14.77
0.396	20.6
0.701	26.62
0.974	32.75
1.21	38.87
1.49	44.8
1.77	50.7
1.98	56.85
2.29	63.05
2.52	68.97
2.82	75.1
3.1	81.27
3.4	87.15
3.63	92.62
3.63	86.67
3.49	81.22
3.33	75.12
3.19	69.05
2.98	62.4
2.78	56.07
2.58	49.6
2.58	49.6
1.6	22.72
1.37	16.6
1.09	10.42
0.785	4.468
0.495	-0.8645
0.255	-6.49
-0.0935	-12.65
-0.347	-18.78
-0.638	-25.3
-0.933	-31.43
-1.22	-37.65
-1.42	-43.65
-1.72	-49.58
-1.93	-55.58
-2.18	-61.38
-2.47	-67.43
-2.68	-73.4
-2.99	-79.33
-3.23	-85.3
-3.59	-91.2
-3.58	-85.3
-3.42	-79.38
-3.27	-73.73
-3.1	-67.8
-2.92	-62.23
-2.7	-56.2
-2.59	-50.58
-2.39	-44.83
-2.18	-38.65
-1.97	-32.85
-1.7	-26.43
-1.49	-20.95
-1.22	-15.15
-1.22	-15.15
-0.92	-7.877
-0.68	-2.25
-0.385	3.53
-0.113	8.458
0.192	14.23
0.498	19.82
0.775	26.02
1.09	31.97
1.26	37.92
1.57	43.95
1.82	50.02
2.09	56.02
2.4	61.85
2.63	67.97
2.93	73.72
3.19	79.9
3.49	85.7
3.7	91.67
3.99	97.77
3.94	91.8
3.8	85.87
3.62	79.6
3.47	74.02
3.3	68.12
3.11	62.02
2.93	56.02
2.7	50.6
2.49	44.4
2.3	38.45
2.05	33.72
1.92	28.72
1.7	23.1
1.41	17.07
1.41	17.07
1.18	11.15
0.896	5.311
0.661	0.523
0.345	-5.459
-0.003	-11.48
-0.308	-17.45
-0.603	-23.18
-0.842	-29.43
-1.12	-35.35
-1.4	-41.5
-1.63	-47.48
-1.9	-53.23
-2.14	-59.18
-2.42	-64.95
-2.65	-71.03
-2.97	-76.73
-3.21	-82.45
-3.47	-88.18
-3.71	-93.65
-3.62	-87.43
-3.55	-81.93
-3.31	-75.93
-3.2	-70.65
-3.01	-64.5
-2.81	-58.6
-2.68	-53.05
-2.47	-47.1
-2.23	-41.18
-2.07	-35.35
-1.81	-29.35
-1.59	-23.3
-1.32	-17.25
-1.09	-11.53
-1.09	-11.53
-0.812	-5.717
-0.502	0.403
-0.223	5.698
-0.092	6.011
0.119	11.48
0.403	17.17
0.688	23.1
0.976	29.15
1.23	35.32
1.51	41.32
1.73	47.27
2.02	53.25
2.3	58.85
2.6	64.92
2.88	70.77
3.11	76.6
3.41	82.5
3.63	88.17
3.92	94.32
4.12	100.1
4.47	106
4.79	112.2
5.24	117.9
5.53	122.7
6.17	128.4
6.67	134.4
7.18	140.4
7.68	145.7
8.19	151.9
8.54	156.4
9.03	161.9
9.45	167.7
10	173.7
10	173.7
10.6	179.7
11.1	184.4
11.8	190.2
12.1	193.7
12.4	196.4
13	201.2
13.5	205.4
14.2	210.9
14.9	216.4
15.3	219.2
15.9	221.9
16.7	226.7
17.8	229.9
18.8	234.7
19.6	238.9
20.3	241.4
20.4	241.4
20.9	243.4
21.6	246.2
22.8	247.4
23.3	247.9
23.2	241.9
23.1	235.7
22.9	229.7
22.7	223.4
22.5	217.2
22.3	211.2
22	204.7
21.9	198.4
21.6	192.2
21.4	185.9
21.1	179.7
20.9	173.2
20.9	173.2
20.4	161.4
20.2	154.9
19.9	148.4
19.6	142.2
19.3	136.4
18.9	130.2
18.6	123.7
18.4	117.4
18.1	111.4
17.4	104.9
17.4	98.92
17.1	92.75
16.7	86.5
16.3	80.4
16	74.5
15.7	68.75
15.4	62.8
15	59.9
14.8	53.95
14.4	48.15
14	42.37
13.5	36.5
13.1	31.05
12.8	25.25
12.3	19.5
11.9	13.9
11.4	8.348
11	3.218
10.4	-2.992
9.82	-8.83
9.22	-14.63
8.55	-20.13
7.91	-26.13
7.91	-26.13
6.86	-35.05
6.09	-41.08
5.38	-46.95
4.66	-52.6
4.05	-58.35
3.24	-63.93
2.58	-69.65
2.03	-75.18
1.44	-80.93
0.833	-87.03
0.169	-93
-0.445	-99.33
-1.08	-105.6
-1.66	-111.6
-2.28	-118.1
-2.95	-124.6
-3.55	-130.6
-4.14	-137.1
-4.83	-143.6
-5.46	-149.8
-6.12	-155.6
-6.77	-161.8
-7.45	-168.3
-8.29	-174.6
-9.2	-180.8
-10	-187.1
-11.1	-193.3
-12.2	-199.1
-13.3	-203.8
-14.2	-207.1
-14.8	-210.6
-15.9	-214.3
-16.9	-218.3
-16.9	-218.3
-18	-222.1
-19.1	-225.1
-19.8	-226.3
-20.9	-229.1
-21.1	-229.8
-23.4	-222.3
-21.3	-160.6
-21.4	-160.6
-21	-151.6
-20.6	-145.6
-20.3	-138.8
-20	-132.3
-19.6	-125.8
-19.3	-119.1
-18.9	-112.8
-18.5	-106.6
-18.2	-100.3
-17.8	-94.53
-17.5	-88.2
-17.1	-81.8
-16.6	-75.73
-16.2	-69.65
-15.7	-63.7
-15.3	-57.78
-14.9	-51.65
-14.4	-45.7
-13.9	-39.33
-13.3	-33.05
-12.7	-27.25
-12.2	-21
-11.6	-14.83
-11	-9.577
-10.4	-3.627
-10.4	-3.627
-9.35	4.63
-8.63	10.47
-7.76	16.32
-6.82	22.45
-5.99	28.45
-5.05	34.45
-4.28	38.65
-3.28	44.72
-2.37	49.97
-1.37	55.15
-0.583	60.62
0.465	66.25
1.48	72.37
2.48	78.5
3.47	84.5
4.4	90.55
5.32	96.55
6.28	102.7
7.13	108.9
8.02	115.2
8.85	121.4
9.67	127.4
10.5	133.4
11.3	139.7
12.1	145.7
12.8	151.7
13.6	157.9
14.3	164.2
15.1	170.2
15.8	176.4
16.4	182.4
17.1	188.7
17.8	194.9
17.8	194.9
19.1	206.7
19.8	213.2
20.5	219.4
21.3	224.9
22	230.7
22.5	223.9
22.1	216.7
21.9	209.7
21.7	202.7
21.4	195.7
21.1	188.9
20.9	182.2
20.6	175.4
20.4	169.2
20	162.7
19.8	156.7
19.5	150.2
19.1	143.4
18.8	136.9
18.5	129.9
18.1	123.2
17.7	116.4
17.3	109.9
16.9	103.4
16.5	97.35
16.1	90.77
15.7	84.35
15.3	77.82
14.8	71.75
14.4	65.62
13.9	59.52
13.4	53.6
12.9	47.35
12.9	47.35
11.6	33.22
11	27.05
10.3	21.17
9.69	15.22
8.94	9.348
8.2	3.558
7.45	-1.822
6.47	-7.785
5.55	-13.93
4.63	-19.8
3.66	-25.7
2.74	-31.55
1.84	-37.45
0.849	-43.5
-0.0865	-49
-1.01	-54.93
-1.99	-60.78
-2.88	-66.85
-3.68	-73.18
-4.65	-79.43
-5.45	-85.5
-6.18	-91.63
-7	-97.75
-7.8	-104.1
-8.69	-110.3
-9.44	-116.6
-10.3	-122.8
-11.1	-129.1
-11.9	-135.6
-12.7	-141.6
-13.6	-147.6
-14.3	-154.3
-15.1	-159.8
-15.1	-159.8
-16.4	-171.1
-17.1	-177.1
-17.9	-183.3
-18.6	-189.3
-19.4	-193.8
-20.1	-200.3
-20.8	-206.6
-21.7	-213.1
-22.6	-219.1
-23	-212.8
-22.6	-206.6
-22.5	-199.3
-22.1	-192.6
-21.9	-185.8
-21.6	-178.8
-21.4	-172.3
-21.1	-165.8
-20.7	-159.1
-20.5	-152.3
-20.1	-145.8
-19.8	-139.1
-19.4	-132.6
-19	-125.8
-18.6	-119.3
-18.3	-112.8
-17.9	-106.8
-17.5	-100.1
-17.1	-93.68
-16.6	-87.53
-16.3	-81.23
-15.9	-75.03
-15.4	-68.95
-14.9	-62.58
-14.9	-62.58
-13.7	-46.8
-13.1	-40.73
-12.6	-34.25
-11.9	-27.98
-11.3	-21.83
-10.6	-15.73
-9.82	-9.152
-9.02	-3.08
-8.16	2.793
-7.28	8.715
-6.35	14.52
-5.37	20.52
-4.37	26.55
-3.37	32.75
-2.27	38.95
-1.61	43.4
-0.541	49.67
0.552	55.67
1.58	61.6
2.67	67.72
3.61	73.85
4.59	79.92
5.51	86.12
6.4	92.35
7.22	98.2
8.01	104.4
8.84	110.7
9.65	116.7
10.4	123.2
11.2	129.2
12	135.4
12.8	141.7
13.5	148.2
13.5	148.2
15.3	163.2
16	169.4
16.6	175.4
17.3	181.7
18	187.7
18.5	193.7
19.2	199.9
19.9	206.2
20.5	212.9
21.3	219.2
22	225.2
22.7	230.9
23	223.7
22.6	214.9
22.3	206.2
22	197.7
21.6	190.2
21.4	181.9
21	173.9
20.6	166.4
20.3	158.7
20	151.9
19.6	145.4
19.3	138.7
18.9	132.2
18.6	125.7
18.2	119.2
17.8	112.9
17.4	106.2
17	99.52
16.6	92.9
16.1	86.5
15.7	80.35
15.7	80.35
14	57.95
13.5	51.8
12.9	45.32
12.4	39.27
11.9	33.32
11.3	27.42
10.6	21.42
9.9	15.52
9.11	9.598
8.38	4.011
7.46	-1.314
6.46	-7.142
5.44	-13.23
4.34	-19.63
3.33	-25.5
2.37	-31.15
1.51	-36.93
0.516	-42.7
-0.419	-48.48
-1.47	-54.33
-2.42	-60.13
-3.39	-65.85
-4.2	-72
-4.97	-77.98
-5.83	-83.98
-6.51	-90.25
-7.38	-96.53
-8.1	-102.6
-8.94	-109.1
-9.76	-115.6
-10.6	-121.8
-11.4	-128.1
-12.1	-134.6
-12.1	-134.6
-13.9	-148.6
-14.6	-155.1
-15.4	-161.6
-16.2	-168.1
-16.9	-174.3
-17.7	-180.6
-18.4	-186.8
-19.2	-193.1
-20	-199.1
-20.6	-205.3
-21.4	-211.3
-22.1	-217.8
-23.1	-224.1
-23.3	-217.6
-23.3	-207.3
-23.2	-199.1
-23	-190.1
-22.5	-181.6
-22.2	-174.3
-21.9	-166.6
-21.5	-159.3
-21.2	-153.1
-20.8	-146.3
-20.5	-139.8
-20.1	-133.3
-19.8	-126.8
-19.4	-119.8
-18.9	-113.3
-18.5	-106.8
-18.2	-101.3
-17.8	-94.83
-17.4	-88.75
-17	-82.48
-17	-82.48
-8.66	-1.802
-8.19	4.348
-7.26	10.4
-6.32	16.05
-5.26	21.87
-4.28	27.95
-3.19	33.92
-2.15	39.92
-0.92	46.2
-0.153	49.42
-0.145	48.85
-0.153	47.37
-0.134	46.92
1.13	58.7
3.27	70.57
5.24	82.65
6.99	94.87
8.7	107.2
10.3	119.4
11.9	131.7
13.3	143.9
14.8	156.4
16.3	168.7
17.5	180.7
18.8	192.7
20.1	204.7
21.5	216.9
22.7	228.9
24.3	240.2
26.4	246.2
28.5	252.2
30.5	256.2
32.5	258.7
32.5	258.7
34.5	262.4
36.7	265.9
38.8	268.7
41	271.7
43.1	274.2
45.2	276.2
46.7	267.2
46.7	263.4
46.7	261.2
46.8	260.2
46.4	248.4
46	236.2
45.4	223.7
44.9	211.2
44.3	199.2
43.7	186.9
43	174.7
42.3	162.4
41.5	150.2
40.8	137.9
40	125.7
39.2	113.2
38.3	100.4
37.4	87.62
36.4	75.47
35.4	63.15
34.3	51.12
33.2	39.37
32	27.75
30.7	16.25
29.1	4.973
27.3	-6.33
25.2	-14.28
25.2	-14.28
22.4	-24.88
20.3	-33.35
18.1	-41.78
15.9	-50.08
15	-53.53
12.8	-61.73
10.9	-70.13
8.64	-80.18
6.49	-89.9
4.34	-99.83
2.23	-109.6
0.135	-117.8
-1.99	-127.3
-4.41	-135.8
-6.88	-147.6
-9.02	-156.6
-11.3	-165.3
-13.6	-175.3
-15.9	-183.8
-18.1	-191.3
-20.1	-196.3
-22.7	-202.1
-25	-207.8
-27.1	-212.8
-29.2	-218.1
-30.9	-221.8
-32.7	-223.3
-36	-235.1
-36.8	-229.1
-38.7	-243.8
-40.7	-247.1
-42.8	-249.6
-45.2	-251.3
-45.2	-251.3
-47.4	-250.1
-47.3	-246.6
-47.4	-235.3
-47.2	-222.3
-46.4	-203.3
-45.5	-184.1
-44.4	-167.1
-43.4	-151.3
-42.3	-136.1
-41.2	-122.1
-40.2	-108.6
-39	-95.08
-38	-82.53
-36.7	-69.3
-35.5	-56.5
-34	-43.73
-32.3	-31.28
-30.5	-18.8
-28.5	-6.652
-26.3	3.171
-24.1	9.731
-21.9	14.9
-19.6	20.1
-17.5	26.02
-15.3	31.95
-12.9	38.9
-10.6	45.9
-8.4	53.2
-6.21	60.22
-3.97	67.57
-1.84	75.25
0.3	82.92
2.38	90.42
2.38	90.42
7.78	111.2
9.87	119.4
12	127.9
14.2	136.4
16.3	144.9
18.6	153.4
20.9	161.9
23.1	170.4
25.4	178.4
27.6	186.2
29.9	193.9
32.2	201.7
34.3	207.7
36.3	213.9
38.5	220.2
40.7	226.4
42.8	232.2
45.1	237.2
45	225.2
44.3	212.2
43.7	199.4
43.1	186.4
42.3	173.9
41.5	161.2
40.8	148.4
40	136.2
39.2	123.7
38.3	111.2
37.2	98.67
36.2	86.72
35.1	74.37
34	62.3
32.8	50
32.8	50
30.1	28.85
28.4	16.92
26.3	6.598
24	-0.3595
21.8	-4.757
19.6	-9.192
17.4	-14.23
15.3	-19.9
13.1	-26.33
11.1	-32.7
9.01	-39.88
6.92	-47.23
4.85	-54.6
2.79	-62.4
0.7	-71.9
-1.38	-81.63
-3.48	-92
-5.72	-102.3
-7.76	-111.6
-9.92	-121.1
-12.2	-130.3
-14.4	-139.6
-16.7	-148.3
-18.9	-157.1
-21	-164.8
-23.3	-172.3
-25.5	-180.1
-27.6	-187.1
-29.9	-194.3
-32.1	-201.3
-34	-208.3
-36.3	-214.8
-38.5	-220.3
-38.5	-220.3
-42	-229.3
-44.3	-235.6
-45.5	-222.8
-45.2	-208.3
-45.4	-194.8
-43.8	-168.6
-42.9	-155.8
-42	-143.6
-41.1	-130.8
-40.1	-118.1
-39	-105.6
-38	-92.83
-36.8	-80.45
-35.8	-68.55
-34.3	-55.85
-33	-43.58
-31.3	-30.95
-29.4	-18.65
-27.1	-7.377
-25	0.8205
-22.9	5.63
-20.6	9.278
-18.4	12.85
-16.1	17.47
-13.9	22.42
-11.6	28.25
-9.36	34.27
-7.17	41.17
-5.07	48.05
-2.92	54.75
-0.79	61.62
1.26	69
3.36	76.82
3.36	76.82
6.97	90.82
9.25	100
11.4	108.9
13.5	118.2
15.7	127.2
17.8	135.9
20	145.2
22.2	153.9
24.5	162.2
26.7	170.7
28.8	178.4
30.8	185.2
33	192.4
35.3	199.4
37.3	205.7
39.3	211.2
41.5	216.2
43.6	220.9
46	225.7
48.2	229.2
48.7	215.9
48	202.2
47.3	188.9
46.6	176.2
45.8	163.2
45	150.9
44	138.2
43.2	124.9
42.2	112.4
41.2	99.67
40.1	86.7
39	74.6
37.6	62
37.6	62
34.2	33.72
32.3	21.55
30.1	11.35
27.9	3.693
25.6	-0.912
23.4	-4.51
21.2	-8.012
18.9	-12.05
16.7	-16.53
14.5	-21.6
12.4	-27.03
10.3	-32.93
8.21	-39.25
6.04	-46.05
3.86	-53.1
1.72	-60.3
-0.345	-68.53
-2.44	-77.83
-4.63	-87.55
-6.78	-97.25
-9.05	-107.8
-11.3	-117.6
-13.5	-127.3
-15.8	-136.6
-18	-145.3
-20.3	-154.3
-22.5	-162.6
-24.8	-170.3
-27.1	-178.3
-30.5	-184.6
-32.7	-191.6
-34.8	-197.8
-37	-204.1
-37	-204.1
-40.3	-212.8
-42.4	-217.1
-44.9	-222.1
-46.8	-209.1
-46.2	-195.8
-45.5	-182.8
-44.8	-170.3
-43.8	-157.6
-42.9	-144.6
-42.2	-132.1
-41	-119.3
-39.9	-106.6
-38.8	-94.08
-37.6	-81.63
-36.3	-69.03
-35	-56.58
-33.5	-44.38
-31.9	-31.75
-29.8	-19.5
-27.6	-8.952
-25.4	-0.997
-23.3	3.306
-21	6.561
-18.9	9.633
-16.6	12.7
-14.4	16.35
-12.3	20.2
-10.1	24.5
-7.92	29.77
-5.79	34.92
-3.69	40.65
-1.63	46.47
0.425	52.4
0.425	52.4
3.11	60.32
5.18	66.7
7.25	73.75
9.32	80.87
11.4	88.42
13.5	96.52
15.6	104.7
17.6	113.2
19.8	121.7
21.9	130.2
24.1	138.7
26.2	146.7
26.2	133.7
25.4	120.7
24.5	107.9
23.6	95.17
22.6	82.62
21.5	70.45
20.3	58.2
18.9	45.97
17.2	33.6
15.2	21.57
13.1	12.5
10.9	6.523
8.86	3.013
6.74	0.263
4.58	-2.347
2.49	-5.112
0.42	-8.309
-1.7	-12.2
-3.81	-17.2
-5.94	-23.43
-8.07	-30.8
-8.07	-30.8
-10.8	-41.03
-12.9	-48.98
-12.9	-36.43
-11.7	-24.33
-9.95	-12.63
-7.74	-5.702
-5.57	-1.982
-3.44	0.6105
-1.37	2.935
0.735	5.795
2.77	9.178
4.86	13.72
5.47	14
7.66	22.4
9.81	30.95
12	42
14.2	54.12
16.4	66.35
18.3	78.75
20	90.95
21.8	103.5
23.4	115.9
25.2	128.9
26.9	141.4
29.1	153.4
31.2	161.7
33.5	169.4
35.7	176.7
37.8	183.2
40	188.7
42.3	194.4
44.4	199.2
46.5	203.2
46.5	203.2
52.3	211.2
54.7	213.7
57	215.7
59.3	216.9
61.5	217.2
64	216.9
66.3	215.2
68.5	214.4
69.2	208.7
69.2	196.7
68.8	183.9
67.9	171.2
67.2	158.4
66.3	145.4
65.6	133.4
64.7	120.9
63.7	108.4
62.5	96.17
61.5	84.17
60.2	72.07
58.8	59.87
57.2	47.6
55.5	35.1
53.2	23.5
50.9	14.67
48.7	8.723
46.5	4.241
44.3	1.163
42.2	-1.297
40	-3.262
38	-5.402
35.8	-7.595
33.7	-10.05
33.7	-10.05
28.1	-17.5
25.9	-21
23.6	-24.78
21.4	-28.85
19.3	-32.35
17.1	-37.05
14.9	-41.63
12.8	-46.4
10.9	-50.53
8.77	-55.5
6.61	-60.7
4.51	-66.08
2.33	-72.45
0.15	-78.93
-1.91	-84.95
-4.03	-91.83
-6.24	-98.8
-8.53	-105.8
-10.8	-112.1
-13.2	-118.3
-15.4	-123.1
-17.6	-128.3
-19.9	-133.3
-22.1	-138.6
-24.3	-143.6
-26.5	-148.1
-28.8	-152.1
-30.9	-155.1
-33.2	-158.6
-35.3	-162.6
-37.5	-165.3
-39.7	-167.8
-42.1	-170.3
-42.1	-170.3
-47.7	-173.8
-50.2	-173.6
-52.5	-175.1
-53.4	-167.6
-53.3	-163.1
-53.6	-149.6
-52.7	-131.6
-51.7	-117.3
-50.8	-103.6
-49.5	-90.08
-48.3	-77.35
-46.8	-65.05
-45.2	-52.05
-43.4	-39.8
-41.3	-27.28
-39.1	-17.03
-37	-9.652
-34.9	-4.885
-32.7	-1.057
-30.5	1.355
-28.4	3.386
-26.1	5.138
-23.8	6.815
-21.5	8.468
-19.4	10.07
-17.2	11.92
-14.9	13.87
-12.7	16.05
-10.4	18.4
-8.2	20.72
-5.97	23.25
-3.71	25.82
-1.6	28.6
-1.6	28.6
3.94	36.47
6.09	39.45
8.26	42.52
10.4	45.6
12.7	48.92
14.8	52.6
17	55.92
19.1	59.35
21.3	62.65
23.5	66.65
25.8	71.05
28	75.12
30.3	79.67
32.5	84.07
34.5	88.32
36.7	92.52
38.7	96.65
40.8	100.4
43.1	104.4
45.3	108.4
47.5	112.2
49.5	115.7
51.7	119.7
54	122.9
56.2	125.7
58.3	126.9
60.5	129.4
62.7	131.7
63.3	118.7
62.2	103.2
60.8	86.32
58.6	64.65
56.5	47.32
56.5	47.32
45.2	11.65
42.5	8.723
40	6.045
37.5	3.793
35.1	2.001
32.7	0.4555
30.1	-1.152
27.8	-2.502
25.4	-4.117
22.9	-5.87
20.4	-7.662
17.8	-9.547
15.2	-11.68
12.7	-13.9
10.3	-16.28
7.69	-19
5.17	-21.7
2.68	-24.73
0.27	-27.95
-2.16	-31.5
-4.63	-35.38
-7.03	-39.23
-9.43	-43.5
-11.9	-47.7
-14.3	-51.83
-16.8	-56.73
-19.4	-60.75
-21.8	-64.88
-24.4	-68.23
-26.9	-71.9
-29.5	-76.23
-31.9	-80.55
-34.3	-85.9
31.7	41.45
34.1	52.25
36.5	55.22
39	58.45
41.5	61.6
44	64.45
46.5	67.05
49	70.1
51.5	73.27
54.2	76.7
56.6	80.35
59.2	82.72
61.5	85.45
60	63.2
57.8	46.52
55.3	34.77
52.9	27.5
50.3	22.65
47.8	18.8
45.3	15.32
42.7	12.42
40.3	9.773
37.8	7.78
35.3	5.978
32.8	4.278
30.6	3.076
28.4	1.691
26	0.393
23.8	-0.882
21.5	-2.105
19.3	-3.327
19.3	-3.327
14.1	-6.612
11.9	-8.094
9.73	-9.642
7.59	-11.28
5.43	-12.98
3.24	-15.05
1.13	-16.98
-0.99	-19
-3.36	-21.58
-5.86	-24.58
-8.27	-27.58
-10.7	-30.7
-13.2	-33.93
-15.6	-36.5
-18.2	-38.95
-20.6	-41.53
-23.3	-44.9
-25.9	-47
-28.5	-49.58
-31.2	-53.08
-33.7	-57
-36.2	-60.53
-38.7	-64.48
-41.1	-67.7
-43.8	-70.93
-46.3	-75.08
-48.9	-78.48
-51.3	-82.48
-50.3	-59.55
-48.1	-43.08
-48.1	-43.08
-37.3	-12.8
-34.7	-9.377
-32.1	-6.452
-29.5	-4.12
-26.9	-2.25
-24.3	-0.737
-21.5	0.5405
-19	1.85
-16.5	3.118
-13.9	4.34
-11.4	5.603
-8.89	6.9
-6.43	8.151
-3.95	9.656
-1.4	10.9
1.06	12.45
3.52	13.95
6	15.62
8.56	17.3
11.1	19.2
13.6	20.95
16.2	22.75
18.7	24.57
21.2	26.57
23.7	28.5
26.2	30.82
28.6	32.95
31.1	35.3
33.5	37.75
36	40.25
36	40.25
36.3	24
33.8	20.25
31.3	16.97
29	14.17
26.4	11.87
24	9.348
21.5	7.508
19	5.871
16.4	4.453
13.9	3.013
11.4	1.783
8.89	0.628
6.34	-0.622
3.82	-1.937
1.36	-3.437
-1.11	-4.935
-3.63	-6.672
-6.06	-8.564
-8.56	-10.41
-11.1	-12.73
-13.6	-14.63
-16.1	-17.55
-18.6	-19.6
-21.3	-21.98
-23.7	-24.95
-26.4	-27.55
-29	-30.85
-31.5	-34.05
-30	-22.18
-27.4	-16.68
-27.4	-16.68
-16.3	-4.577
-13.6	-2.642
-11.2	-1.187
-8.69	0.1255
-6.28	1.47
-3.84	2.618
-2.81	2.806
-0.57	3.911
2.57	5.778
5.05	7.286
7.61	8.91
10.2	10.53
12.8	12.37
15.3	14.4
17.8	16.42
20.3	18.57
22.8	20.82
25.3	23.12
27.8	25.52
30.3	28.15
32.7	30.77
35.2	33.8
37.6	36.92
40.1	40.22
42.6	43.45
45	46.6
47.7	49.3
50.3	50.95
52.8	53.1
55.5	55
55.5	55
66.2	62.52
68.7	63.92
71.2	65.22
73.7	66.5
76.3	67.75
78.7	69.17
81.4	69.07
83.9	69.55
84	64.9
82.9	51.15
80.3	39.05
77.9	32
75.3	27.3
72.8	23.15
70.3	19.55
67.8	16.55
65.4	14.02
62.9	11.47
60.5	9.248
58	7.163
55.5	5.411
53	3.913
50.3	2.591
47.8	1.278
45.3	0.1405
42.7	-0.942
40.2	-2.29
37.7	-3.58
35.2	-4.772
32.8	-5.89
32.8	-5.89
19	-13.73
16.3	-15.43
13.8	-16.75
11.3	-18.68
8.77	-20.45
6.34	-22.15
3.71	-23.3
1.28	-24.8
-1.14	-26.2
-3.64	-25.65
-6.11	-26.73
-8.51	-28.23
-11	-29.9
-13.5	-31.45
-15.9	-33.1
-18.5	-35.28
-21	-37.18
-23.6	-38.63
-26.2	-40.53
-28.9	-41.15
-31.5	-43.28
-34	-44.75
-36.5	-46.28
-39	-48.13
-41.5	-49.08
-44	-50.58
-46.7	-52.4
-49.2	-54.13
-51.7	-56.18
-54.3	-57.43
-54.3	-57.43
-58.3	-55.75
-58.4	-54.73
-57.5	-42.25
-55.4	-33.43
-53.1	-28.25
-50.8	-23.98
-48.5	-19.93
-45.7	-16.1
-43	-13.03
-40.5	-10.33
-38	-8.047
-35.4	-6.387
-32.8	-4.595
-30.2	-2.875
-27.7	-1.407
-25.1	-0.277
-22.4	0.818
-19.9	1.86
-17.3	3.113
-14.7	3.963
-12.3	5.198
-9.77	6.255
-7.32	7.221
-4.86	8.423
-2.51	9.745
0.15	10.7
2.63	12.05
5.07	13.17
7.57	14.6
10.1	15.65
10.1	15.65
21	21.1
23.6	22.15
26.1	22.97
28.5	24.62
31	25.67
33.5	26.75
36	27.95
38.4	29.17
41	30.42
43.5	31.67
46	32.72
48.6	34.02
51.1	35.1
53.7	36.45
56.3	37.42
58.7	38.67
61.3	39.67
63.7	40.75
66.1	42.12
68.5	43.2
70.9	44.22
73.6	45.52
75.9	46.85
78.6	47.85
81.3	48.82
83.7	49.75
81.4	37.67
78.8	32.2
76.2	28.32
73.7	24.85
73.7	24.85
60.1	10.9
57.5	9.108
55	7.388
52.4	5.788
49.9	4.496
47.3	3.341
44.8	2.216
42.2	0.9905
39.7	-0.1295
37.2	-1.015
34.7	-2.322
32.3	-3.267
29.8	-4.517
27.4	-5.644
24.9	-6.58
22.4	-7.794
19.8	-8.937
17.3	-10.08
14.8	-11.28
12.2	-12.5
9.72	-13.65
7.21	-14.6
4.67	-15.88
2.15	-17.13
-0.245	-18.35
-2.71	-19.5
-5.2	-20.53
-7.64	-22.1
-10.1	-23.33
-12.6	-24.73
-12.6	-24.73
-23.8	-30.28
-26.5	-31.55
-29.1	-32.93
-31.7	-34.55
-34.1	-35.9
-36.7	-37.2
-39.2	-38.05
-41.8	-39.65
-44.5	-40.15
-46.9	-41.75
-49.5	-43.1
-51.9	-45.03
-54.8	-45.43
-57.3	-46.53
-58.9	-42.73
-53.4	-27.2
-50.7	-22.88
-48.3	-19.13
-45.6	-16.08
-43	-13.65
-40.5	-11.23
-37.8	-8.835
-35.4	-6.942
-32.8	-5.189
-30.2	-3.629
-27.6	-2.205
-24.9	-1.172
-22.4	-0.107
-19.8	0.9705
-17.1	2.033
-17.1	2.033
-6.3	6.443
-3.79	7.55
-1.34	8.705
1.17	10.02
3.67	10.85
6.18	12.3
8.6	13.42
11.3	14.6
13.8	15.6
16.4	16.9
18.9	17.9
21.4	19.45
23.8	20.3
26.4	21.52
28.8	22.32
31.4	23.45
33.8	24.65
36.3	25.85
38.7	26.92
41.2	27.72
43.8	28.97
46.3	29.7
48.8	30.97
51.5	31.97
54	32.72
56.6	33.97
59	34.82
61.5	35.9
64	37.15
66.6	38.3
66.6	38.3
77.5	42.47
80.3	43.45
82.8	44.12
80.1	33.5
74.4	25.17
71.9	22.3
69.3	19.65
67	17.47
64.4	15
62	12.97
59.6	10.77
57	9.123
54.5	7.65
52	6.183
49.3	5.083
46.8	3.905
44.2	2.718
41.7	1.693
39.3	0.763
36.8	-0.2845
34.3	-1.26
31.9	-2.277
29.4	-3.305
26.9	-4.465
24.5	-5.59
21.9	-6.782
19.4	-7.885
16.9	-9.037
14.4	-10.12
11.8	-11.55
11.8	-11.55
0.96	-16.13
-1.58	-17.15
-4.03	-18
-6.49	-19.1
-8.94	-20.28
-11.5	-21.18
-14	-22.5
-16.5	-23.68
-19	-24.63
-21.8	-25.78
-24.2	-26.8
-26.9	-28.03
-29.4	-29.08
-32	-30.23
-34.5	-32
-37	-33
-39.5	-33.65
-42.2	-35.2
-44.8	-36.23
-47.3	-37.13
-50	-38.25
-52.5	-39.53
-55.1	-40.53
-52.5	-29.83
-49.8	-25.28
-47.4	-21.78
-44.7	-18.45
-42.2	-16
-39.5	-13.5
-37	-11.3
-37	-11.3
-25.8	-3.512
-23	-2.075
-20.5	-1.007
-17.8	0.098
-15.3	1.223
-12.8	2.226
-7.37	4.233
-4.74	5.468
-2.25	6.353
0.15	7.578
2.63	8.653
5.13	9.728
10.8	12.42
13.4	13.35
15.9	14.5
18.5	15.52
21	16.67
23.4	17.6
26	18.87
28.4	19.95
31	20.95
33.4	22.42
35.8	22.95
38.3	24.1
40.8	24.82
43.3	26.05
45.9	27.2
48.4	28.25
51	28.97
53.6	29.97
53.6	29.97
64.3	34.17
66.8	35.05
64.4	27.97
62	25.07
59.5	22.12
57	19.42
54.5	17.17
52	15.22
49.4	12.77
46.9	11.15
44.3	9.223
41.8	7.811
39.3	6.501
36.8	5.215
34.3	3.911
31.9	2.695
29.4	1.768
27	0.738
24.5	-0.357
22	-1.227
19.5	-2.407
16.9	-3.687
14.4	-4.707
11.9	-5.945
9.37	-7.117
6.85	-8.422
4.28	-9.719
1.75	-11.03
-0.675	-11.95
-3.14	-13.28
-3.14	-13.28
-13.8	-18.88
-16.4	-20.18
-19	-21.65
-21.5	-22.88
-24.1	-24.28
-26.8	-25.28
-29.5	-26.55
-32	-28.1
-34.5	-29.5
-37	-30.48
-39.4	-31.38
-37.2	-24.03
-34.7	-20.15
-29	-14.18
-26.3	-11.75
-23.6	-9.877
-21.1	-7.919
-18.4	-6.002
-12.7	-2.534
-7.21	-0.0695
19.5	-2.407
16.9	-3.687
14.4	-4.707
11.9	-5.945
9.37	-7.117
6.85	-8.422
4.28	-9.719
1.75	-11.03
-0.675	-11.95
-3.14	-13.28
