"Saatcioglu, 1999, Specimen RC-2"	
3661	
-0.28	8.3351
0.11	12.8077
0.49	14.1786
0.92	15.5276
1.41	18.5963
1.77	19.894
2.22	21.8363
2.96	25.565
3.59	28.1461
3.77	28.555
3.92	28.6891
4.06	29.0215
4.21	29.2456
4.25	29.602
4.58	31.305
4.7	31.8042
5.09	33.4168
5.14	33.0848
5.14	25.6048
5.09	25.2568
4.73	20.169
4.16	15.2176
3.39	11.614
2.3	7.1991
1.08	1.2533
-0.66	-6.4059
-1.13	-7.9613
-1.21	-8.3142
-1.45	-8.5227
-1.5	-10.5307
-2.13	-11.0118
-2.4	-13.5751
-2.95	-14.6634
-3.09	-14.8859
-3.54	-16.9281
-3.97	-18.0271
-4.21	-19.6156
-4.26	-19.4836
-4.49	-14.4905
-4.23	-9.4188
-4	-7.1119
-3.85	-6.1878
-3.71	-5.0254
-2.64	1.2063
-1.76	6.3476
-1.06	10.3499
-0.64	12.3473
-0.47	12.5146
0.34	16.2546
0.8	18.3984
1.3	20.8886
2.13	24.3318
2.84	27.0957
3.35	28.3576
3.58	28.8745
3.63	29.0825
3.94	29.5123
3.92	29.8191
3.92	29.8891
3.92	29.7191
4.08	26.4347
4.27	25.6452
4.25	23.912
3.63	16.0325
3.49	15.2101
3.13	13.5023
2.22	8.8063
1.46	3.9343
1.13	3.2913
0.1	-2.074
0.08	-2.4972
-0.87	-6.6796
-1.3	-8.0186
-1.35	-8.3066
-1.37	-8.4399
-1.57	-9.1319
-2	-11.161
-2.64	-13.7437
-2.87	-13.1306
-2.93	-13.0002
-3.06	-12.8211
-3	-12.7714
-3.06	-12.5111
-3.09	-12.5759
-3.09	-12.4059
-3.08	-9.9943
-3.01	-7.713
-2.9	-6.2054
-2.88	-5.8322
-2.75	-4.0513
-2.19	2.0386
-2.06	2.9894
-1.47	6.3241
-1.32	7.3782
-0.63	10.4189
-0.54	9.3333
-0.56	9.4301
-0.56	9.5701
-0.51	9.3682
-0.54	9.4633
-0.52	9.3666
-0.51	9.4682
-0.52	9.2666
-0.49	9.3414
-0.52	9.4366
-0.47	9.3046
-0.45	9.5178
-0.45	9.6578
-0.45	9.4078
-0.47	9.5146
-0.42	9.2126
-0.47	9.3746
-0.44	9.5894
-0.45	9.2378
-0.45	9.3778
-0.45	9.5878
-0.45	9.6878
-0.42	9.2826
-0.42	9.5526
-0.44	9.6594
-0.42	9.6226
-0.42	9.1726
-0.42	9.3526
-0.42	9.5226
-0.42	9.2826
-0.44	9.4094
-0.44	9.5194
-0.47	9.1646
-0.39	9.3574
-0.42	9.4826
-0.39	9.7674
-0.4	9.1758
-0.4	9.3558
-0.39	9.6274
-0.4	9.1058
-0.4	9.3558
-0.42	9.4526
-0.4	9.6658
-0.44	9.0994
-0.4	9.4158
-0.44	9.0994
-0.4	9.2458
-0.39	9.5574
-0.33	9.677
-0.42	9.1026
-0.4	9.5958
-0.35	8.9138
-0.42	9.2426
-0.42	9.4826
-0.37	9.6006
-0.37	8.9106
-0.39	9.0474
-0.42	9.3126
-0.35	9.4938
-0.2	12.0379
0.34	14.1246
0.7	16.1123
0.99	18.0189
1.2	19.0126
1.39	19.4931
1.65	20.6048
1.85	22.9469
2.11	23.7386
2.6	25.3372
2.85	25.8574
3.03	27.9862
3.35	28.4576
3.54	28.5881
3.58	28.7345
3.63	28.6025
3.77	28.865
3.82	29.113
3.82	29.293
3.84	29.7762
3.9	30.5759
4.13	30.7128
4.25	32.042
4.78	33.8171
5.39	35.265
5.51	35.4842
5.71	36.0063
5.97	36.598
6.11	37.0305
6.26	37.8546
6.87	39.1124
6.99	39.3117
7.18	40.0622
7.76	41.2953
8.09	42.0982
8.52	43.2072
8.78	43.5189
8.97	44.2094
9.49	45.1829
9.83	45.1074
9.92	45.6019
10.05	45.3427
10.07	45.0759
10.09	44.9091
10.11	44.8023
10.12	44.6039
10.11	39.8123
9.99	37.5831
9.97	37.3699
9.93	36.9535
9.76	33.7262
9.66	32.1201
9.37	31.1436
9.35	31.0004
9.31	30.894
9.07	28.8955
8.68	27.0729
8.45	26.486
8.25	26.2139
8.19	26.1343
8.13	25.9546
8	23.8938
7.2	21.7354
6.61	19.4707
6.14	17.8053
5.73	16.0195
5.68	15.1215
4.83	12.3251
4.27	9.4452
3.84	8.6862
3.35	6.0976
2.53	3.246
1.93	0.1797
1.22	-2.6242
0.69	-4.3193
0.32	-4.8286
-0.2	-7.1821
-0.73	-8.4471
-0.82	-9.3516
-1.01	-10.5621
-1.32	-11.5018
-1.71	-12.4244
-1.94	-12.7713
-1.9	-13.7349
-2.18	-14.0498
-2.42	-14.4683
-2.5	-15.4512
-2.68	-15.9901
-2.8	-16.2593
-3.02	-16.4946
-2.97	-16.8666
-3.07	-17.0227
-3.33	-17.3344
-3.26	-17.4331
-3.44	-18.502
-3.8	-19.0698
-3.78	-19.3066
-4.14	-20.9144
-4.55	-22.1802
-4.61	-22.2598
-5.11	-24.17
-5.33	-24.6553
-5.81	-25.8824
-6.24	-27.0414
-6.41	-27.4486
-6.62	-27.8923
-6.85	-28.6492
-7.17	-29.0106
-7.43	-29.7423
-7.62	-30.9828
-7.88	-30.8145
-8.07	-31.125
-8.4	-31.798
-8.4	-31.898
-8.6	-33.4101
-9.08	-34.3871
-9.67	-34.6217
-9.72	-34.5598
-9.81	-34.7442
-9.96	-35.0083
-10.05	-34.6427
-10.1	-34.3407
-10.14	-34.3172
-9.84	-30.479
-9.93	-26.8035
-9.65	-26.1385
-9.69	-25.765
-9.76	-25.6062
-9.71	-25.4982
-9.36	-21.992
-8.86	-20.0518
-8.81	-19.1137
-8.14	-15.7662
-8	-15.0238
-7.64	-14.826
-7.66	-14.5192
-7.6	-14.6496
-7.21	-12.967
-7.24	-11.8718
-6.81	-10.1128
-6.35	-8.799
-6.17	-8.2801
-6.02	-6.436
-5.62	-5.2319
-4.43	-0.0509
-3.73	4.5114
-3.24	6.1101
-1.85	10.9131
-0.9	15.2656
-0.59	16.3153
0.41	18.6158
0.77	20.9836
1.82	23.4921
2.75	26.0813
2.91	27.627
3.51	28.3133
3.61	28.4593
3.73	28.7886
3.78	29.0066
3.78	29.2866
3.9	29.6859
4.06	30.1915
4.52	31.6453
4.63	32.003
4.9	32.2863
5.06	34.072
5.9	35.3068
5.97	35.978
6.25	36.363
6.75	38.1332
7.38	40.0643
7.64	40.376
8.14	40.9062
8.33	41.6967
8.66	42.9897
9.3	44.3324
9.66	44.9401
10.02	45.9279
10.57	46.1162
10.57	45.9762
10.61	44.8826
10.54	41.7013
10.55	40.9429
10.33	34.8776
10.04	32.0411
9.47	29.1297
8.83	27.547
8.81	27.7837
8.57	27.1952
8.54	26.7704
8.52	26.2572
8.45	26.006
8.33	25.0867
7.14	21.5158
6.61	18.4007
5.7	15.5347
4.75	11.2423
3.73	7.7086
3.63	7.4525
2.49	3.3396
2.37	2.7003
1.58	0.3636
0.96	-3.2159
0.15	-5.3259
-0.04	-6.3064
-0.76	-7.692
-1.04	-7.9769
-1.01	-8.5621
-1.45	-9.4527
-1.52	-9.6039
-1.71	-10.9144
-2.09	-11.4854
-2.19	-11.8114
-2.23	-12.8179
-2.42	-13.6783
-2.71	-14.4449
-2.87	-14.8206
-3.07	-15.6127
-3.35	-17.1676
-3.9	-18.4959
-4.3	-19.08
-4.28	-19.3468
-4.8	-21.1903
-5.38	-22.6633
-5.47	-23.4378
-5.95	-23.9648
-6.12	-24.3021
-6.36	-25.7106
-6.6	-26.6091
-7.1	-27.3894
-7.52	-29.1767
-7.95	-30.2057
-8.16	-30.5494
-8.36	-31.4415
-8.77	-32.0273
-9.08	-33.2871
-9.48	-33.3513
-9.53	-33.5993
-9.79	-34.261
-9.93	-34.4235
-10.07	-34.1359
-10.05	-33.9527
-10.08	-33.8275
-9.91	-28.1103
-9.69	-26.805
-9.53	-24.3593
-9.58	-23.6173
-9.21	-21.7279
-9.02	-21.4874
-8.83	-19.327
-8.19	-17.6343
-7.93	-15.0125
-7.28	-13.0082
-6.71	-10.8868
-6.54	-8.9995
-5.95	-8.1848
-6.04	-7.8493
-5.79	-6.4291
-5.67	-5.7899
-4.97	-1.6476
-3.85	2.5922
-2.26	8.9473
-1.49	12.1009
-0.47	15.4046
-0.16	17.4843
0.53	18.3551
0.92	20.9376
1.75	21.7208
2.23	24.7579
3.2	27.5335
3.73	28.8286
4.01	29.1135
4.08	29.2247
4.18	29.3508
4.25	29.562
4.27	29.7752
4.3	30.12
4.59	30.8266
4.65	30.9362
4.71	31.3258
4.83	31.7251
5.23	33.9993
5.73	34.9695
6.37	36.1122
6.54	36.8195
7.44	38.7239
7.92	40.7009
8.42	41.4712
8.76	42.4157
9.02	42.5574
9.35	44.1004
9.87	45.0438
10.3	45.3128
10.36	45.6725
10.36	45.2925
10.4	45.1589
10.43	45.0637
10.45	44.9269
10.23	36.9016
10.26	35.2164
9.85	32.3906
9.47	29.9197
8.73	27.2209
8.44	26.6844
8.33	26.4267
8.38	26.0947
8.21	25.9975
8.21	25.7875
8.04	24.5602
6.92	20.6205
6.59	18.4975
5.9	16.8068
5.4	14.4166
4.34	9.7365
3.49	7.9101
3.47	7.8068
2.56	3.9708
2.25	1.7811
1.15	-1.0155
1.03	-2.4747
-0.26	-6.3417
-0.51	-7.8218
-1.04	-8.8369
-1.23	-9.1074
-1.68	-10.2496
-1.99	-11.8893
-2.07	-12.0722
-2.5	-13.5212
-2.99	-15.2498
-3.09	-15.9959
-3.68	-17.6405
-3.99	-18.7503
-4.42	-20.1693
-5.04	-21.1988
-5.33	-22.8653
-5.59	-23.487
-5.92	-24.34
-6.07	-25.0841
-6.48	-25.5599
-6.54	-26.2595
-6.59	-26.4375
-6.91	-27.2889
-7.24	-27.8918
-7.4	-28.8475
-7.98	-30.5906
-8.71	-31.9877
-8.98	-32.581
-9.26	-33.076
-9.36	-33.712
-9.58	-33.8773
-9.83	-34.4674
-9.98	-34.8715
-10.19	-34.9452
-10.2	-34.5668
-10.2	-34.3968
-10.27	-34.368
-10.26	-34.2664
-9.93	-26.7735
-9.93	-26.4235
-9.95	-26.5667
-9.67	-23.5217
-9.65	-22.8985
-9.03	-19.599
-8.59	-17.3584
-8.21	-16.8475
-8	-15.3338
-7.66	-12.8292
-6.93	-11.3721
-6.83	-10.876
-6.67	-9.4304
-6.35	-8.379
-6.17	-8.1501
-6.12	-7.6221
-5.95	-6.6348
-5.79	-6.2991
-5.59	-5.677
-5.57	-5.3638
-5.04	-1.7988
-4.26	1.2164
-4.07	1.7669
-3.54	3.8519
-3.19	5.7681
-2.78	8.0039
-2.38	8.5181
-2.31	8.2193
-2.33	8.0461
-2.18	7.6902
-2.23	9.0921
-1.64	11.6368
-0.87	14.3404
-0.42	16.6826
0.37	18.4694
0.56	18.8399
0.96	20.2841
1.15	21.1045
1.44	21.5311
1.94	22.6813
2.25	25.3811
2.87	25.6906
3.01	26.193
3.59	27.7361
3.77	28.735
3.84	28.8762
4.01	29.1435
4.06	29.4615
4.15	29.726
4.25	30.392
5.01	32.584
5.33	34.4553
6.45	36.7051
6.63	37.2539
7.25	38.1434
7.63	40.2344
8.25	40.6839
8.92	42.8214
9.81	44.4442
9.85	45.0006
10.31	45.7344
10.88	47.8559
11.9	49.4296
12.86	51.2436
13.63	52.5371
13.93	53.3053
14.9	54.5409
15.84	55.8917
16.64	56.72
17.24	57.2463
17.76	57.6397
18.19	58.0187
18.43	58.4072
18.7	58.7905
19.36	59.6964
19.81	60.8285
20.24	60.4575
20.25	60.1491
20.25	59.8691
20.27	59.7023
20.25	59.5291
20.31	59.3587
20.39	59.1716
20.41	59.0648
20.43	58.928
20.46	58.8728
20.46	58.7628
20.48	58.766
20.46	58.6928
20.46	58.6928
20.46	58.5928
20.49	58.5676
20.51	58.6308
20.53	58.464
20.51	58.5008
20.55	58.3972
20.56	58.3288
20.58	58.3721
20.56	58.3688
20.55	58.3672
20.56	58.3688
20.6	58.3753
20.62	58.3085
20.6	58.3753
20.63	58.1701
20.63	58.1701
20.62	58.1685
20.63	58.2101
20.65	58.1733
20.65	58.1033
20.63	58.1401
20.65	58.1433
20.62	52.8685
20.55	50.7472
20.27	46.9123
20.24	46.7775
19.89	44.2714
18.93	41.4674
18.74	40.2969
18.38	39.6892
17.78	37.5929
17.19	35.7083
16.48	33.5944
16	32.4874
15.55	31.2452
14.84	29.2313
14.65	28.8008
14.27	27.8298
13.93	27.0153
13.86	26.834
13.74	26.3648
12.35	22.3318
11.5	19.4254
10.83	17.7879
10.59	17.1494
10.31	16.5044
10.23	16.4716
8.62	12.7333
7.69	9.724
7.57	10.6315
7.52	10.5887
7.26	8.345
6.51	6.7947
6.18	6.1317
5.47	4.0278
4.63	1.293
4.23	0.6888
3.66	-0.7627
3.3	-2.4204
2.99	-3.6702
2.08	-6.9162
1.68	-7.6804
1.2	-8.4074
0.65	-9.6457
0.44	-10.0794
0.29	-10.6935
-0.16	-10.9357
-0.37	-11.6294
-0.61	-12.8679
-1.35	-14.1966
-1.42	-14.9979
-1.69	-15.9012
-2.47	-18.3764
-2.64	-18.7137
-3.43	-21.3504
-3.97	-22.9171
-4.47	-24.0673
-4.67	-23.4794
-4.61	-24.3898
-5.09	-24.8868
-5.31	-25.9621
-5.98	-27.8596
-6.98	-29.5401
-7.14	-30.1858
-7.4	-31.0175
-8.17	-32.9311
-9.38	-35.7452
-9.64	-36.3369
-10.88	-38.4259
-11.72	-39.8707
-11.7	-40.0075
-12.63	-41.9167
-13.2	-42.7281
-13.53	-43.9211
-14.58	-45.2595
-15.65	-47.2612
-16.37	-48.2367
-17.04	-48.7942
-17.66	-50.3737
-18.84	-52.383
-20.14	-53.7015
-20.25	-52.7191
-20.27	-52.3723
-20.33	-52.072
-20.35	-51.8052
-20.33	-51.592
-20.37	-51.5284
-20.3	-51.5571
-20.37	-51.4584
-20.42	-51.3964
-20.4	-51.2232
-20.44	-51.1596
-20.45	-51.0312
-20.47	-51.0644
-20.45	-50.9212
-20.44	-50.9896
-20.47	-50.8244
-20.44	-50.9196
-20.39	-50.9116
-20.66	-50.7149
-20.51	-50.7608
-20.51	-50.7608
-20.45	-50.8212
-20.47	-50.6844
-20.49	-50.7576
-20.45	-50.6512
-20.33	-50.762
-20.44	-50.6096
-20.49	-50.6176
-20.45	-50.6112
-20.51	-50.5908
-20.54	-50.4856
-20.47	-50.7844
-20.54	-50.6656
-20.58	-50.5621
-20.52	-50.5524
-20.54	-50.6256
-20.54	-50.5556
-20.54	-50.6256
-20.47	-50.6144
-20.49	-50.5476
-20.49	-50.4776
-20.51	-50.4808
-20.45	-50.3012
-20.49	-50.3076
-20.39	-46.5016
-20.33	-45.702
-19.96	-41.1926
-19.92	-41.0162
-19.58	-38.2717
-19.15	-36.6927
-18.85	-36.2646
-18.46	-34.342
-17.63	-32.1088
-17.23	-30.9047
-16.46	-28.0612
-15.53	-26.082
-15.46	-25.8007
-15.03	-24.4517
-14.75	-23.1368
-14.12	-21.8657
-14.03	-21.1913
-13.7	-20.3784
-13.43	-19.025
-12.87	-17.3552
-12.32	-16.2969
-12.25	-15.5957
-11.77	-14.8687
-11.65	-13.5094
-11.15	-11.5692
-10.41	-9.6505
-9.77	-7.9978
-9.48	-7.1313
-9.21	-6.7079
-8.96	-6.2878
-8.57	-4.5352
-8.36	-4.2915
-7.74	-2.7821
-7.02	-0.0865
-6.17	1.0499
-6.04	1.7307
-5.14	4.0052
-4.97	5.7924
-4.05	7.9001
-3.57	8.1171
-2.75	11.0787
-1.95	12.9271
-1.85	13.3231
-1.01	15.9679
-0.16	18.2243
0.36	18.6378
0.49	18.7586
0.77	19.9836
0.98	20.5673
1.63	21.7716
1.79	22.8673
2.6	24.3072
2.89	25.5938
3.82	27.293
4.04	28.2183
4.46	28.6357
4.47	28.9073
4.66	29.1178
4.78	29.8571
4.99	30.5408
5.35	30.9085
6.06	33.2025
7.14	34.9258
7.82	36.8049
9.37	39.8936
10.35	41.9109
10.5	42.2849
11.64	44.2578
12.78	46.2307
13.07	47.4173
14.57	49.1679
14.65	49.9808
15.96	51.7709
16.05	52.5454
17.24	53.6963
17.65	55.4921
18.69	56.1389
18.77	57.0817
19.46	57.5324
19.94	58.3694
20.1	58.5051
20.13	58.1599
20.17	57.8963
20.17	57.8263
20.18	57.6879
18.88	42.2794
17.79	39.2045
16.78	36.6725
15.71	33.3008
15.14	31.9994
13.97	28.8517
13.28	27.151
13.12	26.8853
12.93	26.5848
12.85	26.292
12.54	25.4122
12.28	23.9305
10.78	20.6598
10.12	18.1039
9.59	17.7089
9.43	17.4432
8.76	16.1957
8.71	15.1177
7.99	14.2422
6.76	9.8448
5.06	5.882
3.78	2.9566
2.89	1.4038
2.16	-0.6734
1.17	-3.3822
-0.23	-6.8169
-0.44	-8.2606
-1.19	-9.041
-1.3	-9.7786
-1.95	-11.4629
-2.07	-12.2122
-3.43	-16.0804
-3.74	-16.4702
-5.07	-19.5436
-5.45	-21.6446
-6.81	-24.3028
-7.98	-28.3906
-9.14	-29.2967
-10.19	-32.1552
-11.6	-35.1314
-11.96	-36.6092
-13.31	-38.4058
-13.56	-39.6859
-14.51	-41.1883
-15.15	-42.901
-16.01	-43.389
-16.04	-43.8438
-17.11	-45.7054
-17.2	-46.1999
-17.92	-47.1754
-18.94	-48.959
-19.15	-49.3327
-19.7	-50.1809
-20.08	-50.2419
-20.33	-51.072
-20.37	-50.7684
-20.3	-49.2771
-18.73	-36.2753
-18.25	-34.1683
-16.96	-31.5114
-15.75	-26.1873
-15.06	-25.7366
-13.39	-20.2986
-12.91	-17.5316
-11.24	-13.7537
-11.07	-12.8964
-10.58	-12.2278
-10.03	-9.5895
-9.22	-7.7395
-8.91	-6.2398
-6.64	0.2845
-5.52	2.7042
-3.92	6.7509
-3.8	6.9502
-2.04	11.3626
-0.9	15.9256
0.72	19.4555
2.32	23.3623
4.27	27.6352
4.96	28.816
5.01	29.244
5.18	29.5113
5.3	29.6305
5.4	30.0266
5.64	30.7551
6.37	31.9422
6.44	32.7434
7.37	34.6827
8.09	36.1382
9.11	38.3419
9.19	38.9047
9.93	39.5035
10.33	41.2576
11.17	42.0824
11.36	43.3529
12.71	44.9095
12.95	46.088
13.86	46.994
14.38	49.3875
16.14	51.1798
16.81	53.2573
17.72	54.1933
18.65	55.4725
18.79	56.6749
19.86	57.6366
20.39	59.3016
20.63	58.7201
20.68	58.5581
20.68	58.4181
20.67	58.2165
20.65	53.8733
20.55	51.2672
20.41	48.9348
20.1	45.9551
19.82	44.2301
19.53	44.0436
19.55	44.1468
19.08	42.3814
18.24	39.1467
17.32	37.6191
16.24	33.6559
14.72	29.522
13.55	27.3043
13.41	26.4918
13.24	26.1546
12.73	24.5827
11.74	22.6739
10.45	18.4669
9.88	16.9654
9.35	16.6404
8.23	14.6607
7.68	13.0224
7.23	11.4402
6.66	10.6587
6.49	10.4915
5.25	6.6425
5.01	5.564
3.96	3.9155
3.87	3.181
3.39	2.554
2.97	0.4866
2.08	-0.8662
1.23	-4.4826
-0.26	-7.7517
-0.51	-8.0618
-0.82	-8.4216
-1.09	-10.1249
-2.23	-13.0279
-2.61	-13.2288
-3.26	-15.9831
-3.66	-16.4273
-4.86	-18.5799
-5.38	-21.3233
-6.69	-23.8436
-6.86	-24.0408
-7.6	-25.3296
-8.1	-27.6098
-9.27	-29.2876
-9.45	-30.6864
-10.26	-31.8164
-10.86	-33.3927
-11.7	-35.4575
-12.93	-37.5148
-14.53	-40.1215
-14.61	-40.9544
-15.42	-42.4343
-15.53	-42.762
-16.2	-43.3194
-16.2	-43.8294
-16.77	-44.8509
-16.96	-45.6814
-17.77	-46.1213
-18.18	-47.6971
-18.53	-48.0332
-18.66	-48.6041
-19.25	-48.9387
-19.54	-49.6752
-19.68	-50.1477
-19.94	-50.2194
-20.01	-49.7806
-19.87	-45.8982
-19.68	-44.9777
-19.47	-39.874
-19.27	-39.1919
-18.16	-34.4639
-17.54	-32.9144
-16.58	-30.6604
-16.53	-28.9024
-15.72	-27.6624
-15.48	-25.8339
-14.43	-23.3555
-13.84	-21.1908
-12.98	-18.9528
-12.13	-16.9965
-11.77	-14.5887
-11.1	-13.6212
-10.33	-11.0576
-10.12	-10.8839
-9.22	-8.3295
-9.08	-7.3771
-8.59	-6.8084
-7.79	-3.7201
-5.55	1.7694
-4.42	5.4007
-2.71	9.3951
-2.61	10.0312
-1.69	11.7288
-0.99	15.3911
0.73	18.7671
1.37	19.8699
1.96	21.4145
2.15	22.095
2.53	22.396
3.47	24.7568
3.96	26.2155
4.85	28.6983
5.06	29.142
5.46	29.4162
5.63	29.6835
5.66	29.9983
6.13	31.9037
7.35	33.5795
8.14	36.0162
8.33	36.2867
9.14	37.5167
9.81	39.4842
11.04	41.5116
11.33	42.8681
12.02	43.1488
12.52	44.469
13.14	46.1185
13.4	46.2602
13.91	46.482
14.21	47.8702
14.76	49.3084
15.55	50.3952
16.39	52.1199
17.08	52.9506
17.58	53.6208
18.38	54.9492
19.65	56.8429
19.82	58.3501
20.99	59.8478
21.87	61.089
22.49	61.7084
23.22	62.7955
23.87	63.3097
24.23	64.0375
25.53	64.4059
27.54	65.1682
27.71	65.7155
29.04	66.0987
31.35	67.159
33.47	67.6188
34.16	67.6794
35.55	67.9522
35.74	67.9826
37.07	68.2957
37.39	67.847
38.88	67.0557
40.03	67.0699
40.08	66.6679
40.1	66.5611
40.13	66.4659
40.15	66.2592
40.19	66.0256
40.22	65.7904
40.27	65.5584
40.32	65.3564
40.51	64.5668
40.6	64.4712
40.62	64.2344
40.7	63.9772
40.7	63.8672
40.75	63.5653
40.81	63.2649
40.86	63.0729
40.86	63.0029
40.82	62.7565
40.81	62.9949
40.77	62.9885
40.82	62.8565
40.86	62.6929
40.86	62.5829
40.75	62.8753
40.89	62.5877
40.84	62.9297
40.81	62.6849
40.84	62.7197
40.79	62.6117
40.86	62.8329
40.82	62.6465
40.86	62.5529
40.86	62.2729
40.79	62.5417
40.41	52.3208
40.29	51.2616
38.88	47.3457
38.03	45.3195
36.88	42.6853
35.76	39.7858
35.09	38.0285
34.48	36.5507
33.09	34.4579
32.31	32.9329
31.64	30.9255
30.54	29.0492
30.4	29.1767
30.26	28.8143
29.75	28.0425
28.16	25.2676
26.33	21.8742
25.27	20.0042
23.1	17.0562
21.27	13.6627
20.56	12.4088
18.07	9.1494
16.53	7.1424
15.15	5.681
13.31	2.5858
13.09	1.8505
11.16	-1.2592
11	-1.5849
8.83	-4.933
8.78	-4.9911
7.85	-6.1003
7.42	-6.3493
7.32	-6.6053
7.04	-7.7203
6.92	-8.0095
6.42	-8.4398
5.92	-9.51
5.77	-10.2241
4.39	-12.4455
3.27	-14.4152
3.01	-15.067
1.91	-17.1135
1.35	-18.1334
0.53	-19.3749
-0.75	-22.0704
-1.69	-24.3112
-2.76	-26.2929
-3.33	-27.4844
-5.54	-31.199
-5.95	-32.1648
-6.98	-33.2201
-7.74	-35.4821
-8.91	-37.8698
-10.89	-40.9775
-12.38	-43.3366
-12.75	-44.0959
-13.43	-45.305
-14.41	-47.1623
-15.61	-48.8548
-16.32	-50.1187
-17.85	-52.1141
-18.89	-53.941
-19.32	-54.8099
-20.44	-56.4296
-21.92	-58.267
-22.83	-59.5129
-24.04	-60.607
-25.16	-61.6866
-25.86	-62.0188
-27.66	-62.6575
-28.62	-63.0914
-29.64	-63.3049
-30.55	-63.6508
-31.51	-64.1047
-33.69	-63.9641
-34.68	-65.3028
-34.99	-64.0024
-34.98	-63.6908
-36.1	-63.6003
-36.17	-63.1915
-36.99	-63.7429
-37.08	-63.1673
-38.29	-63.8112
-39.1	-64.041
-39.15	-63.569
-39.96	-64.0087
-39.9	-63.7891
-39.87	-63.4043
-40.06	-63.0247
-39.97	-62.8703
-40.03	-62.7799
-40.04	-62.6815
-40.04	-62.5715
-40.03	-62.4999
-40.04	-62.3715
-40.03	-62.3299
-40.06	-62.1647
-40.09	-62.1295
-40.08	-62.0979
-40.08	-62.0279
-40.11	-61.8927
-40.11	-61.8927
-40.09	-61.9595
-40.06	-61.7547
-40.11	-61.8627
-40.13	-61.8259
-40.11	-61.7227
-40.09	-61.6895
-40.13	-61.6959
-40.13	-61.5859
-40.08	-61.6479
-40.15	-61.5192
-40.16	-61.4908
-40.13	-61.5159
-40.16	-61.4608
-40.11	-61.3827
-40.15	-61.4192
-40.16	-61.4208
-40.15	-61.2792
-40.2	-61.2872
-40.13	-61.2459
-40.16	-61.3908
-40.13	-61.2759
-40.13	-61.2059
-40.15	-61.1792
-40.15	-61.1392
-40.16	-61.1108
-40.15	-61.0792
-40.16	-61.0108
-40.18	-61.084
-40.2	-61.0872
-40.18	-60.904
-40.16	-60.8708
-40.15	-60.9023
-40.08	-61.1279
-40.11	-61.1027
-40.18	-60.944
-40.2	-60.8072
-40.21	-60.4988
-40.23	-60.712
-40.25	-60.4052
-40.27	-60.3684
-40.28	-60.27
-40.27	-60.2284
-39.85	-54.4811
-39.66	-49.5907
-39.23	-48.9418
-38.8	-47.8329
-38.03	-45.1595
-37.73	-44.5315
-37.34	-44.359
-36.91	-43.4301
-36.41	-42.66
-35.98	-41.2811
-35.75	-41.2842
-35.01	-39.5756
-34.5	-37.9439
-34.29	-37.4502
-33.2	-35.7756
-32.5	-33.3234
-32.12	-32.5725
-31.08	-31.4757
-30.65	-30.1968
-30.12	-29.6619
-29.48	-27.9093
-28.98	-26.4191
-28.57	-26.1434
-28.07	-25.2032
-27.41	-23.8874
-26.55	-22.1695
-26.3	-21.6394
-25.74	-21.1796
-24.61	-19.4784
-24.21	-18.1742
-23.8	-17.2785
-22.23	-16.1367
-21.45	-13.7016
-20.8	-12.4873
-19.44	-11.0292
-19.18	-10.1275
-18.34	-9.0627
-18.03	-8.193
-17.32	-7.6591
-17.29	-7.2443
-16.75	-6.9477
-15.22	-4.2222
-14.27	-2.0698
-13.2	-1.1781
-12.65	0.3201
-12.43	1.4654
-11.27	2.2315
-10.19	4.2348
-9.03	7.451
-5.71	11.6337
-5.19	12.6171
-4.07	13.8669
-3.3	14.9204
-2.19	16.8486
-1.69	17.7788
-0.97	18.5943
-0.25	19.6099
-0.02	21.0268
1.75	22.6208
2.54	24.2576
3.32	24.6628
3.94	25.8323
5.06	27.592
5.4	28.4166
6.92	29.6505
7.28	30.1182
14.6	39.5328
17.12	42.307
18.86	44.1362
20.68	46.4281
21.49	46.798
24.68	50.9696
28.01	53.3936
29.69	54.4529
30.61	56.0504
31.66	56.9087
33.35	58.1496
35.31	60.0737
39.55	63.133
40.77	63.7785
40.79	63.6817
40.81	63.5049
40.79	63.3317
40.82	63.0265
40.75	57.8153
40.77	57.2285
39.91	50.1707
38.96	46.6785
38.17	45.172
37.74	44.1031
37	42.6345
36.55	41.7724
35.67	40.8114
34.4	37.8779
33.9	36.1777
32.57	34.5546
31.31	31.4626
31	29.6529
29.64	29.1249
29.5	28.4825
28.64	27.5846
26.94	24.802
25.9	23.5053
23.53	20.4952
22.25	18.4599
22.01	17.3914
19.51	14.7504
19.03	12.9534
16.38	10.4583
15.27	8.1402
13.19	5.6065
12.21	3.4193
10.54	1.9413
9.14	-0.5533
8.95	-1.1338
7.42	-2.2493
5.56	-5.1578
4.32	-6.8768
4.08	-7.5653
3.2	-8.3665
2.35	-9.8129
1.44	-11.7889
1.08	-12.2867
0.17	-12.8527
-0.92	-14.9176
-1.97	-17.0561
-2.59	-18.0856
-3.59	-18.7961
-4.59	-19.9866
-5.47	-22.1978
-6.16	-22.9385
-8.02	-25.337
-8.91	-26.5398
-9.08	-26.9771
-10.12	-28.1839
-10.96	-30.1087
-12.5	-31.5958
-13.65	-34.1203
-15.18	-35.1958
-16.61	-37.7352
-18.15	-39.3523
-19.73	-42.1957
-20.99	-42.6678
-22.23	-44.8367
-22.95	-46.7022
-25.38	-48.0219
-25.74	-49.3296
-27.76	-50.9535
-28.31	-51.7317
-29.29	-52.1688
-30.5	-54.0528
-31.57	-54.4943
-32.65	-55.5274
-33.43	-56.7624
-34.62	-57.7731
-34.82	-58.4952
-36.79	-60.0909
-38.65	-61.0789
-39.54	-61.4214
-39.61	-60.9227
-39.63	-60.6159
-39.75	-60.9051
-39.8	-60.6031
-39.78	-60.4599
-39.8	-60.4631
-39.89	-60.1375
-38.67	-46.3021
-34.96	-40.8776
-33.15	-36.6575
-31.93	-33.952
-30.43	-31.9916
-29.1	-28.9883
-26.57	-23.9227
-24.87	-21.2101
-23.02	-18.2234
-22.45	-17.102
-20.75	-14.4093
-19.34	-12.8132
-18.63	-10.4893
-17.04	-9.4042
-16.17	-7.6546
-14.86	-4.8945
-12.75	-1.2759
-12.15	-0.6697
-9.34	3.4712
-8.4	6.522
-6.88	8.1059
-6.02	8.764
-5.33	10.8347
-3.38	12.8376
-1.61	15.8116
-0.3	17.8419
-0.11	18.4223
1.13	19.7313
2.03	21.6258
2.32	22.4323
3.66	23.3373
4.46	25.4257
6.56	27.6927
7.14	29.7158
8.59	30.2284
8.64	30.5065
9.78	32.5894
11.45	34.4374
12.5	37.0958
14.9	38.7509
15.41	40.6627
17.7	42.3401
19.72	44.1741
20.17	45.3863
21.92	47.047
24.66	49.5164
25.01	50.4725
27.23	52.2685
28.64	53.2546
30.06	54.1422
30.83	55.9857
32.69	57.0738
33.97	58.179
35.02	58.6172
35.22	59.5493
36.5	60.4044
37.43	61.2134
39	63.1149
39.44	62.0854
39.48	61.8118
40.36	62.1928
40.38	62.066
40.38	61.956
40.36	64.0228
38.48	44.6316
36.33	41.3972
35.83	40.597
34.14	36.7062
31.38	32.1238
30.07	29.1938
29.69	28.7529
29.14	28.1147
29.06	27.9619
25.82	23.8224
23.6	20.0364
22.32	18.8211
20.75	15.6693
17.98	12.545
15.95	9.9793
14.14	7.789
13.79	5.7728
12.26	5.3173
10.31	1.5644
8.37	-0.5069
6.02	-5.334
4.06	-7.0585
3.9	-7.7341
1.91	-9.8435
1.06	-12.2199
-1.81	-15.6805
-3.16	-17.6171
-4.33	-20.1849
-6.16	-22.3085
-9.24	-27.8627
-11.93	-30.5344
-13.24	-32.9846
-14.92	-35.1541
-16.29	-36.3639
-16.42	-36.8047
-17.72	-38.2233
-19.32	-40.7799
-21.25	-42.9495
-23.8	-45.8085
-25.36	-48.9187
-28.67	-51.3794
-30.83	-53.4957
-30.96	-53.8165
-33.38	-55.9244
-35.25	-58.9841
-37.06	-60.7841
-40.23	-62.672
-41.73	-63.0522
-41.85	-62.2414
-41.95	-61.7775
-41.94	-61.6359
-41.35	-53.2714
-41.28	-52.2601
-40.57	-48.9564
-40.06	-48.0347
-39.01	-44.9065
-36.56	-40.724
-35.25	-38.3441
-34.41	-36.1695
-33.6	-35.1797
-31.74	-31.2015
-31.55	-30.8611
-29.67	-27.9397
-28.6	-25.4582
-28.22	-25.2272
-24.97	-20.3261
-22.99	-17.5286
-21.02	-14.1426
-18.49	-10.7768
-17.68	-8.7169
-16.7	-8.0497
-13.98	-2.9233
-10.91	2.0493
-7.78	7.7915
-2.88	14.7078
-0.9	16.8156
1.44	21.5311
6.2	27.8449
7.92	29.6409
8.54	29.8404
8.75	30.5241
10.8	33.5831
12.59	36.6703
16.81	41.5773
18.86	43.8662
22.75	47.0401
23.11	47.6178
24.36	48.9583
25.77	51.2144
28.52	52.8953
31.02	54.7061
31.9	56.7372
35.69	59.5146
36.65	60.3584
38.05	60.9327
38.17	61.292
39.41	61.6006
40.43	63.274
42.74	64.164
43.03	64.9004
45.53	65.3307
46.22	65.8612
47.63	66.2169
48.76	66.8177
49.7	67.4482
51.3	68.0842
51.66	66.8618
55.26	66.9976
56.62	67.0351
57.64	66.8582
59.5	67.0855
60.05	67.0734
60.05	66.8934
60.12	66.6346
60.15	66.4994
60.12	66.3946
60.19	66.1957
60.2	66.0273
60.24	65.9337
60.32	65.6265
60.34	65.4297
60.58	65.0481
60.72	64.5204
60.82	64.1964
60.77	64.2184
60.84	64.1596
60.89	63.9676
60.89	63.8976
60.89	63.9276
60.96	63.8388
60.98	63.872
61	63.6352
60.96	63.5988
60.94	63.6956
60.96	63.5988
61.01	63.4668
61	63.5652
60.93	63.734
60.94	63.6256
61.07	63.4064
61.01	63.2568
61.03	63.44
61.03	63.23
61.03	63.4
61.05	63.2632
61.03	63.3
61.03	63.06
61.03	63.16
60.93	63.244
61.03	63.09
60.98	63.192
61.05	63.0932
61.03	62.99
61.05	62.9932
61.1	62.8612
61.01	62.9168
61.03	62.85
61.08	62.688
61.05	62.6432
61.08	62.648
61.05	62.6832
61.07	62.6864
61.08	62.378
61.03	62.51
61.08	62.448
61.05	62.4732
61.1	62.3812
61.05	62.4032
61.07	62.4064
61.08	62.268
61.08	62.268
60.91	62.1808
61.03	62.09
61.12	62.0044
61.1	62.0312
61.05	62.0632
61.1	62.0012
60.7	54.3172
60.63	52.7261
59.79	50.4918
59.55	48.6235
58.86	47.6532
58.15	45.7097
57.22	44.011
56.78	43.5607
56.6	43.0919
55.95	42.5679
55.35	40.442
54.5	38.5861
52.97	36.4413
52.4	35.3502
51.71	33.9698
50.56	32.2558
50.33	32.339
50.11	32.1638
50.06	31.8758
49.63	31.007
49.47	30.3714
48.23	29.1829
47.51	28.4377
46.56	27.0756
45.54	25.7523
44.44	24.7062
43.2	22.6876
42.1	21.5015
41.96	21.1391
39.98	19.4819
38.69	18.3453
37.67	16.8719
37.02	16.4177
35.79	15.2606
35.57	14.2254
34.4	13.0679
33.26	11.8852
29.28	8.0872
28.14	6.8644
27.61	6.2794
25.34	3.9755
23.82	2.4717
22.82	1.2113
20.91	-0.215
19.56	-1.7116
18.86	-2.3238
17.2	-4.1901
16.26	-5.0609
15.57	-5.6916
14.41	-6.5677
14.14	-7.131
13.33	-7.771
12.79	-8.3476
10.61	-10.4874
10.12	-10.9461
9.18	-11.2269
8.69	-12.2055
8.4	-12.422
7.82	-12.9351
6.95	-14.2447
6.71	-14.3832
5.66	-15.8417
3.75	-17.7882
2.13	-19.6082
1.89	-19.7767
0.87	-20.8104
-0.45	-22.8222
-0.88	-23.4912
-3.19	-26.1619
-4.52	-28.0753
-5.33	-29.0253
-7.24	-31.0118
-7.84	-31.5681
-9.5	-33.2845
-10.69	-34.4754
-11.03	-34.94
-12.43	-36.2446
-13.48	-37.5131
-15.6	-39.8132
-17.46	-42.0016
-19.3	-44.1467
-19.51	-44.4704
-21.09	-45.6139
-22.23	-46.4867
-23.03	-47.335
-23.62	-48.1196
-24.73	-48.9176
-24.74	-49.2692
-26.59	-50.6359
-28.07	-52.2532
-29.15	-53.1264
-32.07	-56.0244
-33.63	-57.2745
-36.24	-59.1727
-37.99	-60.0731
-39.16	-61.4006
-40.01	-62.3967
-41.54	-62.9218
-42.68	-63.2744
-44.04	-64.0721
-46.5	-65.506
-51.65	-67.0502
-54.1	-67.8221
-56.94	-68.0662
-57.56	-67.5754
-58.96	-66.9092
-58.98	-66.8024
-60.3	-66.5033
-60.41	-65.6909
-60.54	-65.7117
-60.41	-65.6909
-60.47	-65.4605
-60.49	-65.1937
-60.47	-64.7705
-60.54	-64.7217
-60.53	-64.5401
-60.56	-64.3449
-60.54	-63.9917
-60.56	-63.9249
-60.56	-63.6549
-60.56	-63.5849
-60.54	-63.4717
-60.58	-63.4481
-60.59	-63.1697
-60.59	-63.2097
-60.63	-63.0461
-60.59	-62.9997
-60.59	-62.9697
-60.59	-62.8997
-60.63	-62.8361
-60.63	-62.7671
-60.65	-62.7354
-60.66	-62.6348
-60.65	-62.6293
-60.63	-62.8061
-60.66	-62.5009
-60.66	-62.4309
-60.39	-58.2877
-60.35	-56.6613
-58.72	-48.5408
-56.03	-42.5307
-54.57	-40.1973
-53.57	-38.6273
-52.58	-36.979
-51.24	-34.4646
-50.05	-31.7242
-48.52	-29.5493
-48.14	-28.1385
-47.02	-27.6192
-45.16	-25.4615
-42.92	-22.3428
-40.84	-19.7397
-38.51	-17.1564
-36.51	-14.736
-34.01	-11.3054
-33.34	-11.058
-32.39	-10.3557
-31.19	-9.2634
-28.69	-6.2826
-26.04	-3.3077
-22.99	0.1414
-19.54	4.6648
-17.42	7.6248
-16.1	8.0366
-14.24	8.545
-13.22	9.7387
-12.69	10.7237
-11.88	11.6137
-11.5	13.3546
-9.1	15.7097
-6.26	18.2354
-5.76	18.5857
-4.61	20.2202
-2.75	21.7887
-1.3	23.5414
2.32	25.5323
3.49	27.0301
4.4	28.6961
5.99	29.0912
6.37	29.2822
6.7	29.4752
7.28	29.8482
7.63	30.3444
8.88	31.585
9.87	32.5038
11.28	33.3801
12.64	34.7683
14.03	36.2013
14.9	37.2409
17.07	38.409
18	39.4582
19.05	40.7966
20.01	41.8406
20.6	42.0753
23.13	43.171
24.34	44.5351
25.61	45.9488
26.92	46.6688
28.04	47.7884
31.04	49.0893
32.35	50.6493
34.52	51.2371
36.69	52.8548
38.43	54.2136
42.43	56.4343
42.96	56.8592
45.18	58.1147
46.68	59.0348
49.2	60.5081
51.81	61.9558
54.48	63.0129
57.6	64.5418
59.82	64.7266
60.17	64.9825
60.96	64.3588
61	64.0852
61.07	63.9964
61.05	62.6132
60.76	55.0168
60.55	51.0633
58.29	47.1521
56.98	44.5626
56.59	44.5203
56.57	43.9171
56.45	42.7879
56.09	42.6303
55.36	41.2736
54.52	39.4093
53.8	39.0241
52.83	36.9389
52.28	35.821
51.52	34.1494
50.5	33.0162
49.97	32.1714
49.61	31.9138
48.2	29.8581
46.61	28.1536
45.49	26.4243
44.18	24.7346
43.89	24.1681
41.8	22.5634
40.81	21.2649
39.29	18.6814
37.15	17.6185
36	15.9843
35.59	14.8586
32.28	12.3881
31.09	10.5074
29.11	9.1899
27.28	7.0065
25.99	4.5597
23.1	3.1662
20.15	-0.3769
18.58	-0.8288
17.22	-2.3969
16.08	-4.0698
13.86	-5.316
13.29	-7.1274
10.92	-8.2277
10.59	-8.8006
9.19	-9.5753
7.88	-10.4355
7.23	-12.0998
5.92	-12.75
5.23	-13.8607
3.72	-14.793
3.32	-16.0672
0.99	-17.2311
0.49	-18.4514
-1.33	-19.2934
-2.62	-21.6004
-4.09	-22.1463
-4.33	-23.1449
-5.47	-23.5778
-6.85	-25.6592
-8.65	-26.7381
-9.45	-28.3164
-11.01	-29.2168
-11.6	-30.4114
-13.44	-32.1566
-15.55	-33.8452
-16.27	-34.5607
-18.09	-36.1426
-19.87	-38.1382
-20.66	-38.6549
-22.07	-40.191
-22.28	-40.2947
-24.16	-41.3862
-25.55	-42.3991
-26.38	-42.6422
-27.38	-43.7326
-27.79	-44.2083
-28.66	-44.7278
-30.02	-46.3958
-31.81	-47.7128
-34.24	-49.1722
-35.48	-49.921
-36.11	-50.9519
-37.42	-51.8218
-39.65	-53.3091
-40.75	-53.5953
-41.87	-54.2146
-41.99	-54.9239
-45.04	-56.0023
-46.8	-57.854
-50.22	-59.5214
-51.79	-60.3226
-53.1	-61.7721
-55.6	-62.372
-55.79	-62.6924
-58.7	-64.1576
-59.06	-63.4451
-59.06	-63.1751
-60.82	-63.4864
-60.94	-63.1656
-59.41	-51.0611
-58.56	-49.3752
-57.41	-46.9914
-55.84	-43.1204
-55.13	-42.9068
-53.6	-39.6921
-52.08	-36.589
-50.71	-34.9298
-49.67	-32.5934
-49.05	-31.1841
-47.98	-29.9729
-47.05	-29.004
-45.88	-26.8867
-45.54	-25.8623
-43.8	-24.4737
-42.35	-22.8415
-41.49	-21.6038
-40.3	-19.9132
-38.63	-18.1457
-36.89	-15.4169
-34.03	-12.9286
-32.82	-12.2447
-31.84	-10.9576
-30.84	-10.1773
-30.43	-9.1116
-29.38	-8.5632
-28.72	-6.7674
-25.86	-4.5188
-24.07	-1.8518
-23.87	-1.0997
-20.9	0.7566
-19.9	2.637
-18.34	3.3773
-17.06	5.2626
-16.03	5.9478
-15.55	6.8848
-13.74	8.3452
-12.36	10.1866
-11.43	12.4759
-8.55	13.968
-7.33	16.6437
-5.12	17.3484
-4.85	18.3517
-3.69	18.6478
-2.61	19.9912
-1.45	20.7973
-0.4	22.6158
0.75	22.9404
0.89	23.8228
2.87	25.2406
3.06	25.8911
4.44	26.3525
6.18	28.7417
7.44	29.3839
7.75	29.9237
8.02	30.347
8.69	30.6945
10.52	32.6381
12.66	33.7015
14.52	35.9999
17.51	38.3096
18.53	39.1932
20.36	40.1068
21.79	41.9561
23.87	42.7697
26.02	45.3945
28.97	46.5575
30.38	48.7135
32.14	49.3357
34.26	49.9554
36.81	52.4941
40.46	53.7388
40.81	54.6849
44.58	56.6686
44.91	57.1714
48.99	58.9645
51.04	59.7326
52.85	61.6421
56.33	62.7187
58.81	62.9052
59.62	63.1746
59.91	63.641
60.2	63.0273
60.27	62.7685
60.29	62.6317
60.31	62.5249
60.43	62.3041
60.1	52.5014
59.95	51.4474
58.15	47.0597
57.05	44.0938
55.26	41.0176
53.49	36.9445
50.54	33.8526
49.75	32.1062
49.2	31.8481
48.11	29.7737
46.25	27.996
43.41	23.6513
40.24	21.1736
37.91	17.7703
35.62	16.3034
33.47	12.6488
29.38	9.6132
27.9	7.0359
25.18	4.5898
24.61	3.4084
20.18	0.4179
19.5	-1.1712
15.09	-4.2886
13.9	-6.0996
11.93	-7.1356
10.36	-9.5575
6.9	-11.3527
5.37	-14.1483
1.23	-16.7826
-0.71	-20.0539
-5.5	-23.0226
-9.07	-27.7055
-13.12	-30.5853
-16.53	-34.3024
-17.46	-35.9716
-20.9	-37.6634
-24.49	-41.0991
-25.09	-42.4654
-28.43	-44.1109
-33.82	-48.9649
-38.42	-52.112
-42.32	-54.6667
-43.92	-56.3429
-50.53	-58.811
-50.83	-59.899
-58.13	-63.4665
-59.11	-63.6231
-62.23	-64.1917
-62.21	-63.6785
-62.25	-63.3049
-62.15	-62.9089
-62.2	-61.8169
-62.02	-58.4782
-62.09	-58.1094
-61.84	-57.9294
-61.87	-57.7642
-61.84	-57.5194
-61.77	-57.4682
-61.47	-51.8803
-60.01	-47.857
-57.43	-42.7846
-55.81	-39.6056
-55.25	-39.306
-53	-35.2561
-50.83	-31.259
-48.81	-28.4557
-46.8	-25.584
-46.24	-24.6644
-42.76	-21.3872
-41.11	-18.9529
-39.73	-18.0719
-37.63	-15.5654
-37.34	-14.799
-35.37	-13.2133
-33.75	-11.0937
-33.39	-10.726
-31.89	-9.6856
-28.98	-5.8091
-28.19	-4.6724
-23.56	-0.43
-22.4	1.996
-18.09	5.3774
-17.51	6.8504
-15.42	7.4957
-13.24	10.6354
-10.65	12.741
-9.05	15.6477
-6	17.0672
-3.68	20.3295
-3.23	20.5417
-0.49	22.2614
2.08	25.2938
2.53	26.466
6.9	29.2973
7.54	29.61
8.59	30.2584
8.76	30.4257
10.9	32.1491
12.91	35.2316
14.5	35.9267
16.86	37.5153
19.22	39.6339
20.63	41.3201
24.87	43.3501
27.13	45.9025
27.47	46.247
32.17	49.9305
36.79	51.6509
38.76	52.7665
40.7	53.8772
40.81	53.9649
43.22	56.1808
46.13	57.6468
48.14	58.6485
51.33	59.819
54.04	60.7325
56.59	61.5203
57.91	63.6613
62.48	64.8717
65.91	65.5895
67.08	65.9563
70.42	66.4494
72.75	67.1312
73.12	66.0602
74.35	65.9063
77.31	65.9982
79.83	66.2598
81.1	66.0921
81.12	65.7853
81.12	65.6053
81.15	65.4701
81.26	65.3176
81.39	65.0683
81.48	64.9026
81.46	64.7994
82.2	62.8473
82	62.9554
82.07	62.7966
82.17	62.1525
82.15	61.5293
82.15	61.5993
82.1	61.5913
82.12	61.6345
82.2	61.4773
82.07	61.4166
82.08	60.3182
81.98	57.5122
81.77	51.9288
80.72	48.8016
78.98	45.2844
78.21	43.6417
77.55	42.2665
76.54	41.3455
74.92	38.3272
73.78	36.2554
73.31	35.5205
72.97	34.5362
71.07	32.1031
67.84	27.4177
66.92	26.5708
63.2	22.4767
59.88	19.0462
59.64	18.7278
56.97	16.381
56.24	15.6643
54.85	14.642
52.16	12.5118
50.56	11.0558
49.16	10.0317
46.13	7.2468
43.23	4.5824
40.98	2.8921
37.12	0.0037
35.24	-1.0975
34.28	-1.5214
31.92	-2.9296
29.26	-4.356
28.49	-4.8595
28.07	-5.3768
25.53	-7.0541
24.44	-8.0289
21.24	-10.0421
20.17	-10.7737
18.13	-11.9409
16.79	-12.8559
14.55	-14.6153
12.79	-16.0276
10.43	-17.3763
8.28	-19.1313
5.54	-20.761
3.89	-22.1258
1.82	-23.3579
-0.02	-24.9432
-0.54	-25.6467
-3.5	-27.6117
-4.43	-28.3609
-7.78	-31.3985
-8.81	-32.0637
-13	-35.136
-14.24	-36.335
-18.68	-39.9473
-19.68	-40.5077
-22.44	-42.3904
-25.04	-44.2473
-28.88	-47.2131
-29.21	-47.366
-32.79	-49.0098
-33.6	-49.4797
-35.15	-50.4881
-36.49	-52.1528
-40.06	-53.1047
-40.23	-54.132
-45.31	-56.1855
-48.57	-57.5273
-50.62	-59.9254
-54.2	-61.0381
-55.06	-62.0856
-57.61	-62.4934
-59.03	-62.8103
-59.15	-63.2195
-61.13	-64.436
-64.35	-64.1204
-65.02	-65.1874
-68.62	-65.3222
-70.52	-65.5454
-70.95	-65.414
-72.03	-65.1763
-72.24	-65.0698
-72.29	-64.9378
-76.13	-66.0001
-77.22	-65.9639
-78.36	-66.0456
-78.48	-66.0147
-79.18	-65.8962
-80.04	-66.1432
-80.11	-65.8744
-80.06	-65.5264
-80.08	-65.4196
-80.27	-65.0399
-80.15	-64.6408
-80.39	-64.469
-80.22	-64.2719
-80.25	-64.1367
-80.32	-64.2178
-80.18	-64.0255
-80.27	-63.7599
-80.23	-63.8635
-80.27	-63.8699
-80.37	-63.6458
-80.17	-63.684
-80.23	-63.6235
-80.35	-63.5726
-80.48	-63.2833
-80.27	-63.3199
-80.37	-63.4358
-80.49	-63.2149
-80.32	-63.2878
-80.37	-63.1258
-80.44	-63.207
-80.44	-63.037
-80.48	-63.1133
-80.51	-62.9381
-80.7	-62.8684
-80.53	-62.9113
-80.46	-62.8301
-80.42	-62.9238
-80.42	-62.8238
-80.37	-62.7858
-80.68	-62.4552
-80.54	-62.6329
-80.29	-62.8331
-80.39	-62.609
-80.29	-62.7731
-80.49	-62.2849
-80.46	-62.6201
-80.61	-62.474
-80.63	-62.3372
-80.51	-62.5581
-80.49	-62.3149
-80.37	-62.2958
-80.42	-62.3038
-80.49	-62.2849
-80.41	-62.1722
-80.54	-62.0829
-80.42	-62.2338
-80.63	-62.1372
-80.46	-62.0401
-80.48	-62.1433
-80.35	-62.2226
-80.32	-62.1178
-80.41	-61.4422
-80.42	-61.2038
-79.99	-56.5853
-78.72	-48.7029
-77.27	-46.7119
-76.98	-46.1156
-74.82	-41.8313
-72.05	-37.0895
-69.35	-32.5687
-68.7	-31.2549
-67.04	-29.5399
-65.99	-28.1323
-65.85	-27.4999
-64.13	-26.1852
-61.99	-22.9834
-60.63	-21.6961
-59.94	-20.4158
-58.72	-19.8408
-56.75	-17.4459
-55.19	-15.5964
-54.7	-14.758
-52.1	-12.6022
-51.65	-12.3302
-51.41	-11.8918
-51.14	-11.8486
-50.52	-11.3594
-50.28	-11.191
-48.66	-9.8517
-46.85	-8.062
-45.76	-6.6775
-43	-4.4356
-39.73	-1.8519
-39.28	-1.3598
-35.43	0.9678
-33.67	2.1204
-31.1	5.151
-29.88	6.1366
-26.74	6.7801
-22.83	10.4071
-21.51	12.5788
-15.86	14.8651
-13.53	17.4089
-13.12	17.6447
-10.34	18.6808
-7.47	21.3113
-5.71	23.6637
-0.44	26.5694
0.11	27.3477
3.99	28.6603
4.71	29.7058
7.75	30.9537
11.19	34.3356
16.07	36.1786
18.27	38.1515
22.51	39.7616
25.18	42.5698
30.38	44.7135
31.23	45.8498
35.21	46.5877
37.33	48.2374
40.75	49.9853
41.15	50.2493
45.49	51.8843
47.71	53.0997
49.16	54.1317
53.8	55.4541
54.42	56.1433
59.95	58.5074
66.54	60.7701
69.85	61.5385
72.11	62.4991
76.76	63.7806
77.59	62.7729
78.21	62.6317
78.21	62.4217
78.93	62.6064
80.38	62.9074
80.41	62.7022
80.45	62.5086
80.43	61.9154
80.2	54.0887
80	51.3369
78.86	47.4052
77.67	44.5956
75.21	41.0635
74.19	39.0108
71.92	35.6688
71.66	35.0573
70.95	33.494
69.35	31.6887
67.11	29.3011
65.35	26.8201
61.96	22.9786
58.34	18.8001
55.21	16.7996
52.35	13.9422
48.7	11.1581
45.66	8.4715
45.39	7.9083
42.94	7.036
42.75	7.2056
42.65	6.9896
42.6	7.2815
42.56	7.3151
40.12	4.2743
39.96	4.7587
38.22	2.78
36.53	1.1092
34.19	-0.4358
33.98	-0.7094
31.93	-1.828
29.59	-3.4131
28.78	-3.853
28.23	-4.0411
26.42	-5.4014
24.2	-7.6474
23.34	-8.2753
18.58	-10.4488
17.15	-11.9882
13.09	-14.5495
12.66	-14.9185
8.76	-17.6443
6.57	-18.8857
5.83	-19.9644
-0.64	-23.8327
-6.79	-26.8896
-9.6	-29.3905
-15.6	-33.6032
-16.18	-34.5262
-22.21	-38.4535
-26.98	-40.7684
-30.48	-42.9196
-34.22	-44.739
-34.34	-44.6083
-36.48	-45.9812
-40.66	-47.7508
-41.85	-49.0614
-46.09	-51.0404
-49.05	-52.7141
-49.47	-53.1314
-52.86	-54.6637
-55.75	-55.886
-55.91	-56.0215
-59.35	-57.5715
-61.8	-58.273
-64.76	-60.1159
-68.28	-60.6479
-68.66	-61.0485
-71.38	-62.7626
-74.05	-62.6385
-75.31	-63.2794
-77.22	-63.8639
-78.61	-63.5654
-78.77	-63.0409
-78.84	-62.9521
-79.7	-63.3291
-80.34	-63.431
-80.56	-63.0561
-80.54	-62.7029
-80.63	-62.4772
-80.3	-55.0847
-78.13	-48.9189
-74.95	-42.282
-73.33	-38.8837
-71.53	-37.2565
-67.93	-31.272
-67.07	-29.2047
-64.54	-26.8007
-62.49	-24.2633
-59.91	-21.791
-58.56	-19.7852
-55.65	-17.39
-53.48	-13.8729
-50.52	-12.3294
-49.48	-10.023
-43.01	-5.4072
-42.23	-4.2823
-38.92	-2.7821
-35.63	1.225
-31.33	3.2842
-30.4	5.0933
-26.4	8.6946
-20.89	12.5782
-17.16	14.2765
-16.66	15.2568
-12.72	16.6389
-10.88	19.0041
-6.69	20.7764
-4.8	23.8097
0.24	26.1685
4.27	27.8452
5.04	29.6588
9.16	32.8699
16.41	35.8531
17.24	37.0963
23.03	40.645
29.32	44.5436
33.11	46.2511
36.31	47.384
41.56	49.215
47.47	51.6513
53.21	54.4697
57.98	57.3325
61.51	58.1067
65.54	59.7504
75.5	61.8497
80.14	63.9392
80.57	62.5877
80.65	62.1204
80.76	61.8279
80.81	61.5259
80.83	61.2591
80.83	61.0791
80.79	60.8327
80.72	55.3816
80.58	53.0793
80.07	47.388
79.79	46.2034
75.6	39.0556
73.5	35.5208
68.42	28.0302
67.1	26.7795
63.6	23.1406
60.17	19.8925
58.03	17.9505
51.44	11.9466
50.78	11.151
46.11	7.1436
43.94	4.9861
36.81	-0.1459
32.5	-2.6366
30.11	-3.8097
25.04	-7.1027
23.66	-8.554
18.12	-10.9725
16.96	-12.8386
12.02	-16.3612
7.59	-18.732
3.42	-21.5012
-4.07	-25.3131
-4.45	-25.8941
-9.71	-28.8682
-11.24	-31.2537
-17.41	-35.1436
-22.61	-37.8976
-27.1	-40.4077
-31.57	-41.9543
-31.57	-42.1143
-34.62	-43.5431
-38.37	-46.114
-42.08	-48.4283
-46.62	-49.9152
-49.72	-51.5114
-54.55	-53.7641
-54.7	-54.028
-56.67	-54.5531
-58.8	-56.1336
-60.65	-57.4993
-63.47	-58.8098
-66.16	-59.2794
-70.76	-60.4937
-71.02	-61.1852
-74.89	-62.4924
-78.05	-63.1662
-78.96	-63.4912
-79.3	-62.8153
-79.39	-62.3797
-80.82	-62.8575
-80.82	-62.4075
-80.94	-62.2166
-80.94	-62.0766
-80.96	-61.8098
-77.72	-45.5836
-76.69	-45.1094
-73.83	-39.4434
-70.64	-34.7345
-69.81	-32.8821
-68.33	-31.1659
-65.92	-27.3611
-65.47	-27.0492
-59.89	-20.9578
-59.41	-20.6011
-56.32	-17.5671
-55.24	-15.9044
-51.96	-13.0398
-51.67	-12.4434
-48.73	-10.5929
-45.9	-6.8299
-42.61	-5.2732
-41.28	-2.7501
-35.7	0.8338
-32.69	2.8262
-32.17	4.1895
-29.07	5.1365
-26.92	8.3012
-22.66	10.5043
-19.25	12.2513
-18.22	13.1765
-14.91	15.2975
-14.06	16.9839
-8.4	20.852
-1.95	24.2271
-1.78	24.5344
1.42	25.8379
3.27	27.8548
6.25	29.233
6.76	29.8948
8.25	31.5839
13.86	34.624
16.64	36.65
20.2	38.0211
23.89	39.9829
28.44	42.3125
28.83	43.015
32.04	44.7396
35.45	46.6661
39.93	48.6539
43.84	49.9801
47.54	51.5725
49.13	52.9569
53.02	54.6493
57.71	56.0193
63.15	58.3687
68.49	60.3214
70.95	60.994
75.9	61.8835
77.93	62.477
80.91	63.5118
84.53	64.1882
84.79	62.5696
88.96	62.993
92.49	63.5542
92.59	63.3701
94.25	63.5238
95.16	63.6684
96.86	63.8083
97.07	63.5617
98.31	63.8285
98.41	63.6744
99.95	63.9887
100.22	63.9616
100.22	63.7216
100.41	63.4017
100.6	63.1618
100.58	63.0487
100.76	62.9072
100.62	62.745
100.62	62.785
100.89	62.4478
100.98	62.1821
100.95	62.1474
101.05	62.0232
101.03	61.8801
100.98	62.1821
101.19	61.8754
101.02	61.9185
101.07	61.7464
101.1	61.6512
101.27	61.5381
101.14	61.5875
101.21	61.4286
101.21	61.4986
101.17	61.4523
101.21	61.3286
101.1	61.3112
101.21	61.2586
101.29	61.2013
101.24	61.0234
101.33	61.2076
101.38	61.0056
101.29	61.2013
101.34	61.0692
101.41	61.1503
101.29	61.0913
101.43	61.0135
101.31	61.0945
101.26	61.0865
101.46	60.9483
101.36	61.0024
101.33	61.0676
101.36	60.9724
101.43	60.8735
101.39	60.8672
101.31	60.8545
101.45	60.7067
101.34	60.6592
101.46	60.8083
101.46	60.6383
101.26	60.7765
101.36	60.7624
101.34	60.7292
101.41	60.6003
101.52	60.4478
101.45	60.5367
101.39	60.5272
101.5	60.4046
101.58	60.4873
101.31	60.6545
101.29	60.5813
101.45	60.4367
101.53	60.4094
101.48	60.4714
101.48	60.3314
101.38	60.2456
101.31	60.2345
101.36	60.3524
101.46	60.1883
101.43	60.2935
101.45	60.2967
101.33	60.3076
101.38	60.2156
101.36	60.2124
101.38	60.0456
101.52	59.9578
101.58	59.8373
101.41	60.0503
101.45	59.9467
101.45	59.7067
101.24	59.9534
101.26	59.8165
101.41	59.7003
101.58	59.6273
101.39	59.8672
101.46	59.8183
101.38	59.8056
101.33	59.5476
101.52	59.7178
101.39	59.6972
101.55	59.5825
101.55	59.4825
101.33	59.7276
101.21	59.5286
101.45	59.3667
101.24	59.5734
101.33	59.4176
101.52	59.3078
101.43	59.5035
101.5	59.3746
101.48	59.2614
101.52	59.3078
101.34	59.1792
101.22	59.3602
101.31	59.2745
101.41	59.1503
101.41	59.1503
101.33	59.2076
101.43	59.0135
101.29	59.1013
101.43	59.0135
101.38	55.0456
101.02	50.4085
100.77	47.7188
100.69	47.4561
99.43	44.5762
98	42.1393
96.14	39.054
95.59	38.4467
95.23	37.4595
91.75	32.1566
88.99	28.6878
86.32	25.4631
83.84	22.5684
79.96	18.0505
75.85	14.3955
72.21	11.415
70.44	10.0126
66.15	6.7478
63.96	5.2281
61.43	3.5939
56.5	0.2759
54.45	-1.0819
50.28	-3.439
46.04	-5.7676
41.99	-7.9361
38.36	-9.7876
35.02	-11.3228
33.47	-12.1612
26.37	-15.2194
22.08	-17.4074
17.88	-20.141
12.47	-22.659
10.52	-23.6619
6.61	-25.5293
2.85	-27.5426
-2.5	-30.6412
-10.43	-35.2237
-15.18	-37.7458
-20.02	-39.9622
-27.6	-43.1778
-31.19	-45.1534
-34.53	-47.0487
-39.39	-49.4674
-45.49	-52.5943
-50.71	-54.9398
-56.89	-57.3482
-67.14	-60.0159
-74.36	-63.4479
-81.41	-65.0115
-87.64	-65.6731
-88.35	-65.386
-93.34	-65.4793
-99.27	-65.5408
-99.29	-64.754
-100.41	-64.7617
-100.42	-64.5933
-100.49	-64.2244
-100.46	-63.9396
-100.49	-63.6744
-100.48	-63.3928
-100.46	-63.1496
-100.53	-62.8507
-100.49	-62.6344
-100.44	-62.4965
-100.49	-62.3944
-100.49	-62.2944
-100.51	-62.1976
-100.49	-62.4344
-100.49	-62.1944
-100.44	-61.9765
-100.46	-61.8396
-100.56	-61.6855
-100.53	-61.6107
-100.56	-61.5455
-100.51	-61.4676
-100.7	-61.6077
-100.55	-61.5839
-100.46	-61.4596
-100.58	-61.2787
-100.65	-61.1498
-100.6	-61.2818
-100.56	-61.1655
-100.61	-61.3134
-100.6	-61.0718
-100.61	-60.9034
-100.58	-61.1387
-100.55	-60.9239
-100.6	-60.7218
-100.61	-61.0734
-100.56	-60.7855
-100.7	-60.9177
-100.61	-60.9034
-100.68	-60.7345
-100.6	-60.5918
-100.73	-60.6825
-100.68	-60.8445
-100.7	-60.6377
-100.6	-60.6618
-100.6	-60.5518
-100.53	-60.4007
-100.63	-60.6666
-100.61	-60.4834
-100.61	-60.2434
-100.67	-60.463
-100.65	-60.2898
-100.7	-60.3977
-100.63	-60.1766
-100.63	-60.3866
-100.58	-60.2787
-100.63	-59.9766
-100.63	-60.0766
-100.68	-60.0145
-100.7	-60.0177
-100.6	-60.1018
-100.63	-59.9766
-100.67	-60.013
-100.65	-59.9798
-100.48	-60.0528
-100.56	-59.8555
-100.58	-60.0287
-100.51	-60.0176
-100.67	-59.803
-100.53	-59.8907
-100.6	-60.0018
-100.55	-59.8539
-100.72	-59.7109
-100.55	-59.7139
-100.61	-59.6634
-100.58	-59.7587
-100.55	-59.8539
-100.58	-59.6187
-100.65	-59.5998
-99.2	-51.8925
-97.62	-45.4
-96.38	-42.9621
-94.86	-40.2107
-91.85	-34.9725
-90.12	-32.4275
-88.68	-30.9885
-87.3	-29.599
-86.09	-27.0965
-85.73	-26.6992
-84.95	-26.2351
-83.68	-24.9229
-82.01	-23.037
-81.3	-21.5539
-79.82	-20.8982
-78.8	-19.5657
-78.44	-19.3683
-77.34	-18.543
-76.34	-17.3836
-75.74	-16.428
-73.95	-15.2125
-72.76	-13.1227
-70.36	-12.2199
-69.07	-10.224
-66.99	-9.202
-66.64	-8.1861
-64.42	-7.3816
-62.11	-5.2525
-58.51	-1.6172
-54.67	0.4468
-53.48	1.5971
-52.08	2.311
-47.61	4.2963
-45.47	6.8089
-40.92	8.6075
-40.01	9.1633
-37.27	9.8422
-35.55	10.7778
-33.39	12.194
-33.13	12.9557
-29.64	14.2751
-29.15	14.8736
-26.66	15.3729
-24.5	17.8592
-21.06	18.821
-19.97	19.1358
-19.13	19.6805
-18.7	19.8895
-17.41	20.5764
-17.44	16.9916
-16.92	19.0351
-16.27	20.1093
-15.34	21.2485
-14.13	21.6927
-13.53	22.6089
-11.65	23.0206
-11	24.0149
-9.21	24.5821
-7.43	24.7577
-6.23	25.7503
-3.69	27.3278
-1.68	28.1304
-0.18	28.4711
0.13	28.6309
1.58	29.1036
2.61	29.6088
3.47	30.2368
5.87	31.242
7.14	32.3758
10.14	33.6072
10.95	33.8471
13.09	34.8105
15	35.2169
16.29	36.0439
17.65	36.4721
18.67	37.3557
21.75	38.5397
22.89	39.6526
25.66	40.3368
26.32	40.8626
30.37	42.1319
30.93	42.4917
35.17	44.8613
39.81	46.0847
43.54	47.4121
46.35	48.202
49.33	48.8889
50.52	49.2494
51.64	49.9486
53.61	51.0837
55.1	50.252
55.95	50.6979
56.5	51.3459
57.43	51.8746
59.24	52.0539
60.41	53.2809
63.44	54.105
64.27	54.3776
70.3	55.8903
73.26	58.1525
77.03	57.8936
80.79	59.3927
81.67	59.8429
86.56	60.7213
93.19	61.9454
93.42	62.122
94.68	61.4621
98.33	61.5917
99.57	61.7584
99.64	61.5895
100.05	61.4546
100.17	56.2336
99.67	48.0543
98.6	44.2045
96.88	41.7515
94.52	38.4167
94.3	38.0418
94.09	37.6284
91.59	34.5412
89.49	30.0073
88.01	29.2219
85.7	27.6444
84.7	25.5553
82.48	24.4119
82.12	23.1445
77.4	18.3626
73.85	15.5266
73.54	15.1272
69.08	12.2456
66.51	9.1153
64.7	7.3063
61.01	6.1368
56.26	1.7575
53.74	-0.0255
47.59	-3.1795
45.63	-3.9733
44.75	-4.3542
44.01	-4.8227
42.56	-5.3249
38.5	-7.6352
36	-8.7257
34.97	-8.9908
33.86	-9.9987
32.76	-10.415
31.38	-11.0462
30.45	-11.5752
28.68	-12.649
26.95	-13.4764
25.46	-14.2353
24.34	-14.7949
22.54	-15.3536
21.27	-16.1473
19.77	-16.7979
17.89	-17.5894
16.05	-18.8446
13.05	-19.9459
11.61	-21.007
9.66	-21.9399
8.44	-22.9656
4.35	-24.9919
2.51	-25.4272
-2.09	-26.9954
-6.41	-30.2686
-10.6	-31.081
-11.94	-32.226
-13.81	-32.806
-15.7	-34.3792
-20.92	-36.6266
-25.69	-38.8416
-27.64	-36.9543
-27.67	-38.6091
-30.12	-40.2719
-31.19	-41.1334
-34.91	-43.0396
-38.87	-44.3641
-40.37	-45.5344
-47.93	-47.9549
-49.47	-49.4014
-56.1	-50.7419
-58.49	-52.884
-63.63	-54.2854
-68.78	-55.5277
-71.71	-56.3052
-74.55	-57.5482
-78.82	-59.2589
-83.61	-60.6818
-91.47	-61.7921
-94.93	-62.2419
-95.65	-63.3162
-96.27	-62.2047
-99.77	-62.6302
-99.75	-62.277
-100.75	-62.3656
-100.75	-62.1256
-94.3	-39.7815
-91.79	-36.383
-89.67	-33.2159
-88.26	-32.1017
-84.7	-27.3953
-82.99	-24.8131
-80.58	-23.1893
-80.32	-22.8378
-79.27	-21.9506
-78.39	-20.3303
-76.96	-19.6524
-75.7	-18.3816
-74.95	-16.922
-73.5	-16.3808
-71.29	-14.1282
-70.04	-11.9988
-66.37	-9.933
-65.57	-8.4952
-62.52	-6.8081
-60.7	-4.4772
-57.84	-3.2001
-56.48	-1.4927
-53.12	0.4147
-49.97	1.6786
-47.5	4.0439
-45.38	6.3133
-40.16	7.8292
-36.58	10.4728
-35.08	11.8531
-30.62	13.428
-29.81	14.2478
-25.97	15.3835
-23.62	16.9304
-23.13	17.519
-19.18	18.7425
-18.23	20.6849
-12.6	22.8681
-11.89	23.252
-8.09	24.2818
-6.07	26.2159
-4.28	26.8532
-1.76	27.4976
-0.87	28.4004
1.72	28.886
2.27	29.3843
4.08	29.9147
4.77	30.9955
8.83	32.917
10.26	33.6964
13.79	34.6828
15.07	35.9182
19.53	36.7736
20.65	38.0933
24.53	38.9556
25.9	40.4853
30.37	41.6119
31.69	43.0935
38.6	44.9309
42.3	46.9635
47.21	48.6196
49.71	49.4298
54.76	50.5476
56.64	51.9483
63.72	54.0097
71.01	56.0736
76.28	57.1541
82.67	59.5821
90.56	61.0774
95.02	62.3762
96.35	60.5574
101.76	61.6858
101.79	61.1706
101.86	60.9817
101.84	60.6985
101.89	56.8864
98.38	40.1296
96.83	39.1336
95.21	36.1863
92.66	31.9912
90.18	29.877
86.49	25.2201
85.73	24.1392
79.83	19.4398
79.76	18.8786
78.31	18.3676
74.42	13.3775
70.11	9.76
60.19	3.2457
53.66	-0.1083
51.97	-1.4486
46.35	-3.998
42.67	-7.3072
34.6	-11.3601
32.54	-12.1702
25.25	-14.749
20.74	-18.1323
11.79	-20.4581
9.87	-22.9762
3.8	-25.3602
-3.74	-27.2202
-5.78	-29.7175
-10.07	-31.4059
-13.5	-32.5163
-17.01	-33.6994
-17.84	-35.5825
-22.59	-37.2744
-28.04	-39.6984
-32.57	-41.8446
-38.23	-43.4016
-41.44	-45.1
-43.42	-46.5729
-51.41	-48.8
-55.05	-50.024
-60.16	-51.361
-60.32	-51.5865
-64.45	-52.7263
-64.71	-52.9779
-68.38	-54.6
-69.19	-55.4131
-76.2	-57.8813
-81.73	-58.4824
-88.16	-60.8158
-90.28	-60.7029
-93.69	-62.3549
-94.81	-60.9828
-99.18	-61.6366
-99.8	-61.5649
-100.46	-61.4296
-100.44	-61.2165
-100.53	-60.9607
-100.56	-60.5455
-100.53	-60.2307
-95.48	-41.5492
-93.22	-38.9502
-90.48	-34.0347
-86.56	-28.9313
-84.06	-25.1234
-82.53	-24.3298
-80.04	-21.6932
-77.93	-18.357
-74.67	-16.5274
-74.48	-16.0471
-72.71	-15.1848
-69.85	-11.6285
-65.33	-8.2569
-63.63	-5.6354
-58.84	-2.74
-55.06	-0.9556
-52.91	1.8283
-46.95	4.542
-45.71	6.6005
-43.04	7.268
-39.72	8.6297
-38.78	10.0903
-33.01	12.8349
-28.6	14.5418
-26.12	16.9795
-19.9	20.147
-13.93	21.8547
-13.12	22.7847
-7.79	25.5
-6.47	26.4317
-0.92	28.1124
0.15	28.5941
2.47	29.2464
6.39	30.4554
9.88	33.3654
16.57	36.8788
24.13	38.9914
25.96	40.6249
36.29	44.7307
47.66	48.6217
60.48	52.2221
63.67	53.5218
72.33	55.5242
78.86	56.9752
79.52	57.7004
86.85	59.1474
92.9	60.4894
100.03	62.5814
100.79	61.082
107.01	61.8679
114.23	62.7304
114.45	62.2151
116.73	62.6454
119.36	62.7508
120.59	62.875
120.6	62.5965
120.6	62.4665
120.67	62.2976
120.69	62.1007
120.79	61.9765
120.78	61.8049
120.83	61.7028
120.95	61.5518
121	61.4597
120.91	61.2355
121.05	61.1175
121.02	60.9828
121.03	60.8044
121.1	60.7454
121.22	60.7044
121.29	60.6054
121.26	60.6007
121.36	60.4465
121.31	60.5086
121.33	60.3017
121.36	60.5165
121.5	60.3685
121.4	60.3828
121.48	60.2954
121.43	60.2475
121.62	60.0775
121.6	60.0343
121.62	60.0075
121.57	59.8896
121.67	59.7354
121.69	59.6385
121.6	59.7943
121.76	59.7496
121.72	59.6433
121.67	59.4654
121.52	54.2017
121.26	49.1307
120.71	44.0139
119.38	43.214
119.24	43.0619
118.85	42.0003
117.9	40.3603
116.86	37.756
114.37	35.0525
111.49	31.017
109.94	27.9418
108.2	26.9063
104.13	22.6116
101.57	20.1357
99.02	17.8412
96.05	15.3697
93.3	13.4829
90.8	11.4656
88.18	9.189
85.48	7.2094
82.19	5.3057
81.05	4.6441
78.86	2.6052
75.97	0.5246
72.28	-1.2338
70.09	-1.7232
68.08	-3.034
66.04	-4.2897
61.55	-6.4269
58.45	-7.8124
55.45	-9.022
53.16	-9.5583
51.93	-10.585
49.26	-11.5623
45.97	-12.7789
42.51	-13.7129
41.32	-14.4134
39.22	-15.0598
37.5	-15.9254
34.98	-16.5992
32.97	-17.6113
27.56	-19.8986
23.66	-20.964
21.55	-21.7224
18.62	-23.6723
14.1	-25.0875
10.14	-26.6128
4.16	-29.1624
-0.18	-30.5489
-6.43	-33.3418
-9.98	-34.2515
-13.13	-35.2769
-16.92	-37.0249
-18.94	-37.589
-20.51	-38.0108
-24.06	-40.0302
-27.29	-40.8581
-29.72	-42.0777
-32.19	-42.9537
-35.31	-44.5537
-39.18	-45.5838
-42.73	-46.7424
-46.81	-48.0856
-49.98	-49.113
-53.05	-49.9441
-56.91	-51.6314
-60.23	-52.6421
-63.89	-53.8469
-67.04	-54.8999
-70.21	-55.5759
-73.02	-56.2742
-75.98	-57.4662
-81.54	-58.9722
-84.3	-59.6516
-90.31	-61.1977
-100.46	-62.9796
-103.54	-62.9
-105.61	-62.7561
-108.59	-62.4
-111.61	-62
-116.59	-61.2429
-119.2	-60.8961
-119.4	-58.7
-119.4	-58.1
-119.6	-57.7
-119.2	-56.8
-119	-55.5
-118.4	-53.8
-118.2	-52.0461
-114.9	-43.8461
-114.1	-41.6393
-113.1	-39.4
-111.5	-35.6729
-108.6	-31.2361
-106.2	-27.8929
-104	-24.9229
-100.4	-20.7593
-96.2	-16.2
-90.2	-11
-86.6	-7.6
-84.7	-6.3
-80.3	-2.81
-73.1	1.7322
-72.5	2.4608
-64.8	6.872
-60.5	8.9644
-52	13.2
-47.8	14.9
-46.4	15.8
-43.3	16.6
-37.18	19.2
-28.93	22.2
-25	23.8
-21.1	25.3
-12.38	27.9
-9.6	28.5
-0.32	31.3
7.71	33.9
15.72	37.6724
16.65	38.9616
22.32	40.4611
28.16	42.7076
39.62	44.9243
48.33	48.1389
56	49.6459
61.27	50.7983
67.53	53.3782
74.3	54.8384
81.45	56.2178
85.05	55.691
86.36	56.9995
91.52	58.2
97.67	59.6969
101.65	60.5984
104.63	61.2808
106.87	60.1557
113.64	60.9171
120.84	61.9144
122.19	61.5074
122.27	61.31
122.41	61.0621
122.45	60.9584
122.45	60.7884
122.41	60.6421
122.19	52.5174
121.38	45.6296
120.41	43.7265
119.91	42.1276
119.19	40.084
114.88	33.2031
113.28	32.0501
108.2	25.9763
105.89	25.2305
100.43	18.6849
95.74	15.6605
91.82	11.9777
85.58	7.2253
79.03	2.9123
74.05	0.0485
72.26	-0.337
66.27	-4.083
61.87	-6.3058
57	-8.5642
49.71	-11.3502
44.32	-12.903
39.24	-15.2266
34.81	-16.4564
34.04	-16.8598
28.95	-19.3257
24.22	-20.8741
15.95	-23.7507
12.04	-24.998
7.92	-26.3491
3.72	-27.643
0.22	-28.8247
-4.47	-30.4073
-9.6	-32.8505
-18.61	-35.1561
-21.63	-35.9205
-25.19	-37.0414
-32.19	-39.3337
-35.7	-40.1062
-39.23	-41.3218
-43.61	-43.3633
-48.88	-44.3869
-53.74	-46.0945
-60.97	-47.8304
-71.81	-50.9412
-80.63	-53.6
-87.52	-55.1
-92.66	-56.2
-93.9	-56.4282
-99.79	-57.8033
-119	-58.8361
-118	-54
-117	-49.7
-113.3	-41.1
-111.1	-36
-109.2	-32.9
-105.61	-28
-105.63	-27.2
-105.59	-26.3
-104.85	-26.8
-103.1	-25.6
-101.7	-23.4
-97.75	-19.7
-95.62	-17.3
-94.58	-16
-90.64	-12.3
-85.75	-8
-82.15	-5
-79.8	-3.2
-76.41	-1.5
-72.65	0.9
-67.12	4.5
-63.08	6.9
-59.29	8.9
-55.2	11
-52.53	12
-50.31	13.2
-46.49	14.9
-41.8	16.2566
-38.35	18.1
-35.46	18.7523
-33.86	19.8687
-30.81	20.5275
-27.81	21.3885
-23.88	23.0487
-19.37	25.332
-13.99	26.4651
-12.12	27.2451
-9.31	28.496
-6.79	29.4
-2.85	30.7326
0.41	31.9858
7.94	34.5341
12.74	36.1343
21.22	38.3847
25.27	39.7942
29.87	41.3618
36.17	43.1215
44.66	45.5214
52.55	46.9542
55.72	47.6012
59.62	48.9146
63.65	50.2086
67.03	51.0983
71.44	52.8022
76.29	53.7456
86.73	55.8183
93.16	57.2607
99.41	58.4231
108.48	60.1307
108.92	58.9303
113.14	59.768
116.9	60.1523
117.19	59.5081
120.74	59.8286
120.69	59.6907
120.62	59.4997
120.53	53.3255
119.86	45.2197
118.95	42.6661
118.85	42.2403
118.66	41.4503
114.95	33.7342
110.77	28.9731
109.61	27.4395
102.48	20.59
98.97	17.7632
92.32	12.3272
82.29	4.8116
78.45	2.0999
70.99	-1.3996
63.53	-5.6906
57	-8.9742
45.91	-12.9585
40.74	-15.5463
35.09	-17.5115
30.69	-18.7768
27.25	-19.6383
25.65	-17.1348
24.8	-19.6511
24.25	-20.5293
18.29	-22.1053
15.71	-24.1692
13.98	-24.2467
12.76	-23.5125
12.67	-23.1469
12.5	-23.0342
12.54	-22.7178
12.47	-22.729
12.45	-22.4522
12.41	-22.3586
12.45	-22.3222
