"Saatcioglu, 1999, Specimen RC-7"	
3294	
-0.06	-1.108906387
-0.02	-1.212968796
-0.01	-0.421484398
2.08	16.94875424
3.08	22.74719289
3.46	23.08359932
3.51	23.91102121
3.63	24.37883372
3.92	25.35188056
4.06	27.06266176
5.14	30.73297285
5.73	32.27054938
6.28	33.66218791
7.16	36.9328082
7.64	38.20405485
8.28	39.67904946
8.52	41.05467215
9	41.43591703
9.07	42.06630685
9.33	42.62489747
9.49	42.61864545
9.73	43.51426725
9.85	43.77207809
9.93	43.09395195
10.04	43.35027847
10.05	43.2817627
10.09	43.18769961
10.11	42.64066806
9.09	28.08927536
7.83	20.59225649
6.35	13.03257822
4.56	6.25688008
-0.9	-14.84359576
-2.97	-21.87086468
-3.09	-22.74867727
-3.59	-23.48289622
-4.26	-26.89234913
-4.9	-27.36734832
-6.24	-32.21625058
-6.71	-33.21601395
-7.17	-34.79429251
-7.98	-36.09452088
-9.38	-39.71231873
-9.67	-40.95536182
-9.86	-40.36356232
-9.96	-40.75840464
-10.07	-41.05473115
-10.1	-40.74918383
-10.15	-40.57660495
-9.84	-33.95059385
-8.96	-25.54997998
-8.36	-23.47092371
-7.19	-18.08726113
-6.93	-16.63866897
-6.66	-15.45859234
-5.57	-9.686799872
-4.52	-5.360942627
-3.38	0.628275702
-2.83	1.679916686
-0.26	11.53140566
0.56	14.89312627
1.13	16.63773688
1.98	20.72391034
2.75	22.41820824
3.13	24.0946148
3.22	25.07797423
3.75	26.08664622
4.82	30.30547346
5.46	32.47047206
6.01	33.45211089
7.09	36.81241801
7.26	38.2576513
7.56	38.57218045
7.99	39.25600517
8.38	40.28389227
8.61	41.03803062
8.83	41.86068455
8.88	42.31810587
9.42	43.70825572
9.61	43.90645637
9.76	44.40871997
9.95	44.78692041
10.02	44.58731002
7.99	23.57600517
6.23	15.56476625
3.09	2.938677273
2.56	-0.279995096
0.37	-8.185077283
-0.33	-9.838985127
-2.56	-18.0900049
-5	-26.03219189
-5.36	-27.80562858
-6.09	-29.60398557
-6.97	-32.56460624
-7.57	-33.92366475
-8.29	-35.79053375
-8.4	-36.42686083
-8.77	-37.48177894
-9.52	-39.35309818
-9.46	-39.54419271
-10.31	-41.40035249
-10.39	-40.92222623
-10.36	-40.57777358
-10.22	-36.04699451
-9.45	-28.62270846
-8.72	-24.4543576
-8.62	-23.91951489
-7.64	-19.84405485
-7.6	-18.59811765
-7.02	-16.96202781
-5.97	-11.67617354
-3.33	-0.394302403
-2.5	3.068901419
-0.61	10.54945174
1.29	17.4814872
1.79	18.31570689
2.73	22.14523947
3.22	23.55797423
3.53	25.08398996
3.84	26.03000558
4.06	26.27266176
4.54	28.20391135
4.68	29.08469242
5.08	29.97406673
5.27	30.51226943
5.44	31.64750337
6.01	32.93211089
6.18	34.19734458
6.56	35.2237491
7.16	36.5528082
7.4	37.9584316
7.59	38.54663335
8.16	39.63123806
8.56	41.17060925
9.07	42.55630685
9.31	43.03192897
9.66	44.12387758
9.76	44.20871997
9.81	44.31614115
9.9	44.53949925
10.09	45.04769961
10.11	44.70066806
9.93	38.27395195
9.52	30.35309818
1.79	-2.254293109
-4.55	-24.93539572
-7.55	-33.48069615
-10.19	-41.24254185
-10.31	-40.71035249
-10.33	-40.40332093
-9.86	-32.44356232
-9.77	-30.4602042
-9.48	-28.4571612
-8.86	-24.36513734
-8.24	-22.62311233
-7.67	-19.84850775
-7.57	-19.97366475
-7.6	-19.87811765
-7.53	-19.92772754
-7.57	-19.97366475
-7.57	-19.90366475
-7.55	-20.11069615
-7.6	-20.07811765
-7.53	-19.92772754
-7.6	-20.00811765
-7.55	-20.00069615
-7.45	-19.50585312
-6.57	-14.44523342
-6.26	-13.95921924
-4.05	-3.191177387
-1.8	4.552808716
2.41	20.06773909
3.61	25.09586497
3.96	25.76781805
5.01	29.78367624
5.51	30.9978938
5.99	32.96914221
6.28	34.66218791
7.13	35.92835526
8.25	41.15459662
9.07	42.10630685
10.07	45.38473115
10.76	46.66714196
11.02	47.6657311
12.02	49.77414846
12.57	50.5857763
12.78	51.78694296
13.45	52.12637815
13.86	53.77722555
14.95	55.20898671
15.77	56.36067465
15.81	56.74661056
16.46	57.50306784
16.53	58.06345541
17.08	58.41507106
17.29	59.62623294
18.17	60.71681323
20.25	63.12543825
20.77	64.55259
21.15	63.84896892
21.2	63.33638713
21.05	54.90413246
20.05	46.935764
19.25	45.37706434
17.98	41.56862016
17.67	39.80262046
17.17	39.20842619
16	35.384806
15.76	33.96919068
15.52	33.45357504
15.07	32.76679491
14.65	31.45446587
14.38	30.21439673
14.12	29.5158113
13.83	29.06277333
13.09	25.82295053
12.85	25.3373318
12.23	24.3853156
11.66	22.50071866
11	20.10276271
10.47	19.43409994
8.45	12.14428222
7.92	11.78561513
7.13	8.598355261
6.25	6.747734911
5.37	3.657112926
1.17	-10.30632554
0.92	-11.27343544
0.68	-10.47906096
0.68	-10.30906096
0.65	-10.24351416
0.67	-10.17054536
0.58	-10.11390494
0.58	-10.04390494
0.56	-10.15687373
0.51	-10.02429572
0.55	-10.80835813
0.42	-11.82765529
-1.37	-18.50336236
-1.73	-18.82680054
-4.36	-27.55719279
-4.69	-28.39617678
-5.33	-29.18117553
-6.05	-32.35804823
-6.71	-32.79601395
-7.98	-37.70452088
-8.69	-39.04990479
-9.33	-40.45489747
-10.22	-43.27699451
-11.15	-44.79502557
-12.01	-46.44266431
-12.82	-47.59287944
-12.98	-48.78662531
-14.75	-52.2193062
-15.84	-52.90106249
-16.25	-54.65190497
-17.23	-55.03732958
-17.51	-56.24887845
-18.06	-56.85049095
-18.3	-56.29610311
-18.87	-57.62068054
-18.9	-56.62513192
-18.9	-56.48513192
-18.97	-57.18551847
-19.27	-57.65003189
-19.4	-58.34932085
-19.8	-58.71867082
-20.14	-59.04911745
-20.25	-58.61543825
-20.28	-58.23988936
-20.28	-57.89988936
-20.3	-57.83285677
-20.3	-57.80285677
-20.32	-57.76582417
-19.77	-50.69421961
-18.7	-43.2954559
-18.22	-42.08423243
-17.44	-40.14849127
-16.91	-38.34984459
-15.6	-35.32544695
-14.37	-30.73291268
-14.12	-29.3558113
-13.51	-28.8152827
-13.08	-27.03146642
-12.08	-23.22305338
-11.67	-21.75220283
-11.17	-20.98799395
-10.86	-20.15198397
-10.62	-19.04636309
-9.77	-17.3402042
-8.69	-13.24990479
-8.28	-12.21904946
-7.81	-11.9092879
-6.04	-5.756563895
-5.78	-4.717971085
-5.04	-3.158129307
-4.61	-1.544301891
-4	1.096244465
-3.35	2.872728839
-2.93	4.315072848
-2.49	5.690385806
-1.54	7.731402938
-0.76	10.66718579
-0.56	9.666873731
-0.57	9.625389333
-0.59	9.522420539
-0.59	9.562420539
-0.57	9.565389333
-0.61	9.519451744
-0.61	9.419451744
-0.56	9.496873731
-0.54	9.529842525
-0.49	9.577264512
-0.57	9.525389333
-0.47	9.540233307
-0.56	9.526873731
-0.45	9.543202102
-0.52	9.57281132
-0.02	13.3970312
0.37	14.48492272
1.15	16.16070567
4.27	26.0238335
4.89	27.80586396
5.21	29.33336332
5.64	30.77719029
6.18	31.57734458
6.97	33.69460624
7.28	35.15061991
7.9	36.04264655
8.85	39.11365308
9.18	39.36263368
9.52	40.03309818
9.88	41.15653079
10.14	42.09512073
10.83	43.05753137
11.42	44.83509851
11.5	45.04697192
12.14	46.04195828
12.67	47.53061759
12.81	47.83139532
13.22	48.0922439
13.74	49.27941664
13.79	49.65683703
14.26	50.00658811
14.86	51.2656305
15.48	53.14763907
15.77	53.68067465
16.52	54.27197147
16.96	55.78726416
17.39	56.74107185
18.15	57.37384555
18.48	57.90281199
18.5	58.59577963
19.53	59.53860971
19.53	59.91860971
19.82	59.82163829
19.91	60.04499187
20	60.3683454
19.98	51.30537795
18.38	44.03797375
17.81	42.47339459
16.03	36.1792579
15.58	35.52247898
13.84	29.4142574
12.81	27.50139532
12.35	25.64312531
12.23	24.8953156
11.76	23.93556032
10.67	20.53378413
10.07	19.34473115
8.04	12.35342661
7.23	11.54319837
5.77	6.916486743
5.75	7.60351806
2.35	-3.611167237
-0.16	-12.18375037
-0.76	-13.34281421
-1.32	-15.32594039
-2.35	-18.81883276
-3.07	-20.16570851
-3.42	-21.73766181
-3.78	-21.79109934
-3.9	-22.66891182
-3.95	-23.91633368
-4.66	-24.4717237
-6.1	-29.84546991
-7.9	-33.35264655
-9.38	-36.95231873
-13.12	-44.94740286
-13.44	-46.82489406
-15.36	-50.27983112
-16.17	-50.95003334
-16.32	-51.97229262
-17.11	-52.56952278
-17.2	-53.17287788
-17.87	-54.20229775
-17.99	-54.97010401
-18.46	-55.45984434
-18.8	-55.89029394
-19.01	-56.61145363
-19.75	-57.65125213
-20.01	-58.78982912
-20.33	-58.21730787
-20.35	-57.87027527
-17.25	-39.33029737
-15.34	-33.42686312
-14.65	-31.73446587
-10.96	-19.99682593
-10.51	-18.96003679
-4.92	-4.070317036
-2.78	2.957338609
-1.35	8.33960643
-0.61	9.899451744
0.36	13.42343832
2.92	21.76344277
3.37	22.34023992
6.06	30.97953257
9.78	40.45168844
11.14	43.34354138
11.83	44.06594946
12.85	47.0373318
14.15	48.68026348
16.15	52.97706543
16.48	54.12603572
17.48	55.99442681
18.12	56.15939402
18.67	57.34100448
18.69	57.8339721
19.1	58.44480769
19.27	58.74003189
19.75	59.19125213
20.01	59.53982912
20.01	59.26982912
19.55	48.31157721
17.45	40.89997516
17.36	39.85662018
16.43	37.71861602
15.45	33.81318709
15.02	32.50937484
14.4	31.90736483
13.28	27.88114851
12.79	26.11842708
12.35	25.64312531
11.24	21.95838325
10.43	20.04816309
5.94	6.771720522
4.44	2.349067716
3.34	-0.434213218
2.16	-3.849370633
-1.81	-16.01867568
-3.09	-20.02867727
-3.37	-21.28023992
-3.74	-22.16516185
-4.09	-23.34711487
-4.43	-24.50758335
-5.05	-25.48961366
-5.54	-26.84234683
-5.6	-27.64125291
-6.19	-28.23882892
-6.76	-29.88343555
-6.71	-31.31601395
-7.79	-32.85631931
-8	-34.05748946
-8.83	-35.97068455
-9.14	-36.94669665
-10.27	-38.80441562
-10.76	-40.35714196
-11.81	-42.10298114
-12.41	-43.81203015
-13.24	-44.48521211
-13.53	-45.21825087
-13.89	-46.51167777
-14.58	-47.16407761
-15.11	-48.58273097
-15.3	-49.37092711
-15.86	-49.90403043
-16.49	-51.02751966
-16.65	-51.95126261
-17.49	-52.79591069
-18.22	-54.90423243
-18.97	-55.53551847
-19.04	-55.88590499
-19.34	-56.35041827
-19.54	-57.00009346
-19.8	-57.61867082
-20.11	-57.7346663
-19.18	-45.53667792
-18.72	-43.84842352
-17.44	-39.86849127
-16.79	-37.95203757
-15.73	-34.48473874
-14.99	-32.58492278
-13.74	-28.11941664
-12.36	-24.06460945
-11.55	-22.21439278
-10.5	-18.57855258
-7.76	-11.25186642
-6.83	-9.563825794
-4.28	-0.875317864
-3.59	0.227103779
-2.8	3.544369839
-1.78	5.555777501
-0.01	11.2985156
0.11	12.34632838
0.44	14.0153135
1.03	14.76289292
3.53	23.15398996
4.18	25.15047419
4.52	25.89094263
5.37	27.53711293
5.82	29.11390845
6.18	29.95734458
6.4	31.05999986
6.51	31.52632747
6.94	32.52015329
7.45	33.52585312
7.88	34.27967796
7.92	34.55561513
8.54	36.2076407
9.02	37.57888555
9.47	39.33567696
10	40.45434156
10.38	41.16074201
11.11	41.81908882
11.85	43.78891779
12.62	45.73319695
13.05	47.13701409
13.9	47.85316184
15.12	50.51421498
15.64	51.1113829
16.2	52.29448521
16.84	54.34945717
17.89	55.40526546
19.7	59.67383342
23.68	64.1543067
23.85	64.75952525
24.96	65.54418175
25.32	66.49758166
26.61	67.78892209
27.59	67.69427153
28.18	68.61177353
28.87	69.05410217
29.56	70.33642616
31.12	71.24774968
31.92	71.23636728
33.95	72.28732808
34.71	73.39999105
34.9	72.25815574
36.15	72.48343905
36.55	72.4327257
37.83	72.80242963
38.34	72.698009
38.55	72.62912893
39.03	72.63025806
39.5	72.97990239
39.82	72.88731812
39.84	72.68028155
39.88	72.48620841
40.01	72.60547055
40.05	72.37139732
40.08	72.16584238
40.08	71.85584238
40.13	70.41325079
39.39	59.83360291
37.7	55.10316377
36.6	51.9401364
35.88	50.90341944
34.81	48.54481463
34.17	47.23994173
33.69	45.30878396
33.29	44.9094838
32.81	43.79832125
32.09	42.11157264
31.95	41.57081531
31.38	41.10630115
30.69	39.35398993
27.54	33.95685595
27.4	33.52609222
26.42	31.86074108
25.58	30.84614756
25.46	29.71834798
24.23	28.43589528
23.47	26.53315406
21.84	24.39133854
21.11	23.08303435
20.55	21.5799491
19.06	19.87887256
18.43	18.03539287
17.22	16.71584568
16.34	14.79526052
13.35	8.491537203
11.66	4.620718659
9.73	0.964267253
7.35	-4.388989934
3.25	-13.26757263
2.47	-14.69335458
0.96	-19.42749786
0.2	-20.44031204
-0.09	-19.55335958
-0.42	-21.39234471
-1.68	-25.08937857
-2.14	-26.02766059
-2.93	-27.55492715
-4.74	-31.82359858
-5.92	-35.53875185
-6.72	-36.27749827
-8.4	-41.21686083
-10.12	-43.50215228
-10.69	-45.06675254
-13.03	-49.51404587
-13.58	-50.42567131
-14.67	-52.30743394
-15.8	-53.20512658
-17.3	-56.28771684
-18.82	-58.09326155
-19.32	-59.27745073
-19.56	-60.06306096
-20.89	-61.40039398
-21.13	-61.95600164
-22.14	-62.89584598
-23.14	-63.42419919
-24.12	-63.59957776
-24.8	-63.91044811
-25.23	-64.87423178
-25.85	-65.54619615
-28.12	-65.50287517
-29.05	-66.68079583
-30.07	-67.51205389
-32.03	-68.77267667
-33.38	-69.3528265
-34.55	-69.83627309
-36.2	-70.53084998
-37.04	-70.96534917
-37.32	-71.55684694
-39.96	-72.21806207
-40.34	-71.31436573
-40.59	-70.90140655
-40.61	-70.59436978
-40.59	-70.01140655
-40.61	-69.63436978
-40.59	-69.28140655
-40.65	-68.98029622
-40.78	-68.479557
-40.8	-68.21252017
-40.8	-68.21252017
-40.8	-68.04252017
-40.8	-68.04252017
-40.82	-67.83548334
-40.8	-67.86252017
-40.8	-67.66252017
-40.49	-61.06659033
-39.59	-54.5932382
-38.56	-53.13061082
-37.27	-49.3594367
-36.22	-47.86381435
-34.34	-43.20514281
-33.58	-42.30247659
-31.5	-37.58409389
-30.15	-34.76391683
-29.21	-33.41452327
-28.88	-32.16558516
-27.91	-31.36173065
-26.38	-28.3848082
-25.12	-26.67791518
-23.81	-24.4835915
-22.19	-22.35326382
-21.73	-20.79501898
-15.68	-11.38731883
-15.41	-10.10725111
-14.32	-8.84549243
-13.86	-7.157225551
-10.67	-2.063784125
-10.31	-0.570352493
-9.41	-0.156771472
-9.31	0.548071028
-8.46	2.054233505
-5.17	8.882574093
-3.37	12.41976008
-1.33	16.82257522
-1.09	18.09820071
-0.28	18.62843686
1.54	22.82859706
1.58	23.14453464
2.29	24.24992643
2.85	26.22305208
3.85	27.51148996
3.9	28.06891182
5.11	30.00851979
5.77	32.06648674
8.23	35.81162805
9.33	37.07489747
10.59	40.50191047
11.85	41.20891779
12.55	43.20280804
14.14	44.78877942
15.21	46.87757107
15.5	47.12060706
16.84	48.24945717
17.17	49.50842619
18.38	51.44797375
20.13	52.46763373
20.58	53.63440015
23.68	56.3343067
24.18	57.78847824
25.25	58.94719843
26.35	59.90035853
26.64	60.35337169
27.99	61.10359527
28.11	61.43139211
28.61	62.19554409
30.16	63.15539969
30.25	63.57874541
31.33	64.49888746
31.61	65.23040377
33.38	67.0428265
36.27	68.64122525
36.88	69.11163571
37.86	69.83687557
38.08	70.07947876
39.15	70.23803987
39.38	70.44212114
39.89	69.99769012
39.03	54.89025806
38.01	53.52910508
36.67	49.68051132
35.86	47.90045499
35.47	46.50264725
33.31	42.77244885
32.62	40.88015203
32.28	39.75974296
31.45	39.29668026
28.66	33.50295915
27.33	32.27571029
23.49	26.49612099
12.04	7.027116766
11.02	5.735731098
7.37	-1.186021321
5.04	-6.901870693
3.65	-9.008197524
1.6	-14.34249658
-0.25	-16.57710995
-2.35	-21.74883276
-6.23	-29.38476625
-7.41	-30.1799159
-9.86	-34.81356232
-14.77	-43.50227426
-16.25	-44.48190497
-21.28	-51.53825622
-25.83	-56.00322961
-29.91	-60.56832783
-31.26	-61.52850825
-31.7	-62.55374812
-32.96	-63.26055982
-34.68	-65.30554396
-36.99	-66.09793875
-37.99	-66.93614116
-38.58	-68.09357459
-40.52	-68.65103521
-40.96	-68.99622538
-40.97	-68.54770695
-40.99	-68.27067007
-39.99	-55.89250716
-38.96	-54.25988525
-38.65	-52.94394775
-36.01	-47.48268825
-35.1	-45.82780233
-32.67	-40.12756502
-31.74	-39.30967892
-30.12	-34.92946824
-29.28	-34.42490395
-28.24	-32.55067185
-27.78	-31.31245049
-24.78	-26.69748139
-23.78	-25.88914117
-21.56	-22.14979766
-18.59	-17.12913398
-17.77	-16.69745913
-15.89	-12.41848235
-15.05	-12.05382688
-13.77	-9.903868871
-3.42	10.27233819
-2.73	11.65476053
-0.66	15.71202976
0.3	17.78453193
2.6	22.81594245
3.11	23.44164604
5.44	28.88750337
6.73	30.48898259
9.12	34.39372814
10.88	38.34495236
12.54	40.0313239
15.48	44.32763907
16.69	46.09719832
16.91	46.77984459
18.26	47.71016777
19.6	49.41899597
19.84	50.49460575
21.06	51.32561611
21.91	52.90172367
23.39	53.70128629
24.3	54.59627911
25.18	56.38681516
26.4	57.59777464
27.68	58.3076195
28.33	59.95401927
30.23	61.4057797
32.12	62.57602061
32.83	64.13128641
34.45	64.68144921
35.07	65.87335537
37.36	67.73277511
38.88	68.50803053
39.03	67.94025806
39.72	67.73250085
40.17	68.14917749
40.2	67.70362251
38.6	53.68653836
35.88	47.42341944
34.88	45.65519106
34.04	43.5306701
33.79	42.32360871
32.67	41.22756502
30.68	36.42250712
29.54	35.42346032
29.35	34.39528457
28.75	34.10630621
27.83	32.51986596
25.66	29.36801388
24.75	27.41303131
23.1	25.50826521
22.32	23.53255012
20.79	21.82555733
20.49	20.61104698
19.56	19.88306096
18.07	16.6319748
13.28	9.411148513
12.4	7.280546011
10.19	2.922541847
8.57	0.722093524
0.8	-14.7012482
-0.37	-16.56492272
-2.45	-21.45367664
-5.92	-27.30875185
-7.57	-30.65366475
-9.64	-34.4409091
-14.43	-42.28181697
-15.94	-43.1659022
-17.68	-46.07410433
-19.15	-47.36222659
-22.61	-51.52557294
-24.8	-54.43044811
-26.54	-55.48853965
-29.09	-58.68672772
-31.24	-60.31554275
-32.48	-62.46939551
-34.46	-63.5529316
-34.62	-63.84664974
-35.86	-64.41045499
-36.67	-65.08051132
-37.72	-65.85612776
-38.39	-66.92541856
-39.01	-67.25729441
-39.32	-67.78323044
-39.65	-67.01212868
-40.2	-65.19362251
-36.44	-48.09642207
-35.29	-46.03596614
-34.43	-44.83848442
-33.44	-42.83172157
-32.57	-41.46273901
-30.6	-37.10064462
-29.52	-35.01049447
-28.76	-32.89778921
-27.98	-31.9921122
-26.64	-30.07337169
-25.8	-28.4287798
-23.85	-26.62952525
-23.23	-24.7775506
-21.78	-23.22243697
-20.71	-21.88368797
-20.09	-21.04169887
-19.35	-19.24190203
-18.44	-17.3168767
-17.66	-15.92113659
-17.2	-15.30287788
-16.48	-14.88603572
-15.73	-13.56473874
-14.89	-11.79008257
-14.49	-10.73072124
-13.46	-9.747862241
-12.87	-8.150300038
-12.44	-6.98648256
-11.08	-5.194636248
-10.22	-3.446994513
-9.5	-1.720129694
-8.53	0.693843573
-7.71	1.265555059
-6.88	3.108752614
-6.33	4.470390441
-5.5	5.483590551
-4.86	6.818589109
-4.49	8.423510463
-2.99	10.71616655
-2.9	11.559526
-2	12.83312088
-0.42	16.02765529
0.34	17.28046952
1.79	21.00570689
2.85	22.81305208
3.61	24.51586497
4.9	26.49734832
6.23	29.52476625
7.38	30.62546298
9.78	35.32168844
10.3	36.39886827
11.11	36.75908882
13.09	40.91295053
13.67	41.57902807
14.71	42.25337007
15.88	44.25699838
16.72	45.7516501
18.82	47.65326155
20.05	49.835764
21.91	51.04172367
23.53	52.55205485
24.65	53.99819763
25.28	55.67164839
27.87	57.88579831
28.52	59.08219691
30.5	60.4758164
30.81	61.14178354
32.04	62.15415933
33.91	63.60139826
34.17	63.91994173
35.83	64.61600831
36.83	66.27422519
38	67.51762312
39.29	68.25878507
41.22	69.16474559
41.62	69.84400561
43.92	71.28470641
49.85	72.68274992
51.26	72.92144134
53.28	73.02035748
54.83	73.10967417
56.41	73.82338342
56.98	72.46768464
59.27	72.38630482
59.48	72.00735213
60.39	71.97188019
60.48	71.74518425
60.26	60.96266292
59.1	55.75117064
58.27	55.04844843
56.38	50.62894634
55.86	50.11203426
53.74	45.96841733
53.54	45.28882656
52.47	43.89050374
51.8	41.86135666
51.04	41.4688818
50.4	39.96415841
49.66	37.9546258
47.89	36.49259861
47.13	35.0000741
46.2	33.76236714
45.44	33.02982238
44.85	31.80244599
44.48	30.98764792
43.11	29.37472922
42.41	28.96103752
41.39	27.49993137
40.69	26.36622264
39.96	25.04806207
38.69	24.51987524
30.49	14.68433357
29.3	12.85786985
27.78	11.77245049
26.82	10.35006913
24.84	8.166381544
23.91	6.718425861
22.03	5.819526659
20.15	2.850601159
19.15	2.982226589
17.81	1.333394586
14.55	-2.490374512
13.4	-4.491042318
12.73	-5.660477658
11.43	-6.363417314
9.25	-9.996976542
9.14	-10.29330335
8.09	-11.61915195
7.61	-13.03039805
6.39	-14.42148446
6.09	-15.32601443
4.49	-16.42351046
3.51	-18.28897879
2.53	-19.61444826
2.41	-20.52226091
1.65	-21.15507461
1.27	-22.48148159
0.13	-23.76070283
-0.09	-22.89335958
-0.16	-22.80375037
-0.2	-22.80968796
-0.2	-22.69968796
-0.54	-23.89015747
-0.61	-24.35054826
-1.52	-26.34562827
-3.02	-28.4282866
-3.9	-30.51891182
-4	-31.26375554
-4.59	-31.66133317
-5.31	-32.58820683
-6.14	-33.58140725
-6.9	-34.68421602
-8.43	-38.05131366
-9.43	-39.60973997
-11.08	-40.78463625
-12.22	-42.50383146
-12.94	-43.82068885
-13.22	-44.1422439
-14.46	-45.0462691
-15.6	-46.48544695
-16.41	-47.78564813
-17.13	-48.54249058
-18.23	-49.73571627
-18.27	-50.16165161
-20.04	-52.00428028
-20.49	-52.66104698
-21.42	-53.24902701
-22.54	-53.61518818
-22.66	-53.8729906
-23.93	-55.41139272
-24.71	-55.96709785
-25	-56.36011513
-25.54	-56.37021438
-26	-57.3384451
-27.12	-58.50456422
-27.98	-58.8021122
-28.64	-59.51999313
-30.29	-60.31467681
-30.88	-61.64216308
-32.36	-62.34160403
-33.63	-63.28988905
-34.6	-64.08368499
-35.29	-64.70596614
-36.44	-65.29642207
-38.11	-66.2239246
-38.82	-67.08913944
-39.78	-67.58139123
-40.99	-68.76067007
-44.8	-69.63504096
-45.88	-70.27498096
-47.28	-70.27228362
-48.33	-70.66774012
-50.5	-71.7189594
-52.52	-71.80790245
-53.17	-72.55408174
-53.76	-70.92137636
-54.72	-71.34340153
-55.91	-71.54942988
-56.12	-71.75049094
-57.22	-71.36317803
-57.32	-70.79796661
-58.01	-71.24000252
-58.34	-71.45879902
-58.82	-71.0897719
-59.23	-71.59039095
-59.73	-70.18431206
-59.82	-69.50761732
-59.84	-69.86057402
-59.91	-69.28092242
-59.91	-69.08092242
-60.28	-69.88561945
-60.7	-70.39770458
-60.77	-69.47805175
-60.75	-69.44509543
-60.75	-69.26509543
-60.75	-69.02509543
-60.8	-69.24248622
-60.77	-68.85805175
-60.82	-68.76544253
-60.77	-68.82805175
-60.73	-68.3021391
-60.35	-61.69596722
-60.18	-57.92083674
-59.8	-57.06466061
-58.79	-54.16533623
-57.72	-52.00711899
-57.34	-50.9909243
-56.82	-50.80402177
-55.89	-48.25647164
-55.31	-46.9006794
-54.89	-45.83855005
-53.6	-44.05770387
-52.86	-42.22821256
-52.55	-41.56234166
-51.65	-40.83915847
-50.64	-38.55968051
-50.12	-37.03271473
-49.62	-36.91870485
-48.59	-34.94623135
-48.19	-33.95701362
-47.12	-33.65859346
-46.26	-32.57125187
-45.69	-31.10684467
-45.52	-31.18166962
-44.21	-29.53765885
-43.97	-28.33211209
-43.32	-28.51583534
-41.73	-26.04030172
-41.44	-24.99733888
-40.59	-24.94140655
-39.61	-23.7262017
-38.35	-22.01949091
-37.87	-20.88835754
-37.03	-20.96386708
-35.06	-18.57187305
-33.94	-16.57584563
-33.69	-15.43878396
-32.2	-15.25788182
-31.98	-14.22526333
-31.41	-14.45074935
-30.41	-12.44247092
-30.41	-12.92247092
-28.95	-11.60596606
-27.52	-9.153889717
-27.36	-9.880159695
-25.54	-7.720214383
-25.09	-6.103465179
-23.8	-6.122108055
-22.32	-3.592550116
-22.11	-3.801395261
-20.04	-1.804280283
-19.4	-0.609320851
-18.7	0.324544097
-17.77	2.042540868
-16.13	2.53590249
-13.43	6.066590037
-12.58	8.09273957
-10.55	9.354026368
-9.62	10.97205938
-9.02	12.20111445
-7.79	13.62368069
-6.64	14.69437631
-3.88	18.44405692
-2.75	20.16179176
-1.95	21.72054284
-0.56	23.20687373
-0.23	21.97585885
-0.09	22.06664042
0.67	25.03945464
2.22	27.02953571
3.32	28.78281802
4.11	30.38008361
5.58	31.55828422
6.85	33.71679443
7.23	34.73319837
9.4	36.19528722
10.24	37.51996296
10.83	38.67753137
11.33	39.03174089
12.19	39.53937902
13.5	41.00379861
14.03	42.11245473
15.36	43.10983112
16.2	44.54448521
17.31	45.01920073
17.77	46.11745913
19.01	46.51145363
20.17	47.88356858
20.96	49.17077959
23.63	50.29688944
25.06	51.81901517
25.25	52.11719843
26.8	52.79710276
27.45	53.92350786
28.97	54.45893202
29.16	55.31710848
30.71	56.02695554
32.19	56.49639917
33.23	57.09058862
34.33	58.4936604
34.57	58.83923785
35.98	59.39824162
36.9	60.77459991
38.53	61.56616515
40.91	62.70881754
42.92	63.55658503
43.96	64.06063096
44.6	64.94542049
46.75	66.19380839
49.45	67.00354054
50.01	67.57643292
52.81	68.74081414
55.5	70.00878445
59.46	70.62439528
59.57	69.78065785
60.46	69.6722278
60.41	61.87483666
58	52.76852381
56.12	49.11049094
55.74	48.8142846
55.16	46.83849072
54.86	46.55411212
51.75	40.6839573
50.57	39.05932
49.45	37.23354054
49.11	37.18321046
48.2	35.74849409
47.46	34.21893457
47.09	33.4441515
45.75	32.69572987
44.73	30.88467387
44.22	29.29913995
42.77	28.66436556
40.62	25.11585139
38.45	23.03430999
38.08	22.25947876
36.96	21.71349248
34.52	17.76182594
27.01	9.968249449
21.82	4.74837135
20.67	2.407753267
19.05	0.857388771
16.14	-1.364418532
15.93	-2.185581769
13.98	-3.164965601
13.6	-5.081360517
11.21	-6.576069306
10.07	-8.465268847
9.57	-9.189480596
6.75	-13.22804877
4.61	-15.51569811
3.84	-17.13999442
2.34	-18.67265163
1.72	-19.21468386
0.92	-19.67343544
0.65	-21.09351416
-0.63	-22.18351705
-1.13	-22.97773688
-2.61	-24.60742684
-2.71	-25.3122707
-3.92	-26.29188056
-4.35	-27.76570843
-5.64	-29.43719029
-6.88	-30.79124739
-7.34	-31.78952576
-9.29	-33.24896047
-11.51	-36.64845609
-13.39	-38.78747359
-14.01	-39.4294866
-15.87	-40.84551441
-16.56	-42.18790722
-18.2	-43.63126475
-19.82	-45.15163829
-21.37	-46.45160888
-22.4	-47.11441854
-23.38	-47.81980281
-24.61	-48.72226414
-25.24	-50.05571511
-27.05	-50.25418211
-27.71	-52.00206881
-29.24	-52.91897214
-31.08	-53.19181862
-31.5	-53.63409389
-32.91	-55.53314699
-33.81	-55.97657365
-36.34	-56.76160045
-36.46	-57.19938638
-37.84	-57.71391161
-39.35	-58.34767579
-40.7	-60.09770424
-41.37	-60.57696836
-43.66	-61.98619627
-44.68	-62.44726875
-46.81	-63.4526926
-49.05	-64.61432848
-50.76	-65.34744118
-52.12	-66.30871147
-54.08	-67.07871996
-57.49	-67.82310675
-59.23	-68.18039095
-59.29	-67.49926174
-60.22	-67.22674985
-60.3	-65.75857596
-57.87	-51.43930034
-57.03	-50.45507919
-54.08	-43.67871996
-53.14	-42.50964286
-52.14	-40.88167109
-51.03	-38.81740181
-50.41	-37.10563852
-50.07	-36.30531393
-48.52	-34.24586843
-47.9	-33.32407914
-47.35	-31.86264794
-45.81	-30.36461502
-45.26	-29.18316574
-44.09	-27.55988558
-43.45	-26.94509119
-42.26	-25.38881696
-41.46	-24.03030187
-38.85	-21.92358499
-38.06	-20.35651486
-36.61	-18.94161853
-36.08	-17.89306368
-31.48	-13.25112844
-30.48	-11.69285074
-30.24	-11.41726255
-28.09	-9.058425976
-27.62	-8.09872086
-25.67	-7.119497163
-24	-5.181776721
-23.61	-3.643922525
-20.58	-0.984400151
-19.83	0.296877979
-18.04	1.522476742
-17.3	2.672283162
-16.25	4.098095027
-15.87	4.804485594
-14.89	5.329917426
-13.87	6.071290376
-13.1	7.08556536
-12.41	8.937969851
-11.74	9.867408007
-11.19	10.28903768
-9.95	10.68307959
-9.03	12.29963019
-7.48	15.35969397
-5.28	17.26624622
-4.07	19.37585387
-3.14	21.10390082
-1.49	22.09882491
-0.39	23.75210849
0.24	25.59562555
2.11	26.60320742
3.34	28.71578678
4.34	29.20422406
5.64	31.29719029
6.01	32.55211089
8.38	34.04389227
9.57	36.1105194
10.38	37.78074201
13.4	39.36895768
14.28	41.01955622
14.57	41.88259357
17.48	43.80442681
18.75	45.43287493
19.27	46.48003189
21.67	47.17611736
22.2	48.73474738
24.73	50.42006458
26.06	51.51734462
26.8	52.34710276
30.71	53.89695554
32.3	54.99270824
33.73	56.75471387
36.59	58.24865426
39.5	59.49990239
40.84	61.14844651
44.22	62.19913995
46.51	63.39827097
47.77	64.5848322
49.01	65.66840713
52.85	67.23673288
56.22	68.56528163
58.58	69.25428603
58.77	68.11237911
58.79	67.73533623
59.88	68.44648741
59.91	68.07092242
60.44	68.38927135
60.46	67.9822278
58.69	52.77055053
58.5	51.94245715
57.28	50.2120512
54.86	44.58411212
53.81	42.46877392
46.37	31.8875404
43.61	27.82879035
36.67	20.08051132
15.57	-2.379005011
15.14	-3.132816998
10.24	-8.750037044
0.56	-20.10687373
-1.01	-21.47992412
-16.29	-40.28784078
-19.87	-43.60905695
-22.04	-44.86101024
-26.57	-49.15298927
-30.09	-51.63501963
-31.03	-52.49440477
-34.67	-54.48406159
-43.01	-58.40991655
-44.35	-60.05839406
-45.92	-61.22090432
-46.9	-61.94601881
-51.05	-62.7703618
-52.03	-63.36539311
-53.72	-64.12545828
-54.55	-64.66825247
-55.24	-64.39032474
-55.5	-65.25878445
-57.94	-65.16965148
-58.25	-66.1754911
-59.22	-66.62891247
-59.51	-66.02178739
-59.61	-65.51657145
-59.92	-65.66240076
-60.28	-65.71561945
-56.67	-46.92183738
-55.65	-45.81097217
-53.43	-41.10255133
-52.69	-39.41305776
-52.05	-37.83835276
-50.5	-36.3989594
-49.55	-34.29834313
-48.45	-32.27550544
-47.79	-30.99779329
-47.33	-30.23968671
-45.71	-29.17980641
-44.63	-28.0198636
-43.61	-26.72879035
-43.3	-25.48287288
-42.56	-24.37325777
-41.73	-23.73030172
-40.89	-22.4358544
-39.37	-21.28063936
-38.32	-19.19504516
-37.6	-18.39834373
-36.25	-16.71826089
-35.44	-16.07820043
-33.94	-14.82584563
-32.53	-13.50680858
-31.08	-11.64181862
-29.98	-10.16870801
-28.98	-8.230415001
-27.26	-7.455328311
-24.35	-3.133696104
-23.14	-2.304199192
-22.32	-1.902550116
-21.16	-0.390452566
-20.77	0.567410004
-19.92	1.623524402
-19.52	2.092874048
-18.47	2.868671833
-17.61	3.486282778
-16.7	5.27131775
-14.96	6.149529274
-12.96	9.516342916
-11.57	10.82263887
-10.65	12.33918429
-8.93	13.90447281
-8.19	14.59430909
-7.69	15.49852365
-7.36	16.06750563
-6.98	16.56390945
-6.6	17.52031361
-5.86	18.28015419
-4.49	19.14351046
-4.31	19.82022904
-3.57	21.00007253
-2.76	21.50030738
-2.19	22.17491746
-1.35	23.01960643
-0.59	24.58242054
0.32	25.47750073
0.56	25.75312627
1.42	26.26078433
2.2	28.05656693
3.27	29.01539613
3.53	29.49398996
5.23	31.12633202
6.32	32.70812523
7.02	33.91202781
8	34.77748946
9.11	35.94224388
10	37.00434156
11.09	38.33612044
11.97	38.84672769
12.73	39.71952234
13.64	40.81457582
15.72	41.88325476
16.95	42.51578025
17.45	44.03997516
18.89	44.42364813
20.08	45.84021516
21.13	46.99600164
22.2	47.94474738
24.66	49.069681
25.63	49.97356402
26.63	51.25188849
28.56	52.818129
29.32	53.17083574
30.3	53.66615966
31.12	54.09774968
33.79	55.66360871
35.16	56.58669621
35.93	57.42083055
38.95	58.38840342
40.27	59.82399415
42.6	61.30918311
43.56	61.66138441
44.79	62.56355995
48.89	63.89064292
50.33	65.20379761
51.3	65.93736117
56.83	67.27550071
57.52	68.71754319
61.27	69.10195719
62.01	69.66132772
62.81	70.15955321
65.13	69.91232972
65.3	70.34744236
68.44	71.36117111
71.85	72.07451596
72.38	71.60272343
73.26	70.87256214
77.17	71.03922402
80.33	71.01498256
80.31	70.74203556
80.24	61.46172098
78.24	54.5869631
75.05	47.80660645
74.54	46.29138414
71.25	41.21597098
70.14	40.23213995
69.04	38.47975606
68.18	36.8027817
66.34	35.39105866
65.6	33.53175722
64.91	33.00983007
63.99	32.46391098
62.46	30.78783122
61.01	28.683527
60.08	26.75605383
58.91	26.37307881
57.88	25.25077908
56.79	24.36958493
56	22.91274187
55.55	22.2261804
53.9	21.36208942
52.85	19.75673288
52.49	18.91346323
49.7	17.08054671
48.21	15.06997457
46.63	14.1460398
45.11	12.10095149
43.53	11.55694082
42.24	10.29585419
37.57	6.263897692
35.96	4.055277197
33.36	3.329861461
31.28	1.541473743
30.16	-0.484600309
26.46	-1.793326046
24.51	-3.872569656
24.1	-4.483389068
21.36	-6.069874742
20.53	-7.293018271
16.79	-9.32796243
16.02	-10.40222607
8.69	-17.04009521
6.88	-17.51875261
5.73	-19.26945062
4.82	-20.75452654
2.92	-21.41655723
2.04	-23.26718332
1.27	-24.03148159
0.32	-24.55249927
0.32	-23.45249927
0.32	-23.28249927
0.3	-23.28546807
0.32	-23.21249927
0.29	-23.11695246
0.29	-23.14695246
0.29	-23.14695246
0.3	-23.11546807
0.27	-23.11992126
0.29	-23.07695246
0.29	-23.04695246
0.3	-23.07546807
0.29	-23.07695246
0.32	-23.11249927
0.3	-23.11546807
0.32	-23.04249927
0.29	-23.11695246
0.32	-23.07249927
0.29	-23.04695246
0.29	-23.04695246
0.3	-23.04546807
0.3	-23.04546807
0.3	-23.04546807
0.27	-23.07992126
0.27	-23.11992126
0.29	-23.11695246
0.3	-23.14546807
0.32	-23.04249927
0.3	-23.11546807
0.3	-23.11546807
0.29	-23.17695246
0.29	-23.14695246
0.27	-23.04992126
-0.82	-24.86172059
-2.4	-27.9962547
-3.47	-29.3550837
-5.67	-31.61164332
-7.17	-32.62429251
-8.46	-33.81576649
-9.33	-35.11489747
-9.93	-36.20395195
-11.89	-37.18485442
-13.29	-39.32263261
-15.18	-40.05311904
-16.61	-41.74532689
-17.72	-43.5300398
-20.94	-45.76781227
-22.19	-47.29326382
-25.19	-48.39829848
-26.57	-49.77298927
-27.47	-50.83647411
-31.39	-52.85778388
-33.03	-53.97093774
-34.99	-55.12149676
-35.63	-55.66636347
-38.94	-56.46692158
-39.99	-58.13250716
-43.51	-59.69397842
-46.11	-60.62903994
-46.33	-61.10161732
-48.76	-61.95139809
-49.12	-62.48469078
-51.36	-63.15624086
-52.03	-63.91539311
-56.37	-65.34746731
-56.99	-65.71916356
-59.63	-66.68952824
-62.75	-67.70068677
-67.09	-68.55182462
-69.04	-69.14975606
-71.67	-69.98795338
-72.6	-68.64518489
-78.12	-69.07927424
-79.89	-69.03014611
-79.98	-68.83340854
-79.96	-68.45046135
-81.37	-68.82821139
-81.32	-66.93084529
-81.35	-66.58526496
-80.97	-60.32928072
-77.49	-50.75640148
-75.79	-47.2657408
-72.52	-41.75338086
-70.28	-37.56280494
-68.28	-35.44754704
-67.95	-33.87882054
-66.56	-33.02355132
-65.42	-31.16516854
-65.19	-30.37119308
-62.9	-28.31285274
-62.44	-27.1748756
-58.84	-23.372729
-55.69	-19.93688882
-54.03	-17.73132265
-52.84	-15.8652532
-51.17	-15.30812163
-49.6	-13.28574437
-47.88	-11.03111809
-47.02	-10.1837869
-44.75	-8.637635902
-44.33	-7.405431907
-40.85	-4.269928088
-38.63	-2.670983998
-35.99	-1.209723833
-34.74	0.565561863
-32.91	1.076853008
-32.36	2.428395968
-30.41	3.517529083
-28.28	5.653395952
-26.19	7.373373191
-24.16	8.54448858
-23.97	8.842673559
-22.28	9.373384117
-18.28	12.58686456
-14.91	15.97694938
-14.25	17.41489594
-11.94	18.72772478
-10.91	20.53059504
-8.76	21.81970533
-7.86	23.33329063
-5.67	24.44835668
-4.61	26.36569811
-2.33	27.11413601
-2.06	28.56421454
0.05	29.77742199
0.51	27.63570428
0.49	27.70273549
0.49	27.80273549
0.53	27.84867308
0.51	27.84570428
0.51	27.91570428
0.51	27.74570428
0.53	27.77867308
0.51	27.84570428
0.48	27.74125109
0.55	27.71164187
0.49	27.80273549
0.53	27.84867308
0.53	27.67867308
3.56	32.84844309
4.78	33.71953602
5.71	34.71758069
6.32	35.66812523
7.4	36.9284316
8.45	37.77428222
9.95	39.78692041
11.05	40.40018367
13.29	40.94263261
14.84	42.13266245
16.19	43.12300125
17.07	43.74358716
19.89	46.57202441
22.39	47.42293499
23.68	47.9643067
24.77	48.39599803
26.2	49.98811005
27.3	50.73126088
28.37	51.47995143
29.69	51.98570407
30.45	52.71840225
33.85	53.36250351
35.14	53.89373159
36.48	54.75235068
37.55	55.25093366
38.65	55.79394775
39.65	56.80212868
40.5	57.44807195
42.79	57.92732818
45.18	58.97131818
46.25	60.15977108
46.84	60.45713469
49.87	61.34571032
50.9	61.91816166
54.55	63.03825247
57.03	63.47507919
57.71	64.57564022
60.26	64.68266292
60.84	65.34839882
62.48	65.52078683
63.03	66.29206285
64.36	66.41857631
66.65	67.44684346
69.32	68.05109284
72.87	68.29502233
73.8	69.23222641
73.97	68.1173044
74.92	68.15743276
78.17	68.83664465
78.15	68.52369649
78.83	68.7639278
80.24	69.00172098
80.33	68.39498256
77.76	50.41620537
76.72	49.43287621
75.64	47.3836201
73.73	43.27189997
72.64	42.66108685
68.85	35.90170507
66.65	34.43684346
65.22	32.54562472
64.3	31.19971186
61.12	28.0097861
59.79	26.05318225
57.74	24.17007653
56.26	22.26119786
55.1	20.22961514
53.36	18.66219425
50.78	17.35040127
49.54	15.74686288
48.25	14.00589645
47.21	12.58191922
46.42	11.36494421
40.79	7.701038585
39.7	5.749537379
34.93	3.632602761
33.21	1.477623556
31.71	0.155230821
31.26	-0.81149175
27.58	-1.907211586
25.71	-3.424569704
21.3	-6.20877652
20.36	-7.248241035
19.58	-7.983971533
17.69	-9.884411804
15.15	-11.22133299
14.09	-12.61864088
12.04	-13.37288323
10.21	-15.12448971
9.68	-16.62315394
6.59	-17.59179793
5.78	-19.23202892
4.01	-19.73476009
1.37	-23.77663764
-3.18	-27.2820367
-6.54	-29.26078045
-7.38	-30.90546298
-9.27	-31.55599196
-10.51	-33.30003679
-11.01	-34.09424691
-13.53	-35.46825087
-14.7	-37.02188604
-17.84	-38.96784617
-18.51	-40.26726345
-21.18	-41.53341985
-22.56	-42.76815526
-23	-43.1434302
-26.11	-45.36476086
-28.79	-46.86223821
-29.1	-47.55821069
-32.03	-48.61267667
-32.24	-49.1938124
-35.01	-50.43446142
-37.13	-51.53868784
-37.54	-51.84945164
-39.97	-53.23954377
-42.76	-54.61288426
-45.09	-55.61798957
-46.78	-55.9682505
-48.9	-57.28212328
-51.69	-58.62507802
-54.75	-60.28783955
-57.2	-61.16022029
-60.8	-62.35248622
-63.42	-63.49969104
-66.78	-64.26604289
-69.48	-65.70471303
-73.52	-66.23091991
-75.08	-66.53103109
-76.69	-67.31845284
-77	-66.22415991
-78.94	-66.54014053
-79.75	-66.59951523
-80.25	-66.4631945
-80.23	-66.18024746
-80.27	-65.98614153
-80.27	-65.77614153
-80.29	-64.70908855
-76.12	-47.6944043
-70.17	-37.1365682
-68.74	-34.16546463
-67.68	-33.42895155
-66.73	-31.86865854
-65.92	-31.2390242
-65.35	-29.1848283
-64.02	-28.74834341
-61.84	-25.60620306
-61.11	-24.69830801
-60.85	-24.03987697
-59.35	-22.71813247
-58.61	-21.46872183
-57.58	-20.45641601
-56.62	-18.66444249
-56.15	-18.07492817
-54.32	-17.08422643
-50.64	-12.95968051
-49.84	-12.22126971
-49.29	-11.20985604
-47.95	-10.39148173
-47.9	-9.824079137
-47.55	-9.262259847
-46.9	-8.886018813
-45.59	-7.072035868
-43.54	-5.258422016
-42.39	-4.838074799
-42.02	-3.853263383
-41.01	-3.463633187
-40.16	-1.857695819
-36.96	0.406507521
-36.72	1.062078063
-34.7	1.841491311
-33.48	3.232348399
-32.96	4.239440178
-30.71	4.783044461
-29.05	6.089204166
-28.05	7.277506293
-27.69	7.980897396
-25.78	9.054186753
-25.69	9.627536269
-24.69	10.87586889
-22.56	12.39184474
-21.9	12.79975992
-21.04	13.30735119
-19.18	14.69332208
-18.28	15.88686456
-16.01	17.60371003
-13.7	18.60651968
-12.79	19.91157292
-11.41	20.73638567
-10.67	22.08621587
-9.17	22.47885058
-8.21	23.65134052
-7.38	24.95453702
-5.79	25.43054457
-4.8	26.64749526
-4.16	27.70249455
-1.73	28.85319946
-1.16	30.35780994
1.25	31.50554962
2.82	33.45859893
5.09	34.41555108
7.2	36.34874544
8.21	38.01865948
12.47	39.65093497
13.45	40.78637815
14.15	41.45026348
15.64	42.7713829
16.1	43.21964563
18.89	43.87364813
19.63	45.05344721
21.42	45.41902701
23.18	46.75013316
24.75	48.15303131
25.7	48.84394701
27.61	49.95723775
31.95	50.60081531
33.09	51.55983305
33.26	52.13503622
35.5	52.53709407
36.24	53.12677871
36.9	53.98459991
38.72	54.73432084
40.2	55.47362251
42.46	55.94844431
42.74	56.22992163
44.27	56.52654541
44.61	57.29690153
45.35	57.81649412
46.49	57.98530948
48.39	58.57662281
49.78	59.54238847
51.87	59.68171567
52.93	60.42857027
53	60.63892788
54.91	61.44150867
56.95	61.64324789
57.69	62.16268267
59.67	62.66544179
60.7	63.05770458
64.03	64.36982089
64.46	64.85335021
66.89	65.55228827
68.56	66.48888877
71.25	66.95597098
73.43	67.31764241
75.59	67.9462464
76.05	68.28408197
77.41	67.59460737
77.47	67.22345297
79.07	67.34930062
80.58	68.02181911
80.62	67.8177128
80.7	66.07950005
75.3	44.71347772
74.98	43.86628221
74.31	42.56745821
73.57	42.24829622
70.99	38.04759878
70.52	36.45822956
69.02	35.65680337
67.58	33.61418483
67.18	32.93511568
65.73	31.5809597
65.17	30.18823863
62.34	27.77009737
61.34	26.04230354
61.07	24.93239563
58.48	23.71949991
56.57	21.06704755
54.43	19.64049988
53.54	17.51882656
50.95	16.30556175
46.3	11.92717499
43.89	8.160262983
39.91	6.430653543
38.77	4.821730158
36.9	3.40459991
35.31	2.208930728
34.95	1.595567433
32.9	0.571664423
31.97	-0.016219346
31.14	-1.139284799
28.2	-3.085260362
27.92	-3.406786272
24.78	-4.972518607
24.01	-6.056739855
20.8	-7.802958999
20.44	-8.136371474
16.72	-10.3683499
11.38	-13.89083821
8.07	-17.30212052
5.64	-18.28280971
3.94	-19.98515069
3.46	-21.05640068
1.7	-21.69765264
0.11	-23.00367162
-1.04	-24.48437731
-3.52	-25.74250559
-4.38	-27.42016153
-6.81	-28.58085716
-8.28	-30.75904946
-9.26	-31.14450771
-12.82	-33.64287944
-14.3	-34.99252433
-18.54	-38.3417149
-20.92	-39.18484496
-22.59	-41.29260587
-25.5	-42.20428119
-27.29	-44.04977774
-28.1	-44.44990904
-32.1	-46.5930553
-32.63	-46.98163463
-36.1	-48.80602807
-38.61	-49.69802024
-38.84	-49.93210314
-40.73	-51.04214903
-42.44	-51.5354816
-43.16	-52.1921355
-43.83	-53.02137609
-46.52	-53.72975172
-47.09	-54.4341515
-51.05	-55.8103618
-51.24	-56.28848142
-54.96	-57.55890517
-56.32	-58.52007213
-59.8	-59.58466061
-62.3	-61.19418602
-65.56	-61.77584868
-66.47	-62.570259
-70.17	-63.3265682
-72.09	-63.70993151
-73.07	-64.37453039
-74.31	-64.61745821
-76	-65.1467088
-79.1	-65.84372212
-79.55	-65.39004164
-79.53	-64.87709422
-79.58	-64.74446275
-80.23	-64.81024746
-80.23	-64.53024746
-80.22	-63.55877394
-79.73	-54.94656792
-72.24	-39.37206552
-70.9	-36.93431573
-69.74	-35.11309456
-67.71	-30.91338152
-67.26	-30.0569298
-65.4	-28.7822142
-64.38	-27.9815311
-63.09	-25.79092894
-62.06	-24.3987172
-61.59	-23.94925395
-60.97	-22.95761455
-60.16	-22.45788018
-58.98	-20.70342851
-57.68	-19.1612039
-56.74	-18.03219015
-53.79	-15.0058149
-52.72	-14.08749688
-51	-12.1129618
-49.48	-10.78798133
-49.41	-9.607619451
-47.24	-8.666361118
-46.07	-7.073116697
-45.12	-5.972432452
-43.87	-3.817300691
-42.23	-3.334372805
-40.9	-1.417335969
-38.75	-0.408766437
-37.27	1.810563303
-36.94	2.299471706
-33.62	4.28159344
-31.29	6.487043512
-30.38	7.891977597
-27.33	8.76428971
-24.93	10.84026829
-21.57	14.50871873
-19.59	15.18248778
-18.01	16.61692829
-17.32	17.71931538
-15.17	18.65836497
-13.67	20.81097193
-11.79	21.29998719
-10.31	23.02964751
-9.81	23.90385885
-5.48	27.40655924
-2.28	29.22155796
-1.04	30.85562269
1.37	31.69336236
2.27	33.51695765
5.44	35.05750337
5.71	35.47758069
8.69	37.04990479
9.69	39.0283303
12.78	40.34694296
14.62	40.93001376
14.84	41.44266245
17.96	43.25565245
18.88	44.73216433
22.06	45.82397739
25.8	47.6187798
26.58	48.87447248
30.26	49.69022826
31.37	50.92481841
36.36	52.87456479
40.2	54.02362251
41.2	55.41178253
46.47	57.54234798
49.42	57.76909973
50.63	59.15820044
53.71	60.30397876
56.65	60.48887943
57.53	60.869022
58.53	61.666893
59.89	62.17796575
62.51	62.11522024
63.43	62.77116864
66.1	63.99561088
68.34	65.07640614
72.99	66.87272729
75.17	67.19430486
80.51	67.98150504
83.13	68.43745373
83.44	68.85310677
84.82	68.06630338
86.1	68.1847268
87.2	68.2366151
88.32	68.30141016
90.64	68.54265164
92.94	68.81078854
92.97	68.53519793
95.07	69.0137845
95.88	68.72277303
97.38	69.11306584
98.48	69.24456686
99.55	69.33162463
99.86	69.20712017
100.64	69.18157843
100.65	68.80304571
100.67	68.46598026
98.21	51.56492941
97.29	50.45985035
94.85	44.87146298
93.45	43.52574434
90.23	38.19235791
82.94	29.1994715
78.81	24.69098
77.36	22.75723596
76.02	21.58965808
73.97	20.2973044
72.3	18.70091897
71.5	17.48286578
70.73	16.36922497
67.71	14.78338152
66.23	12.70481192
63.89	11.53913606
62.7	9.94329801
62.17	9.354973894
58.83	7.621250454
57.74	6.080076532
54.33	4.645705845
53.67	3.578060641
51.81	3.20283652
50.49	1.767479311
50.21	1.486036055
46.56	-0.334325323
44.44	-1.958276314
42.63	-2.466372896
42.65	-3.563410242
38.65	-4.56605225
35.36	-6.913657825
32.66	-8.973917576
30.64	-9.723424123
26.09	-11.04820563
25.09	-12.67653482
20.98	-14.5662531
20.32	-14.93417583
16.65	-16.58873739
15.52	-17.85642496
10.24	-20.19003704
8.52	-21.58532785
6.59	-22.69179793
4.92	-24.04968296
3.04	-25.31874464
-0.02	-26.1229688
-1.16	-27.25219006
-1.76	-28.52125371
-3.49	-27.15805245
-3.47	-27.1150837
-3.5	-27.11953683
-3.52	-26.98250559
-3.52	-26.95250559
-3.5	-26.97953683
-3.55	-26.91695872
-3.54	-26.98547434
-3.54	-26.91547434
-3.55	-26.98695872
-3.49	-26.84805245
-3.52	-26.91250559
-3.52	-26.78250559
-3.54	-26.88547434
-3.59	-26.89289622
-3.54	-26.85547434
-3.61	-26.79586497
-3.55	-26.71695872
-3.55	-26.78695872
-3.57	-26.81992747
-3.57	-26.71992747
-3.5	-26.70953683
-3.54	-26.78547434
-3.62	-26.65734935
-3.62	-26.75734935
-3.54	-26.71547434
-3.55	-26.71695872
-3.61	-26.79586497
-3.54	-26.71547434
-3.61	-26.86586497
-3.57	-26.64992747
-4.97	-30.16773882
-7.02	-31.29202781
-7.57	-32.34366475
-9.55	-33.25755092
-10	-34.01434156
-11.72	-34.81962366
-13.03	-35.18404587
-13.7	-36.45348032
-15.42	-36.8887351
-16.2	-38.10448521
-17.23	-38.42732958
-17.49	-39.49591069
-19.3	-40.1844832
-21.33	-41.30567437
-22.71	-41.86040825
-24.11	-42.51809435
-24.43	-42.83556325
-25.19	-43.32829848
-26.35	-43.91035853
-26.76	-44.22117002
-28.07	-45.54545984
-30.88	-46.38216308
-32.19	-46.77639917
-33.29	-47.6994838
-34.39	-48.52255483
-35.01	-48.88446142
-37.94	-49.93873134
-38.84	-50.73210314
-41.32	-51.19956081
-42.11	-51.96659607
-42.89	-52.57214116
-46.14	-53.36348235
-46.8	-54.2512119
-47.76	-54.25335166
-49.67	-55.01610603
-51.22	-56.14552149
-53	-56.88892788
-54.26	-57.11534991
-55.43	-57.45843003
-57.32	-58.04796661
-58.17	-59.1036617
-60.56	-59.48700994
-61.99	-59.76837191
-62.87	-60.55841958
-65.09	-61.01642077
-65.8	-61.78129935
-69.73	-62.95161838
-70.59	-63.51856148
-73.22	-63.59666079
-74.64	-64.11613413
-76.84	-65.13056948
-78.79	-65.21803218
-79.49	-64.94119935
-81.28	-65.33495237
-83.04	-65.66419912
-84.42	-66.6274114
-87.35	-67.22868802
-87.64	-65.69136045
-90.45	-66.17471128
-91.62	-66.13674742
-99.36	-66.79373867
-99.37	-66.34520639
-100.13	-66.48674267
-100.15	-65.97967757
-100.2	-65.63701477
-100.18	-65.3240799
-100.22	-65.25994962
-100.22	-65.05994962
-100.27	-64.8572867
-100.24	-64.71288446
-100.25	-64.44435188
-100.27	-64.3772867
-100.27	-64.3372867
-94.33	-42.58506049
-93.03	-40.91401663
-91.31	-37.15116931
-90.16	-36.05206335
-88.06	-31.67315748
-87.18	-31.13367199
-85.56	-29.89524145
-84.78	-28.23041439
-78.22	-21.78401499
-66.92	-9.226718779
-66.69	-8.882751017
-64.06	-7.364253295
-60.51	-3.389618897
-57.2	-1.180220288
-48.4	5.431896748
-48.02	6.588154705
-43.92	7.885293589
-40.42	11.02378111
-37.96	12.07830472
-36.73	14.02059594
-31.48	16.40887156
-28.76	17.92221079
-28.43	18.17115035
-24.9	20.73471834
-22.52	21.7077789
-21.92	22.27679275
-18.82	24.45673845
-16.03	25.1107421
-15.56	26.350489
-12.53	27.46016023
-11.2	29.13755349
-8.43	29.75868634
-7.67	30.94149225
-5.59	31.38023144
-4.49	32.44351046
-0.75	32.33867019
-0.76	32.33718579
-0.73	32.17163898
-0.75	32.09867019
-0.76	32.20718579
-0.75	32.20867019
-0.75	32.20867019
-0.76	32.20718579
-0.71	32.17460777
-0.68	32.17906096
-0.71	32.21460777
-0.71	32.21460777
-0.68	32.03906096
-0.71	32.10460777
-0.7	32.00609217
-0.71	32.10460777
-0.68	32.14906096
-0.68	32.07906096
-0.68	32.03906096
-0.7	32.07609217
-0.68	32.00906096
-0.66	32.04202976
-0.68	32.00906096
1.61	35.89898782
2.96	37.2993803
6.14	38.88140725
6.44	39.23593718
9.26	40.10450771
10.66	41.96229992
14.03	42.67245473
14.81	43.71821037
18.55	45.47319872
23.73	46.97172395
24.03	47.32622699
26.16	48.05217709
26.75	48.99968683
30.88	50.82216308
33.55	51.48802911
37.43	52.41314937
37.7	52.65316377
40.7	53.40770424
41.86	54.61956055
46.04	56.09867425
49.32	56.37429691
49.75	57.12794782
53.54	58.61882656
58.21	59.34957641
61.94	61.14098234
70.16	63.28509212
76.28	65.11799772
80.74	65.01539361
84.32	66.57268768
87.58	67.81253188
88.61	66.10407422
89.06	65.86027208
91.26	66.42381772
93	66.43960729
93.49	66.34162288
95.85	66.88836643
97.59	67.28390094
98.35	67.08548246
99.14	67.20144815
99.62	67.1718981
100.12	67.31527521
99.5	52.57428634
97.71	50.49152035
94.25	43.16330549
92.8	41.600211
87.75	34.5875459
85.18	30.24930225
83.81	29.73759233
76.98	22.49121115
71.59	16.18614754
68.66	14.27365323
63.17	10.15275027
59.84	6.730574025
58.98	5.883428512
54.54	3.916773101
46.27	-0.957267348
41.49	-4.705253649
36.12	-6.771007533
27.26	-11.08467169
22.22	-13.55228549
21.46	-15.1150385
12.36	-18.84539055
5.95	-21.78679514
3.96	-23.53218195
1.48	-24.4903093
-3.97	-27.80930242
-5.4	-29.64156597
-14.06	-33.64690693
-14.29	-34.03104027
-18.28	-36.27313544
-18.89	-37.02364813
-23.81	-39.4035915
-28.53	-42.06367993
-31.03	-42.02440477
-32.89	-43.89018185
-33.32	-44.15393138
-36.84	-45.8157073
-37.98	-46.6046592
-42.8	-47.58880948
-51.67	-51.97211825
-55.31	-53.0606794
-58.32	-54.33584172
-61.58	-55.40777596
-63.9	-56.43061356
-66.93	-57.29819561
-70.88	-59.43136391
-77.89	-61.01536952
-80.49	-61.49855814
-82.94	-61.8594715
-85.18	-62.84930225
-91.85	-63.69056152
-95.91	-64.97717961
-96.36	-64.14327472
-98.55	-63.98484283
-98.55	-63.33484283
-99.55	-63.37162463
-99.98	-63.43473048
-100.11	-63.31380776
-100.17	-62.88261246
-99.75	-55.31097696
-94.88	-43.18587055
-75.39	-16.36675099
-72.4	-14.27567452
-68.59	-9.273318129
-65.87	-7.831638887
-62.06	-3.958717205
-60.78	-1.849529913
-52.08	4.197207782
-47.24	7.673638882
-40.54	13.10600155
-32.36	17.27839597
-31.96	17.92770202
-28.28	19.85339595
-26.54	20.49146035
-26.04	21.62562188
-23.33	22.89761457
-21.01	23.37180214
-20.92	23.76515504
-19.25	24.25293566
-14.68	26.90108203
-13.94	28.28090188
-10.19	29.80745815
-7.28	30.85938009
-6.04	32.62343611
-1.06	35.5726539
2.11	36.55320742
6.83	37.60382579
13.98	42.2450344
23.16	45.26716618
23.65	46.46985634
28.38	48.34143447
32.3	49.82270824
37.21	51.14054436
41.37	52.37696836
45.51	54.02018872
48.75	54.9499177
51.62	55.58471878
56.29	57.305635
59.15	58.4185631
63.89	59.73913606
70.16	60.69509212
70.47	61.26084954
77.09	62.09742924
78.83	62.7039278
83.31	64.36396228
87.27	65.04691588
88.61	65.76407422
89.04	64.47733009
93.66	64.94660611
96.07	65.61068085
96.21	65.32124375
99.57	65.71455993
100.74	65.98625107
98.84	50.347413
93.56	40.0919102
89.99	34.05706164
88.59	33.64113195
88.47	33.14347809
88.39	32.44170861
86.99	31.06571189
86.63	30.22273195
84.37	27.96004958
82.65	26.77675983
79.29	22.21172435
77.19	20.66217269
64.22	8.517892478
60.72	6.760660927
56.34	2.63303021
50.61	0.065240297
45.34	-3.024986804
43.37	-4.526758534
42.44	-5.354518402
36.55	-8.087274296
36.29	-9.295810401
31.54	-10.13997523
29.87	-12.34760373
25.2	-14.45021819
19.56	-16.94693904
16.5	-17.5409964
14.84	-18.95733755
12.38	-19.52242227
10.97	-21.22168987
7.25	-22.45383301
5.21	-23.00663668
-2.25	-26.83398887
-3.45	-28.39211494
-8.74	-30.54732614
-12.48	-31.6924191
-20.28	-36.08988936
-36.05	-43.41861707
-38.1	-45.07244265
-49.69	-48.36906649
-50.81	-50.05484139
-56.24	-51.71823975
-60.63	-52.91735731
-64.28	-54.90675703
-69.24	-56.18928252
-73.95	-56.57435408
-75.27	-58.10905325
-80.34	-59.34645605
-81.56	-59.65620191
-82.54	-59.84055824
-85.11	-60.79899721
-88.16	-61.31787029
-88.66	-61.70142984
-91.62	-61.96674742
-94.22	-62.51889732
-96.07	-63.07068085
-96.86	-62.356706
-96.96	-61.58139127
-100.41	-62.53783006
-100.42	-61.94929742
-100.42	-61.80929742
-100.42	-61.49929742
-100.44	-61.33223212
-100.42	-61.18929742
-100.44	-61.02223212
-100.46	-60.88516682
-100.46	-60.82516682
-100.44	-60.78223212
-100.42	-60.67929742
-96.5	-43.5238363
-88.73	-30.33172758
-77.22	-17.36659568
-72.86	-12.55354691
-70.83	-9.733984322
-70.48	-10.61232555
-60.2	0.5462067
-51.58	6.471200821
-47.23	10.77511951
-43.13	12.07230827
-40.87	13.36710876
-39.04	14.94826012
-34.24	18.37968131
-30.15	20.15608317
-27.83	20.92013404
-23.25	23.62948243
-21.45	24.82652212
-20.66	26.18373041
-15.75	27.5622933
-13.29	28.96736739
-10.82	29.74395283
-7.79	31.05368069
-7.36	32.56750563
3.49	37.00805245
12.57	40.5257763
15.02	42.63937484
21.86	44.96430572
22.49	45.54777047
25.84	46.35471288
27.56	46.84982219
30.78	48.18733515
32.07	48.92860732
33.66	49.19433651
38.01	50.25910508
39.81	51.0758364
43.05	51.34584164
44.42	51.96876156
46.53	53.00123246
48.35	53.37070102
50.13	54.15419488
52	54.67095363
54.86	55.19411212
55.79	55.57168032
58.12	56.26626826
59.26	56.71482635
63.44	58.15264624
66.68	58.87127413
69.21	59.86485361
73.19	61.11223476
76.71	61.77140176
78.03	62.06600734
83.19	62.54629001
84.37	63.07004958
85.27	63.47255139
88.56	64.44671853
90.01	64.48000306
91.78	64.74027045
93.3	65.24369937
93.61	63.94925819
100.29	64.68022151
111.21	66.28052594
112.4	66.21465485
114.44	66.44303593
114.49	66.21034718
114.56	65.91058277
114.57	65.57204498
114.63	65.37081816
115.25	65.91146622
115.26	65.70292817
116.47	66.01979435
116.49	65.81271728
116.9	66.15263376
118.6	66.50099671
119.24	66.49446809
119.29	66.22176984
120.6	66.45303975
121.24	64.68645917
121.27	63.79083779
120.05	49.83274408
114.45	40.57449819
113.68	39.74189304
112.47	37.87489606
107.3	30.80801591
97.66	20.81417899
97.38	20.19306584
94.74	18.35530164
89.59	12.73823063
88.18	11.67081281
84.8	10.24335889
76.83	2.729095053
56.71	-8.302246739
54.14	-8.922403323
46.9	-10.55398119
37.93	-15.94275062
11.31	-25.47122747
5.85	-26.59163853
-2.38	-31.57328593
-23.56	-40.53650523
-27.78	-41.71245049
-40.52	-46.91103521
-43.35	-47.57027902
-49.84	-49.08126971
-52.12	-49.52871147
-52.96	-45.65300926
-52.96	-45.55300926
-52.98	-45.41596857
-52.98	-45.41596857
-52.96	-45.34300926
-52.98	-45.34596857
-52.96	-45.37300926
-53	-45.34892788
-52.98	-45.24596857
-52.98	-45.20596857
-52.98	-45.13596857
-52.96	-45.06300926
-54.57	-50.27121121
-55.82	-50.72611774
-56.1	-51.24753278
-59.37	-51.91108936
-59.82	-52.21761732
-60.73	-52.8321391
-62.54	-53.19965362
-62.83	-53.76250868
-66.12	-54.38856491
-66.57	-54.86502823
-68.76	-55.39841746
-69.6	-55.97242778
-70.12	-56.62918777
-78.34	-58.39170353
-80.08	-58.47814431
-84.37	-59.73004958
-84.99	-60.20133109
-86.19	-61.13797354
-88.92	-59.98967785
-92.57	-60.76640371
-98.43	-61.76722677
-107.28	-63.09508602
-107.69	-62.60514574
-109.88	-62.99584823
-111.14	-63.0702814
-112.97	-63.5880421
-113.67	-63.34043048
-114.78	-63.36275052
-116.7	-63.54340704
-118.89	-64.03335297
-120.12	-63.59296422
-120.17	-63.29026419
-120.22	-62.88756406
-120.24	-62.68048398
-120.24	-62.06048398
-120.29	-61.85778371
-120.43	-61.25822241
-120.43	-61.15822241
-120.44	-61.05968228
-120.44	-60.98968228
-120.46	-60.92260203
-120.49	-60.89698161
-120.43	-60.81822241
-120.44	-60.74968228
-120.44	-60.05968228
-119.24	-47.89446809
-117.15	-42.79916493
-116.14	-41.17156382
-115.19	-40.68269448
-113.95	-38.61138057
-113.35	-37.6936267
-113.19	-36.84022333
-112.73	-36.22293319
-111.83	-34.96125525
-111.48	-34.56003887
-111.23	-33.52345292
-110.55	-32.66392722
-109.74	-31.17535199
-108.99	-29.78553839
-108.21	-28.46131023
-107.02	-27.60699621
-106.54	-26.80667012
-104.83	-24.93606621
-101.48	-20.104818
-100.41	-19.11783006
-95.51	-14.02842288
-94.33	-13.50506049
-92.45	-11.33876447
-90.86	-9.385002244
-89.69	-8.38293884
-87.16	-6.560728874
-84.59	-4.43244105
-80.1	-0.701091433
-77.18	1.55930164
-74.93	3.471092326
-73.45	5.309407016
-72.26	6.244983322
-70.86	6.831587919
-69.04	8.130243936
-65.81	9.507223567
-63.23	11.22838383
-61.37	12.50326235
-58.99	14.54509297
-54.7	16.34955715
-53.41	17.68040783
-52.53	18.64061781
-44.92	21.55718705
-44.44	19.86827631
-41.82	23.35636522
-36.94	24.28947171
-34.06	25.53636502
-31.45	26.75331974
-29.83	27.5835353
-28.09	28.87157402
-22.28	30.04338412
-19.82	30.95836171
-17.61	31.97628278
-14.98	33.05656124
-12.51	34.28312849
-8.84	34.79783119
-6.98	36.10390945
-5.35	37.13585577
-1.78	38.2557775
1.99	40.15539473
11.66	42.42071866
12.79	43.61842708
19	44.29996984
20.94	45.89781227
22.87	46.66414458
30.99	48.35847368
39.19	49.8839671
39.79	47.52287295
39.79	47.42287295
39.84	47.46028155
39.89	47.39769012
39.88	47.39620841
39.91	47.40065354
39.93	47.37361696
39.94	47.20509866
39.91	47.26065354
39.96	47.37806207
39.94	47.26509866
39.98	47.38102547
39.96	47.30806207
41.77	50.36622754
43.79	50.80545146
44.13	51.36581003
46.03	51.82719343
47.68	51.93150724
47.83	52.60371544
50.9	53.26816166
51.76	53.73543718
55.07	54.16517732
57.69	54.96268267
60.22	55.23674985
60.96	55.54613643
63.58	55.90333243
65.35	56.1948283
66.15	57.14299594
71.9	57.95189432
74.49	58.37400905
75.83	58.91163955
76.19	59.2447265
81.31	60.27937207
84.68	61.18569171
89.18	61.67792382
90.09	62.22176863
97.19	63.12516616
98	63.76409861
98.5	60.66750287
99.96	63.46179546
100.24	62.57288446
100.81	62.89652171
101.52	63.80068595
102	64.00109703
102.63	62.58349952
102.98	63.77482828
103.38	64.2034845
104.01	63.43585668
104.63	63.73674901
105.86	64.0570273
106.06	64.42633573
106.61	63.64692653
107.01	64.05553117
107.13	63.55311143
107.51	63.74877881
107.89	64.62444095
108.27	63.82009781
108.32	63.55742068
108.42	64.08206617
109.04	64.28285994
109.42	65.02850074
111.46	65.25711208
112.89	64.91633937
113.25	65.33899971
114.75	65.86836412
115.37	65.64900928
115.95	64.73379278
118.78	64.8072872
118.88	64.58189247
119.33	64.54761118
119.33	64.43761118
119.69	64.15018025
120.17	64.22026419
120.34	63.82508334
120.4	63.66384275
120.41	63.49530264
120.41	62.87530264
120.16	49.9888042
118.76	47.9243661
116.93	44.37701763
115.47	41.86362806
114.25	39.0652523
112.99	36.81096774
112.02	35.04905649
109.75	31.89681604
108.22	30.87277484
105.67	28.08918295
104.53	27.20208987
102.67	25.02936588
99.84	22.58418507
97.83	20.28913928
95.54	17.33282981
93.9	15.37187499
89.16	12.43498189
86.84	9.683637381
86.03	8.704423625
81.67	6.272406498
79.84	4.312778002
78.86	3.168349488
74.11	0.497956319
70.97	-0.37535299
69.21	-1.395146388
67.01	-2.679989814
65.54	-3.697105595
63.94	-4.723476455
62.5	-5.346257563
61	-6.907951107
59.72	-7.517166317
58.29	-7.998594252
54.19	-9.095006109
52.59	-10.05173941
51.26	-10.65855866
50.45	-11.12844107
49.44	-11.47793973
47.52	-12.1121819
46.53	-13.28876754
42.29	-14.7767389
39.86	-16.27675501
31.73	-18.07180378
29.28	-19.60509605
27.2	-21.08357056
20.05	-22.734236
18.6	-23.9093822
10.43	-26.33183691
4.97	-27.45226118
2.35	-29.01116724
-2.54	-29.76703613
-4.09	-30.99711487
-8.64	-31.81248343
-10.02	-33.73731002
-14.2	-34.52768378
-16.68	-35.4557144
-21.28	-36.50825622
-23.33	-38.12238543
-30.31	-39.8876425
-30.5	-40.1158164
-33.03	-41.18093774
-36.17	-41.71640342
-38.53	-42.92616515
-41.9	-43.32548629
-43.4	-43.64768512
-44.23	-44.84062104
-48.19	-46.15701362
-50.45	-46.80155893
-53.57	-47.77326522
-57.44	-48.82571265
-61.56	-50.50481997
-66.26	-51.30924288
-70.43	-52.26494549
-74.65	-54.22760912
-82.27	-55.49078926
-85.35	-56.6043282
-89	-57.17144605
-92.4	-57.88141466
-93.38	-58.84545677
-97.56	-59.32949601
-101.56	-60.25655384
-102.16	-58.58456563
-107.28	-59.75508602
-108.64	-59.50428493
-114.79	-60.37421264
-116.89	-60.74117246
-118.62	-60.89391794
-120.39	-60.91238286
-120.46	-60.71260203
-120.46	-60.37260203
-120.46	-60.02260203
-114.93	-39.54468199
-112.74	-35.84439611
-111.71	-33.25369587
-109.45	-29.8928932
-108.11	-26.93666398
-105.4	-25.29961246
-101.56	-20.01655384
-99.2	-18.19025482
-97.24	-15.38250829
-93.65	-12.16513653
-92.21	-9.853484639
-90.5	-9.402064113
-88.61	-7.22407422
-88.47	-6.483478091
-84.92	-4.271025665
-82.3	-0.785208132
-76.77	2.959751548
-73.76	4.8836744
-71.78	8.105813838
-66.38	10.8730335
-62.21	12.72911464
-60.92	14.90977608
-54.05	17.72571842
-53.51	18.73561212
-46.97	21.69361644
-42.25	23.91266443
-36.99	24.93206125
-33.57	26.3690059
-31.08	28.80818138
-23.26	30.06799894
-22.71	31.38959175
-17.84	32.70215383
-13.72	34.07355152
-9.15	35.02181909
-8.86	35.51486266
-3.35	37.95272884
6.54	40.45078045
11.54	41.81290861
16.41	43.98564813
29.73	47.2716357
35.4	48.49227131
41.24	49.90770865
50.76	52.03744118
61.12	54.5397861
71.23	56.65301933
75.93	57.68638626
81.43	58.32705061
84.8	59.03335889
88.56	60.37671853
98.36	62.67695051
99.79	60.78684727
103.2	61.18708989
110.18	62.16976626
110.3	61.84733254
110.32	61.6102602
110.53	60.71099974
114.14	62.6491664
114.97	62.60053024
115.81	62.653329
115.81	62.373329
118.28	63.01425485
120.19	63.25318415
120.26	63.06340388
120.29	62.82778371
120.33	62.58362342
120.4	62.35384275
120.07	50.11566414
119.26	46.4773888
118.81	44.93166882
118.16	44.2167256
116.85	41.88532723
114.38	37.5642623
112.11	33.65222502
110.89	31.57369224
108.8	29.37771564
104.29	25.26690651
100.27	20.8172867
99.02	18.74383445
96.71	18.09467747
94.19	15.41448911
90.68	11.72853367
89.3	9.975575119
86.56	9.222429857
81.26	4.692005892
77.4	0.953133089
75.86	-0.483936409
68.15	-3.651647946
66.39	-5.941556551
60	-7.78577264
57.33	-10.31055454
51.83	-11.57420375
49.75	-13.30205218
43.36	-14.55823976
42.03	-16.3652552
35.79	-17.59992062
33.81	-19.62342635
27.75	-20.62199879
26.35	-22.34964147
18.58	-23.57234983
17.24	-25.42118653
8.18	-27.45579337
3.46	-28.25640068
-0.14	-30.72078157
-8.05	-33.6549109
-18.46	-35.57984434
-19.97	-37.18389423
-27.45	-39.46350786
-29.59	-40.43087493
-41.42	-43.22437588
-47.67	-45.21002668
-57.91	-48.41521529
-70.45	-51.02789752
-74.33	-52.15040834
-77.12	-51.84185231
-83.51	-54.12341514
-84.44	-54.6803561
-88.95	-55.75409095
-93.46	-56.51721398
-98.31	-58.29961023
-101.54	-59.1836199
-107.07	-59.58432136
-111.62	-60.90052598
-112.95	-58.99511644
-114.96	-58.94906819
-118.82	-59.58312936
-118.82	-59.23312936
-120.58	-59.11012013
-117.5	-42.33030441
-112.28	-33.12709807
-109.95	-28.37609607
-106.09	-24.30073188
-104.54	-21.3135558
-102.65	-20.5564327
-99.41	-16.4610772
-98.03	-14.0885031
-94.84	-12.37999378
-92.1	-8.697314115
-90.33	-7.857064171
-88.55	-5.455247379
-85.82	-3.543513232
-84.97	-1.968386698
-81.28	0.50504763
-78.82	2.417546099
-78.6	3.619972591
-75.81	4.451309821
-73.89	7.034496919
-71.4	8.021891963
-71.26	9.042553204
-67.45	10.95501224
-65.28	11.78551204
-64.49	13.52221766
-60.72	15.07933907
-58.89	15.51987827
-57.53	17.480978
-55.2	17.86559226
-54.81	18.81328448
-50.96	21.24295824
-46.76	22.6547109
-42.66	24.09192892
-40.39	25.35822603
-36.27	26.24877475
-35.89	27.37509833
-29.78	29.14094979
-24.56	31.15515275
-18.96	32.56596532
-14.98	34.60656124
-8.77	35.14822106
-8.34	36.31204485
-1.11	38.87523192
5.7	39.94609635
12.17	42.45641072
18.6	43.5506178
22.53	44.51370464
29.13	46.11265959
40.77	48.93807541
48.99	50.09544645
53.33	51.59775548
60.84	52.63839882
66.1	54.48561088
70.76	55.4136528
80.03	56.74077646
82.93	57.92799872
92.73	59.819922
98.21	60.93492941
98.79	58.95007352
106.49	59.66934401
110.18	60.61976626
110.22	60.28562175
110.27	59.94294102
114.61	61.05789378
116	61.23110109
123.81	62.1614263
125.36	62.18744031
125.46	61.65201837
127.7	62.14845496
130.34	62.49290496
131.27	62.24826325
131.28	61.97971851
133.64	62.42303408
134.44	62.36935525
135.64	62.3037823
137.73	62.87741776
137.73	62.56741776
137.74	62.32887007
140.29	62.52905684
140.41	62.09646982
140.47	61.86517605
140.62	61.43694089
140.74	61.11435199
140.78	60.98015554
140.93	60.90191816
141	60.80207368
141.14	60.72238402
141.16	60.65528542
141.19	60.55963748
141.33	60.40994655
141.38	60.34719956
141.36	60.30429837
141.43	60.21445246
141.45	60.11735358
141.52	60.08750736
141.53	60.01895788
141.52	60.01750736
141.52	59.91750736
141.53	59.88895788
141.48	59.88170523
141.5	59.8146063
141.53	59.84895788
141.53	59.67895788
141.6	59.78911139
141.6	59.64911139
141.72	59.60651686
141.71	59.53506643
141.74	59.56941771
141.76	59.57231853
141.78	59.54521934
141.83	59.48247127
141.74	59.53941771
141.76	59.47231853
141.76	59.50231853
141.76	59.50231853
141.55	54.86185891
141.6	52.31911139
138.47	40.93487635
137.24	39.79624867
135.09	35.86384474
122.95	20.52598145
115.87	13.49209929
98.64	0.668054567
91.7	-4.281490964
82.89	-9.2
73.24	-13.58038853
63.96	-16.36052147
63.41	-16.86178657
54.55	-20.61174753
52.5	-21.21505703
41.98	-23.92266229
34.59	-25.77779739
19.25	-30.32293566
11.45	-32.21044896
-1.66	-34.49640978
-4.66	-35.1517237
-5.14	-35.80297285
-10.86	-36.24198397
-14.63	-37.56149779
-19.21	-38.48112925
-24.33	-40.62072931
-27.43	-42.18054161
-30.48	-43.28285074
-41.56	-44.41511675
-45.42	-46.42686056
-50.79	-48.22188131
-56.43	-49.57634146
-70.02	-52.51442673
-79.25	-54.22582923
-87.37	-56.52163103
-89.28	-54.66263327
-96.2	-55.57977499
-104.47	-57.51329422
-106.64	-57.21132208
-110.61	-57.9627096
-112.62	-57.91684087
-116.84	-58.36386591
-119.62	-58.8399589
-120.67	-58.54325832
-120.67	-58.33325832
-120.65	-58.02033875
-121.73	-58.69797205
-127.04	-59.81229513
-128.42	-59.43333511
-130.9	-59.58441562
-130.93	-59.10878187
-132.57	-59.17740926
-133.6	-59.04721726
-134.55	-59.46534713
-136.48	-59.4958419
-137.74	-59.43887007
-138.7	-59.54827042
-139.53	-59.49875874
-139.55	-59.22166167
-140.75	-59.12580288
-140.74	-58.91435199
-140.44	-48.46082296
-139.26	-43.42956731
-136.4	-38.60421858
-136.17	-38.30079988
-133.93	-33.73520386
-132.81	-31.61232025
-128.82	-26.75159213
-118.46	-13.53054765
-113.66	-8.518967924
-109.83	-5.028528227
-103.16	0.558775733
-74.34	19.26811659
-65.35	23.3851717
-55.98	26.98021634
-46.62	29.32544093
-42.09	31.34636674
-25.07	35.65950149
-9.58	39.05799635
