"Saatcioglu, 1999, Specimen RC-3"	
2277	
-0.01	-15.8629688
0.01	-13.2070312
0.03	-10.03109361
0.03	-8.551093613
0.05	-7.515156022
0.06	-6.442187226
0.03	-4.831093613
0.2	-3.470624087
0.15	-2.895468065
0.24	-1.868748905
0.27	-1.419842519
0.3	0.279063868
0.36	1.126876639
0.53	2.557346155
0.86	4.555316357
1.2	6.056255288
1.65	7.849850783
1.92	9.070007975
2.11	9.926414832
2.22	10.66907141
2.47	11.22329084
2.56	11.60000981
2.65	11.86672876
2.72	12.36751016
2.83	12.74016663
2.96	13.4787606
3.11	14.31329207
3.28	15.27376101
3.47	16.4301674
3.66	17.0865737
3.8	17.44813618
3.9	17.67782364
3.92	18.16376113
4.06	18.48532352
4.16	18.7950109
4.14	19.23907343
4.28	19.45063573
4.35	19.98141686
4.44	20.66813543
4.65	21.28047868
4.8	21.94500948
5.01	23.14735248
5.16	23.33188311
5.39	24.26016325
5.44	24.44500673
5.54	24.85469367
5.63	25.57141188
5.94	26.17344104
5.97	26.97234707
6.04	27.13312779
6.11	27.43390849
6.14	27.68281449
6.28	28.56437581
6.44	29.25187436
6.57	30.22046684
6.92	31.39436931
7.33	33.4160829
7.73	35.32482707
7.83	35.76451298
7.99	35.91201033
8.06	35.80279038
8.11	35.70763326
8.14	35.47653897
8.16	35.28247612
8.21	35.22731896
8.23	35.0532561
8.25	35.02919323
8.21	30.25731896
7.92	22.73123026
7.54	18.10842369
7.18	14.90155364
6.87	14.38952614
6.51	12.25265493
6.16	10.01875183
5.75	7.167036119
5.61	5.965474505
4.9	2.094696643
4.28	-1.979364272
3.47	-5.9698326
2.98	-8.265301865
2.51	-10.55483406
1.94	-13.62405446
1.42	-16.02843133
0.72	-20.09624675
0.67	-20.42109072
0.37	-22.09015457
-0.3	-25.78906387
-0.95	-28.98203549
-1.46	-31.21344382
-2.18	-34.25719629
-2.35	-34.92766553
-2.93	-38.0298543
-3.49	-40.05610491
-3.62	-40.8146987
-3.93	-41.66672987
-4.16	-42.3850109
-4.69	-44.27235356
-4.98	-45.21844635
-5.35	-46.73828845
-5.64	-47.37438057
-6.02	-48.38719044
-6.17	-49.0317205
-6.47	-49.92078032
-6.88	-51.43249477
-7.09	-52.18483602
-7.28	-52.93123983
-7.71	-54.25888988
-8.09	-54.51169611
-8.1	-54.27466468
-8.09	-54.06169611
-8.09	-53.65169611
-8.1	-53.51466468
-8.09	-52.13169611
-8.1	-51.48466468
-8.1	-50.45466468
-8.1	-48.34466468
-8.1	-45.69466468
-8.1	-41.62466468
-7.79	-39.74263862
-7.67	-38.0870155
-7.57	-37.2673295
-7.53	-36.29545509
-7.43	-34.84576902
-7.24	-33.72936536
-7.1	-32.37780465
-6.88	-30.69249477
-6.6	-28.63937279
-6.28	-27.37437581
-5.79	-24.33891085
-5.45	-22.99797543
-5.12	-20.42000828
-4.93	-19.05360278
-4.61	-18.74860378
-4.18	-16.11094838
-3.92	-14.41376113
-3.52	-12.43501117
-3	-9.760635666
-2.88	-9.005010469
-2.25	-6.677977747
-2.26	-5.230946526
-1.87	-4.085164057
-1.54	-2.777194125
-1.25	-1.011099241
-0.95	0.667964506
-0.94	0.810933299
-0.68	1.778121929
-0.3	4.060936132
0.17	6.310469526
0.22	6.565313504
0.49	7.885470975
0.8	9.527503597
1.03	10.38578583
1.04	11.04875462
1.25	11.24109924
1.46	12.61344382
1.75	13.86953864
1.84	14.93625771
2.18	16.78719629
2.37	17.98360308
2.44	18.55438451
2.68	18.97563508
2.7	19.49157262
2.91	20.90391677
3.08	22.26438578
3.49	23.76610491
3.97	24.55860484
4.25	25.85172953
4.75	26.75016589
4.77	26.93610332
4.83	28.32391563
5.06	29.46219603
5.44	30.02500673
5.75	31.45703612
6.09	32.52797115
6.35	34.08515644
6.73	35.29796518
6.97	36.53921248
7.25	37.45233397
7.82	38.55154439
7.94	38.89716743
8.23	39.9532561
8.25	39.98919323
8.33	39.70294174
8.37	39.47481598
8.4	39.31372166
8.4	38.03372166
8.42	37.10965877
8.37	32.30481598
8.33	27.68294174
8.28	26.86809893
8.14	23.27653897
7.99	22.06201033
7.85	20.23045016
7.51	17.30951788
6.9	15.22843204
6.61	14.21234144
6.26	12.07843848
5.66	8.760317947
5.3	6.903444955
5.08	5.318133451
4.96	4.352508924
4.56	2.093760159
4.18	0.190948375
3.66	-2.713426298
3.16	-5.411864115
2.73	-7.159521068
2.44	-8.115615488
2.01	-10.16327298
1.51	-12.90171224
1.11	-15.29046383
0.89	-16.59577726
0.68	-17.65812193
0.11	-20.10734325
-0.02	-20.27593759
-0.2	-22.15937591
-0.66	-23.91594048
-1.23	-26.39516166
-1.85	-28.95922649
-2.28	-30.94688408
-2.61	-32.77485367
-3.31	-36.00266729
-3.4	-36.70938611
-3.92	-38.90376113
-4.11	-39.72016721
-4.35	-40.89141686
-4.71	-41.89829101
-4.83	-42.21391563
-5.16	-43.73188311
-5.52	-44.51875628
-5.69	-44.94922401
-5.92	-46.25750369
-6.12	-47.11687716
-6.28	-47.56437581
-6.78	-49.33280839
-7.1	-50.63780465
-7.21	-50.9404595
-7.21	-51.3604595
-7.53	-52.65545509
-7.88	-53.41935592
-7.93	-53.57419884
-7.95	-53.16013601
-8.12	-53.21060183
-8.17	-52.77544469
-8.19	-52.23138183
-8.17	-52.15544469
-8.17	-52.05544469
-8.17	-52.02544469
-8.17	-51.84544469
-8.15	-50.46950755
-8.17	-50.36544469
-8.17	-48.74544469
-8.15	-47.04950755
-8.05	-38.6498218
-7.64	-34.7781097
-5.97	-24.35234707
-0.85	1.247652436
-0.33	4.542029746
0.3	7.829063868
0.42	8.55468941
0.94	11.5690667
1.67	15.02578836
2.18	17.44719629
2.54	19.07407226
2.8	20.28126032
3.01	21.89360443
3.32	22.98563605
3.46	23.64719864
3.84	24.80001117
4.18	26.45094838
4.96	29.12250892
5.47	31.22391282
6.04	33.29312779
6.45	35.08484301
6.8	36.38874567
7.33	37.8960829
7.52	38.43248648
7.66	38.6440469
7.82	39.17154439
8	39.88497891
8.07	40.07575896
8.11	39.80763326
8.1942215	39.69820701
8.14254	30.44888599
7.8669004	21.92555119
6.6265264	13.59819854
5.3516974	6.914455361
4.1113234	0.482118095
2.3541267	-6.792758049
2.11	-8.343585168
0.53	-16.77265385
-0.11	-19.83265675
-0.85	-23.73234756
-1.73	-27.26360107
-2.47	-30.53329084
-2.81	-32.16422909
-3.45	-34.94422989
-4.11	-38.00016721
-4.62	-40.11157251
-5.05	-41.96922732
-5.69	-44.01922401
-6.5	-47.76968628
-6.81	-49.22171431
-7.19	-50.43452226
-7.5	-51.82654927
-7.6	-51.98623531
-7.86	-52.58341875
-8.19	-53.58138183
-8.22	-53.24028753
-8.22	-53.10028753
-7.43	-33.12576902
-3.59	-12.17579244
-3.14	-10.04219836
-2.54	-7.35407226
-2.06	-4.761570927
-1.35	-2.410787141
-0.97	-0.747973079
-0.3	3.480936132
0.3	6.449063868
0.63	7.6870341
0.89	9.754222737
1.17	10.80734891
1.7	13.44469471
2.13	15.60235239
2.61	18.12485367
3.01	20.38360443
3.42	21.98532362
4.03	24.50641729
4.58	26.83969761
5.11	29.09703958
5.59	31.03953713
6.09	32.76797115
6.59	34.56640414
7.14	37.48967915
7.54	38.98842369
8.06	40.69279038
9.07	44.12261369
9.61	46.08291275
10.05	47.1835254
10.64	49.05866301
10.78	49.53022073
11.07	49.85630412
11.47	51.14503878
11.98	52.74642368
12.4	54.18109202
13.17	56.36964677
13.72	57.87289695
14.52	59.22034673
14.98	60.14687753
15.76	61.92838135
16.33	63.26755314
16.78	64.37110729
17.01	64.64936742
17.79	66.48085372
18.2	67.0025295
18.6	67.5612356
19.5	68.75831688
19.7	67.98766685
19.62	67.62392693
19.87	67.4581139
19.91	67.25998374
19.74	67.03953678
20.22	67.56197426
20.18	67.41010459
20.36	67.18351793
20.17	66.92713716
20.22	66.52197426
20.32	66.35164834
20.49	66.29209396
20.58	66.2488003
20.37	66.11648533
20.48	66.01912658
20.44	65.89725705
20.35	65.74055053
20.2	65.58603942
20.46	65.35319182
18.89	45.86729626
14.83	29.20235685
13.93	25.03522811
13.5	23.38759721
12.74	19.96201293
12.05	16.17720184
11.86	15.46080389
11	11.96552542
10.12	8.294304563
9.54	6.032133346
9.49	6.017290896
9.21	4.714172884
9.14	4.073393304
8.52	0.829344304
8.28	-0.311901074
8.04	-1.693146773
7.88	-2.19064408
7.18	-4.908446365
5.97	-9.747652927
5.32	-12.18061764
4.82	-14.01905308
4.71	-14.30170899
4.06	-16.24467648
3.44	-18.37873887
2.89	-20.83202076
2.84	-20.7568646
2.47	-21.46670916
2.47	-22.19670916
1.98	-24.40217933
1.64	-26.123118
1.35	-26.96921286
0.87	-28.54171485
0.37	-30.39015457
-0.25	-32.57421989
-0.42	-33.42468941
-0.88	-35.25125394
-1.37	-37.14672472
-1.94	-38.90594554
-2.38	-40.89657186
-2.9	-43.190948
-3.43	-45.20829238
-3.93	-47.45672987
-4.47	-49.33704162
-5.02	-51.33032119
-5.72	-53.66813007
-6.1	-54.91093982
-6.66	-56.67718467
-6.97	-57.31921248
-7.57	-59.1773295
-8.45	-61.88856444
-9.26	-64.67901542
-9.84	-66.0611877
-10.46	-67.99523146
-10.86	-69.18396793
-11.45	-70.89910208
-11.69	-71.36034233
-11.91	-72.39564548
-12.29	-73.01844093
-13.15	-74.96371035
-13.5	-76.00759721
-14.48	-77.14847439
-15.08	-78.47655786
-15.61	-79.13386188
-16.17	-80.27006668
-16.77	-81.17813945
-17.23	-81.44465915
-17.29	-81.77246589
-17.3	-81.26543368
-17.97	-80.03427261
-17.88	-79.53756321
-18.01	-79.14614342
-18.03	-78.45207882
-18.34	-76.24407686
-18.35	-75.81704452
-18.35	-75.19704452
-18.39	-74.93891515
-18.4	-74.7618828
-18.4	-75.1618828
-18.39	-74.38891515
-18.59	-74.37826797
-19.21	-75.5222585
-19.47	-75.66941434
-19.47	-75.45941434
-20.13	-76.07526747
-20.11	-75.82933261
-20.11	-75.61933261
-20.13	-75.45526747
-20.16	-75.35416974
-20.14	-75.21823489
-20.14	-75.03823489
-20.13	-74.62526747
-20.14	-74.52823489
-20.16	-74.39416974
-20.14	-74.27823489
-20.16	-74.15416974
-20.18	-73.92010459
-20.2	-73.71603942
-20.2	-73.36603942
-20.25	-73.18087649
-20.27	-72.87681131
-20.28	-72.76977872
-20.28	-72.39977872
-20.25	-72.18087649
-20.27	-72.04681131
-20.3	-71.67571353
-20.28	-71.52977872
-20.3	-71.43571353
-20.35	-71.24055053
-20.39	-70.32242011
-20.39	-70.29242011
-20.4	-70.0153875
-20.45	-69.69022444
-20.49	-69.66209396
-20.47	-69.6261592
-20.49	-69.46209396
-20.7	-69.41440859
-20.73	-69.08331063
-20.73	-68.91331063
-20.71	-68.24737593
-20.75	-68.70924531
-20.75	-68.56924531
-20.75	-68.32924531
-20.75	-68.22924531
-20.77	-68.16517999
-20.77	-68.09517999
-20.77	-68.06517999
-20.75	-67.98924531
-20.77	-67.95517999
-20.77	-67.88517999
-20.78	-67.82814733
-20.78	-67.75814733
-20.8	-67.724082
-20.77	-67.54517999
-20.87	-67.54485331
-20.87	-67.50485331
-20.89	-67.30078796
-20.92	-63.24968992
-20.87	-63.12485331
-20.63	-54.10363711
-20.2	-50.93603942
-19.44	-47.17051179
-18.54	-43.52342981
-17.6	-40.59446669
-16.65	-36.45252522
-11.39	-16.01129195
-7.22	0.636571882
-5.88	5.784371022
-4.83	8.676084368
-3.9	11.47217636
-2.83	15.15983337
-2.47	16.20670916
-1.68	18.60124286
-1.3	19.61405681
-0.71	21.08921555
-0.21	22.55765529
-0.02	22.99406241
0.34	23.69093905
0.82	25.14344118
1.46	27.39344382
1.44	27.80750624
1.72	28.13063229
2.53	30.92110349
2.89	32.29797924
3.69	34.53547995
4.09	35.89422973
4.87	37.5357905
5.33	38.98235106
5.66	39.78031795
6.32	42.07625046
7.14	44.72967915
7.9	46.54529309
8.35	47.77887886
8.68	48.83684104
9.92	51.30493543
10.16	52.06617836
10.8	53.15615754
11.07	53.98630412
11.59	54.94065894
11.92	55.9286138
12.21	56.53469462
12.6	57.44045738
13.02	58.06512352
13.31	58.58120162
13.35	58.96307441
13.74	59.63883327
14.09	60.57271823
14.41	61.52769775
14.81	62.47642074
14.9	62.84313319
15.15	63.29733403
15.69	64.75760563
16.58	65.99175017
17.41	67.82807924
17.72	68.1600796
17.91	68.21646636
18.39	68.75891515
18.62	69.04717085
19.05	69.15477754
19.29	69.24599885
19.36	68.95677159
19.25	68.75412869
19.29	68.59599885
19.6	68.57799193
19.94	68.41888611
20.05	68.57152801
20.05	65.06152801
19.4	53.7386417
19.17	51.36038829
18.13	47.74175574
17.51	45.8977569
16.64	43.03955736
15.93	40.62883646
15.21	37.61514213
14.93	36.63203733
14.19	33.61239944
12.86	29.51763184
12.16	26.77985315
9.73	17.51853451
8.61	12.66606123
7.28	7.901239827
0.08	-16.94624963
0.03	-16.75109361
-0.42	-16.42468941
-0.4	-16.04875182
-0.4	-15.84875182
-0.4	-15.66875182
-0.42	-15.50468941
-0.44	-15.370627
-0.4	-16.01875182
-0.39	-16.11578303
-0.99	-18.60391066
-1.66	-21.32281957
-2.71	-24.70454139
-3.85	-27.69297992
-5.23	-32.25266404
-5.85	-34.43672294
-6.48	-35.87374897
-7.48	-38.21061206
-7.97	-40.21607317
-8.34	-41.3559103
-8.45	-41.72856444
-9.24	-43.38307841
-10.26	-46.40586279
-10.89	-48.28287312
-11.82	-51.5189306
-12.44	-52.89296512
-12.79	-53.76685416
-13.74	-55.47883327
-14.22	-56.40130378
-14.65	-57.62893173
-15.84	-60.33212497
-16.17	-61.39006668
-16.65	-62.87252522
-17.65	-64.54930543
-18.25	-65.86736787
-19.08	-68.04368025
-19.77	-68.76843921
-20.01	-68.93965824
-20.27	-68.80681131
-20.33	-68.62461574
-20.3	-64.37571353
-19.783108	-55.36479098
-19.059555	-49.29269905
-18.73	-48.56981464
-17.73	-44.24304734
-17.63	-43.83336994
-16.53	-38.54691082
-12.32	-22.65734578
-11.63	-21.28253231
-10.26	-16.49586279
-9.02	-11.3377711
-7.52	-6.902486485
-6.85	-3.913588863
-5.85	0.52327706
-4.93	4.206397215
-3.61	9.248270053
-1.32	15.99811923
-0.26	18.42281131
-0.02	18.09406241
0.27	19.15015748
1.15	22.48141133
1.67	25.11578836
2.1	26.24344605
3.06	28.59844825
4.13	31.25610469
4.96	34.12250892
6.14	37.88281449
6.87	40.16952614
7.4	42.04686319
8.81	44.32543202
9.35	45.58573195
10.09	47.84539921
10.42	49.42335775
11.59	51.39065894
11.92	52.4386138
12.43	54.04999685
13.33	54.96713802
14.15	57.04052697
14.96	59.90094145
15.64	61.64276579
16.93	63.82562484
17.68	65.80820865
18.48	66.97562398
18.7	67.24091181
19.06	67.83774511
19.58	68.16205693
19.55	68.53315442
19.91	69.56998374
19.81	69.1903091
20.13	69.01526747
20.31	68.89868093
20.12	68.73230004
20.13	68.59526747
20.08	64.73043031
19.43	52.54754427
18.84	49.64245829
17.81	46.27678917
17.15	44.29091677
16.36	41.19645682
15.12	35.98842996
14.31	32.58801676
12.95	27.77434594
11.81	23.81596228
11.17	21.6659879
9.97	17.10977774
8.69	12.34980958
7.83	9.274512983
6.9	6.478432043
5.73	1.51109875
4.73	-1.745771553
3.42	-6.374676378
-0.83	-19.86640998
-4.04	-29.04938603
-5.21	-33.29672663
-6.47	-34.94078032
-7.71	-38.89888988
-9.07	-42.79261369
-9.84	-45.1811877
-10.96	-48.30365187
-12.38	-52.27515547
-13.27	-54.70932883
-14.7	-57.61377208
-15.95	-60.49477234
-16.2	-61.08897041
-17.29	-63.53246589
-18.13	-65.88175574
-19.11	-68.77258294
-19.83	-69.60624404
-20.2	-68.75603942
-20.06	-68.12449544
-20.06	-67.88449544
-20.06	-67.67449544
-20.06	-67.47449544
-20.04	-67.35856057
-19.87	-54.9381139
-19.59	-53.65502443
-17.82	-44.3797569
-16.42	-39.37426415
-10.05	-15.9235254
-9.46	-14.29838542
-8.57	-10.03418705
-8.02	-7.980916071
-7.59	-7.263266705
-6.91	-3.961400678
-6.57	-3.450466842
-5.97	-1.442347073
-5.12	1.949991718
-3.64	7.109363799
-3.04	9.387489274
-2.47	11.34670916
-1.8	14.36561743
-1.13	15.22452625
0.29	18.74609507
1.23	21.91516166
1.42	22.94156867
1.98	24.06782067
2.78	26.75532278
3.22	28.57594845
4.27	30.70766699
4.58	32.59969761
6.11	35.84390849
6.83	38.77765159
7.73	40.99482707
8.57	43.22418705
9.59	45.96697578
10.43	48.35632618
11.55	50.20878557
13	53.97918707
13.62	56.36321531
14.15	57.38052697
15.26	60.02998219
15.98	61.06367614
16.33	62.30755314
17.36	64.35324036
18.07	65.2639496
18.89	66.50729626
19.22	67.98522605
19.91	68.97998374
20.41	69.50835489
20.96	71.08155918
22.06	72.40795478
22.54	72.89037636
23.52	74.39114277
24.85	75.9957298
26.32	76.6018177
27.73	77.33007002
28.87	78.16820433
29.78	78.43810042
30.18	78.33673083
30.54	77.1334954
30.81	77.44356708
32	77.35645733
33.05	77.56780569
34.04	77.24134019
34.14	77.8309889
35.79	77.72015876
36.24	77.30355743
37	77.52884166
38.64	77.98493175
39.2	77.6708978
39.7	77.43907476
40.24	77.41909834
40.24	77.14909834
39.98	76.93205093
40.05	76.74279464
40.27	76.63798831
40.29	76.26391494
40.48	76.19021739
40.22	75.93317168
40.25	75.01206166
38.91	59.62495212
35.43	49.2234363
34.45	47.45289842
33.02	44.16891036
31.06	39.10770617
29.71	35.22733977
29.13	32.81531917
28.16	31.73761482
26.64	28.35674338
24.89	23.49759663
23.39	18.36257258
21.17	13.40387241
19.94	10.24888611
19.86	9.705146439
17.32	3.641369243
15.26	-0.96001781
14.84	-2.8746751
13.88	-4.779612606
12.21	-8.935305381
11.38	-10.32167641
9.74	-14.10849702
8.23	-17.3467439
4.44	-26.43186457
2.94	-29.90717693
2.46	-30.56967794
0.79	-34.8854652
0.6	-35.12187228
0.08	-35.87624963
0.08	-35.27624963
-0.28	-36.68312628
-0.88	-37.66125394
-1.9	-40.41407041
-3.42	-43.78532362
-4.35	-45.96141686
-4.97	-47.48547764
-5.86	-49.50969162
-7.1	-52.76780465
-8.09	-54.79169611
-8.83	-56.63136909
-10.15	-59.41320991
-11.93	-63.30158212
-12.74	-64.68201293
-15.25	-68.92701418
-16.96	-71.43452832
-18.09	-73.25988498
-19.42	-74.56457675
-19.51	-74.99128439
-21.13	-75.95200327
-21.16	-76.58090513
-22.42	-77.85477129
-23.83	-78.65311675
-25.71	-79.43086059
-26.12	-79.47248822
-26.79	-78.75123916
-28.83	-78.25634039
-30.4	-77.77197616
-31	-77.63991291
-31.41	-77.28149869
-32.07	-77.41721464
-34.44	-77.14993363
-36.77	-77.91066505
-36.8	-77.91955773
-37.87	-77.57671509
-37.87	-77.63671509
-38.56	-77.14122164
-39.61	-76.5724034
-39.61	-75.9224034
-40.13	-75.76650158
-40.15	-75.43242829
-40.13	-75.17650158
-40.18	-74.99131833
-40.15	-74.81242829
-40.16	-74.60539164
-40.15	-74.39242829
-40.15	-74.25242829
-40.16	-74.08539164
-40.18	-73.85131833
-40.18	-64.10131833
-39.85	-60.62352654
-39.16	-57.73904336
-38.78	-55.72642403
-38.58	-55.08714919
-37.87	-53.25671509
-36.91	-50.73216402
-36.01	-48.1153765
-35.48	-46.13825905
-34.91	-45.15927617
-34.15	-43.74395376
-33.05	-39.86780569
-32.15	-37.19093714
-31.14	-34.9414304
-29.53	-31.65395478
-27.97	-26.99125825
-27.81	-26.66379955
-26.79	-25.02123916
-25.05	-20.43506367
-23.68	-15.8286134
-23.49	-15.15224198
-22.09	-12.97685623
-21.01	-10.10639572
-20.7	-8.704408586
-19.66	-7.845796898
-19.03	-5.798842399
-18.46	-3.73968869
-17.13	-1.204981163
-16.01	0.747420062
-14.84	3.2946751
-14.34	4.863078936
-13.39	5.585052827
-12.34	7.446717652
-11.74	8.834816014
-10.08	12.49756924
-8.22	15.80971247
-7.17	18.94141499
-6.21	19.39640484
-5.38	21.06280545
-3.99	24.77545767
-2.23	28.43795981
-0.11	32.16734325
0.63	32.5870341
0.32	31.39500146
0.99	32.49391066
1.08	31.92062979
1.13	32.73547375
1.32	31.87188077
2.74	36.2134477
5.08	39.80813345
5.85	40.86672294
6.68	42.18312196
8.28	44.68809893
9.19	46.29823586
10.35	48.29257873
10.69	49.15350507
12.52	51.59671128
13.78	53.7907059
14.15	54.50052697
16.93	58.82562484
17.76	60.14195053
20.39	64.55242011
20.8	64.474082
22.17	66.38059336
23.23	66.99510121
24.35	67.88739221
25.06	68.26803034
27.37	70.62328566
27.94	71.39235978
29.07	71.92752356
32.88	73.72739856
33.74	74.41239269
34.38	74.80214485
35.36	75.18268435
36.41	75.29395119
37.27	75.50887339
39.58	76.2635129
39.44	75.91202357
39.89	75.87538025
39.96	75.61612413
40.24	75.45909834
39.31	61.4734973
39.01	60.45458881
38.45	58.80861997
37.72	56.31225552
37.12	53.93441155
36.83	53.22845038
35.59	51.00086889
34.78	48.45073513
33.93	46.12872635
32.59	44.32140844
31.78	41.70121939
31.07	39.42067171
30.57	37.69239233
28.71	34.66074839
28.28	33.4632081
27.87	32.06159662
27.28	30.09658919
26.37	28.72664996
25.8	27.24755959
25.32	25.21516331
24.39	23.33925937
23.77	21.85531545
22.96	19.54499236
22.39	17.65586999
21.15	15.37793785
20.55	13.6998982
19.98	12.15075591
18.26	9.720335545
17.72	8.790079604
17.08	7.290142125
16.43	6.377232038
15.12	4.26842996
14.34	2.656921064
13.53	-0.303498253
12.5	-0.959225256
11.48	-3.561992866
11.14	-4.49291723
9.73	-6.221465493
9.19	-7.721764136
9	-7.848165946
8.31	-8.852995384
7.85	-9.87954984
6.99	-11.42485026
5.59	-14.14046287
4.9	-16.33530336
4.59	-16.63733367
3.68	-17.5274888
2.47	-19.98670916
2.06	-21.65842907
0.96	-22.67499571
0.22	-24.7946865
-1.25	-26.43109924
-2.14	-27.43532117
-2.37	-27.70360308
-3.95	-30.51266736
-5.04	-33.07625861
-5.5	-33.4328189
-7.88	-37.73935592
-9.36	-39.55870045
-10.02	-41.33462003
-11.03	-42.84443058
-12.36	-45.06921891
-13.46	-46.32572448
-15.2	-49.21217412
-15.67	-49.5516697
-17.01	-51.71936742
-17.23	-52.02465915
-18.35	-53.94704452
-19.21	-55.1222585
-20.11	-56.06933261
-21.75	-58.18597235
-22.14	-59.16169195
-23.64	-60.51674578
-25.05	-62.53506367
-26.24	-63.78808599
-26.85	-64.69903736
-28.28	-65.6932081
-29.52	-67.36098893
-29.88	-67.86775833
-31.53	-68.9470841
-32.32	-70.00134701
-33.27	-70.4630375
-33.6	-71.14088316
-35.74	-73.25533639
-38.41	-74.22676474
-40.65	-75.40059244
-40.73	-73.87429806
-40.77	-73.40615081
-40.09	-58.59464813
-38.75	-53.23753287
-37.92	-51.35153482
-37.1	-49.60848326
-36.49	-47.70766566
-35.03	-43.86485215
-34.53	-41.44661665
-33.53	-40.32012822
-31.62	-35.00377296
-31.24	-33.9210855
-28.83	-28.34634039
-27.54	-25.21371191
-27.5	-25.09184695
-26.54	-23.0570793
-25.76	-20.71569339
-24.9	-18.26056333
-24.74	-18.04309589
-24.11	-16.2661887
-23.47	-14.49630811
-22.71	-12.61081649
-21.68	-10.99520193
-20.68	-8.768473886
-20.04	-7.338560567
-19.2	-3.679290948
-17.8	-2.403821447
-17.51	-1.4877569
-16.73	-0.916268057
-15.67	1.808330305
-14.68	4.032164059
-13.55	5.7475619
-12.65	7.564701332
-11.41	10.72277134
-10.96	11.61634813
-9.22	13.47285861
-8.48	16.0725299
-7.59	17.95673329
-7.02	18.67594437
-5.35	21.21171155
-3.76	23.60373881
-2.8	25.92873968
-1.8	28.77561743
1.6	32.33500685
3.47	35.9901674
3.8	36.46813618
6.83	40.59765159
8.02	43.64091607
10.35	45.64257873
11.52	47.84988053
13.09	50.18590106
15.14	51.954366
16.45	54.1431678
16.96	55.53452832
18.2	57.0325295
20.05	58.20152801
20.65	59.79957183
21.34	60.934316
23.77	63.71531545
26.92	66.06980184
28.47	67.64956355
30.44	70.52383884
30.62	70.2872205
33.81	73.00314729
36.57	74.51137997
38.86	76.26013368
39.29	74.86757014
40.13	75.04650158
40.12	74.59353822
40.31	74.33984156
40.51	74.26910716
40.22	71.73317168
39.13	56.21015249
38.46	54.11158377
37.6	51.85668746
36.74	51.10177235
34.5	46.05772233
32.73	41.71292115
31.12	38.36549936
29.95	34.19851874
28.8	31.58744242
28.28	30.2932081
26.92	28.02980184
24.78	23.12496279
23.23	18.83510121
22.34	16.71103445
21.1	14.0631014
19.93	10.89591865
18.82	9.016523091
17.67	7.745240912
15.27	3.412950199
13.67	0.528056142
13.6	0.337278967
12.48	-1.345161794
11.08	-4.650727503
9.09	-7.721449271
7.02	-11.21594437
4.59	-15.63733367
2.13	-20.67764761
0.27	-24.73984252
-2.9	-29.360948
-5.64	-33.62438057
-6.6	-35.52937279
-9.55	-38.82510183
-9.77	-39.02040841
-10.84	-40.91803114
-12.43	-43.56999685
-13.1	-44.41886928
-14.1	-45.38568636
-16.11	-48.58225918
-18.08	-51.37691729
-18.68	-52.10497657
-21.06	-54.75123222
-23.02	-57.01279442
-25.64	-59.79009461
-27.72	-62.22710382
-29.64	-64.69657902
-31.38	-66.73260229
-32.07	-67.58721464
-34.34	-69.47028562
-36.49	-71.12766566
-37.73	-72.26521951
-40.3	-73.23687825
-40.65	-73.03059244
-41.18	-72.80763893
-41.64	-71.63393711
-39.39	-54.18720583
-38.56	-50.24122164
-36.96	-45.76698496
-35.8	-43.19312323
-34.55	-40.72254618
-34.53	-40.44661665
-33.51	-37.73419822
-32.24	-34.5276248
-30.91	-31.17322287
-27.98	-22.5142244
-26.43	-18.74444861
-25.9	-17.28722498
-24.88	-15.18462992
-24.16	-13.67102284
-23.09	-11.45356343
-22.66	-10.6259812
-21.87	-9.191578621
-20.77	-7.455179992
-19.12	-4.245550501
-18.94	-3.572134193
-18.06	-1.720981906
-17.03	0.144696942
-15.98	2.716323857
-15.48	3.904721857
-14.15	5.669473033
-13.1	7.81113072
-11.86	10.65919611
-11.63	11.17746769
-10.86	12.05603207
-10.12	12.76569544
-9.21	14.58582712
-7.91	16.76173832
-6.59	20.18359586
-5.47	22.34608718
-3.64	24.0593638
-2.35	26.71233447
-1.32	28.42811923
-0.94	29.6809333
0.29	31.58609507
1.49	33.04235018
2.73	34.29047893
3.8	36.18813618
4.13	36.66610469
5.06	37.11219603
6.04	38.71312779
6.47	40.08078032
8.33	42.39294174
9.09	43.59855073
10.02	44.65462003
10.3	44.90773655
11.52	47.11988053
12.1	47.75204336
13.4	49.71791536
14.31	50.43801676
14.57	50.68518713
16.58	52.83175017
17.46	54.68291808
19.5	57.45831688
21.6	60.11146421
22.48	60.96257385
24.54	63.28376098
25.2	63.72956362
25.8	64.11755959
27.33	65.51142058
28.99	67.02379596
29.44	67.91726205
31.57	69.86894584
32.88	70.85739856
33.54	71.55309322
35.12	72.62153392
37.29	74.6548016
39.5	76.82980477
41.2	76.81356506
42.75	76.68280589
45.39	76.19483561
45.65	76.24184233
47.3	76.23048973
50.13	76.11838976
51.45	76.22912055
51.68	76.02719627
52.28	75.75477641
52.37	75.36141233
52.45	75.85508847
54.24	76.22478212
54.48	76.65579365
55.52	76.56348567
57.65	76.5135351
59.27	75.89260964
59.26	75.86965271
59.31	74.97443732
59.34	76.09330804
60.2	75.0275866
60.26	74.76532585
60.31	74.47010844
60.36	74.24489093
59.81	56.44227793
57.4	50.11959467
55.93	47.48477622
48.39	33.46324562
46.73	30.16169395
44.79	26.08711991
43.53	23.51388164
42.32	20.60541044
40.22	16.73317168
38.41	14.39676474
37.27	12.69887339
35.34	9.9867552
33.71	6.903497831
32.33	4.994312277
30.47	2.442735831
28.35	-1.186029289
27.09	-2.459770505
25.37	-4.170003559
23.113165	-7.694515232
21.06	-11.74876778
19.63	-14.34310558
16.86	-16.26514998
15.41	-18.73549779
14.33	-20.67604704
11.95	-22.51248126
10.28	-25.97820033
8.45	-28.62143556
5.63	-30.27858812
3.92	-33.16623887
2.66	-35.47030247
1.68	-36.07124286
0.92	-32.67687088
0.89	-32.44577726
0.91	-32.47983968
0.53	-35.34265385
-0.61	-37.85109651
-1.16	-39.25438012
-2.07	-40.32453971
-3.62	-41.5046987
-3.8	-41.72813618
-4.69	-43.13235356
-5.12	-44.19000828
-6.48	-45.00374897
-7.43	-46.15576902
-7.95	-47.03013601
-8.71	-48.01574666
-9.72	-49.48556603
-10.26	-50.50586279
-10.77	-50.82725233
-12.19	-52.21875803
-13.58	-53.04134262
-14.6	-54.30409137
-16.1	-55.88929126
-16.49	-56.24503932
-17.82	-57.9497569
-18.49	-58.59859162
-18.94	-59.18213419
-19.58	-60.02205693
-21.16	-60.67090513
-21.8	-61.51080832
-22.3	-62.249166
-23.14	-63.73839838
-24.11	-64.8161887
-24.73	-65.21012916
-26.78	-66.25827279
-27.86	-68.43863044
-30.6	-69.22128924
-31.7	-70.16749624
-32.86	-71.23146827
-33.86	-72.04797194
-34.84	-72.57852335
-36.44	-72.57284414
-38.42	-73.22972856
-38.77	-73.71346032
-39.34	-74.53238802
-40.59	-75.0428131
-43.16	-76.25427099
-43.68	-75.19831724
-44.19	-74.62939331
-44.83	-74.36896796
-45.16	-73.98671256
-46.45	-74.70877296
-46.95	-74.23684442
-47.42	-74.03602436
-48.81	-74.09759996
-48.83	-73.72352145
-49.19	-73.76010601
-55.32	-74.89431726
-56.53	-74.59226313
-58.84	-74.27545801
-58.92	-74.02911469
-59.34	-73.63330804
-60.54	-73.67810706
-60.56	-73.16401988
-60.54	-72.91810706
-60.56	-72.71401988
-60.59	-72.45288908
-60.63	-72.22471462
-60.66	-71.95358374
-60.68	-71.64949646
-60.7	-71.51540916
-60.68	-71.33949646
-60.73	-71.14427819
-60.77	-70.74610351
-60.78	-70.53905983
-60.8	-70.30497245
-60.82	-70.00088506
-60.15	-53.64280378
-59.03	-49.8316422
-57.79	-46.95494068
-55.56	-41.91531917
-51.34	-32.01656194
-49.67	-28.15221206
-47.3	-23.03048973
-44.97	-19.76043577
-43.06	-14.30464581
-41.11	-11.10689739
-39.15	-6.876079738
-37.58	-5.15075941
-36.2	-2.941699969
-34.37	-0.599180049
-33.17	0.686613188
-31.72	3.286572959
-30.36	5.239886555
-28.57	8.900775966
-26.55	12.04995428
-23.73	15.02655211
-22.63	16.28291999
-19.97	18.10221154
-18.2	20.3174705
-16.6	23.20231409
-15.56	24.180978
-12.56	27.33141566
-9.76	28.92256007
-8.86	30.56972532
-8.15	32.23049245
-5.73	33.59890125
-4.49	35.62702093
-2.44	36.29561549
-1.54	37.25280588
-0.95	37.41796451
-0.35	38.12609216
0.58	39.95219013
3.04	42.70251073
7.06	45.76593014
9.5	47.94025939
12.69	51.43717168
15.1	54.38249391
16.02	55.21554787
18.03	57.55207882
20.62	60.03066975
22.41	61.52180419
24.03	62.55245398
26.95	64.45870088
33.57	68.1619882
35.81	69.9460877
37.72	71.19225552
39.1	71.50126161
40.56	71.43392339
47.75	72.34374222
52.21	74.38405938
57.88	75.06155815
59.67	75.59088358
60.31	74.85010844
60.38	74.3608039
60.48	74.11036849
60.76	73.92314718
60.36	73.62489093
59.84	56.21114805
59	52.48277111
58.79	52.63067246
58.36	50.81351262
57.4	47.28959467
56.48	45.22747307
55.45	43.4427769
53.83	40.44346587
51.31	35.42768225
49.44	31.87412054
47.49	27.88675269
46.82	26.6183466
45.99	25.55254028
44.11	21.98569561
41.89	17.61800971
39.13	12.61015249
38.08	10.99895751
36.24	7.953557429
33.57	4.5619882
29.99	-0.799618212
27.9	-3.929504875
25.04	-5.637903012
23.06	-8.885337564
21.1	-12.8068986
17.84	-14.73430766
14.79	-19.32951537
12.98	-21.69674938
9.87	-23.23990689
7.66	-25.8259531
6.04	-29.22687221
1.67	-32.14421164
-2.13	-36.51235239
-3.55	-38.93391743
-4.88	-39.70875921
-7.53	-40.97545509
-10.33	-44.08664186
-11.91	-45.99564548
-15.13	-48.13139798
-15.61	-48.92386188
-17.7	-50.95414413
-18.35	-51.25704452
-20.61	-52.12770239
-22.85	-54.1423551
-24	-56.03355344
-24.78	-56.70496279
-28.91	-59.24006824
-30.88	-61.99432616
-31.98	-62.84052665
-36.51	-64.32359425
-37.56	-65.63483135
-38.94	-67.55384316
-43.32	-69.61167068
-44.06	-70.07088445
-49.28	-72.89675148
-50.55	-74.13271967
-52.64	-72.27131839
-56.22	-72.92056327
-58.1	-72.50662174
-59.72	-72.84566737
-60.25	-72.52236931
-60.28	-72.1212389
-60.3	-71.81715193
-60.3	-71.53715193
-60.34	-71.37897795
-60.3	-71.22715193
-59.99	-54.25549808
-56.89	-44.82874868
-53.89	-36.87121985
-52.29	-33.22773597
-50.81	-30.51968279
-49.31	-28.42563324
-47.93	-25.8070414
-46.5	-22.14358046
-45.12	-18.8748649
-44	-15.89311097
-42.92	-14.95317006
-41.89	-12.54800971
-40.01	-8.820941109
-36.91	-3.852164016
-35.06	-1.503746095
-33.39	0.761381978
-31.2	4.680776511
-29.62	7.419352643
-28.1	9.840181917
-25.95	11.69794239
-24.06	13.45864549
-21.82	16.2132573
-20.16	18.80583026
-18.85	20.10457412
-17.41	21.79192076
-13.7	25.31303937
-11.48	28.03199287
-10.27	30.32116877
-6	33.1787469
-2.97	36.72827063
-1.4	37.43436891
0.67	39.80890928
2.99	42.3576669
7.13	44.61671052
10.73	47.5853787
11.5	48.29394383
13.93	50.32522811
16.41	52.57129627
20.89	55.15078796
22.3	56.769166
24.82	59.56682966
31.71	63.66046164
32.79	64.83071217
37.21	67.57108872
38.98	69.16569783
43.44	71.23721996
44.87	72.51081597
49.07	73.2845783
52.23	74.38997855
53	74.61785577
53.86	73.67234288
57.28	74.4041024
59.96	75.16662815
60.07	74.98915106
60.74	74.49723453
60.74	74.11723453
60.79	73.82201614
60.79	71.58201614
59.74	51.63158085
58.81	47.22658669
58.3	45.69576881
57.4	43.49959467
56.2	40.52464702
54.4	36.58212337
53.36	34.4143885
52.52	33.17580491
50.83	30.07560293
49.51	27.18484423
48.58	25.51950187
47.4	23.46010195
46.22	21.31065744
44.35	17.65678812
43.17	15.1072335
42.17	14.01096892
38.34	8.076017991
36.27	4.962450498
35.36	3.592684351
33.17	0.043386812
30.62	-3.5127795
29.5	-5.074942778
25.01	-10.60680305
22.58	-13.05775534
21.27	-13.82645484
18.96	-15.85193064
17.41	-18.17192076
16.07	-20.4996125
13.53	-21.70349825
11.28	-25.33136003
9.8	-27.18068618
6.33	-30.25078088
5.18	-31.28217948
1.51	-33.85171224
0.44	-35.859373
-3.76	-39.27626119
-5.43	-41.56203803
-7.53	-43.35545509
-10.05	-44.2435254
-11.62	-46.45956397
-14.46	-47.61253821
-15.98	-49.62367614
-16.79	-50.54407514
-19.32	-51.64490146
-19.92	-53.2729512
-22.51	-54.93147511
-25.78	-56.73162649
-26.45	-57.82038148
-27.43	-58.60108322
-30.89	-59.86729173
-33.01	-62.62594525
-33.88	-63.78390178
-38.6	-66.21307672
-39.94	-67.37019732
-44.88	-70.76377796
-48.62	-72.01134514
-50.81	-73.34968279
-51.46	-71.5720804
-51.64	-71.38535715
-52.43	-71.10916946
-52.43	-70.92916946
-53.38	-71.21030685
-53.38	-71.01030685
-56.82	-73.12804354
-59.75	-71.89453759
-61.42	-72.86825562
-61.42	-72.55825562
-61.44	-72.32416771
-61.42	-72.10825562
-61.46	-71.95007979
-61.42	-71.79825562
-61.46	-70.71007979
-61.08	-51.98774746
-60.34	-47.73897795
-59.08	-45.02642727
-57.75	-43.3231106
-55.44	-37.81981848
-51.93	-29.75118953
-51.1	-27.75552352
-50.4	-26.12831682
-49.2	-23.67306663
-47.73	-20.23782003
-46.62	-17.72911814
-44.2	-13.37235551
-42.1	-9.19022933
-41.59	-8.239122376
-40.3	-6.626878249
-37.48	-2.421119025
-35.51	0.822847327
-34.15	3.066046243
-33	4.487019867
-31.24	6.728914496
-28.05	10.67501259
-25.9	13.41277502
-24.45	15.14293994
-20.9	18.07624472
-18.82	20.03347691
-16.42	24.36573585
-12.41	27.2059397
-10.29	29.54523189
-8.57	30.41581295
-7.1	32.36219535
-4.93	35.86639722
0.67	39.56890928
1.94	41.07594554
4.37	42.97735432
7.3	44.70717706
8.68	47.21684104
13.81	50.69961036
15.27	51.8629502
20.34	55.15758314
21.03	56.44233032
25.7	59.92789403
26.42	60.13148217
29.75	62.12920301
30.69	63.39797985
33.57	64.6319882
36.69	66.48695114
38.82	68.11827888
39.63	68.65833038
42.65	70.55317952
46.23	72.13361902
47.46	72.42786914
50.35	73.4235157
52.69	73.82611553
53.71	74.02795752
54.47	73.95283488
57.53	74.718044
58.53	74.19378599
65.89	75.82918604
67.13	76.19546355
68.65	75.74435359
69.78	75.20799854
69.83	75.2927602
72.06	75.85100929
74.86	75.73716644
75.52	75.42184625
75.66	75.41313912
76.93	75.03767836
78.09	75.03970393
78.09	74.68970393
78.09	74.92970393
80.22	75.18754787
80.24	74.74344197
80.22	74.45754787
80.27	74.30228307
80.27	74.09228307
80.27	73.92228307
80.33	73.69996511
80.33	73.55996511
80.46	72.94827555
80.583832	72.08707245
80.618286	72.06277151
80.394333	57.49115989
80.26	52.76933604
79.69	49.98134654
75.7	38.12493689
74.95	36.40371499
72.13	30.97166793
63.7	14.08212622
59.51	8.443574774
55.81	3.549277205
52.37	-1.168587665
49	-5.67614642
47.25	-7.484316507
43.08	-11.31942913
34.53	-19.85338335
31.020552	-21.3939923
26.35	-27.16928294
23.5	-29.82479109
20.32	-32.36835166
15.5	-36.09878589
11.4	-39.9757397
8.4	-42.48627834
2.25	-46.53202225
-0.85	-47.71234756
-1.25	-47.67109924
-1.32	-47.59188077
-2.4	-47.91250941
-2.85	-48.54610416
-4.97	-49.83547764
-6.67	-51.27015332
-7.52	-52.45248648
-10.2	-53.92805214
-12.27	-55.64250436
-15.87	-57.92102881
-18.28	-59.81627088
-19.75	-61.42250426
-24.87	-63.56166322
-27.48	-65.85591447
-29.02	-67.11269382
-37.2	-72.3381246
-38.94	-73.15384316
-43.07	-74.67760834
-46.8	-75.18242381
-47.74	-74.76078113
-47.81	-74.98150873
-49.17	-74.78418476
-52.55	-75.89468333
-54.48	-75.45579365
-54.5	-75.06171118
-55.58	-75.1712359
-59.4	-75.61104937
-61.56	-75.28963994
-61.66	-74.76919967
-61.68	-74.18511156
-61.7	-73.98102344
-61.73	-73.64989123
-61.73	-74.99989123
-61.77	-74.81171489
-61.78	-75.01467079
-61.77	-74.71171489
-61.75	-75.70580307
-61.8	-75.02058259
-61.8	-75.82058259
-61.82	-74.52649437
-61.84	-75.03240613
-61.85	-74.835362
-66.25	-74.46553178
-66.26	-74.36848575
-66.99	-74.10411311
-69.5	-73.99533103
-70.4	-74.14103484
-70.41	-73.63398689
-73.64	-73.81724587
-74.62	-73.70636831
-75.84	-73.16622847
-75.88	-73.07802588
-77.1	-72.6078072
-78.34	-72.28340707
-80.01	-72.5356586
-80.56	-71.69774449
-80.6	-71.08953191
-80.65	-70.65426607
-80.66	-70.24721289
-80.7	-70.01900009
-80.72	-69.74489366
-80.73	-69.57784044
-80.75	-69.37373398
-80.77	-69.27962749
-80.8	-69.07846772
-80.82	-68.81436118
-80.85	-68.71320134
-80.87	-68.51909474
-80.85	-68.30320134
-81.34	-68.09758348
-82.04	-69.34382076
-82.04	-67.48382076
-82.06	-61.00971285
-82.03	-56.7308747
-81.77	-47.5542753
-81.04	-45.29918781
-78.91	-39.17143782
-77.86	-38.06189413
-77.89	-38.52073904
-77.87	-38.65484244
-77.84	-38.98599749
-77.82	-39.19010083
-77.75	-39.12946237
-77.32	-35.70267758
-74.76	-31.39766757
-72.93	-26.96774971
-72.05	-25.97805804
-72.05	-26.35805804
-72.17	-25.78347277
-70.72	-22.34549805
-69.54	-19.7271409
-68.85	-18.40341013
-67.2	-15.07613844
-64.97	-10.48738743
-64.07	-8.591461521
-62.73	-7.095462546
-60.8	-4.124972449
-59.34	-1.553308043
-58.89	-1.660243462
-57.79	-0.164940684
-56.32	1.299855733
-55.12	2.554852653
-54.27	3.636341326
-53.65	4.329796857
-53.03	5.723266325
-51.53	7.317200731
-50.9	8.003676675
-50.33	8.972404772
-49.93	8.78081706
-49.38	9.11364276
-48.88	9.701674886
-48.54	9.602341453
-47.93	10.6129586
-46.55	12.43161212
-45.16	14.08328744
-43.82	15.93021013
-42.51	17.34829789
-40.99	18.93865986
-39.34	20.45761198
-38.08	21.83104249
-36.8	22.62044227
-35.34	23.9132448
-34.06	24.79273005
-29.76	27.86783118
-28.38	29.07713105
-27.19	29.71010742
-25.9	30.33277502
-25.7	30.77210597
-23.28	32.80006395
-22.04	33.95797953
-19.46	35.72355317
-18.51	36.4954731
-16.56	37.89418556
-15.51	38.1958179
-15.03	38.53828229
-14.92	37.69093072
-14.65	38.36106827
-11.65	40.94153102
-10.58	41.90914748
-9.53	42.27083514
-4.38	45.09967695
-4.18	45.25905162
-2.25	46.53202225
-1.47	46.96358739
1.7	50.00469471
3.6	51.83876119
5.9	53.80156634
13.36	57.2560426
18.44	59.7737534
20.08	61.06043031
21.1	62.8931014
27.35	65.91735312
35.38	68.59861349
36.79	69.3165935
38.38	69.22787329
43.92	70.82941282
50.54	72.1697595
52.93	71.94714053
52.9	71.48826252
52.95	71.02305919
58.22	73.20211017
60.31	73.68010844
62.17	73.67994779
62.31	73.55132772
63.6	73.65257513
65.29	73.65193032
69.06	74.0954175
72.59	74.03741879
72.61	73.45332077
75.04	74.07026313
75.05	73.6932129
77.64	74.28702997
79.14	74.17923481
79.17	73.76807768
80.67	73.7301597
80.67	73.3201597
80.7	73.04900009
79.5	46.06534614
78.3	41.82161479
75.61	35.89839178
73.54	31.24774088
71.2	26.42718367
70.21	25.09494501
68.5	21.46005996
66.2	16.64076189
64.05	12.78555166
61.13	8.122528371
55.41	0.030943228
49.64	-5.856669346
37.1	-19.89151674
32.69	-24.59893958
24.23	-31.61820943
17.39	-36.93785631
14.4	-39.42527035
5.2	-46.22624207
-2.52	-50.82813471
-4.02	-52.72344855
-12.32	-56.31734578
-16.94	-60.71859267
-28.31	-64.89210637
-30.14	-65.32486793
-34.39	-65.70510966
-34.67	-65.48812318
-38.27	-64.77527111
-38.25	-64.54934341
-44.54	-65.81306847
-44.3	-65.25197733
-51.17	-66.07624327
-51.22	-66.10104298
-51.29	-65.63176243
-51.31	-65.29768225
-52.07	-66.7426248
-53.12	-66.0033672
-57.55	-67.03395922
-63.25	-67.30914292
-64.45	-67.08374566
-64.51	-66.48147416
-66.78	-66.94208578
-66.8	-66.35799323
-66.81	-65.98094695
-69.81	-66.90685555
-69.86	-66.37161715
-73.1	-66.97791304
-74.29	-66.88901613
-74.58	-66.38456834
-74.62	-66.01636831
-75.86	-65.97212718
-77.25	-66.00203728
-77.32	-65.74267758
-78.48	-65.63467938
-79.99	-65.73976425
-79.99	-65.42976425
-80.39	-65.23764697
-80.39	-64.82764697
-80.44	-64.6023817
-80.44	-64.3523817
-80.51	-64.17301009
-80.53	-64.03890387
-80.56	-63.90774449
-80.54	-63.66185075
-80.58	-62.26363821
-79.73	-41.23313585
-78.06	-37.05085933
-74.19	-27.50951439
-72.2	-22.69232634
-70.19	-18.60904072
-69	-16.35770132
-66.57	-11.48005646
-65.3	-9.654884713
-63.04	-5.287081078
-61.78	-3.134670792
-60.8	-1.724972449
-59.58	0.515727498
-56.91	4.325335606
-56.17	5.144227375
-53.84	8.233575125
-52.41	10.00674957
-48.42	14.43787174
-45.9	17.44411471
-41.66	21.84013702
-38.89	24.46097525
-37.48	25.57888097
-33.89	28.1731333
-32.93	29.02777575
-27.31	33.60451197
-26.04	34.77124377
-22.13	37.53127519
-21.23	39.02832392
-18.58	41.08469966
-16.96	42.22547168
-14.06	44.18618615
-10.38	46.31851597
-9.27	46.64801607
-9.03	46.81926038
-4.93	49.53639722
-4.33	50.71452061
-1.11	52.34046383
2.04	54.37563336
6.08	56.67500248
11.92	59.4786138
15.84	60.70212497
17.72	62.0600796
19.05	63.28477754
26.13	65.76545471
29.47	67.02615964
30.3	66.59231931
32.64	66.58623446
36.77	67.13066505
39.89	67.77538025
40	67.66797772
43.84	68.39571448
43.85	67.77867679
43.89	68.32052597
50.45	69.63311785
51.61	69.45647777
55.24	70.12064947
61.2	70.29322147
65.27	70.32602152
69.23	70.73561244
71.59	70.61229507
73.76	71.2526512
75.55	70.78069481
75.83	70.7532791
77.07	70.63896104
77.95	70.44842873
80.6	70.43953191
80.64	69.69131925
80.67	69.4201597
80.72	69.30489366
80.76	69.07668074
80.77	68.93962749
80.79	68.73552099
80.84	67.96025462
80.86	67.82614804
80.89	67.49498813
81.05	66.85213441
81.2	54.86633278
81.12	49.95276047
80.77	45.36962749
80.29	41.2681771
76.69	29.24690568
74.83	24.56831683
72.93	20.62774971
71.02	16.89405286
61.08	-1.892252541
57.12	-7.373221496
55	-10.03035531
49.73	-15.72002523
45.63	-19.46408119
39.79	-24.6942541
34.05	-29.89569493
30.66	-33.100917
25.63	-38.30287197
20.44	-41.60274295
15.67	-44.8783303
10.4	-47.85257911
4.3	-51.02342681
2.46	-51.58967794
0.46	-52.16343541
-1.14	-51.63844254
-2.83	-52.94016663
-4.88	-54.07875921
-8.86	-56.91027468
-11.43	-58.40316537
-13.6	-60.24727897
-15.77	-57.79134931
-25.19	-60.68659697
-34.05	-62.59430507
-36.03	-62.97130533
-37.3	-62.76776569
-39.16	-62.93904336
-49.71	-64.20405388
-53.19	-64.71408196
-53	-64.21785577
-53.34	-63.10847014
-58.08	-64.99070695
-59.89	-64.9059315
-63.52	-64.94893394
-67.9	-65.34287505
-67.99	-64.26945384
-68.26	-64.10918798
-74.02	-64.52936028
-74.15	-64.01771355
-75.44	-63.84824988
-75.79	-63.36148159
-76.05	-63.19816395
-78.68	-63.49363802
-79.29	-63.39344871
-80.63	-63.54837242
-80.7	-62.91900009
-80.75	-62.51373398
-80.8	-62.21846772
-80.85	-61.96320134
-80.85	-61.75320134
-80.85	-61.41320134
-79.67	-39.35545185
-71.55	-20.32048911
-66.54	-9.641194971
-65.76	-7.790781989
-64.3	-5.399423721
-62.2	-0.918814986
-58.7	4.495941784
-58.2	5.143804527
-55.53	8.733555948
-52.21	12.31594062
-49.26	16.28916971
-45.83	19.60484654
-43.64	22.01353219
-42.64	23.04978314
-39.59	26.0735236
-38.61	27.24395952
-35.86	29.65909001
-34.05	31.19569493
-32.15	33.25906286
-30.79	34.8623641
-26.33	38.28521585
-24.12	40.10084447
-19.7	43.35233315
-15.01	45.94421836
-14.36	46.43714274
-10.17	48.7508532
-8.62	49.69097022
-3.16	53.16186412
-0.49	54.79452902
3.16	56.93813588
8.37	58.78481598
9.31	59.11385794
15.41	60.61450221
15.72	60.81650951
19.93	63.02591865
20.29	62.02274613
28.56	62.77625799
28.76	62.63557843
34.12	63.99505918
39.19	64.72793419
44.34	65.27382597
46.92	65.82796035
49.63	65.87037018
51.61	66.18647777
53.59	65.87244864
53.67	65.91612128
55.45	65.3527769
55.47	64.80869371
55.45	64.6627769
55.76	64.44448579
55.79	64.25336065
55.78	65.24040237
55.83	65.25519375
65.13	65.90465944
69.37	66.33694843
72.16	66.16052157
72.18	65.78642396
75.04	66.01026313
77.09	65.83485849
78.4	65.41109533
82.24	65.92274071
82.51	65.80227912
84.1	65.20058903
84.24	64.79181702
84.29	64.59654103
85.51	64.64576253
87.29	64.33971786
87.39	63.85914804
89.18	64.09584764
90.56	63.58177482
91.89	63.53288414
93.61	63.59851639
94.47	63.55126248
96.33	63.41773717
96.42	62.22417381
96.47	62.49886061
97.81	62.54240565
97.86	62.14708787
97.88	61.81296072
98.64	61.78610913
99.47	61.71976665
99.86	61.59424034
101.02	61.4846653
101.03	61.1475996
101.08	60.78227099
101.10169	60.75555039
101.13615	55.73521277
101.01556	48.32643047
100.82605	41.10415321
99.930229	33.88131703
96.812065	23.52508899
93.711128	16.89444242
91.35	12.89410104
86.2	5.348890769
75.48	-10.17995189
68.83	-18.38249544
59.5	-29.47938206
55.66	-33.49509733
50.4	-37.05168318
48.51	-38.55122398
40.77	-44.30384919
27.89	-50.92247104
21.99	-53.17281532
16.57	-54.38121769
14.59	-54.86887671
10.73	-56.3146213
5.23	-57.14733596
3.42	-56.19467638
3.11	-55.45670793
3.04	-55.49748927
-10.19	-59.85508369
-20.99	-60.8604611
-30.33	-63.76121639
-34.25	-63.17360221
-40.34	-63.00873147
-43.44	-61.20721996
-47.5	-61.02971386
-49.4	-61.11227835
-49.59	-59.78852825
-49.81	-59.2336582
-49.83	-58.82957902
-49.86	-58.17846023
-49.84	-57.93253943
-49.88	-57.77438102
-49.91	-57.64326218
-49.95	-57.45510368
-49.93	-57.30918294
-49.95	-57.17510368
-49.98	-57.04398477
-50.02	-56.95582618
-50.03	-56.64878652
-50.07	-56.42062786
-50.09	-56.21654851
-50.1	-56.07950882
-50.12	-55.84542945
-50.28	-53.17279399
-49.35	-34.04747555
-48	-27.44776857
-46.12	-22.38104149
-41.49	-12.1194927
-39.97	-9.389087532
-38.25	-5.749343408
-36.56	-2.41841569
-35.89	-1.019803336
-34.77	0.242229578
-33.98	1.516449142
-33.12	3.391438615
-32.53	4.666382849
-30.95	7.994914869
-28.41	11.56823284
-25.33	15.10187006
-22.02	19.26391384
-20.97	21.18547351
-20.09	22.34660225
-17.66	24.35772683
-16.7	25.6426355
-14.4	27.82527035
-11.62	30.75043603
-10.6	31.75321065
-7.91	34.47173832
-2.68	39.19436492
-1.9	37.11592959
-1.76	36.53749257
-1.76	32.39749257
-1.7287714	26.96707567
