"Sritharan 1996_Specimen_No._IC2"	
4289	
-0.3937	157.86
1.4748	178.26
3.4668	194.56
5.4578	212.56
7.4798	233.06
9.3738	253.36
10.3878	261.96
10.2028	241.16
9.4078	220.86
8.5168	200.66
7.5418	180.06
6.5178	160.66
5.3848	140.16
4.1448	119.36
2.8848	99.63
1.4308	79.25
-0.0572	58.75
-1.5752	38.26
-3.1672	17.468
-4.7242	-3.87
-6.7482	-22.85
-8.5752	-43.18
-10.4522	-63.19
-11.2322	-70.51
-11.2622	-71.25
-10.2722	-50.83
-8.8152	-30.33
-7.3772	-10.28
-5.5352	11.172
-3.9292	30.84
-2.3002	50.99
-0.7352	71.18
0.7794	91.46
2.1928	111.84
3.5358	132.36
4.8848	153.56
6.1298	173.76
7.2738	194.06
8.3618	214.26
9.4898	234.26
10.6178	254.96
11.8778	274.86
13.5878	294.86
14.7178	301.46
14.7978	301.16
14.3778	277.26
13.5278	258.16
12.6178	237.76
11.6378	216.56
10.6278	196.36
9.6088	176.56
8.4848	156.16
7.3028	135.26
6.0498	115.56
4.6658	95.34
3.2068	74.98
1.7648	55.17
0.1556	34.78
-1.6272	14.4349
-3.3182	-6.11
-5.3342	-24.95
-7.3852	-45.2
-9.3722	-66.33
-10.8822	-86.74
-12.4122	-106.74
-13.9222	-126.64
-15.2322	-140.14
-15.2422	-139.34
-14.4322	-118.14
-13.4622	-98.14
-12.2922	-77.19
-11.0522	-57.11
-9.5382	-36.7
-7.0912	-8.7
-5.1002	10.927
-3.2512	31.72
-1.6082	51.2
-0.00640002	71.58
1.6508	92.46
3.2038	112.6
4.6958	132.66
6.1468	152.96
7.5568	174.06
8.8158	194.16
10.0648	215.36
11.2878	235.76
12.3878	255.76
13.6178	275.76
14.7578	292.86
14.0278	272.46
13.0978	251.16
12.1278	230.76
11.1378	210.36
10.0838	189.66
9.0138	169.16
7.9308	149.26
6.6928	128.46
5.3418	107.18
3.8908	86.48
2.3728	65.86
0.7286	44.78
-0.9702	24.97
-2.6272	4.615
-4.6642	-14.75
-6.6912	-35.58
-8.7182	-55.79
-10.3122	-76.52
-11.7822	-96.14
-13.2322	-116.24
-14.6622	-136.94
-16.0822	-157.64
-15.9922	-153.64
-15.3422	-133.94
-14.1422	-113.24
-13.0522	-93.14
-11.8422	-72.63
-10.5822	-52.54
-8.9822	-31.75
-7.1612	-11.44
-5.1542	7.235
-3.2212	28.04
-1.6352	48.21
0.027	68.37
1.6878	88.84
3.2888	108.67
4.8248	129.36
6.2678	149.56
7.5818	169.66
8.8388	189.76
10.0898	210.46
11.2178	230.26
12.3578	250.46
13.5578	272.46
14.6578	288.26
14.6778	288.46
14.2178	267.16
13.2778	245.86
12.2678	224.06
11.2678	203.66
10.2008	183.06
9.0968	162.46
7.8998	140.66
6.6528	120.16
5.3068	100.3
3.9008	80.89
2.2698	60.87
0.5096	40.08
-1.1482	19.827
-2.8352	-0.7
-4.8942	-20.26
-6.9312	-40.62
-8.9172	-61.15
-10.3822	-81.51
-11.8922	-101.24
-13.3022	-121.74
-14.8022	-142.24
-16.2922	-162.64
-17.7822	-182.64
-16.9322	-161.34
-16.7922	-158.24
-16.6622	-154.74
-15.7422	-134.34
-14.6622	-112.84
-13.3422	-90.14
-12.0622	-69.93
-10.6622	-48.97
-9.0682	-29.24
-7.2232	-9
-5.2812	8.491
-3.4132	29.08
-1.6302	49.79
0.1095	70.37
1.7478	90.1
3.4128	110.41
5.0398	131.36
6.6798	152.36
8.0928	173.66
9.3518	193.56
10.5278	213.66
11.6778	233.36
12.7878	253.36
13.9378	273.56
15.1178	293.66
16.5178	313.76
18.5178	330.36
20.5178	342.16
22.1778	347.16
22.2278	346.16
21.9478	325.16
21.1178	304.46
20.0778	282.36
19.0778	261.86
17.9978	241.76
16.9378	221.16
15.8178	200.46
14.7478	180.36
13.6378	160.26
12.4378	140.06
11.1378	119.26
9.7808	98.78
8.2568	77.72
6.6198	57.12
4.8708	36.34
3.1888	16.135
1.1446	-4.45
-0.8552	-19.62
-2.8782	-35.9
-4.9052	-51.85
-6.9662	-69.27
-9.0122	-89.34
-10.9522	-109.94
-12.8322	-129.54
-14.4322	-150.84
-16.2222	-171.74
-18.1622	-191.84
-20.1522	-211.94
-22.1622	-228.84
-22.5522	-230.34
-22.6922	-230.34
-22.7022	-229.64
-21.8522	-208.84
-20.8122	-187.04
-19.7322	-165.84
-18.5422	-144.44
-17.4322	-124.94
-16.1322	-103.84
-14.7722	-82.14
-13.3122	-61.4
-11.7422	-41.11
-9.7622	-21.73
-7.7182	-2.49
-5.6832	13.4238
-3.7512	33.37
-1.7652	53.96
0.2492	73.32
2.2668	92.86
4.3038	112.92
6.2758	132.96
8.0868	153.06
9.8398	174.16
11.4078	194.46
12.8778	214.76
14.3378	235.86
15.7978	255.76
17.2078	275.36
18.7278	295.36
20.2378	315.66
22.0078	335.86
22.2678	338.96
21.4378	318.56
20.5478	298.46
19.5278	277.66
18.4778	256.46
17.4278	235.46
16.3278	213.66
15.2078	193.06
14.0278	172.06
12.8378	151.86
11.6078	131.86
10.3278	110.86
8.9758	90.85
7.2838	69.94
5.5958	49.81
3.8278	29.08
2.1798	8.92
0.1651	-9.39
-2.0032	-26.25
-3.9542	-41.34
-6.0432	-57.97
-8.1252	-77.25
-10.1422	-97.44
-12.0222	-117.74
-13.8222	-138.74
-15.5622	-158.94
-17.4622	-179.34
-19.2722	-199.74
-21.1322	-219.54
-22.7922	-233.14
-21.7722	-212.54
-20.8022	-192.14
-19.7622	-171.44
-18.5622	-149.84
-17.4622	-130.34
-16.0822	-108.64
-14.7922	-88.34
-13.4022	-67.82
-11.8522	-47.95
-10.0622	-27.94
-8.0392	-8.56
-5.9862	7.725
-3.9452	26.75
-1.9652	46.85
0.0571	66.44
2.0558	86.51
4.1608	106.95
6.0598	126.46
7.9198	146.56
9.6948	166.86
11.3578	189.06
12.8278	209.66
14.3278	230.66
15.6778	250.26
17.1378	271.06
18.6378	292.06
20.2778	312.26
22.0878	333.66
22.3478	336.46
22.1878	332.26
21.9978	317.76
21.9978	318.06
20.9678	295.96
19.9278	274.76
18.9378	254.56
17.8778	233.06
16.7878	212.36
15.5678	189.86
14.4178	169.56
13.0978	147.06
11.8578	126.86
10.4978	106.29
9.0738	85.61
7.4458	65.25
5.5628	44.61
3.7508	24.22
1.9608	3.47
-0.0921	-13.09
-2.1132	-29.42
-4.1542	-45.94
-6.1942	-61.79
-8.2172	-81.66
-10.3122	-101.64
-12.2522	-122.84
-14.1222	-143.74
-15.9322	-164.24
-17.7322	-184.84
-19.5922	-205.64
-21.5622	-223.84
-21.9222	-227.84
-22.6422	-233.94
-22.7022	-233.24
-21.9522	-211.54
-20.9322	-190.74
-19.9322	-171.14
-18.7922	-150.44
-17.6322	-130.04
-16.2922	-108.74
-15.0022	-88.34
-13.5422	-67.17
-11.9422	-46.37
-9.7822	-25.59
-7.7942	-6.14
-5.8042	7.863
-4.6452	20.042
-4.6432	18.724
-4.6422	19.919
-3.8812	18.004
-2.5542	38.24
-0.7482	58.28
1.2938	77.96
3.3038	97.88
5.4468	118.66
7.4388	139.56
9.1778	159.06
10.8178	180.46
12.2278	200.66
13.7678	221.76
15.1878	242.26
16.6378	262.76
18.1178	283.16
19.6278	303.56
21.1778	323.96
22.8078	343.76
24.8378	360.16
26.8678	370.46
28.8478	372.86
29.7278	373.76
29.7278	352.66
28.8378	331.86
27.8678	311.96
26.8178	291.36
25.7478	270.86
24.6278	250.36
23.4778	228.96
22.3278	208.36
21.0978	188.16
19.9478	167.96
18.6178	147.16
17.2878	125.66
15.8778	104.91
14.5378	84.4
12.9778	64.19
11.1878	43.48
9.3648	23.136
7.4328	2.87
5.4118	-11.53
3.4128	-24.49
1.3828	-38.08
-0.6779	-51.3
-2.7382	-66.3
-4.8082	-82.55
-6.7322	-96.24
-8.7492	-111.64
-10.8422	-129.44
-12.9422	-147.94
-14.9322	-166.94
-16.9122	-188.24
-18.8722	-207.04
-20.7422	-227.44
-22.7222	-245.94
-24.7722	-264.64
-26.7622	-279.34
-28.7622	-291.84
-29.7022	-298.04
-30.1522	-298.94
-30.1622	-297.54
-29.6222	-277.24
-28.6722	-256.44
-27.7022	-236.24
-26.6522	-215.84
-25.5222	-195.44
-24.2922	-175.24
-23.0922	-154.14
-21.7922	-133.64
-20.4722	-113.44
-19.0722	-92.54
-17.6022	-72.52
-15.9322	-51.68
-13.8422	-31.11
-11.7322	-12.97
-9.6852	1.92
-7.6452	15.829
-5.6102	32.7
-3.6302	48.26
-1.5792	64.64
0.4334	79.6
2.4808	94.88
4.5098	110.37
6.5948	126.16
8.6158	143.16
10.6978	161.66
12.6678	182.16
14.5678	203.26
16.3678	223.76
18.0478	243.66
19.8578	264.26
21.6378	284.66
23.4378	305.46
25.4178	325.56
27.4678	345.86
29.4578	359.66
29.7178	359.76
28.8078	338.86
27.8378	319.06
26.8078	298.76
25.7278	278.16
24.6078	257.66
23.5178	237.06
22.3478	216.56
21.1678	195.46
19.8678	174.06
18.5778	152.86
17.2578	131.46
15.8678	110.09
14.5078	90.89
12.8978	70.53
10.2468	39.18
8.1948	18.878
6.1548	-1.62
4.0688	-14.56
1.9808	-29.98
-0.0413	-41.6
-2.1182	-56.72
-4.1382	-70.97
-6.2202	-87.24
-8.2752	-102.94
-10.4822	-121.44
-12.4522	-137.14
-14.4622	-154.94
-16.4922	-175.54
-18.5022	-195.44
-20.5222	-214.44
-22.5822	-233.74
-24.6122	-252.34
-26.6122	-270.94
-28.6122	-287.54
-30.6122	-303.14
-30.6522	-304.34
-29.6422	-282.94
-28.7122	-262.24
-27.6222	-240.94
-26.4922	-220.24
-25.3222	-199.44
-24.0922	-178.24
-22.7822	-156.54
-21.4222	-134.64
-20.0622	-113.14
-18.5822	-91.44
-17.0522	-70.63
-15.3422	-49.78
-13.3222	-31.26
-11.3122	-13.2
-9.3282	2.04
-7.2772	15.048
-5.2432	32.04
-3.1722	48.46
-1.1542	64.02
0.8588	79.02
2.8848	94.11
4.9748	109.37
7.0628	126.56
9.0538	142.56
11.1178	161.26
13.1478	181.86
14.9578	202.46
16.7478	222.96
18.4778	242.46
20.2478	262.86
22.0078	283.56
23.9178	303.56
25.8478	324.16
27.8578	343.46
29.3778	354.96
29.6178	355.86
29.2178	333.36
28.2578	313.26
27.2378	293.46
26.1178	272.06
24.9678	251.06
23.7978	230.06
22.5578	209.16
21.2278	186.86
19.9778	166.06
18.7778	146.66
17.4078	125.86
16.0978	105.63
14.6478	85.47
12.9878	65.02
11.1478	43.24
9.2928	23.274
7.2848	4.11
5.2278	-10.58
3.2468	-23.62
1.2176	-36.7
-0.7682	-50.24
-2.8132	-64.54
-4.8512	-79.38
-6.8692	-94.14
-8.9312	-110.24
-10.9522	-126.54
-13.0122	-143.94
-14.9922	-161.14
-17.0122	-181.64
-19.0122	-200.14
-21.0122	-220.24
-23.0422	-239.34
-25.0622	-257.24
-27.0722	-275.94
-29.0822	-292.14
-29.9422	-297.74
-30.2522	-297.14
-30.2722	-296.84
-29.6122	-275.74
-28.6722	-255.64
-27.6822	-235.54
-26.5322	-214.24
-25.3922	-194.34
-24.1822	-174.04
-22.9822	-153.74
-21.6522	-133.34
-20.3522	-113.24
-18.9422	-92.34
-17.5222	-73.3
-15.8422	-52.5
-13.8022	-33.13
-11.7922	-16.54
-9.7622	-1.91
-7.6752	12.275
-5.6502	28.64
-3.5942	45.38
-1.6102	59.89
0.4159	75.71
2.4198	90.42
4.4668	105.85
6.6448	122.76
8.6118	137.26
10.6278	154.36
12.6778	173.96
14.6078	193.76
16.3878	214.26
18.2078	234.56
20.0078	255.26
21.9778	276.56
23.7878	296.96
25.6278	316.96
27.6478	335.96
29.6678	354.76
31.7278	374.56
33.7378	383.26
35.7278	388.76
37.7178	391.26
39.3178	395.06
39.5478	394.86
41.5878	404.56
43.5578	402.46
44.2178	399.96
44.4178	398.76
44.2478	377.36
43.3278	356.56
42.2578	336.46
41.0678	315.86
39.8878	295.46
38.6678	274.56
37.4878	254.56
36.2378	234.56
34.9278	214.56
33.5678	192.96
32.1378	171.36
30.7878	151.36
29.3678	130.56
27.8078	110.17
26.1578	89.82
24.4878	69.52
22.7278	49.03
21.0078	29.1
18.9278	9.579
16.8078	-8.35
14.7978	-19.25
12.7678	-30.48
10.7278	-39.96
8.6618	-50.49
6.6548	-61.61
4.6088	-72.96
2.4908	-85.2
0.5239	-96.04
-1.6192	-107.64
-3.6642	-118.74
-5.7472	-129.64
-7.8282	-140.44
-9.9222	-152.14
-11.8922	-162.04
-14.0422	-177.14
-16.0722	-190.44
-18.1322	-204.34
-20.1522	-219.74
-22.1422	-235.44
-24.2022	-251.54
-26.2022	-266.94
-28.3222	-284.24
-30.4022	-298.84
-32.4722	-312.54
-34.5122	-324.74
-36.6122	-337.44
-38.6722	-348.74
-40.6622	-357.64
-42.6722	-367.84
-44.6922	-370.64
-45.2822	-370.44
-45.3322	-369.44
-44.8922	-345.74
-44.0422	-327.44
-42.8922	-304.14
-41.8922	-284.14
-40.7322	-263.94
-39.4922	-242.94
-38.2822	-223.04
-37.0022	-201.34
-35.7922	-181.64
-34.5022	-160.94
-33.0122	-140.44
-31.5922	-119.74
-30.0622	-99.34
-28.4722	-78.8
-26.6722	-58.52
-24.6122	-38.22
-22.5922	-23.14
-20.5722	-8.56
-18.4522	3.53
-16.4122	14.8792
-14.3922	28.01
-12.3722	39.67
-10.3122	51.58
-8.2282	63.64
-6.2122	74.61
-4.1722	84.84
-2.0642	95.89
-0.0778	106.11
1.9748	115.66
3.9848	125.76
6.0148	135.56
8.0378	146.16
10.1188	157.66
12.2078	168.66
14.3078	181.46
16.2878	193.46
18.3378	208.26
20.4378	223.66
22.5378	239.66
24.5578	254.76
26.6578	271.16
28.6878	287.46
30.7078	301.36
32.7178	315.66
34.7378	329.56
36.7678	343.06
38.8078	357.06
40.8178	369.56
42.8178	379.16
44.7178	383.06
43.8178	362.56
42.7478	341.76
41.6278	321.86
40.4378	301.46
39.1878	280.46
37.8578	260.16
36.5778	239.76
35.2578	219.66
33.9578	199.16
32.5578	178.66
31.1178	157.66
29.5878	136.36
28.0578	116.26
26.4078	95.4
24.7178	75.42
22.7578	53.85
20.6578	32.83
18.6478	14.8026
16.5778	-1.37
14.4278	-13.92
12.3578	-26.04
10.3578	-35.68
8.3198	-45.51
6.2678	-57.26
4.2798	-68.31
2.2148	-80.15
0.1333	-91.24
-1.9302	-102.74
-3.9652	-113.54
-6.1532	-126.24
-8.0672	-134.84
-10.0722	-144.94
-12.1522	-156.04
-14.2522	-168.24
-16.3522	-179.24
-18.3522	-190.64
-20.4622	-205.04
-22.4022	-217.44
-24.4822	-233.14
-26.5322	-247.64
-28.6122	-263.14
-30.5622	-275.44
-32.5922	-290.34
-34.6322	-304.34
-36.6922	-318.74
-38.7422	-330.04
-40.7722	-342.94
-42.7722	-354.64
-44.8022	-362.74
-45.2622	-360.84
-44.2422	-339.94
-43.3122	-320.04
-42.2822	-299.54
-41.1322	-278.14
-40.0422	-258.64
-38.7522	-237.64
-37.5422	-217.34
-36.2822	-196.54
-34.9722	-176.24
-33.5222	-155.14
-32.0922	-134.04
-30.6622	-114.34
-29.1622	-94.34
-27.4322	-73.22
-25.5322	-52.53
-23.4922	-35.29
-21.3922	-19.36
-19.1922	-4.25
-17.1422	6.637
-15.1122	18.449
-13.0722	30.51
-11.0322	43.11
-9.0522	54.66
-6.9752	65.51
-4.9182	77.34
-2.9052	87.83
-0.8192	99.49
1.2493	108.16
3.2698	118.86
5.2988	128.86
7.3108	139.26
9.3818	150.16
11.4078	161.06
13.4378	171.56
15.4678	181.86
17.4978	194.96
19.4778	208.26
21.5978	223.76
23.6578	239.36
25.6578	253.36
27.7078	269.06
29.7178	283.86
31.8078	299.06
33.8278	313.36
35.8678	327.96
37.8578	339.86
39.9278	354.96
41.9178	365.86
43.9278	375.16
44.7478	377.66
44.7878	357.76
43.4778	336.36
42.2178	314.76
41.0078	294.26
39.6678	272.66
38.3478	251.76
36.9578	229.76
35.6078	209.36
34.2478	189.16
32.6978	166.36
31.1778	145.36
29.6778	124.96
28.0778	104.88
26.3178	84.2
24.4378	63.26
22.3978	42.67
20.3178	23.458
18.2078	6.27
16.1278	-8.61
14.0778	-18.82
11.9678	-31
9.9408	-39.95
7.8808	-50.84
5.8288	-62.38
3.6548	-74.54
1.6258	-85.11
-0.3794	-95.94
-2.4112	-107.44
-4.4382	-118.04
-6.5202	-128.54
-8.5342	-138.54
-10.6122	-149.44
-12.6022	-158.74
-14.7522	-171.24
-16.7722	-181.34
-18.7722	-193.74
-20.8422	-206.14
-22.8622	-219.34
-24.9722	-234.74
-27.0322	-248.54
-29.0422	-263.54
-31.1522	-278.94
-33.2222	-293.24
-35.2122	-304.94
-37.1822	-317.94
-39.3022	-331.44
-41.3622	-342.44
-43.3622	-355.14
-45.1722	-359.04
-45.2022	-357.64
-44.8722	-336.74
-43.9422	-316.94
-42.9222	-295.94
-41.9222	-276.04
-40.7322	-255.14
-39.5522	-235.44
-38.3122	-214.84
-37.0422	-194.34
-35.7022	-173.74
-34.3422	-153.74
-32.8622	-132.54
-31.3722	-111.94
-29.7522	-91.14
-27.9922	-70.8
-25.9722	-49.62
-23.9022	-32.95
-21.8622	-18.61
-19.8822	-5.96
-17.8522	5.029
-16.4122	11.877
-13.7322	25.42
-14.5322	8.001
-15.4022	-17.06
-15.4022	4.431
-15.7322	13.2247
-15.7322	13.9753
-15.7322	11.264
-15.7222	13.4698
-15.7222	11.402
-15.6822	13.577
-15.7422	17.269
-15.7522	19.276
-15.7522	13.96
-15.7422	11.585
-15.7722	9.701
-15.7722	11.693
-15.7722	10.099
-15.7722	11.432
-15.7622	10.452
-15.7622	11.892
-15.7622	10.023
-15.7822	11.555
-15.7822	9.793
-15.7922	12.474
-15.8022	10.728
-15.8022	12.428
-15.7722	14.0979
-15.7822	13.0102
-15.7722	14.1898
-15.7722	12.351
-15.7722	13.194
-15.7822	12.888
-15.7822	13.7302
-15.7822	12.872
-15.7822	14.5115
-15.7822	12.9949
-15.7822	13.8068
-15.7822	12.183
-15.7822	14.0519
-15.7622	13.1021
-15.7722	13.9447
-15.7622	13.3472
-15.7622	10.62
-15.7722	12.597
-15.4422	15.385
-15.2622	17.637
-14.9622	21.007
-14.7922	23.167
-14.6422	25.53
-14.5422	27.64
-14.3722	28.41
-14.0422	31.09
-13.8122	33.45
-13.6322	35.47
-13.4022	37.87
-13.2222	40.06
-13.0222	41.9
-12.8222	44.42
-12.5822	46.25
-12.3422	48.6
-12.1022	50.9
-11.8322	53.18
-11.5722	55.69
-11.4322	57.61
-11.1422	60.29
-10.9722	62.25
-10.5822	65.59
-10.3022	68.28
-9.9822	71.67
-9.7222	74.06
-9.4022	76.07
-9.0222	78.12
-8.5622	81.07
-8.1472	83.2
-7.6902	85.44
-7.3192	87.62
-6.7042	89.76
-6.2282	92.09
-5.7812	94.23
-5.1382	96.52
-4.7762	98.68
-4.2422	100.87
-3.7902	102.87
-3.3282	105
-2.7752	107.15
-2.4322	109.48
-1.9712	111.76
-1.4752	113.81
-0.9042	116.36
-0.3802	118.46
0.0958	120.46
0.6344	122.56
1.082	125.06
1.7012	127.26
2.0774	129.56
2.6588	131.56
3.0488	134.06
3.5488	136.06
4.1018	138.46
4.5678	140.56
4.9068	142.66
5.3488	144.86
5.9588	146.86
6.4728	144.76
6.5348	146.76
6.5638	143.46
6.7448	145.86
6.9068	147.96
7.1208	150.26
7.4498	153.16
7.7968	155.36
8.2258	157.66
8.6688	159.96
9.1168	161.96
9.6448	165.16
10.1408	167.36
10.6408	169.86
11.0828	172.36
11.7578	175.26
12.1978	178.36
12.6878	180.46
13.0978	182.46
13.4978	184.96
13.9578	187.06
14.4678	189.26
14.8478	191.46
15.4178	194.16
15.8578	196.66
16.2678	199.16
16.6778	201.66
17.2678	204.06
17.6278	206.76
18.0778	209.36
18.3878	212.26
18.8578	214.36
19.1578	216.66
19.7078	219.16
20.0178	221.56
20.4478	223.86
20.6878	226.16
21.0678	228.56
21.3478	230.86
21.7378	232.76
22.1278	235.96
22.4678	239.26
22.8878	241.56
23.1978	244.06
23.4978	246.36
23.8178	248.56
24.3078	251.06
24.5978	253.56
24.9378	256.26
25.1878	258.36
25.7778	260.66
26.0478	263.66
26.2878	265.66
26.6178	267.96
27.0478	270.06
27.2578	272.16
27.5678	274.16
27.8978	276.26
28.0978	278.36
28.4678	280.56
28.7178	282.86
28.9878	285.06
29.3478	287.46
29.7378	289.76
29.9978	292.06
30.3478	294.26
30.6778	296.46
30.9478	298.56
31.2178	300.96
31.5478	303.06
31.7678	305.26
32.1578	307.56
32.6878	310.66
32.9878	314.16
33.3378	316.66
33.7278	318.86
34.0378	321.06
34.4478	323.76
34.7278	325.76
35.0578	327.86
35.4078	330.36
35.7578	332.76
36.0778	335.36
36.4278	337.96
36.7578	340.46
37.2478	342.56
37.6278	344.76
37.8478	347.06
38.1678	349.46
38.5678	352.26
38.7578	354.36
39.2378	356.36
39.6878	358.46
39.9478	360.76
40.2078	362.96
40.7178	365.06
41.1878	368.26
41.5378	370.86
41.8078	372.66
42.1178	374.76
42.4778	376.86
42.8778	379.16
43.3078	381.26
43.7478	383.46
44.1378	385.56
44.6378	387.56
45.0178	389.96
45.6678	392.06
46.3878	394.06
46.8878	396.06
47.7478	398.16
48.4078	400.26
49.4578	402.26
50.0578	404.36
51.6578	406.46
52.3078	408.56
53.6978	410.66
55.3578	412.86
57.8478	414.76
58.8478	412.56
59.0678	410.96
59.3078	409.36
59.3678	407.96
59.4478	406.46
59.4478	404.36
59.4478	401.56
59.4278	400.46
59.4178	397.36
59.4178	395.26
59.4178	397.36
59.4278	395.36
59.4278	397.06
59.4178	396.06
59.4378	397.16
59.4278	396.46
59.4278	392.96
59.4278	394.96
59.4278	392.86
59.4178	395.16
59.4178	392.76
59.4078	391.06
59.4278	393.06
59.4278	395.06
59.4278	393.06
59.4278	390.96
59.4178	393.06
59.4278	391.26
59.4278	393.26
59.4278	390.86
59.4178	392.26
59.4278	394.96
59.4278	393.96
59.4278	395.56
59.4278	393.36
59.2878	390.96
59.1978	388.86
59.0578	386.16
58.9178	383.16
58.8078	381.06
58.7078	378.56
58.5878	376.46
58.4378	373.26
58.3178	370.76
58.1578	367.96
58.0278	365.26
57.8978	363.06
57.7378	360.36
57.5678	357.76
57.4378	355.46
57.3178	353.56
57.2078	351.36
57.0878	349.26
56.9278	346.86
56.7878	344.46
56.6378	342.26
56.5178	339.66
56.3678	337.66
56.2278	335.26
56.0578	332.66
55.9378	330.46
55.8078	328.26
55.6678	326.06
55.5278	323.96
55.3478	321.56
55.2278	319.56
55.0878	317.26
54.9278	315.16
54.7878	312.66
54.6378	310.36
54.4878	308.26
54.3378	306.16
54.2178	303.96
54.0578	301.56
53.8778	298.96
53.7278	296.86
53.5778	294.76
53.4678	292.66
53.3278	290.56
53.1978	288.46
53.0678	286.16
52.9078	283.86
52.7778	281.56
52.6278	279.46
52.4478	276.66
52.3178	274.46
52.1278	271.76
51.9778	269.56
51.8378	267.36
51.6678	264.66
51.4778	262.06
51.3578	259.96
51.2078	257.86
51.0778	255.86
50.9178	253.56
50.7678	251.26
50.5878	248.76
50.4178	246.46
50.2678	244.26
50.1278	242.26
49.9778	239.96
49.7978	237.56
49.6578	235.46
49.4978	233.36
49.3578	231.26
49.1778	228.66
48.9778	225.96
48.7678	223.26
48.6078	221.06
48.4278	218.66
48.2778	216.36
48.1078	214.06
47.9378	211.86
47.7978	209.46
47.6178	206.96
47.4578	204.86
47.2978	202.56
47.1278	200.36
46.9778	198.26
46.8278	196.16
46.6678	193.96
46.4878	191.46
46.2878	188.76
46.1078	186.06
45.8978	183.36
45.7178	181.06
45.5578	178.96
45.3578	176.16
45.1378	173.26
44.9178	170.46
44.7278	168.16
44.5178	165.66
44.3278	163.36
44.1478	160.66
43.9478	157.76
43.8178	156.06
43.5878	153.26
43.4478	151.36
43.2378	148.66
43.0678	146.46
42.8478	143.66
42.6878	141.76
42.4378	138.56
42.2778	136.56
42.0778	134.26
41.8878	132.06
41.7078	129.66
41.5278	127.76
41.3678	125.26
41.1578	122.46
40.9678	120.16
40.7578	118.16
40.4578	115.26
40.2778	113.17
40.1078	111.05
39.9178	109.02
39.7578	106.84
39.5078	104.53
39.3378	102.38
39.1578	100.29
38.8978	97.9
38.7178	95.72
38.5278	93.39
38.3178	91.12
38.1178	88.95
37.8778	86.39
37.6778	84.2
37.4678	81.96
37.2478	79.88
37.0378	77.7
36.7978	75.1
36.5778	72.92
36.3178	70.47
36.0878	67.93
35.8378	65.36
35.6378	63.2
35.3778	60.76
35.1378	58.49
34.8978	56.33
34.6878	54.31
34.4678	52.18
34.2578	50.27
34.0178	48.2
33.7878	46.01
33.5878	43.94
33.3278	41.61
33.1078	39.53
32.8178	36.91
32.5378	34.47
32.2778	32.33
31.9878	30.2
31.6878	27.9
31.4478	25.69
31.1578	23.381
30.8378	21.084
30.5478	18.786
30.2978	16.794
30.0478	14.7107
29.7578	12.704
29.4778	10.682
29.2178	8.659
28.8578	6.055
28.4778	3.82
28.1778	1.92
27.8178	-0.58
27.3978	-2.6
26.8378	-4.62
26.3578	-6.98
25.9978	-9.39
25.5778	-11.87
25.2078	-13.95
24.7478	-16.42
24.3278	-18.46
23.8478	-20.97
23.4278	-22.99
22.9178	-25.33
22.4478	-27.37
21.8078	-29.95
21.2278	-31.98
20.6478	-34.04
20.0278	-36.17
19.5678	-38.29
19.0278	-41.05
18.6778	-43.03
18.1578	-45.37
17.7678	-47.78
17.4078	-49.63
16.9078	-52.2
16.3378	-54.7
15.8478	-56.91
15.3378	-58.99
14.8378	-61.15
14.2678	-63.63
13.8178	-66.04
13.3878	-68.35
12.8378	-70.83
12.3978	-72.89
11.9578	-74.89
11.4068	-77.39
10.9168	-79.98
10.4258	-82
9.8738	-84.35
9.3548	-86.84
8.7308	-89.24
8.2158	-91.44
7.6208	-94.14
7.2348	-96.54
6.6588	-98.94
6.0348	-101.34
5.5108	-103.54
4.9678	-106.04
4.3158	-108.14
3.7538	-112.54
3.1058	-115.84
2.206	-118.24
1.4678	-120.34
0.9344	-122.64
0.3628	-125.14
-0.2992	-127.44
-0.9282	-129.94
-1.6472	-132.14
-2.0752	-134.54
-2.4712	-136.54
-3.1182	-139.34
-3.7992	-141.34
-4.1572	-143.54
-4.8332	-146.14
-5.5232	-148.34
-6.0332	-150.94
-6.7382	-153.34
-7.4002	-155.74
-8.0862	-157.94
-8.7022	-160.24
-9.5422	-162.34
-9.9422	-164.64
-10.5822	-166.74
-10.9922	-169.34
-11.4422	-171.54
-11.9822	-173.94
-12.6722	-176.24
-13.3922	-178.34
-14.1622	-181.04
-14.5122	-183.04
-15.0522	-185.54
-15.5322	-187.74
-16.2022	-190.24
-16.9022	-192.64
-17.4522	-194.94
-18.0822	-197.54
-18.9222	-199.84
-19.3822	-202.04
-19.6022	-204.14
-20.0722	-206.64
-20.6122	-209.24
-21.2522	-211.74
-21.6222	-213.74
-22.1622	-216.04
-22.5022	-217.94
-23.0022	-220.24
-23.5222	-222.74
-24.0122	-225.04
-24.7222	-226.94
-25.0422	-229.04
-25.4622	-231.04
-25.8622	-233.64
-26.1622	-235.74
-26.4922	-237.74
-26.9722	-240.44
-27.4022	-242.74
-27.9722	-244.74
-28.3222	-247.44
-28.7122	-249.54
-29.0922	-251.94
-29.5422	-254.54
-29.9122	-256.64
-30.5022	-259.14
-30.8122	-261.84
-31.1922	-264.14
-31.5922	-266.24
-31.9222	-268.44
-32.2622	-270.74
-32.6522	-273.14
-33.1422	-275.74
-33.5922	-277.94
-33.9122	-279.94
-34.2522	-281.94
-34.7522	-284.94
-35.2222	-287.24
-35.9522	-289.54
-36.2322	-291.84
-36.5622	-294.44
-36.9022	-296.84
-37.2922	-299.34
-37.8122	-301.94
-38.2522	-304.04
-38.6922	-306.24
-39.0522	-308.14
-39.5622	-310.44
-40.0122	-312.44
-40.4722	-314.94
-40.7622	-317.04
-41.4822	-319.04
-41.7522	-321.24
-42.0522	-323.64
-42.4122	-326.04
-42.7822	-328.14
-43.1522	-330.44
-43.5522	-332.34
-44.3022	-334.34
-44.6422	-336.54
-45.0122	-338.94
-45.4222	-341.14
-46.0322	-343.24
-46.7722	-345.54
-47.1922	-347.84
-47.6422	-350.24
-48.3322	-352.54
-48.8522	-354.74
-49.6622	-356.84
-50.0022	-359.04
-50.4022	-361.34
-50.8522	-363.44
-51.4322	-365.54
-52.3922	-367.64
-53.1722	-369.94
-53.8422	-371.94
-54.3422	-373.94
-54.8322	-376.14
-55.4622	-378.04
-56.7522	-380.34
-57.5222	-382.24
-58.5422	-384.64
-58.8422	-386.64
-59.4822	-388.64
-60.2022	-386.44
-60.2222	-385.74
-60.2422	-383.64
-60.3322	-381.74
-60.4922	-382.64
-60.5722	-380.64
-60.5822	-378.44
-60.5922	-376.44
-60.6022	-381.54
-60.6022	-377.24
-60.6022	-376.04
-60.6022	-379.94
-60.6022	-375.84
-60.6122	-373.94
-60.6122	-371.94
-60.6122	-369.84
-60.6322	-371.94
-60.6422	-369.84
-60.6222	-367.64
-60.6222	-365.64
-60.6222	-370.04
-60.4722	-367.84
-60.3722	-365.04
-60.2222	-362.04
-60.0922	-359.64
-60.0122	-357.54
-59.8822	-354.74
-59.7622	-352.14
-59.6622	-349.94
-59.4922	-347.34
-59.3722	-344.64
-59.2322	-341.84
-59.1122	-339.34
-58.9722	-336.44
-58.8622	-334.04
-58.7422	-331.14
-58.5922	-328.24
-58.4622	-325.54
-58.3322	-322.54
-58.1622	-319.14
-58.0522	-316.94
-57.9322	-314.74
-57.7722	-311.74
-57.5922	-308.94
-57.4622	-306.34
-57.2722	-303.14
-57.0822	-299.94
-56.9022	-297.14
-56.7822	-294.94
-56.5822	-292.14
-56.4722	-290.04
-56.2922	-287.54
-56.1322	-284.74
-55.9822	-282.24
-55.8222	-279.34
-55.6822	-277.04
-55.5122	-274.54
-55.3722	-272.24
-55.2322	-269.84
-55.1022	-267.44
-54.9922	-265.74
-54.8222	-263.34
-54.6722	-260.84
-54.5522	-258.84
-54.4122	-256.84
-54.2922	-254.84
-54.1622	-252.84
-54.0122	-250.24
-53.8222	-247.14
-53.6822	-245.04
-53.4922	-242.24
-53.3522	-240.04
-53.1922	-237.64
-53.0222	-234.94
-52.8622	-232.14
-52.6922	-229.44
-52.5022	-227.14
-52.3622	-224.64
-52.1822	-222.04
-52.0522	-219.74
-51.8822	-217.54
-51.7022	-214.64
-51.5422	-212.34
-51.4022	-209.94
-51.2322	-207.54
-51.1022	-205.14
-50.8522	-202.24
-50.6822	-199.04
-50.5722	-197.34
-50.3622	-194.44
-50.2022	-192.04
-49.9122	-187.94
-49.7622	-185.74
-49.6322	-183.54
-49.3922	-180.04
-49.2722	-177.44
-49.1922	-175.74
-48.9422	-173.14
-48.7522	-170.44
-48.5722	-167.54
-48.4022	-165.24
-48.2122	-162.04
-48.0722	-160.24
-47.9322	-158.14
-47.7322	-155.24
-47.5722	-153.14
-47.4122	-151.14
-47.2622	-148.84
-47.0622	-146.14
-46.8522	-143.34
-46.6922	-141.34
-46.5022	-139.14
-46.2922	-136.54
-46.0922	-134.24
-45.9422	-131.74
-45.7522	-129.54
-45.6222	-127.54
-45.3822	-124.74
-45.2122	-122.74
-45.0222	-120.74
-44.8422	-117.94
-44.6222	-115.34
-44.4522	-113.24
-44.2522	-111.04
-44.0722	-108.74
-43.8722	-106.14
-43.6922	-104.04
-43.5022	-101.84
-43.3222	-99.64
-43.0622	-96.64
-42.9022	-94.74
-42.6722	-92.04
-42.5322	-89.94
-42.3022	-87.74
-42.0922	-85.75
-41.9322	-83.72
-41.7322	-81.51
-41.5622	-79.32
-41.4122	-77.24
-41.2222	-74.59
-40.8822	-72.49
-40.6622	-70.16
-40.4222	-67.08
-40.1822	-64.57
-39.9622	-62.35
-39.7422	-60.11
-39.5122	-57.44
-39.3122	-55.27
-39.0622	-52.89
-38.8222	-50.78
-38.5522	-48.5
-38.3322	-46.14
-38.0722	-43.79
-37.6022	-40.81
-37.3722	-38.46
-37.0322	-35.58
-36.8122	-33.61
-36.5222	-31.54
-36.2922	-29.2
-35.7522	-27.1
-35.5222	-24.94
-35.2122	-22.91
-34.9322	-20.62
-34.6922	-18.59
-34.2422	-16.39
-33.8822	-14.09
-33.5522	-11.82
-33.1322	-9.59
-32.7722	-7.23
-32.4522	-5.16
-32.1122	-2.98
-31.7022	-0.72
-31.3222	1.7
-30.8522	4.002
-30.4822	6.04
-30.0922	8.154
-29.4822	10.712
-28.9022	12.872
-28.4222	15.216
-28.0622	17.269
-27.6222	19.368
-27.1422	21.972
-26.8422	24.24
-25.9822	26.28
-25.5022	28.42
-25.0322	30.66
-24.5322	32.67
-24.1422	34.99
-23.6622	37.2
-23.2622	39.36
-22.8222	41.63
-22.3722	43.63
-21.9322	45.66
-21.4822	47.79
-20.9522	50.33
-20.4022	52.37
-19.9122	54.71
-19.4822	56.9
-18.9522	59.26
-18.4722	61.56
-17.9922	63.73
-17.5622	66.09
-17.0422	68.34
-16.5922	70.34
-16.0522	72.27
-15.5222	74.52
-14.9922	76.89
-14.5222	79.1
-14.1122	81.21
-13.5022	83.34
-13.1122	85.53
-12.6622	87.63
-11.9222	89.94
-11.5122	92.21
-10.9822	94.26
-10.4122	96.88
-9.9422	98.98
-9.3122	101.91
-8.5522	104.27
-7.9672	106.63
-7.5002	108.85
-6.7002	111.36
-6.2282	113.46
-5.6572	115.76
-5.1902	117.86
-4.6382	119.86
-3.9992	122.36
-3.4182	124.46
-2.8422	126.86
-2.2902	129.46
-1.7662	131.76
-1.2422	134.06
-0.6182	136.36
0.0298	138.36
0.5248	140.56
1.0963	142.96
1.7059	144.96
2.3155	147.06
2.9818	149.16
3.5108	151.26
4.0588	153.56
4.5448	155.56
5.3538	157.56
5.9108	159.96
6.5968	162.16
7.2308	164.56
7.8778	166.56
8.4498	168.86
9.0258	170.96
9.9358	172.96
10.4448	175.36
11.1978	177.86
11.6578	179.86
12.1978	181.96
12.7278	184.26
13.4178	186.46
13.8978	188.46
14.4278	190.56
15.1378	193.06
15.5878	195.06
16.1878	197.16
16.9878	199.86
17.4878	202.56
18.0078	204.56
18.8878	206.86
19.3578	209.36
20.0278	211.96
20.6378	214.16
21.0178	215.86
21.4678	217.96
21.9578	220.26
22.4978	222.36
22.9878	224.66
23.5778	227.16
24.1478	229.36
24.5678	231.86
24.9878	233.86
25.4878	235.96
26.0278	238.16
26.4678	240.66
26.9178	242.76
27.2478	244.96
27.6478	246.96
28.2478	249.56
28.6978	252.16
29.1278	254.56
29.9678	256.56
30.2878	259.46
30.5878	261.66
31.1478	264.46
31.5578	266.76
32.0178	268.76
32.5078	271.26
33.0378	273.46
33.4178	275.86
33.7078	277.76
34.1778	280.16
34.5578	282.46
35.1078	285.06
35.7178	287.86
36.1078	289.86
36.5278	292.16
37.0578	294.56
37.4478	297.16
38.0278	299.36
38.3478	301.66
38.7678	304.46
39.2678	306.06
39.6978	308.96
40.0378	310.96
40.5178	313.06
40.9378	314.76
41.6378	318.56
42.0778	321.26
42.6078	323.16
42.9778	325.56
43.3678	327.46
43.7878	329.56
44.4078	331.96
44.8978	334.86
45.2778	336.56
45.9178	338.86
46.3278	341.06
46.6678	343.06
47.1578	345.06
47.6878	347.66
48.0878	349.36
48.5878	352.36
49.0478	354.56
49.4978	356.56
50.0778	359.16
50.6978	361.66
51.0378	363.56
51.7678	365.46
52.1978	368.16
52.6778	370.16
53.2678	372.36
53.7378	374.46
54.2478	376.56
55.1078	378.96
55.4078	381.26
56.1278	383.56
56.8278	386.16
57.6278	388.26
58.1978	390.36
58.8578	390.16
58.9678	387.86
59.3178	389.96
59.4178	389.46
59.4778	388.76
59.3278	385.56
59.1778	382.76
59.0378	379.86
58.8878	376.86
58.7278	374.56
58.6678	372.36
58.4978	369.96
58.4078	368.06
58.2678	365.46
58.1778	363.86
58.0378	361.36
57.9278	359.56
57.7978	357.46
57.7078	355.36
57.5378	352.86
57.3978	350.46
57.2678	348.26
57.1578	346.16
57.0178	344.16
56.8478	341.36
56.6778	338.66
56.5478	336.56
56.4278	334.36
56.2378	331.76
56.0678	329.06
55.9178	326.96
55.7878	324.86
55.6578	322.86
55.5078	320.16
55.3778	318.16
55.2378	315.96
55.1178	313.86
54.9078	311.06
54.7578	308.96
54.6578	306.86
54.4778	304.76
54.3578	302.76
54.2178	300.66
54.0178	297.76
53.8478	294.96
53.7078	292.66
53.5478	290.46
53.4078	288.06
53.1978	285.36
52.9678	282.46
52.8278	279.86
52.6278	277.46
52.4378	272.96
52.2278	270.46
52.0278	267.66
51.8578	264.66
51.5378	260.46
51.2778	256.86
51.0478	253.66
50.8278	250.36
50.5878	247.16
50.3578	244.36
50.1178	241.36
49.9978	239.26
49.8278	237.06
49.6678	234.76
49.4278	231.96
49.2478	229.36
49.0378	226.86
48.8678	225.06
48.6978	222.66
48.5378	220.46
48.3278	217.36
48.1478	214.86
47.9678	212.26
47.7678	209.96
47.6178	207.66
47.4478	205.06
47.1978	202.06
46.9878	199.56
46.7878	197.26
46.6178	194.96
46.4478	192.56
46.2478	189.66
46.0678	187.06
45.8878	184.86
45.6578	182.26
45.4778	180.16
45.3078	178.06
45.1178	175.46
44.9578	173.36
44.7778	171.06
44.5978	168.86
44.4378	166.86
44.2778	164.76
44.0478	162.06
43.8578	159.36
43.6378	156.76
43.4878	154.56
43.2678	151.86
43.0378	149.36
42.8578	146.76
42.6278	144.16
42.4178	142.26
42.2678	139.96
42.0378	137.16
41.8278	134.56
41.6178	132.36
41.4178	130.06
41.1978	127.26
41.0178	125.46
40.8278	123.36
40.6178	120.96
40.4378	118.96
40.2278	116.56
40.0178	114.16
39.7778	111.82
39.5678	109.34
39.4078	107.1
39.2578	104.96
39.0778	102.57
38.8378	100.44
38.6378	98.13
38.4278	95.84
38.2178	93.68
38.0078	91.51
37.7578	89.19
37.4578	87.14
37.2578	85.13
37.0378	82.94
36.7878	79.9
36.5978	77.75
36.3678	75.71
36.1878	73.35
35.9778	71.16
35.7378	68.87
35.4878	66.84
35.2478	64.71
34.9678	62.63
34.7478	60.62
34.4778	58.59
34.1578	56.41
33.8978	53.85
33.6578	51.62
33.3978	49.3
33.1078	46.76
32.8278	44.4
32.5378	42.09
32.1978	39.77
32.0178	38.03
31.7678	35.82
31.4978	33.89
31.1678	31.45
30.8478	29.08
30.5878	26.72
30.2578	24.44
29.9378	21.941
29.6578	19.996
29.3478	17.928
29.0378	15.63
28.6878	13.1327
28.4278	10.835
28.0578	8.935
27.7278	6.484
27.3278	4.493
27.0078	2.38
26.6078	0.14
26.2178	-2.05
25.8278	-4.19
25.3278	-6.32
24.8378	-8.45
24.4278	-10.55
23.9778	-12.94
23.5278	-15.06
23.0978	-17.11
22.6478	-19.27
22.1878	-21.29
21.7478	-23.39
21.1778	-25.59
20.6978	-27.68
20.2078	-29.69
19.6678	-31.74
18.9878	-33.87
18.3478	-36.2
17.8778	-38.82
17.4278	-40.87
17.0678	-42.88
16.6878	-45.07
16.2578	-47.35
15.6478	-49.59
15.3078	-51.38
15.1078	-53.69
14.6578	-57.21
14.2478	-59.33
12.9378	-61.46
12.5578	-63.8
12.0878	-66.02
11.6178	-68.23
11.1408	-70.42
10.6498	-72.35
10.0598	-74.46
9.6118	-76.65
9.0448	-78.62
8.6208	-80.94
8.1638	-83.12
7.7158	-85.1
7.0588	-87.14
6.7068	-89.24
6.3208	-91.24
5.7778	-93.74
5.3258	-95.74
4.8968	-97.84
4.3158	-100.24
3.8298	-102.44
3.3298	-104.64
2.7918	-107.14
2.4584	-109.34
1.7631	-111.14
0.982	-113.44
0.4538	-115.84
-0.1512	-118.24
-0.7472	-120.34
-1.4852	-122.34
-1.9232	-124.84
-2.3992	-127.14
-2.9852	-129.14
-3.4472	-131.04
-4.0042	-133.24
-4.6712	-135.34
-5.2712	-137.94
-5.8422	-139.94
-6.3952	-142.54
-6.9712	-144.54
-7.8902	-146.94
-8.5922	-149.24
-9.0022	-151.44
-9.5722	-153.74
-10.2022	-155.94
-10.8222	-158.14
-11.4922	-160.54
-11.9122	-162.74
-12.6622	-165.14
-13.0322	-167.14
-13.5722	-169.54
-14.1522	-171.74
-14.9022	-174.24
-15.9522	-176.54
-16.4022	-178.64
-17.2622	-180.84
-17.7422	-183.34
-18.3222	-185.44
-18.9222	-187.84
-19.5222	-189.84
-20.1422	-192.34
-20.6222	-194.74
-21.3922	-196.94
-21.8422	-199.14
-22.3522	-201.44
-22.7922	-203.64
-23.4422	-205.74
-24.0422	-207.74
-24.4022	-210.14
-24.8222	-212.34
-25.2922	-214.44
-25.8422	-216.64
-26.5822	-219.34
-27.1522	-222.14
-27.6722	-224.24
-28.1222	-226.64
-28.5322	-228.74
-29.0622	-230.84
-29.5622	-233.14
-29.9322	-236.24
-30.4422	-238.34
-30.9522	-240.44
-31.4822	-242.54
-32.1822	-245.34
-32.6322	-247.74
-32.9722	-250.14
-33.5122	-252.54
-33.8622	-254.54
-34.2522	-256.74
-34.6922	-259.14
-35.2822	-261.54
-35.6522	-263.84
-36.0722	-266.04
-36.6122	-268.04
-36.9622	-270.54
-37.3522	-272.54
-37.8922	-274.74
-38.2622	-276.94
-38.8722	-279.64
-39.2722	-282.24
-39.6022	-284.34
-40.0322	-286.44
-40.4722	-288.44
-41.1722	-290.84
-41.5522	-293.64
-41.9622	-296.74
-42.2922	-299.04
-42.6822	-300.84
-43.3022	-302.84
-43.7222	-305.34
-44.1622	-307.34
-44.9222	-309.64
-45.2522	-311.64
-45.8422	-313.74
-46.3022	-316.14
-46.7422	-318.54
-47.1522	-321.04
-47.6322	-323.64
-48.2122	-326.04
-48.5622	-328.54
-48.8922	-330.34
-49.4022	-332.34
-49.9322	-335.14
-50.4722	-337.14
-50.8722	-339.64
-51.3522	-341.54
-51.7722	-344.14
-52.4722	-346.44
-52.8622	-348.84
-53.4322	-350.94
-53.8522	-353.44
-54.6522	-355.74
-55.2422	-357.84
-55.6522	-360.34
-56.0222	-362.64
-56.6622	-364.64
-57.2422	-366.84
-57.6922	-368.94
-58.3622	-370.94
-59.2822	-373.24
-59.5822	-374.94
-60.6622	-376.04
-60.6922	-378.24
-60.5222	-374.94
-60.3822	-371.74
-60.2522	-369.24
-60.1222	-366.84
-60.0322	-364.84
-59.8722	-361.84
-59.7922	-360.24
-59.6522	-357.14
-59.5922	-355.54
-59.4422	-352.54
-59.3022	-349.94
-59.2122	-348.14
-59.0422	-344.64
-58.8922	-341.74
-58.7922	-339.44
-58.6522	-336.64
-58.4922	-333.64
-58.4222	-332.24
-58.2622	-328.64
-58.1822	-326.74
-58.0522	-324.34
-57.9222	-322.04
-57.7622	-319.34
-57.6422	-317.14
-57.4422	-313.54
-57.3122	-311.54
-57.1022	-308.54
-56.9922	-306.94
-56.8222	-304.14
-56.6822	-301.84
-56.5222	-299.44
-56.3922	-297.14
-56.2522	-294.84
-56.1322	-292.74
-55.9422	-289.84
-55.7822	-287.24
-55.6122	-284.54
-55.4422	-281.74
-55.3022	-279.34
-55.1122	-276.24
-54.9722	-273.94
-54.8522	-271.74
-54.6822	-269.54
-54.4822	-266.34
-54.3922	-264.64
-54.2122	-261.94
-54.0222	-258.74
-53.8922	-256.74
-53.7622	-254.44
-53.6022	-252.14
-53.4422	-249.64
-53.3022	-247.14
-53.1622	-245.04
-52.9822	-242.74
-52.8222	-239.84
-52.6522	-237.14
-52.5122	-235.04
-52.3622	-232.64
-52.2122	-230.54
-52.0822	-228.54
-51.8922	-225.84
-51.7122	-222.84
-51.4922	-219.94
-51.2722	-216.74
-51.1322	-214.14
-50.9622	-212.04
-50.7922	-209.14
-50.6322	-206.84
-50.4122	-203.74
-50.2822	-201.44
-50.1322	-199.34
-49.9422	-196.64
-49.7322	-193.74
-49.5922	-191.54
-49.4622	-189.24
-49.2722	-187.04
-49.1222	-184.94
-48.9822	-182.74
-48.8222	-180.54
-48.5922	-177.24
-48.3422	-173.54
-48.1722	-170.94
-48.0222	-168.34
-47.8522	-166.04
-47.6422	-163.14
-47.4822	-160.94
-47.2822	-158.64
-47.0922	-156.04
-46.9122	-153.54
-46.7122	-151.34
-46.4622	-148.04
-46.3422	-146.24
-46.2322	-144.44
-46.0222	-141.84
-45.8522	-139.64
-45.6522	-137.64
-45.5022	-135.34
-45.2622	-132.74
-45.1122	-130.14
-44.9422	-128.04
-44.6522	-125.24
-44.4622	-122.64
-44.3222	-120.54
-44.1222	-118.24
-43.8922	-116.14
-43.7022	-113.74
-43.5422	-111.54
-43.3222	-109.14
-43.1422	-106.94
-42.9422	-104.34
-42.7222	-101.94
-42.5322	-99.64
-42.3422	-97.44
-42.1522	-95.34
-42.0022	-93.24
-41.7422	-90.34
-41.4922	-87.34
-41.1922	-84.07
-40.9922	-81.77
-40.8022	-79.47
-40.6022	-77.21
-40.3622	-74.97
-40.1722	-72.61
-39.9722	-70.5
-39.7422	-68
-39.5322	-65.78
-39.2822	-63.43
-38.9722	-61.03
-38.8322	-59.13
-38.5122	-56.56
-38.0922	-52.68
-37.8522	-50.47
-37.5722	-48.22
-37.3522	-45.95
-37.1322	-43.83
-36.8422	-41.71
-36.6022	-39.64
-36.3622	-37.42
-36.0022	-35.2
-35.7322	-33.19
-35.4522	-31.05
-35.0522	-27.98
-34.7622	-25.52
-34.4522	-23.48
-34.1622	-21.4
-33.7222	-19.24
-33.3022	-17.02
-33.0322	-14.87
-32.6022	-12.22
-32.3922	-10.14
-31.8922	-7.64
-31.6422	-5.53
-31.2422	-3.27
-30.8422	-1.27
-30.4722	0.82
-30.1022	3.24
-29.6222	5.55
-29.2322	7.74
-28.8322	9.854
-28.4122	12.137
-27.7322	14.343
-27.2422	16.426
-26.8122	18.663
-26.4022	20.685
-25.8522	22.845
-25.2322	25.24
-24.8222	27.49
-24.2322	30.03
-23.8722	31.67
-23.3522	34.29
-22.9422	36.36
-22.3622	39.02
-22.0022	41.08
-21.5322	43.01
-20.9922	45.35
-20.5522	47.45
-20.1422	49.76
-19.6822	52.24
-19.0822	54.69
-18.7422	56.73
-18.0722	59
-17.6722	61.08
-17.1722	63.15
-16.6822	65.37
-16.2522	67.41
-15.6322	70.11
-14.9722	72.5
-14.5322	74.95
-13.8822	77.37
-13.4322	79.7
-12.9722	81.98
-12.4522	84.09
-11.8622	86.77
-11.2922	89.1
-10.8422	90.77
-10.2922	93.19
-9.8122	95.51
-9.2522	97.85
-8.7722	99.61
-8.1762	102.02
-7.6952	104.38
-7.2092	106.03
-6.5852	108.37
-6.2192	110.38
-5.6042	112.48
-4.8952	114.86
-4.3852	117.06
-3.8902	119.56
-3.2562	121.66
-2.6802	124.06
-2.0942	126.06
-1.4992	128.46
-0.8562	130.66
-0.2082	132.76
0.3108	135.26
1.2011	137.46
1.5392	139.46
2.1155	141.66
2.7538	143.96
3.2778	146.06
3.5248	144.06
3.6538	146.26
4.0488	148.46
4.3968	150.56
5.0448	152.96
5.1588	150.96
5.4298	153.36
5.9298	155.46
6.4108	157.76
7.2728	160.36
7.7968	162.36
8.3548	164.86
8.8778	167.16
9.4638	169.06
10.1118	171.06
10.6788	173.56
11.1878	175.36
11.9878	177.76
12.5178	180.16
13.1978	182.06
13.8278	184.46
14.4778	186.66
15.3478	189.26
15.7278	191.06
16.4178	193.96
17.2278	196.66
17.5578	197.96
18.2178	199.96
19.0178	202.66
19.4778	204.46
20.0178	207.16
20.5578	209.36
21.2578	211.86
21.7878	214.36
22.4078	216.76
23.2678	218.86
23.6878	220.86
24.2278	223.46
24.9178	226.26
25.3078	228.46
25.7778	230.56
26.1778	232.86
26.7578	235.46
27.5978	238.06
27.9078	239.96
28.2578	242.36
28.9078	244.86
29.3578	246.96
29.7978	249.56
30.1678	251.56
30.5878	253.56
31.0978	256.06
31.6878	259.26
32.3178	262.16
32.9578	264.86
33.4478	267.06
33.8778	269.26
34.4478	271.86
34.7778	273.96
35.4478	276.16
36.0078	278.86
36.4578	281.36
36.7478	283.46
37.1378	286.36
37.6678	287.96
38.3478	290.06
38.6778	292.26
38.9678	294.46
39.3378	297.06
39.7378	299.26
40.2478	301.26
40.7478	303.36
41.3178	306.66
41.6478	308.66
42.0278	311.16
42.7478	313.36
43.3478	315.56
43.6978	317.66
44.1078	319.66
44.6078	322.56
44.9378	324.76
45.0778	322.46
45.3278	324.56
45.5878	327.06
46.5378	329.36
46.7878	331.36
47.1178	333.46
47.6578	335.96
48.0378	338.26
48.6078	340.36
49.1978	342.56
49.7478	344.76
50.0478	346.76
50.3978	348.96
50.8178	351.16
51.3778	353.36
51.7278	355.96
52.4378	358.26
53.2678	360.76
53.7178	363.26
53.9578	364.96
54.8178	367.26
55.4678	369.46
55.8078	371.26
56.1078	369.16
56.2978	371.56
56.6878	373.56
56.9778	375.96
57.3378	378.06
57.9078	380.26
58.2478	380.26
59.1378	381.86
59.2078	379.76
59.2178	379.86
59.2878	377.66
59.3178	374.36
59.3178	375.56
59.3178	372.86
59.3178	371.86
59.3178	374.46
59.3178	372.06
59.3178	371.56
59.3278	372.56
59.3178	370.86
59.3178	368.46
59.3178	366.36
59.3178	367.56
59.3178	366.46
59.3278	364.26
59.3178	364.96
59.3178	363.96
7.7878	38.46
59.3278	364.46
59.3178	365.66
59.3178	365.46
59.3178	366.56
59.3178	364.46
59.3178	362.26
59.3178	364.56
59.3178	362.46
59.3278	364.56
59.3178	362.06
59.3178	364.06
59.3178	362.06
59.3178	364.16
59.3178	362.16
59.3178	364.16
59.3278	366.26
59.3178	364.56
59.3178	366.76
59.3178	364.36
59.1078	361.66
59.0078	359.06
58.8678	356.66
58.7178	354.26
58.5878	351.76
58.4778	349.66
58.3778	347.36
58.2378	344.86
58.0978	342.66
57.9778	340.16
57.8078	337.36
57.6778	335.16
57.4578	332.26
57.3178	329.56
57.1578	326.86
56.9778	324.16
56.8478	322.06
56.6778	319.96
56.5378	317.76
56.3678	315.26
56.2078	312.76
56.0778	310.86
55.9478	308.76
55.8178	306.36
55.6278	303.86
55.4578	301.46
55.3078	298.96
55.1378	296.16
54.9578	293.56
54.7878	291.46
54.6878	289.06
54.5078	286.66
54.3278	283.86
54.1878	281.76
54.0478	279.46
53.8978	277.36
53.7878	275.36
53.6178	273.26
53.4178	270.36
53.2678	268.16
53.0778	265.66
52.9178	263.66
52.7778	261.06
52.5478	258.06
52.3978	255.96
52.2478	253.66
52.0778	251.36
51.9278	248.86
51.7478	246.66
51.5178	243.66
51.3678	241.26
51.1978	239.16
51.0178	236.56
50.7778	233.76
50.5378	230.96
50.3178	227.86
50.1478	225.66
49.9478	222.86
49.7678	220.86
49.6178	218.56
49.4178	216.06
49.2578	213.36
49.0978	211.66
48.9378	209.26
48.7878	207.26
48.6678	205.06
48.4478	202.56
48.2878	200.26
48.0878	197.66
47.8978	195.66
47.7478	193.46
47.5678	191.36
47.3878	188.86
47.1178	185.66
46.9678	183.46
46.7878	181.46
46.5778	179.26
46.3578	176.66
46.1878	174.16
46.0578	172.16
45.8078	169.36
45.6278	167.06
45.3978	164.46
45.2178	161.96
45.0178	159.36
44.8078	156.66
44.5678	153.66
44.3378	150.76
44.0678	147.66
43.8778	145.66
43.6678	143.66
43.4778	140.96
43.2778	138.26
43.0278	135.26
42.7778	131.96
42.4678	128.66
42.1878	125.46
41.9678	123.26
41.7478	120.56
41.4578	117.36
41.2378	114.96
41.0278	112.8
40.8378	110.64
40.5578	107.76
40.2978	105.02
40.1078	102.92
39.9078	100.67
39.7078	98.58
39.4478	96.36
39.1878	93.62
38.9878	91.17
38.7278	88.63
38.4778	85.82
38.1978	82.93
37.8678	79.83
37.5778	77.08
37.2978	74.49
37.0178	71.99
36.7378	69.4
36.4678	67.16
36.2378	64.99
35.8978	62.17
35.6378	59.78
35.3578	57.33
35.0778	55.06
34.8178	52.84
34.5178	50.53
34.2278	47.63
33.8678	44.78
33.5278	42.44
33.2178	40
33.0078	37.69
32.6578	34.98
32.3078	32.89
31.7978	30.46
31.4578	28.19
31.1478	26.03
30.8378	23.78
30.4578	20.946
30.1878	18.74
29.8578	16.411
29.5978	12.949
29.0678	10.911
28.6478	8.537
28.2578	5.856
27.7978	3.53
27.2978	1.23
25.9478	-4.79
25.5378	-6.97
25.1478	-9.39
24.6878	-11.96
24.2378	-14.06
23.7278	-16.36
23.2778	-18.36
22.7078	-20.57
22.1778	-22.78
21.6678	-25.01
21.1378	-27.03
20.5378	-29.07
19.8378	-31.42
19.2378	-33.44
18.6078	-35.55
18.1778	-38.02
17.7378	-40.45
17.2478	-43.11
16.6978	-45.77
16.2078	-48.02
15.6878	-50.2
15.0678	-52.24
14.6078	-54.92
14.2778	-56.98
13.8678	-59.05
13.4278	-61.21
12.9978	-63.23
12.4878	-65.84
11.9678	-68.29
11.4168	-70.93
10.6498	-73.42
10.1878	-75.83
9.6978	-78.49
9.1118	-80.53
8.4778	-82.94
7.9778	-85.13
7.3878	-87.24
6.8538	-89.44
6.3208	-91.84
5.7398	-94.24
5.2398	-96.34
4.8068	-99.24
4.2918	-101.54
3.7398	-103.74
3.1588	-106.24
2.6208	-108.24
1.9774	-110.84
1.3678	-113.04
0.5296	-115.14
0.1348	-117.34
-0.3752	-119.34
-1.0322	-121.44
-1.6902	-123.54
-2.1712	-125.54
-2.5612	-127.64
-3.0472	-129.84
-3.5852	-131.94
-4.3572	-134.04
-4.8042	-136.04
-5.4522	-138.44
-5.8662	-140.54
-6.3952	-142.84
-6.9472	-145.14
-7.9382	-147.34
-8.3382	-149.34
-8.8422	-151.84
-9.7922	-153.84
-10.1322	-156.24
-10.7322	-158.44
-11.3222	-160.74
-11.8322	-162.84
-12.7222	-164.94
-13.3222	-167.24
-13.9622	-169.44
-14.7022	-172.04
-15.0822	-174.04
-15.5522	-176.24
-16.3822	-178.74
-16.8522	-180.74
-17.4722	-182.84
-17.9622	-184.84
-19.1422	-187.24
-19.5322	-189.94
-19.9922	-191.94
-20.7622	-193.94
-21.2122	-196.14
-21.7922	-198.74
-22.4522	-200.94
-23.0922	-203.14
-23.9322	-205.34
-24.3122	-207.74
-24.7722	-210.24
-25.3422	-212.54
-25.8522	-214.84
-26.4922	-216.84
-27.0522	-219.44
-27.5422	-222.24
-28.1622	-224.24
-28.5322	-226.34
-28.9422	-228.44
-29.3922	-230.64
-30.1522	-233.04
-30.5522	-235.44
-31.1322	-237.54
-31.4122	-239.84
-31.7722	-242.04
-32.1822	-244.44
-32.6022	-246.64
-33.0322	-248.94
-33.8522	-251.44
-34.2422	-253.84
-34.6122	-256.34
-35.0422	-258.54
-35.8722	-260.84
-36.1422	-263.04
-36.5422	-266.54
-36.9122	-268.64
-37.2922	-271.04
-37.9422	-273.84
-38.4522	-275.84
-39.1022	-277.94
-39.4922	-280.24
-39.9222	-282.84
-40.3922	-285.34
-40.8422	-287.54
-41.6022	-289.94
-42.1722	-292.34
-42.4822	-294.64
-42.8522	-297.34
-43.2722	-299.44
-43.6922	-301.84
-44.2022	-304.44
-44.9322	-306.54
-45.3322	-308.64
-45.8422	-310.94
-46.2822	-313.24
-46.9722	-315.34
-47.2722	-317.34
-47.6022	-319.74
-48.0122	-321.94
-48.3922	-324.04
-48.8022	-326.54
-49.5422	-328.74
-49.9222	-330.84
-50.3422	-333.04
-50.7822	-335.54
-51.1222	-337.34
-51.7022	-339.54
-52.4722	-341.54
-52.9622	-343.64
-53.5522	-345.74
-53.8122	-347.94
-54.1322	-350.24
-54.8522	-352.54
-55.3522	-354.64
-56.0522	-356.64
-56.6522	-358.84
-57.1622	-360.94
-57.6222	-363.44
-57.9022	-365.24
-58.3522	-367.24
-59.2122	-369.44
-59.6322	-371.54
-60.6422	-373.24
-60.8022	-371.14
-60.8022	-370.94
-60.8322	-368.84
-60.8422	-366.84
-60.9022	-364.74
-60.9022	-362.64
-60.8922	-364.64
-60.8922	-366.64
-60.8922	-364.64
-60.8922	-362.54
-60.8822	-360.34
-60.8822	-362.94
-60.8922	-360.74
-60.8922	-358.64
-60.8922	-360.74
-60.9022	-362.84
-60.8922	-360.24
-60.8922	-358.44
-60.8922	-356.44
-60.9022	-358.44
-60.8922	-356.34
-60.8922	-354.24
-60.8922	-356.84
-60.9022	-354.34
-60.8922	-357.74
-60.7722	-355.14
-60.6722	-352.54
-60.6122	-350.54
-60.4922	-348.44
-60.3922	-346.14
-60.2722	-343.84
-60.1222	-340.94
-60.0022	-338.84
-59.8822	-336.54
-59.7622	-334.24
-59.6522	-331.84
-59.5322	-329.74
-59.3922	-327.14
-59.2722	-324.44
-59.1622	-322.34
-59.0422	-319.64
-58.9722	-317.74
-58.8322	-315.74
-58.7122	-313.34
-58.6322	-311.44
-58.4922	-308.84
-58.3922	-307.14
-58.2722	-304.64
-58.1422	-302.64
-58.0022	-300.44
-57.8922	-298.34
-57.7422	-295.64
-57.6122	-293.24
-57.4822	-290.84
-57.3222	-288.54
-57.2022	-286.44
-57.0722	-284.24
-56.8722	-281.74
-56.7422	-279.54
-56.6022	-277.44
-56.4522	-274.84
-56.2922	-272.84
-56.1622	-270.44
-56.0322	-268.14
-55.7122	-263.84
-55.5922	-261.74
-55.4322	-259.64
-55.2822	-257.44
-55.1322	-254.84
-54.9822	-252.24
-54.8322	-250.04
-54.6822	-247.44
-54.5122	-245.04
-54.3722	-242.64
-54.2322	-240.24
-54.0522	-237.44
-53.9122	-235.24
-53.7622	-233.24
-53.5922	-231.14
-53.4622	-229.04
-53.2722	-226.34
-53.0922	-223.74
-52.9422	-221.24
-52.7722	-219.04
-52.5722	-216.04
-52.3922	-213.44
-52.2122	-210.84
-52.0522	-208.44
-51.8722	-205.84
-51.7122	-203.44
-51.4822	-200.04
-51.3222	-197.64
-51.1222	-195.14
-50.9722	-192.84
-50.7822	-190.14
-50.6122	-187.64
-50.3822	-184.54
-50.2422	-182.44
-50.0822	-179.84
-49.9022	-177.34
-49.6622	-174.34
-49.5222	-172.04
-49.3022	-169.34
-49.1422	-167.34
-48.9622	-164.14
-48.7922	-161.64
-48.5722	-158.84
-48.4122	-156.44
-48.2322	-154.24
-48.0222	-151.54
-47.8322	-148.74
-47.6322	-146.14
-47.4322	-143.24
-47.2022	-140.54
-47.0422	-138.44
-46.7822	-136.24
-46.5822	-133.34
-46.4222	-131.04
-46.1922	-128.64
-45.9922	-126.24
-45.8522	-124.04
-45.6122	-121.54
-45.3622	-118.44
-45.1122	-115.24
-44.9222	-113.04
-44.7122	-110.34
-44.4622	-107.94
-44.2822	-105.64
-44.0722	-103.24
-43.8922	-101.04
-43.6522	-98.54
-43.4522	-96.44
-43.2122	-94.04
-42.9722	-91.54
-42.7922	-89.14
-42.5722	-86.84
-42.3822	-84.82
-42.1722	-82.31
-41.9622	-80.21
-41.7522	-77.79
-41.5022	-75.61
-41.2622	-73.05
-41.0822	-70.86
-40.8322	-68.14
-40.5922	-65.89
-40.3822	-63.68
-40.1822	-61.46
-39.9722	-59.22
-39.7422	-57.02
-39.4722	-54.64
-39.2422	-52.36
-39.0522	-50.17
-38.6622	-48.1
-38.4422	-45.71
-38.0922	-43.38
-37.8422	-41.34
-37.5822	-39.12
-37.2622	-36.89
-36.9522	-34.66
-36.6822	-32.52
-36.3222	-30.19
-36.0722	-28.18
-35.6422	-25.72
-35.4222	-23.56
-35.0122	-21.29
-34.5422	-18.82
-34.1722	-16.91
-33.8322	-14.9
-33.4522	-12.94
-33.0522	-10.32
-32.6222	-7.73
-32.2822	-5.11
-31.9522	-3.23
-31.5622	-1.21
-31.1922	0.95
-30.7622	3.01
-30.2422	5.151
-29.8822	7.281
-29.5222	9.364
-29.0422	11.708
-28.5022	13.623
-28.0022	15.706
-27.3522	18.219
-26.9622	20.44
-26.4722	22.524
-26.0422	24.68
-25.5722	27.06
-24.9322	31.27
-24.1922	35.42
-23.1722	37.46
-22.5822	39.65
-22.0922	41.75
-21.7622	43.94
-21.2122	46.22
-20.5922	48.69
-20.1522	50.73
-19.7722	52.89
-19.2922	54.95
-18.6922	57.5
-17.9922	59.96
-17.6922	62.03
-16.9722	65.02
-16.4522	67.5
-15.8822	69.86
-15.4922	72.24
-14.9022	74.29
-14.4022	76.51
-13.8822	78.76
-13.2722	81.23
-12.9022	83.3
-12.3822	85.59
-11.7922	87.72
-11.1522	90.21
-10.8322	92.4
-10.2022	94.88
-9.5822	97.28
-9.0922	99.63
-8.5422	101.86
-7.9572	104.07
-7.2282	106.73
-6.7852	109.14
-6.1522	111.61
-5.5662	114.06
-5.1042	116.06
-4.4472	118.66
-3.4182	121.66
-2.8562	124.06
-2.1902	126.66
-1.6422	128.86
-0.7852	131.36
-0.2942	133.76
0.3198	135.76
0.8534	138.06
1.5535	140.16
2.0774	142.56
2.7818	144.76
3.5828	146.96
4.1058	149.26
4.7108	151.46
5.3678	153.66
5.8968	155.76
6.4778	157.86
7.0498	159.86
7.5348	162.06
8.4448	164.46
9.0398	166.76
9.7168	168.96
10.2878	171.26
11.1878	173.76
11.6978	176.36
12.2878	178.26
13.2578	180.66
13.7678	182.56
14.1978	184.56
14.7078	186.96
15.4278	189.06
16.1678	191.66
16.7878	193.76
17.4478	196.06
18.2478	199.06
18.6878	201.36
19.3178	203.56
19.9678	205.66
20.9678	207.76
21.2678	209.96
21.9178	212.06
22.5778	214.36
23.1778	216.36
23.5778	218.36
24.1778	220.46
24.7478	222.56
25.4278	225.16
25.8378	227.16
26.3378	229.26
26.8078	231.46
27.4278	233.56
27.8178	235.66
28.3978	237.86
29.0678	240.46
29.6678	242.76
29.9478	244.86
30.4678	247.16
30.9178	249.76
31.6478	252.16
32.2978	253.96
32.6578	256.06
33.0278	258.36
33.4978	260.36
33.9778	262.36
34.3478	264.86
34.7278	267.16
35.1978	269.36
35.7278	271.76
36.2478	273.96
36.8778	276.06
37.3178	278.56
37.6378	280.66
38.1078	283.26
38.6778	285.56
39.3478	288.76
39.6678	291.06
40.0378	293.06
40.6778	295.56
41.2478	298.46
41.6778	300.56
42.2078	302.86
43.0078	305.06
43.3078	307.06
43.7778	309.66
44.2278	311.46
44.7478	313.76
45.3378	316.26
45.6678	318.46
46.2678	321.36
46.6178	324.06
47.1978	326.16
48.0478	328.16
48.4378	330.56
48.8178	332.86
49.5678	335.46
49.8978	337.76
50.4878	339.66
50.8978	341.96
51.2578	343.86
51.8678	346.76
52.1678	349.16
52.5578	351.16
53.0678	353.36
53.5578	355.56
54.1578	357.76
54.6478	360.06
55.1178	362.36
55.6378	365.06
56.2678	366.86
56.7278	369.76
57.0578	371.56
57.5478	373.56
58.2178	376.26
59.0078	378.86
59.4178	381.16
59.7378	382.76
60.4978	384.96
61.4378	387.16
62.4578	389.16
63.1178	391.16
63.7278	393.66
64.3978	395.76
65.2578	397.76
66.4578	399.86
67.4878	401.96
68.3478	404.46
69.1378	406.46
69.6578	403.96
70.0978	406.06
71.2578	409.06
72.5378	410.76
73.9378	413.66
75.7478	415.36
76.3978	417.66
77.5078	419.76
79.2778	422.16
80.1378	423.96
80.4178	421.86
80.7778	423.96
83.1978	426.26
85.3178	428.06
87.1978	430.56
87.6878	428.46
87.8978	427.86
88.6278	427.86
88.8778	425.56
89.1678	427.56
89.3278	427.26
89.4078	425.26
89.4578	423.36
89.4978	420.86
89.5278	418.86
89.5478	416.26
89.5478	414.06
89.5578	411.96
89.5478	409.76
89.5478	411.76
89.5478	409.86
89.5478	408.36
89.5378	405.76
89.5378	408.26
89.5378	406.16
89.5278	408.16
89.5378	406.06
89.5278	403.86
89.5278	406.06
89.5278	403.96
89.5378	406.36
89.5278	404.46
89.5278	406.26
89.5278	404.26
89.3878	402.26
89.2878	400.16
89.1178	397.56
88.9578	394.56
88.7578	391.56
88.6578	389.46
88.4878	386.56
88.3678	384.16
88.2178	381.66
88.1078	379.36
87.9578	377.26
87.7978	374.66
87.6978	372.66
87.4578	369.86
87.2678	366.86
87.1278	364.66
86.9778	362.66
86.8178	360.36
86.6078	357.36
86.4578	355.16
86.2978	352.76
86.0778	349.76
85.9278	347.36
85.7478	345.06
85.5778	342.56
85.3878	340.36
85.1878	337.66
84.9978	334.86
84.8178	332.46
84.6478	330.36
84.4678	327.96
84.2878	325.46
84.0978	322.66
83.8678	319.46
83.7378	317.16
83.5778	314.76
83.3878	312.06
83.2078	309.26
82.9678	306.46
82.7578	303.36
82.5278	300.16
82.3078	296.96
82.0678	293.66
81.8478	291.16
81.6778	288.66
81.4778	286.46
81.3178	284.46
81.1178	281.96
80.9578	279.26
80.7478	276.56
80.5678	274.26
80.4278	272.06
80.2278	269.46
80.0278	266.66
79.8078	263.66
79.5878	261.46
79.3678	258.66
79.1678	256.06
78.9578	253.06
78.7378	250.26
78.5278	247.66
78.3478	245.26
78.1278	242.36
77.9078	240.36
77.7278	238.26
77.5478	236.16
77.3478	233.46
77.1378	230.26
76.9178	227.96
76.7078	225.66
76.5678	223.16
76.3678	220.96
76.1878	218.76
75.9878	216.16
75.7578	213.46
75.5378	210.96
75.3078	208.06
75.0878	205.26
74.8578	202.26
74.5878	199.16
74.3378	195.86
74.0678	192.76
73.7978	189.16
73.5378	186.26
73.2878	183.56
72.9778	180.26
72.8478	177.66
72.5478	175.16
72.3378	172.86
72.1578	170.76
71.9278	168.16
71.6878	165.76
71.5378	163.56
71.3078	160.96
71.0578	158.06
70.8078	155.06
70.5678	152.16
70.3278	149.66
70.1178	147.46
69.8778	145.16
69.6678	143.06
69.4678	140.76
69.2078	138.16
68.9278	135.56
68.6978	132.86
68.4378	130.16
68.2378	128.16
67.9978	125.66
67.8378	123.66
67.5978	121.66
67.3378	118.86
67.0678	116.26
66.8478	114.26
66.5678	111.55
66.3178	109.14
66.1178	107.13
65.6978	104.76
65.4778	102.52
65.2078	100.24
64.9578	97.73
64.7678	95.52
64.5078	92.95
64.2378	90.37
63.9778	87.97
63.6378	85.52
63.4478	83.27
63.1678	80.89
62.9278	78.81
62.6678	76.33
62.3978	73.89
62.1278	71.55
61.8778	69.52
61.6178	67.16
61.3578	64.91
61.1078	62.71
60.8378	60.47
60.5778	58.26
60.3178	56.04
60.0378	53.88
59.6778	51.4
59.4478	49.36
59.1278	47.16
58.8678	45.07
58.5878	42.79
58.1178	40.78
57.8978	38.64
57.7178	36.6
57.3978	34.09
57.0578	31.84
56.6778	29.48
56.3978	27.12
56.0678	24.93
55.7178	22.631
55.4178	20.333
55.0178	18.066
54.6278	16.013
54.2778	13.8834
53.9678	11.708
53.5878	9.349
53.1978	7.051
52.7478	5.197
52.3978	3.01
52.0978	0.89
51.7378	-1.6
51.3078	-3.92
50.8578	-6.17
50.3978	-8.3
50.0778	-10.37
49.2878	-12.39
48.8778	-14.53
48.4178	-16.83
47.8478	-18.85
47.3178	-21.17
46.6978	-23.19
45.9678	-25.4
45.3278	-27.4
44.8378	-29.65
44.3978	-31.71
43.7678	-33.88
43.0378	-35.9
42.1278	-37.97
41.6278	-40.29
40.8878	-42.78
40.3878	-45.02
39.7778	-47.43
39.1778	-49.6
38.6178	-51.91
37.9978	-54.03
37.3478	-56.17
36.7978	-58.36
36.3578	-60.42
35.8078	-62.55
35.1778	-64.81
34.7078	-66.93
34.1078	-69
33.5478	-71.17
32.8178	-73.32
32.3078	-75.57
31.7878	-77.6
31.2378	-79.6
30.6178	-81.66
29.8678	-83.75
29.3178	-85.79
28.2578	-88.14
27.7378	-90.34
27.0278	-92.54
26.5378	-94.54
25.9978	-97.04
25.4578	-99.14
24.8278	-101.44
23.7778	-103.54
23.2578	-106.04
22.6278	-108.24
21.9278	-110.34
21.0178	-112.44
20.2378	-115.14
19.7378	-117.64
19.1578	-119.74
18.5478	-121.74
17.8278	-123.94
16.7878	-125.94
16.3578	-127.94
15.3078	-130.24
14.8578	-132.54
14.2778	-134.94
13.5378	-137.24
12.5078	-139.64
11.4308	-141.84
10.9498	-143.94
10.3548	-146.04
9.4978	-148.24
8.5498	-150.24
7.1928	-152.64
6.9068	-154.94
6.3158	-156.94
5.4588	-159.04
4.7258	-161.14
3.7538	-163.34
3.0968	-165.34
2.2679	-167.34
0.9773	-169.44
0.1958	-171.84
-0.3892	-173.94
-1.1232	-176.04
-1.9422	-178.14
-3.1522	-180.24
-3.5992	-182.34
-4.2472	-184.54
-5.0282	-186.74
-5.9712	-188.84
-7.3002	-191.24
-8.3382	-193.74
-8.8722	-195.74
-9.8622	-197.84
-10.8722	-199.94
-11.3522	-202.04
-12.5522	-204.24
-13.1122	-206.44
-13.9222	-208.54
-14.9022	-211.14
-15.4222	-213.34
-16.7722	-215.64
-17.1922	-217.94
-17.8522	-220.04
-19.4722	-222.24
-19.9222	-224.44
-20.9422	-226.84
-21.8022	-229.24
-22.5822	-231.44
-23.5022	-233.44
-24.4322	-235.84
-25.3922	-238.34
-25.8522	-240.34
-26.4122	-242.74
-27.1422	-245.34
-28.1922	-247.54
-28.7922	-249.64
-29.9122	-252.04
-30.5322	-254.24
-31.1422	-256.54
-32.0222	-258.64
-32.8422	-260.74
-33.2222	-263.04
-33.8222	-265.04
-34.5122	-267.44
-35.1022	-269.64
-36.0722	-271.74
-37.0322	-274.14
-37.4622	-276.44
-38.1122	-278.54
-38.6822	-281.04
-39.2722	-282.84
-40.1822	-285.24
-40.6322	-287.44
-41.1622	-289.64
-42.1822	-292.44
-42.6022	-294.74
-43.0522	-296.84
-43.7522	-298.84
-44.6422	-300.94
-45.2022	-303.24
-46.0722	-305.84
-46.4622	-308.34
-46.9722	-310.94
-47.5522	-313.34
-48.2322	-315.54
-49.1622	-318.04
-50.1222	-320.54
-50.3822	-322.64
-50.9022	-325.44
-51.6322	-327.84
-52.2722	-329.84
-53.2422	-332.14
-53.8722	-334.24
-54.3622	-336.54
-55.2022	-338.54
-55.8222	-341.04
-56.3522	-343.74
-56.9722	-345.84
-57.9922	-348.24
-58.4522	-350.34
-59.0222	-352.34
-59.5922	-354.64
-60.1722	-356.84
-60.9322	-359.34
-62.1322	-361.84
-63.3022	-363.94
-63.9422	-366.34
-64.4122	-368.44
-65.1822	-370.54
-66.5722	-372.74
-67.5122	-374.94
-67.9522	-377.64
-68.4522	-379.44
-69.3022	-381.44
-70.0522	-383.54
-71.8722	-385.54
-72.3122	-387.94
-72.8522	-390.04
-73.3922	-392.14
-75.4422	-394.44
-75.8622	-396.74
-76.3522	-398.94
-76.9622	-401.04
-78.7422	-403.04
-79.9622	-405.44
-81.5122	-407.34
-83.7222	-409.74
-84.1722	-411.84
-85.2722	-413.84
-87.9322	-415.74
-89.6222	-415.64
-90.5322	-414.34
-90.5822	-412.24
-90.6022	-410.24
-90.6222	-408.14
-90.6622	-405.94
-90.6622	-403.74
-90.6722	-406.04
-90.6622	-403.94
-90.6422	-401.84
-90.6422	-399.64
-90.6322	-397.74
-90.6422	-395.64
-90.6422	-397.74
-90.6422	-395.74
-90.6422	-393.34
-90.6422	-395.94
-90.5322	-393.34
-90.4522	-391.54
-90.3422	-389.24
-90.2522	-387.44
-90.1422	-385.24
-90.0422	-382.94
-89.9222	-380.54
-89.8122	-378.94
-89.7122	-376.54
-89.5722	-374.14
-89.4722	-371.84
-89.3422	-369.54
-89.2322	-367.44
-89.1222	-365.14
-88.9822	-362.64
-88.8222	-360.64
-88.7122	-357.94
-88.5522	-355.44
-88.3822	-352.14
-88.1922	-349.34
-88.0522	-346.74
-87.9322	-344.54
-87.6722	-341.24
-87.5522	-339.14
-87.4122	-337.14
-87.2422	-334.84
-87.0722	-332.64
-86.9522	-330.44
-86.8222	-328.14
-86.6722	-325.74
-86.5022	-323.14
-86.3322	-320.84
-86.1822	-318.64
-86.0422	-316.54
-85.8522	-313.84
-85.6822	-311.74
-85.5122	-309.24
-85.3322	-306.54
-85.0922	-303.04
-84.8822	-300.54
-84.7322	-298.54
-84.5722	-296.24
-84.4122	-294.04
-84.2522	-292.04
-84.1422	-290.04
-83.9522	-287.94
-83.7922	-285.74
-83.6322	-283.44
-83.4922	-281.34
-83.3522	-279.24
-83.2022	-276.94
-82.9722	-274.84
-82.8222	-272.54
-82.6522	-270.14
-82.4822	-267.94
-82.3022	-265.84
-82.1622	-263.24
-81.9922	-261.04
-81.8222	-258.84
-81.6522	-256.34
-81.5122	-254.24
-81.2922	-251.44
-81.1022	-248.94
-80.9022	-246.14
-80.7422	-243.94
-80.6222	-241.74
-80.4922	-239.64
-80.2822	-237.04
-80.1022	-234.84
-79.9022	-232.24
-79.7722	-230.04
-79.5522	-227.54
-79.3422	-224.74
-79.1622	-222.14
-79.0022	-220.04
-78.8222	-217.84
-78.6722	-215.54
-78.4622	-213.04
-78.3022	-210.94
-78.0922	-208.44
-77.9722	-206.44
-77.7822	-204.14
-77.6122	-201.84
-77.4122	-199.14
-77.2422	-196.94
-77.0722	-194.44
-76.9022	-192.24
-76.6922	-190.24
-76.5422	-187.84
-76.2922	-185.34
-76.1622	-183.14
-75.9522	-180.74
-75.8122	-178.74
-75.5822	-176.54
-75.4422	-174.44
-75.1822	-172.24
-74.9522	-170.04
-74.7922	-168.04
-74.6622	-165.74
-74.4722	-163.24
-74.2322	-160.84
-74.1022	-158.84
-73.7822	-156.54
-73.7522	-154.34
-73.6722	-156.34
-70.0322	-116.04
-65.9622	-75.63
-60.9422	-35.68
-55.9122	-7.58
-50.9122	15.201
-45.9122	32.99
-40.8922	49.44
-35.7822	66.29
-30.7422	84.34
-25.6822	101.43
-20.6222	115.76
-15.5522	131.16
-10.4722	143.56
-5.4852	156.66
-0.4422	169.36
4.5678	181.36
9.6358	194.36
14.6878	206.06
19.7678	217.96
24.8178	230.56
29.8678	243.86
34.8678	256.96
39.9578	270.96
45.1278	284.96
50.1078	299.26
55.1778	313.76
60.1578	329.66
65.1978	344.66
70.2278	359.86
75.2878	374.36
80.3178	386.36
85.3478	397.46
88.0978	400.76
89.4478	402.06
87.0178	361.66
84.0878	321.56
80.9678	281.26
77.6678	240.96
74.1778	200.06
70.4178	159.36
66.3078	118.86
61.9178	78.46
56.8978	40.43
51.8278	8.905
46.8178	-12.45
41.7078	-29.41
36.7278	-45.16
31.6778	-61.73
26.6078	-78.66
21.5478	-96.84
16.4578	-113.44
11.3838	-127.94
6.2918	-143.24
1.2344	-156.04
-3.8372	-169.54
-8.9322	-181.64
-14.0422	-193.54
-19.0622	-204.54
-24.0922	-214.74
-29.1922	-230.14
-34.3622	-243.44
-39.3722	-256.04
-44.3922	-269.24
-49.5222	-288.14
-54.5422	-301.24
-59.5622	-317.14
-64.5922	-331.84
-69.7222	-350.14
-74.8122	-364.24
-79.8522	-379.24
-84.8822	-393.24
-89.9622	-402.44
-90.6722	-400.14
-88.3622	-359.04
-85.6522	-319.34
-82.7222	-279.14
-79.7022	-238.64
-76.5822	-198.64
-73.0622	-157.64
-69.3122	-117.24
-65.0522	-77.25
-60.0322	-38.16
-54.9522	-9.48
-49.8422	12.9949
-44.7822	29.46
-39.7822	44.74
-34.6922	62.11
-29.6322	79.47
-24.5722	96.41
-19.5022	112.33
-14.3722	126.56
-9.2222	140.26
-4.0422	154.26
0.9201	165.96
6.1398	179.56
11.2878	191.46
16.3178	202.76
21.5078	213.16
26.5178	226.06
31.5478	236.86
36.6978	251.06
41.6078	262.96
46.7478	278.26
51.8678	293.26
56.9778	305.56
62.0778	321.66
67.1878	337.76
72.2078	351.66
77.1678	363.66
82.1778	378.06
85.0878	381.66
88.5778	387.96
89.2478	388.56
89.3178	386.96
87.7778	346.46
84.7078	306.36
81.5778	266.16
78.1078	225.66
74.4878	185.16
70.6478	144.86
66.4078	104.41
61.7178	64.18
56.6978	30.12
51.6778	2.85
46.6178	-14.73
41.5678	-30.05
36.3678	-45.63
31.2378	-63.95
26.2878	-80.01
21.1978	-96.94
16.1278	-113.04
11.0878	-128.54
6.1348	-142.24
1.0773	-154.24
-3.9712	-166.84
-9.0522	-179.64
-14.0922	-191.84
-19.0722	-204.04
-24.1322	-213.54
-29.1522	-226.34
-34.1722	-238.54
-39.3022	-252.94
-44.2822	-265.94
-49.4122	-281.04
-54.4022	-295.74
-59.4722	-310.94
-64.5722	-327.34
-69.6022	-340.64
-74.5822	-353.24
-79.6022	-367.54
-84.6222	-380.34
-89.6322	-390.14
-90.5522	-391.24
-90.6622	-390.14
-89.5722	-349.84
-86.9622	-309.34
-83.9322	-269.14
-80.7622	-228.14
-77.4122	-188.54
-73.7022	-147.44
-69.6522	-106.64
-65.1322	-66.94
-60.0422	-30.34
-55.0322	-5.17
-50.0222	15.431
-44.9522	29.59
-39.9522	44.63
-34.7922	61.79
-29.7722	78.44
-24.7722	94.1
-19.7722	110.63
-14.7322	124.46
-9.7222	138.26
-4.6332	151.16
0.4148	163.86
5.4778	175.76
10.4788	186.96
15.7478	200.26
20.8278	211.06
25.8278	221.96
30.8278	233.36
35.8478	244.76
41.0078	258.56
46.0178	270.36
51.0178	284.56
56.0878	298.76
61.1178	312.56
66.2478	326.76
71.3078	340.86
76.2578	353.66
81.3378	367.66
86.3778	377.66
91.4378	391.06
96.4578	398.16
101.4674	405.36
106.5674	409.96
111.6674	415.86
116.6674	418.36
119.3674	416.76
119.3674	413.46
118.0674	372.66
114.9674	332.76
111.6674	291.66
108.0674	251.46
104.3674	210.56
100.3378	169.56
96.0378	129.46
91.3278	89.67
86.2578	52.37
81.1978	21.206
76.1978	-2.16
71.0978	-21.61
66.1478	-33.67
61.1078	-46.49
55.9878	-60.35
50.8978	-75.37
45.8078	-90.14
40.8378	-101.74
35.7578	-115.54
30.7478	-128.24
25.7778	-138.34
20.7178	-149.64
15.6978	-160.74
10.6068	-172.84
5.5348	-182.34
0.4248	-192.04
-4.5522	-200.14
-9.6522	-210.54
-14.7822	-221.04
-19.8722	-229.94
-24.8922	-238.14
-30.0122	-249.44
-35.0422	-259.04
-40.2022	-270.84
-45.2722	-280.54
-50.3222	-292.64
-55.3422	-304.54
-60.3822	-314.94
-65.4322	-324.24
-70.4922	-336.54
-75.5922	-350.74
-80.6222	-360.44
-85.6422	-370.44
-90.6522	-381.74
-95.7522	-390.54
-100.8326	-398.14
-105.7326	-405.74
-110.8326	-414.24
-115.8326	-419.84
-120.2326	-420.64
-120.4326	-416.04
-120.5326	-414.44
-119.2326	-373.74
-116.4326	-333.24
-113.2326	-293.14
-109.5326	-252.24
-105.8326	-211.74
-102.0326	-171.84
-97.8122	-130.34
-93.2322	-90.94
-88.2122	-53.08
-83.1122	-23.97
-78.0422	-0.69
-72.9222	17.775
-67.8222	29.14
-62.7022	40.51
-57.6722	52.66
-52.6022	65.34
-47.5122	80.08
-42.4922	92.37
-37.4522	106.35
-32.3822	117.96
-27.3822	130.46
-22.3622	141.26
-17.2922	151.86
-12.2122	161.56
-7.0852	171.66
-2.0282	180.96
2.9918	190.16
8.0638	199.16
13.1378	208.76
18.1478	215.16
23.1878	225.46
28.2678	233.36
33.3478	242.66
38.4378	251.96
43.6778	261.36
48.6678	268.66
53.6878	278.16
58.7278	287.86
63.9578	298.66
68.9578	307.26
73.9778	317.36
78.9878	326.36
84.1278	336.96
89.1078	345.26
94.1278	355.56
99.1678	364.56
104.1674	372.26
109.1674	378.86
114.1674	388.96
118.8674	389.86
119.3674	387.76
119.3674	387.16
116.3674	346.16
112.9674	306.26
109.4674	265.96
105.5674	225.86
101.4374	184.86
96.9578	144.36
92.0578	103.98
86.9778	66.6
81.9178	35.21
76.8878	11.785
71.7178	-10.49
66.6878	-22.3
61.6678	-33.15
56.6278	-43.52
51.5778	-56.62
46.4878	-69.36
41.4678	-83.47
36.3878	-95.04
31.3378	-106.64
26.1878	-120.64
21.1278	-132.34
15.7378	-145.34
10.7218	-154.74
5.6208	-164.64
0.4538	-176.04
-4.4992	-184.84
-9.6622	-194.64
-14.6922	-202.14
-19.7922	-213.64
-24.9922	-222.54
-30.1022	-232.04
-35.1222	-240.74
-40.1922	-250.34
-45.1222	-259.64
-50.2322	-269.84
-55.2722	-279.64
-60.3522	-291.04
-65.4222	-301.74
-70.5622	-310.94
-75.6222	-323.64
-80.6122	-333.74
-85.6922	-343.04
-90.6422	-354.64
-95.7222	-364.74
-100.7326	-373.24
-105.9326	-383.14
-111.0326	-392.34
-115.9326	-397.04
-119.5326	-400.44
-120.5326	-396.84
-117.8326	-356.44
-114.6326	-315.94
-111.1326	-274.64
-107.2326	-234.14
-103.2326	-193.34
-99.1326	-153.24
-94.5822	-112.84
-89.5022	-73.97
-84.4822	-40.1
-79.4822	-14.63
-74.4322	6.898
-69.4222	20.088
-64.4022	28.9
-59.3822	37.58
-54.4022	47.94
-49.3322	59.24
-44.2122	72.43
-38.9622	86.02
-33.8022	98.48
-28.7922	110.43
-23.7122	122.16
-18.6422	133.76
-13.5622	144.36
-8.4382	155.46
-3.3372	164.96
1.6773	173.56
6.7208	182.56
11.8278	190.86
16.9178	199.76
21.9278	208.76
26.9378	217.06
32.0178	225.76
37.2578	235.06
42.5778	244.46
47.5478	252.56
52.5678	262.06
57.7078	268.96
62.7078	278.76
67.7878	288.26
72.8278	297.66
77.8778	307.26
82.9678	315.86
88.0278	324.46
93.0978	331.76
98.1178	341.46
103.1674	351.36
108.2674	356.66
113.2674	364.06
116.5674	366.96
119.1674	366.76
119.1674	365.06
118.1674	324.36
114.5674	283.66
110.8674	242.86
106.8674	203.16
102.4674	161.66
97.5378	121.36
92.3278	82.04
87.3478	50.71
82.4078	24.29
77.3278	0.54
72.2778	-16.8
67.1078	-25.9
61.9278	-35.06
56.9478	-44.05
51.8578	-55.15
46.7078	-66.12
41.7578	-78.48
36.6478	-89.04
31.6878	-100.84
26.5278	-111.94
21.4478	-123.24
16.3978	-133.04
11.2838	-144.84
6.1778	-153.74
1.0582	-163.04
-4.1332	-172.34
-9.1722	-181.94
-14.2222	-190.94
-19.3922	-201.64
-24.3222	-207.94
-29.5222	-219.24
-34.5222	-226.84
-39.5022	-236.54
-44.6422	-247.54
-49.6622	-257.64
-54.6722	-266.84
-59.8122	-278.14
-64.9522	-287.64
-70.0022	-297.24
-75.1922	-308.74
-80.2922	-318.04
-85.3822	-326.64
-90.4722	-335.44
-95.4622	-342.44
-100.6326	-351.54
-105.7326	-357.64
-110.7326	-362.74
-115.6326	-367.44
-119.8326	-370.64
-120.7326	-367.84
-120.8326	-363.64
-119.3326	-323.34
-116.0326	-282.94
-112.1326	-242.84
-108.0326	-202.44
-103.7326	-162.04
-98.7326	-117.24
-93.7322	-80.56
-88.5422	-45.76
-83.5422	-20.88
-78.4822	1.52
-73.3122	17.637
-68.1722	27.17
-63.0222	33.35
-57.9322	40.43
-52.9222	47.77
-47.7822	57.85
-42.4822	69.02
-37.4522	78.95
-32.3022	89.35
-27.2922	99.66
-22.2822	109.88
-17.1222	120.46
-12.0922	131.46
-6.9902	141.06
-2.0562	148.66
2.9728	158.46
8.1158	166.86
13.1878	174.16
18.2678	182.06
23.2778	190.86
28.3378	198.96
33.2378	204.46
38.4978	213.76
41.6178	216.06
46.7978	226.16
51.8078	231.46
56.8578	240.06
61.8578	249.16
67.0178	259.76
72.1178	267.66
77.2578	275.66
82.3878	284.26
87.4578	291.16
92.5078	299.56
97.6078	305.76
102.6674	313.66
107.7674	319.86
112.7674	325.46
117.7674	330.86
119.0674	329.06
119.3674	327.06
119.3674	324.56
116.9674	283.46
113.0674	242.36
108.9674	201.56
104.2674	162.46
99.2778	121.56
94.1978	85.67
89.1578	54.37
84.1378	28.94
78.8878	4.738
73.8678	-12.42
68.8078	-23.45
63.7378	-30.73
58.7178	-37.79
53.6578	-46.49
48.6478	-53.98
43.6278	-62.93
38.5578	-72.3
33.4478	-80.59
28.2278	-89.34
23.1778	-97.74
18.1078	-107.14
13.1778	-114.14
8.0208	-122.44
3.0398	-129.24
-2.0282	-136.94
-7.1002	-145.24
-12.1722	-153.84
-17.2222	-160.64
-22.2722	-167.84
-27.4822	-175.44
-32.4822	-182.64
-37.5122	-191.34
-42.6322	-198.54
-47.7222	-207.54
-52.8822	-214.94
-57.9222	-223.74
-63.0022	-205.04
-68.1422	-213.54
-73.2722	-222.54
-78.3722	-199.34
-83.3722	-206.14
-88.4122	-211.74
-93.5322	-218.04
-98.6326	-223.64
-103.7326	-228.84
-108.7326	-231.64
-113.7326	-236.14
-118.7326	-239.64
-120.5326	-233.74
-120.6326	-231.64
-117.3326	-190.24
-112.3326	-151.54
-107.3326	-118.04
-102.3326	-88.74
-97.2422	-62.18
-92.2422	-40.7
-87.1722	-23.57
-82.1322	-8.28
-76.9922	4.554
-72.0022	13.3166
-66.9522	20.471
-61.8822	25.85
-56.7922	30.46
-51.7922	35.21
-46.7522	40.31
-41.6522	46.08
-36.6422	52.09
-31.5422	59.18
-26.5222	65.19
-21.3722	71.97
-16.3722	79.08
-11.3122	87.11
-6.2422	94.94
-1.2662	102.52
-0.6702	102.41
