"Sritharan 1996, Specimen No. IC1"	
3176	
0	0
0.143	-1.532
0.143	-1.67
0.0239999	-0.95
0.0239999	-1.088
0.0239999	-1.364
0.0189998	-1.501
0.0239999	-1.532
0.0279999	-2.022
0.033	-1.992
0.0469999	-2.145
0.0519998	-2.267
0.043	-2.666
0.0569999	-2.834
0.0899999	-2.712
0.086	-2.513
0.0809999	-2.497
0.076	-2.405
0.552	24.087
1.005	44.427
1.462	64.437
1.633	71.617
1.205	50.127
0.743	28.207
0.367	8.317
-0.0620002	-12.7
-0.443	-32.173
-0.872	-52.333
-1.205	-66.743
-0.838	-46.053
-0.443	-24.863
-0.029	-5.3926
0.376	14.387
0.8	34.727
1.243	54.977
1.752	74.877
2.353	95.027
3.391	115.167
4.429	132.267
4.534	133.567
4.158	113.067
3.41	92.127
2.705	71.707
2.038	51.717
1.462	31.157
0.91	10.907
0.438	-10.034
-0.0670002	-29.733
-0.481	-49.833
-0.924	-70.053
-1.5432	-90.313
-2.2671	-110.433
-3.067	-130.233
-3.105	-130.133
-3.443	-136.733
-3.105	-116.133
-2.5814	-96.053
-2.0242	-75.373
-1.4384	-55.393
-0.905	-35.033
-0.391	-14.875
0.138	6.277
0.652	26.637
1.291	47.077
2.033	67.037
2.795	86.847
3.605	106.767
4.415	126.967
5.353	147.167
6.591	167.167
8.122	187.167
9.192	201.167
8.812	180.667
7.982	160.567
7.029	140.067
6.086	119.967
5.096	99.367
4.138	79.367
3.272	59.287
2.481	38.867
1.738	17.897
1.11	-1.854
0.481	-22.183
-0.143	-42.433
-0.881	-62.983
-1.5289	-83.353
-2.1813	-103.593
-2.8624	-123.433
-3.562	-143.433
-4.553	-163.933
-5.687	-183.733
-6.625	-199.333
-6.634	-199.333
-6.368	-178.533
-5.72	-158.533
-4.991	-138.133
-4.263	-117.933
-3.486	-97.213
-2.7195	-77.073
-2.0004	-56.833
-1.2479	-34.483
-0.557	-14.492
0.0999999	5.577
0.762	25.587
1.529	45.727
2.438	65.887
3.4	85.867
4.405	105.767
5.562	127.367
6.629	147.467
7.634	167.367
8.682	187.467
9.782	207.667
11.612	227.567
13.132	244.167
13.772	252.067
13.792	252.267
13.462	231.967
12.582	211.367
11.532	190.967
10.412	170.567
9.292	150.367
8.162	129.767
6.996	109.367
5.815	88.527
4.71	68.157
3.686	47.487
2.762	25.937
1.972	6.507
1.2	-13.604
0.438	-34.253
-0.419	-53.973
-1.3003	-74.483
-2.2052	-95.283
-3.0386	-115.233
-3.91	-135.433
-4.753	-156.033
-5.601	-176.233
-6.449	-196.033
-7.496	-216.533
-8.801	-236.533
-9.463	-246.433
-9.82	-249.933
-9.863	-248.333
-9.463	-228.033
-8.763	-207.933
-8.006	-187.033
-7.172	-167.033
-6.291	-146.833
-5.401	-126.333
-4.544	-106.633
-3.615	-86.083
-2.7147	-65.233
-1.8385	-44.963
-1.034	-24.803
-0.248	-4.3815
0.552	15.407
1.438	35.377
2.481	55.887
3.619	75.847
4.82	95.967
6.082	115.967
7.396	136.367
8.672	156.967
9.912	177.267
11.142	197.267
12.302	217.467
13.452	237.967
14.692	258.167
16.312	278.367
16.962	283.967
16.602	263.667
15.622	242.967
14.522	221.867
13.392	202.367
12.232	182.267
10.982	161.467
9.752	141.267
8.532	121.067
7.244	100.367
5.972	79.857
4.739	59.317
3.643	38.777
2.638	17.567
1.733	-2.819
0.771	-24.403
-0.176	-44.903
-1.1622	-65.043
-2.1575	-85.253
-3.196	-105.733
-4.22	-126.233
-5.225	-146.533
-6.163	-167.433
-7.106	-187.833
-8.058	-208.033
-9.001	-228.033
-10.001	-248.533
-11.287	-268.933
-13.278	-285.333
-15.178	-292.233
-16.488	-289.133
-15.658	-268.833
-13.688	-250.133
-11.954	-229.133
-10.93	-208.433
-9.887	-187.933
-8.787	-166.033
-7.744	-146.133
-6.677	-125.133
-5.61	-104.773
-4.615	-85.113
-3.562	-65.073
-2.4719	-43.493
-1.5765	-24.023
-0.643	-3.646
0.214	13.847
0.252	14.417
1.291	34.617
2.372	54.617
3.596	74.837
4.977	95.567
6.367	115.367
7.739	135.867
9.122	156.167
10.512	176.367
11.832	196.467
13.122	217.067
14.452	237.167
15.672	257.467
16.892	273.467
15.902	253.167
14.882	232.667
13.772	212.867
12.592	192.267
11.392	171.967
10.142	151.667
8.842	131.467
7.587	111.567
6.282	90.687
5.062	71.377
3.881	51.087
2.824	30.177
1.848	9.897
0.914	-10.555
-0.0760001	-31.723
-1.1574	-52.853
-2.1956	-73.303
-3.262	-93.193
-4.377	-113.533
-5.41	-133.333
-6.515	-154.233
-7.611	-174.733
-8.701	-194.933
-9.735	-215.033
-10.868	-235.233
-11.949	-255.533
-13.078	-275.933
-14.768	-296.133
-16.708	-291.633
-15.148	-271.633
-13.228	-254.633
-12.198	-234.533
-11.154	-213.833
-10.13	-194.033
-9.006	-173.033
-7.958	-152.733
-6.877	-131.933
-5.834	-111.433
-4.701	-90.123
-3.615	-69.813
-2.5623	-48.583
-1.6099	-28.863
-0.6	-7.844
0.39	12.597
1.395	32.477
2.624	53.757
3.91	74.407
5.301	94.717
6.782	115.567
8.162	135.667
9.592	156.967
10.942	176.567
12.272	196.867
13.522	216.967
14.752	237.067
16.002	257.567
16.922	270.467
16.202	249.767
15.192	229.667
14.092	209.567
12.882	189.567
11.642	169.167
10.252	147.067
8.862	125.567
7.553	105.467
6.201	84.927
4.858	64.237
3.677	43.847
2.567	22.427
1.514	1.287
0.505	-18.633
-0.543	-39.143
-1.586	-58.963
-2.6338	-79.403
-3.805	-99.833
-4.939	-119.733
-6.025	-140.633
-7.163	-161.333
-8.358	-182.633
-9.444	-202.933
-10.592	-223.033
-11.644	-243.133
-12.838	-264.633
-13.968	-284.233
-15.908	-294.333
-16.588	-281.933
-16.608	-281.233
-15.078	-261.033
-13.118	-245.333
-12.048	-224.633
-10.935	-203.833
-9.868	-183.433
-8.763	-162.833
-7.653	-142.533
-6.544	-121.633
-5.444	-101.233
-4.334	-80.243
-3.239	-59.803
-2.1956	-39.443
-1.1431	-18.563
-0.172	1.394
0.895	21.957
1.976	41.577
3.196	61.617
4.486	81.897
5.939	102.467
7.358	122.467
8.802	142.967
10.242	163.167
11.592	183.267
12.892	204.267
14.192	224.267
15.442	244.967
16.702	265.067
17.952	285.667
19.502	306.467
21.442	324.767
23.312	332.967
25.092	341.167
25.112	339.367
24.872	318.567
23.802	298.067
22.732	277.967
21.542	257.667
20.302	237.167
19.002	216.667
17.652	196.167
16.222	175.767
14.792	155.567
13.292	135.167
11.822	115.167
10.262	94.197
8.782	73.917
7.334	53.697
5.958	33.487
4.6	13.447
3.291	-6.542
1.9	-26.963
0.452	-47.383
-0.967	-67.543
-2.3576	-88.393
-3.696	-109.233
-5.02	-130.633
-6.244	-151.233
-7.587	-170.733
-8.716	-191.133
-9.854	-211.533
-11.001	-231.333
-12.198	-252.133
-13.348	-272.233
-15.268	-286.533
-17.198	-290.633
-18.578	-310.933
-20.588	-327.133
-22.588	-342.433
-24.588	-354.633
-25.268	-356.933
-25.308	-354.833
-24.958	-334.033
-24.038	-313.633
-23.078	-293.433
-22.018	-273.433
-19.998	-256.433
-17.998	-246.933
-16.788	-226.633
-15.608	-206.233
-14.368	-186.133
-13.088	-165.233
-11.825	-144.433
-10.563	-124.733
-9.292	-104.403
-7.973	-83.863
-6.739	-63.833
-5.453	-43.613
-4.053	-23.303
-2.529	-3.171
-0.995	17.077
0.743	37.367
2.534	57.307
4.315	78.007
6.091	97.967
7.801	118.267
9.482	138.667
11.132	158.867
12.772	178.967
14.392	199.767
16.072	220.367
17.702	240.467
19.292	260.767
20.942	280.967
22.522	301.667
24.282	321.267
24.862	325.567
25.052	327.767
25.102	327.967
24.092	307.867
23.052	287.867
21.892	267.467
20.682	247.367
19.382	226.767
18.002	206.567
16.582	186.067
15.142	165.667
13.612	145.267
12.092	124.667
10.512	103.967
8.932	83.217
7.334	62.227
5.762	41.637
4.296	21.157
2.857	0.751
1.314	-19.703
-0.367	-40.273
-2.0385	-60.483
-3.529	-80.903
-5.072	-102.063
-6.396	-121.933
-7.696	-141.733
-9.106	-162.233
-10.511	-183.033
-11.902	-203.233
-13.358	-223.933
-14.698	-244.233
-16.198	-265.133
-17.598	-285.133
-19.598	-297.433
-21.648	-304.433
-23.228	-324.833
-25.008	-343.433
-25.108	-342.133
-24.108	-320.933
-23.158	-300.433
-22.128	-279.933
-20.228	-259.233
-18.278	-246.333
-16.528	-225.733
-15.278	-205.233
-13.998	-183.933
-12.718	-164.433
-11.425	-144.133
-10.063	-123.233
-8.725	-103.423
-7.425	-83.173
-6.096	-62.103
-4.796	-42.063
-3.386	-22.123
-1.8861	-1.455
-0.205	19.057
1.552	39.467
3.338	59.667
5.167	80.077
6.905	100.167
8.602	120.367
10.272	140.667
11.942	160.667
13.562	180.967
15.192	201.067
16.922	221.067
18.472	241.467
20.112	261.467
21.672	282.167
23.272	302.067
24.912	320.667
24.922	320.767
25.112	321.867
24.482	299.867
23.362	279.167
22.132	258.067
20.922	238.467
19.632	218.467
18.232	198.467
16.802	178.167
15.342	157.967
13.802	137.867
12.182	116.567
10.542	95.567
8.872	75.237
7.287	54.747
5.701	34.287
4.115	13.987
2.553	-7.216
0.881	-26.683
-0.834	-46.743
-2.51	-67.423
-4.043	-87.933
-5.448	-107.833
-6.801	-128.133
-8.196	-148.333
-9.62	-169.033
-11.044	-189.733
-12.508	-210.433
-13.868	-230.333
-15.248	-250.633
-16.718	-270.733
-18.668	-290.033
-20.678	-291.133
-22.138	-311.433
-23.838	-331.233
-24.838	-342.033
-24.908	-340.833
-24.988	-340.933
-24.998	-340.633
-24.358	-319.033
-23.408	-299.033
-22.348	-278.833
-20.758	-259.133
-18.638	-245.133
-17.188	-224.633
-15.868	-203.033
-14.608	-183.433
-13.188	-163.333
-11.883	-143.433
-10.582	-123.433
-9.216	-102.753
-7.887	-82.453
-6.51	-62.213
-5.167	-41.883
-3.658	-21.443
-2.0766	-0.965
-0.562	15.517
-0.486	16.097
-0.367	13.547
1.029	33.607
2.886	53.897
4.796	74.587
6.691	95.027
8.442	115.267
10.142	135.167
11.832	155.567
13.542	175.867
15.182	195.967
16.832	216.167
18.452	236.167
20.102	256.267
21.612	276.367
23.192	296.567
24.782	316.467
26.632	337.067
28.612	349.067
30.552	355.067
32.492	358.967
33.232	360.367
32.972	340.067
31.942	319.167
30.752	299.067
29.502	278.767
28.202	258.867
26.822	238.867
25.322	217.867
23.912	198.067
22.382	178.067
20.802	157.367
19.152	137.267
17.402	116.867
15.642	97.067
13.892	76.937
12.202	56.747
10.502	36.247
8.762	15.537
7.006	-4.213
4.962	-23.443
3.015	-40.563
1.086	-55.783
-0.872	-72.293
-2.8624	-91.383
-4.767	-112.033
-6.468	-132.433
-8.082	-152.933
-9.616	-173.333
-11.14	-193.633
-12.678	-213.833
-14.118	-234.333
-15.688	-254.333
-17.188	-275.133
-19.078	-294.933
-21.078	-302.733
-23.108	-321.633
-24.988	-341.533
-26.928	-355.333
-28.918	-364.433
-30.898	-372.833
-32.898	-375.433
-33.498	-376.433
-33.368	-355.733
-32.388	-334.233
-31.398	-313.933
-30.288	-293.733
-29.018	-273.333
-26.968	-253.033
-25.038	-239.933
-23.458	-219.133
-22.068	-199.033
-20.648	-178.833
-19.228	-158.733
-17.778	-138.133
-16.378	-117.533
-14.888	-97.383
-13.398	-76.953
-11.849	-56.863
-10.159	-36.353
-8.387	-16.433
-6.458	2.206
-4.458	18.737
-2.4433	32.557
-0.51	44.637
1.438	57.447
3.4	71.557
5.405	85.717
7.429	101.767
9.402	118.067
11.382	136.967
13.342	155.867
15.352	175.267
17.422	196.067
19.432	216.367
21.432	235.967
23.312	255.467
25.292	276.267
27.252	293.567
29.232	312.767
31.202	330.467
33.132	343.467
33.572	344.967
32.552	324.767
31.372	304.367
30.172	284.067
28.862	263.567
27.432	242.367
25.992	222.067
24.532	201.867
22.942	180.167
21.382	160.367
19.662	139.467
17.902	118.867
16.122	98.867
14.252	78.387
12.332	56.807
10.482	36.447
8.622	16.177
6.629	-4.3662
4.634	-19.013
2.672	-34.653
0.767	-47.993
-1.1955	-63.313
-3.177	-79.343
-5.167	-96.493
-7.144	-116.633
-9.077	-136.933
-10.973	-158.033
-12.768	-178.433
-14.528	-198.633
-16.268	-219.033
-18.118	-239.733
-20.018	-260.933
-21.908	-280.633
-23.908	-294.233
-25.888	-297.733
-27.838	-316.933
-29.828	-335.033
-31.788	-351.533
-33.788	-367.033
-33.888	-368.033
-32.928	-347.433
-31.958	-327.633
-30.898	-307.033
-29.668	-286.233
-28.318	-265.733
-26.388	-250.733
-24.428	-235.133
-22.998	-214.133
-21.648	-194.233
-20.138	-173.133
-18.728	-152.533
-17.188	-131.733
-15.828	-112.133
-14.278	-91.523
-12.738	-70.873
-11.078	-50.903
-9.297	-30.513
-7.349	-9.559
-5.382	7.157
-3.42	21.477
-1.4051	34.557
0.529	47.217
2.486	60.407
4.439	74.227
6.505	88.947
8.542	104.767
10.482	120.667
12.452	138.967
14.442	157.767
16.502	177.467
18.462	197.467
20.462	216.867
22.412	237.567
24.392	257.367
26.452	278.367
28.392	295.267
30.332	314.467
32.302	333.167
33.692	340.967
33.542	337.067
33.382	326.667
33.382	326.767
33.372	326.767
33.392	327.267
33.402	326.767
32.322	306.667
31.132	285.967
29.642	262.967
28.342	243.967
26.902	223.467
25.322	202.567
23.682	180.767
22.052	160.067
20.462	140.567
18.702	119.867
16.822	98.867
14.882	78.517
12.962	57.327
11.052	37.027
9.102	17.017
7.067	-3.861
5.029	-19.413
3.086	-33.163
1.095	-46.323
-0.805	-60.053
-2.8386	-75.973
-4.848	-92.433
-6.844	-111.333
-8.82	-131.133
-10.673	-151.533
-12.588	-172.133
-14.318	-192.133
-16.118	-212.933
-17.968	-232.933
-19.788	-252.733
-21.678	-272.933
-23.678	-291.133
-25.718	-301.833
-27.678	-314.033
-29.658	-326.233
-31.628	-346.433
-33.578	-360.033
-33.618	-359.933
-33.718	-356.133
-33.708	-356.033
-33.708	-355.933
-33.708	-355.933
-33.708	-355.833
-33.718	-355.933
-33.768	-355.933
-33.758	-355.933
-33.718	-355.933
-33.678	-353.933
-33.658	-354.033
-33.688	-354.133
-33.648	-354.333
-33.688	-354.433
-33.668	-354.433
-33.658	-354.433
-33.668	-354.433
-33.648	-354.433
-33.668	-354.433
-32.828	-333.433
-31.828	-313.433
-30.788	-293.633
-29.538	-272.933
-27.608	-252.933
-24.998	-232.533
-23.598	-212.133
-22.188	-191.933
-20.488	-170.133
-19.088	-150.633
-17.658	-130.233
-16.188	-110.533
-14.638	-90.323
-13.088	-70.013
-11.43	-49.603
-9.568	-29.003
-7.549	-8.135
-5.001	12.257
-1.8527	32.557
1.552	53.067
4.572	73.687
7.467	94.097
10.062	113.867
12.482	134.467
14.652	155.267
16.802	175.367
18.952	196.467
21.042	216.467
23.012	236.867
25.062	256.967
27.162	277.267
29.312	298.567
31.482	318.967
33.632	338.967
36.792	358.967
46.682	379.167
51.542	380.867
51.382	360.967
50.302	340.267
49.092	319.967
47.802	299.467
46.382	279.167
44.932	259.067
43.382	238.167
41.802	218.167
40.212	197.667
38.532	176.967
36.692	155.767
34.802	135.267
32.892	115.267
30.812	94.687
28.702	74.617
26.472	53.767
24.122	32.497
21.772	12.197
19.212	-8.288
16.032	-28.843
11.892	-49.233
7.863	-69.493
3.853	-90.013
0.109	-109.833
-3.591	-130.133
-6.925	-150.333
-10.011	-170.533
-12.798	-191.733
-15.248	-212.433
-17.868	-233.333
-19.958	-253.933
-22.248	-273.733
-25.188	-293.833
-29.068	-313.733
-31.748	-334.633
-35.298	-355.133
-39.998	-375.133
-46.468	-395.233
-51.498	-401.833
-51.668	-381.833
-50.858	-360.833
-49.778	-339.733
-48.648	-319.533
-47.378	-299.133
-46.048	-278.633
-44.668	-259.033
-41.158	-238.833
-39.638	-218.633
-38.168	-198.333
-36.608	-177.733
-35.098	-157.333
-33.468	-136.433
-31.748	-116.133
-30.018	-96.003
-28.108	-75.453
-26.188	-55.703
-23.898	-35.163
-21.378	-14.508
-18.188	5.377
-14.148	25.527
-9.22	45.697
-4.486	65.907
-0.786	80.167
-0.605	72.277
-0.6	72.417
-0.243	83.737
2.057	103.667
5.467	124.067
10.412	144.167
14.932	164.167
19.012	185.267
22.822	205.267
26.072	226.267
29.312	246.567
32.392	266.267
35.652	286.467
39.082	306.667
42.582	326.867
46.652	347.167
51.272	361.767
50.092	340.467
48.862	320.467
47.542	300.167
46.112	280.367
44.602	259.567
43.152	240.067
41.552	219.067
39.832	198.367
38.182	178.367
36.312	158.067
34.322	136.867
32.362	117.067
30.242	96.767
27.902	75.697
25.512	55.857
23.042	35.237
20.402	14.337
17.272	-6.097
13.112	-26.593
8.812	-47.243
4.4	-67.483
0.105	-87.643
-4.163	-107.233
-8.32	-127.933
-12.388	-148.133
-15.808	-168.633
-19.288	-189.333
-22.448	-210.233
-25.268	-229.933
-28.018	-249.833
-30.858	-270.233
-35.178	-290.433
-39.148	-310.933
-42.628	-330.933
-45.558	-351.533
-49.148	-371.333
-51.388	-376.433
-50.278	-355.833
-49.148	-334.433
-48.028	-315.133
-46.648	-294.033
-45.348	-273.833
-43.648	-252.933
-40.548	-232.933
-38.798	-212.733
-37.298	-192.433
-35.818	-172.433
-34.178	-151.433
-32.588	-130.333
-30.978	-110.733
-29.218	-90.813
-27.218	-69.793
-25.258	-50.033
-22.908	-29.123
-20.238	-8.885
-16.848	11.397
-12.518	31.577
-7.553	52.007
-2.8243	71.807
1.881	92.087
6.51	112.067
11.242	132.167
15.602	152.267
19.742	172.367
23.592	193.367
26.982	213.667
30.212	233.667
33.362	254.067
36.512	275.167
39.922	295.467
43.632	315.067
46.752	335.667
51.312	354.067
51.072	333.367
49.952	313.167
48.522	291.867
47.152	271.767
45.622	251.267
44.012	230.967
42.252	209.767
40.572	189.467
38.782	168.867
36.862	148.067
34.902	128.067
32.812	107.667
30.662	87.567
28.322	67.447
25.802	47.517
23.162	27.117
20.282	6.737
16.682	-13.512
12.392	-33.703
7.772	-53.633
3.115	-74.163
-1.2717	-94.183
-5.453	-114.333
-9.873	-134.233
-13.748	-154.833
-17.348	-175.233
-20.598	-195.333
-23.778	-215.733
-26.698	-235.233
-29.578	-255.533
-32.598	-275.733
-38.228	-296.433
-41.298	-316.433
-44.508	-336.833
-47.908	-357.333
-51.278	-368.433
-51.278	-368.133
-50.898	-348.133
-49.848	-327.833
-48.718	-307.833
-47.468	-287.733
-46.048	-267.233
-43.858	-247.133
-41.158	-226.533
-39.648	-206.533
-38.008	-185.033
-36.408	-164.433
-34.818	-144.033
-33.168	-124.133
-31.358	-103.923
-29.438	-84.093
-27.398	-63.993
-25.318	-43.733
-22.868	-23.763
-19.928	-3.554
-16.248	16.587
-11.559	36.657
-6.53	57.237
-1.648	77.457
3.315	97.267
8.262	117.767
13.002	137.867
17.492	157.967
21.772	178.367
25.432	198.267
29.022	218.567
32.302	238.767
35.582	258.567
38.792	278.867
42.192	299.167
45.542	319.567
48.872	339.467
52.632	359.867
59.172	379.667
65.122	389.667
68.332	391.367
68.372	389.367
68.482	369.367
67.512	348.767
66.272	328.767
64.882	308.367
63.382	288.867
61.852	268.367
60.292	248.367
58.692	228.267
56.962	207.467
55.152	187.667
53.272	167.867
51.342	147.567
49.322	128.067
47.252	108.567
45.272	92.037
43.222	75.927
41.242	61.357
39.192	44.927
37.122	29.677
35.122	16.667
33.042	3.324
31.022	-7.599
28.982	-17.743
26.982	-26.253
25.012	-33.813
22.882	-41.773
20.912	-47.503
18.872	-55.913
16.842	-62.763
14.772	-70.653
12.692	-78.543
10.632	-85.913
8.622	-93.143
6.663	-100.343
4.558	-108.233
2.524	-115.533
0.471	-123.233
-1.5051	-130.233
-3.529	-137.933
-5.582	-145.933
-7.582	-153.033
-9.625	-161.633
-11.644	-169.633
-13.708	-176.633
-15.818	-186.033
-17.828	-192.933
-19.998	-204.333
-21.978	-212.533
-24.038	-222.233
-26.008	-232.133
-28.028	-244.533
-30.098	-256.533
-32.128	-266.633
-34.138	-278.333
-36.148	-287.233
-38.188	-290.833
-40.198	-299.133
-42.238	-310.633
-44.248	-322.733
-46.298	-335.033
-48.358	-346.033
-50.388	-355.533
-52.408	-365.133
-54.478	-373.633
-56.478	-381.033
-58.498	-385.933
-60.528	-391.333
-62.518	-397.033
-64.538	-401.433
-66.538	-406.033
-68.268	-400.833
-68.608	-404.633
-68.718	-400.433
-68.248	-379.233
-67.258	-359.733
-66.148	-339.533
-64.798	-318.533
-63.368	-297.533
-61.978	-277.333
-60.448	-256.833
-58.418	-244.033
-56.368	-231.533
-54.788	-211.633
-53.148	-191.233
-51.578	-171.333
-49.818	-151.233
-47.978	-131.233
-46.078	-110.933
-44.138	-90.753
-42.138	-72.503
-40.048	-53.943
-38.018	-37.703
-36.008	-23.533
-33.978	-10.142
-31.968	0.505
-29.978	9.297
-27.988	17.987
-25.958	25.567
-23.978	32.077
-21.918	39.217
-19.928	45.617
-17.808	52.807
-15.828	58.647
-13.828	65.257
-11.768	72.127
-9.735	78.287
-7.725	84.717
-5.753	90.597
-3.715	96.367
-1.667	103.167
0.352	109.667
2.41	116.467
4.4	122.667
6.396	128.467
8.402	134.367
10.412	141.667
12.492	148.067
14.482	153.267
16.482	160.267
18.492	166.767
20.542	173.867
22.582	180.967
24.582	188.167
26.602	194.867
28.622	202.167
30.652	210.467
32.742	219.467
34.792	228.467
36.762	235.667
38.852	246.467
40.912	255.967
42.932	264.567
44.952	273.967
47.042	284.267
49.022	292.367
51.032	301.967
53.072	309.167
55.102	317.367
57.142	327.767
59.142	335.667
61.212	345.367
63.252	352.867
65.252	358.867
67.252	365.567
68.132	367.267
68.522	366.767
67.282	346.567
65.932	326.067
64.452	305.867
62.902	285.667
61.362	265.667
59.772	245.367
58.042	224.267
56.272	204.467
54.402	184.167
52.482	164.067
50.452	143.667
48.462	124.767
46.462	106.967
44.422	90.947
42.372	75.187
40.302	59.777
38.272	45.497
36.252	32.047
34.242	19.957
32.292	8.687
30.652	0.505
30.552	0.184
30.502	0.153
30.342	-0.674
30.172	-1.762
28.082	-12.24
26.032	-20.863
23.922	-28.753
21.832	-36.183
19.892	-43.693
17.822	-51.243
15.752	-58.073
13.652	-65.433
11.632	-71.463
9.492	-79.753
7.387	-86.783
5.415	-92.683
3.424	-100.023
1.429	-107.333
-0.614	-115.433
-2.6386	-121.733
-4.625	-129.333
-6.715	-137.333
-8.782	-144.433
-10.821	-151.833
-12.898	-158.733
-14.938	-166.433
-16.868	-173.133
-18.898	-179.833
-20.908	-187.533
-22.938	-195.233
-25.038	-203.533
-27.038	-211.933
-29.058	-220.133
-31.118	-229.933
-33.168	-239.933
-35.228	-251.033
-37.218	-260.433
-39.228	-269.633
-41.308	-282.133
-43.338	-290.033
-45.358	-297.433
-47.358	-303.633
-49.468	-313.433
-51.458	-320.733
-53.498	-331.133
-55.608	-340.633
-57.628	-349.533
-59.648	-357.833
-61.668	-366.133
-63.668	-375.233
-65.728	-384.333
-67.758	-391.933
-68.538	-391.733
-68.488	-391.833
-67.448	-372.033
-66.408	-352.233
-65.128	-331.933
-63.768	-311.633
-62.428	-291.633
-60.998	-271.633
-59.268	-251.633
-57.308	-240.333
-55.298	-224.333
-53.668	-204.233
-52.038	-183.933
-50.338	-163.933
-48.538	-143.433
-46.568	-122.833
-44.588	-102.273
-42.578	-83.113
-40.478	-66.333
-38.408	-49.373
-36.438	-34.743
-34.398	-20.793
-32.378	-8.61
-30.338	1.762
-28.328	10.447
-26.318	18.167
-24.238	26.057
-22.218	32.887
-20.208	39.187
-17.948	46.797
-15.938	52.807
-13.908	59.427
-11.84	65.877
-9.806	72.367
-7.668	78.357
-5.677	84.927
-3.615	91.177
-1.5956	97.367
0.205	101.867
0.343	102.167
2.395	109.967
4.429	116.467
6.396	121.367
8.432	129.167
10.552	135.967
12.562	141.667
14.582	148.267
16.642	155.267
18.802	161.967
20.812	167.867
22.822	174.067
24.862	181.167
27.122	189.667
29.182	196.267
31.132	204.067
33.242	211.867
35.282	219.667
37.312	228.267
39.332	237.567
41.362	246.367
43.432	256.567
45.462	263.867
47.482	274.567
49.542	284.467
51.622	293.967
53.592	302.267
55.602	310.467
57.612	318.567
59.652	328.467
61.692	336.067
63.692	345.667
65.722	350.267
67.692	357.967
67.742	357.167
67.842	357.067
67.892	356.667
68.312	357.367
68.012	337.167
66.782	316.867
65.302	296.367
63.782	276.467
62.142	256.167
60.512	236.067
58.842	216.467
57.042	195.967
55.022	174.967
53.012	154.567
51.022	135.667
49.012	117.067
47.012	99.967
44.952	84.177
42.882	69.397
40.922	55.597
38.932	42.207
36.842	28.857
34.862	17.437
32.822	5.757
30.792	-4.6266
28.782	-12.746
26.802	-20.713
24.772	-27.743
22.692	-35.543
20.612	-43.463
18.562	-50.413
16.492	-57.083
14.452	-63.273
12.412	-70.443
10.362	-77.193
8.292	-84.023
6.234	-91.213
4.229	-97.933
2.248	-104.373
0.233	-112.033
-1.8051	-119.233
-3.82	-125.933
-5.972	-134.533
-8.02	-140.833
-10.049	-148.233
-12.108	-155.733
-14.148	-162.433
-16.148	-167.933
-18.138	-174.733
-20.188	-183.733
-22.258	-190.533
-24.328	-198.333
-26.348	-206.133
-28.378	-214.933
-30.398	-223.433
-32.418	-232.833
-34.448	-241.733
-36.538	-252.933
-38.578	-262.533
-40.668	-273.033
-42.638	-281.433
-44.668	-289.533
-46.698	-292.233
-48.698	-299.733
-50.708	-307.633
-52.728	-316.733
-54.718	-326.833
-56.758	-336.833
-58.758	-347.533
-60.798	-355.433
-62.808	-363.733
-64.818	-375.433
-66.538	-380.333
-67.578	-383.833
-68.468	-387.733
-68.698	-385.333
-68.428	-365.333
-67.358	-345.233
-66.148	-323.833
-64.748	-303.333
-63.348	-282.933
-61.878	-262.733
-59.868	-247.333
-57.878	-237.133
-56.218	-217.033
-54.388	-195.833
-52.748	-176.033
-50.998	-155.933
-49.068	-135.733
-47.168	-115.733
-45.178	-96.433
-43.158	-77.253
-41.068	-60.343
-39.058	-44.843
-36.978	-30.473
-34.968	-17.193
-32.928	-5.4692
-30.888	3.906
-28.848	11.857
-26.858	19.027
-24.838	25.997
-22.808	32.237
-20.798	37.507
-18.748	45.037
-16.718	51.577
-14.708	57.327
-12.678	63.637
-10.716	69.087
-8.696	75.357
-6.625	81.607
-4.61	87.227
-2.6147	93.157
-0.605	99.367
1.414	105.867
3.438	111.467
5.482	118.267
7.525	124.167
9.542	130.067
11.642	136.967
13.592	141.667
15.642	149.167
17.762	155.667
19.752	160.867
21.862	168.767
23.882	174.867
25.972	181.567
28.032	186.567
30.082	194.467
32.102	201.867
34.102	208.367
36.192	217.067
38.212	224.367
40.262	235.067
42.332	243.067
44.372	251.667
46.362	259.767
48.422	270.067
50.402	278.667
52.442	287.767
54.502	298.567
56.532	306.267
58.562	315.867
60.582	323.667
62.622	332.767
64.672	341.067
66.672	348.867
68.672	354.967
70.702	362.867
72.722	367.767
74.732	372.767
76.782	378.767
78.792	382.167
80.832	385.767
82.872	390.567
84.962	391.667
86.932	395.167
89.092	399.767
91.092	401.767
93.082	401.967
95.112	405.967
97.102	406.867
99.152	406.767
100.552	407.167
102.552	409.667
102.852	406.867
102.852	404.967
103.052	385.467
101.952	364.467
100.952	349.267
99.452	329.067
97.882	309.367
96.212	288.967
94.492	268.267
92.692	247.567
90.862	227.067
88.942	206.567
87.002	186.567
84.942	167.167
82.942	149.767
80.862	132.667
78.822	115.167
76.792	99.967
74.772	85.237
72.772	71.437
70.762	58.277
68.702	44.637
66.672	32.597
64.672	20.937
62.672	9.927
60.592	-0.322
58.592	-8.931
56.572	-17.683
54.582	-25.143
52.552	-31.623
50.542	-37.223
48.532	-43.033
46.492	-49.453
44.412	-54.953
42.422	-59.533
40.392	-65.143
38.392	-70.733
36.372	-76.003
34.302	-81.143
32.312	-85.923
30.252	-91.213
28.192	-96.913
26.172	-101.573
24.152	-107.133
22.122	-111.933
20.052	-117.833
18.032	-122.833
16.002	-128.033
13.942	-133.433
11.892	-138.633
9.832	-144.133
7.772	-148.333
5.767	-153.433
3.724	-158.233
1.695	-163.233
0.3	-166.833
0	-166.733
-0.0810001	-166.333
-2.1433	-173.833
-4.124	-178.033
-6.139	-183.433
-8.225	-188.533
-10.316	-192.933
-12.388	-199.233
-14.408	-202.933
-16.558	-209.633
-18.568	-215.133
-20.578	-219.833
-22.658	-225.333
-24.708	-230.433
-26.808	-236.733
-28.738	-240.733
-30.768	-247.133
-32.778	-254.633
-34.848	-260.933
-36.898	-266.433
-38.968	-274.433
-41.038	-279.533
-43.028	-284.133
-45.038	-292.433
-47.158	-298.033
-49.178	-306.033
-51.208	-311.133
-53.248	-317.533
-55.298	-325.233
-57.368	-332.233
-59.458	-339.933
-61.498	-345.533
-63.538	-351.833
-65.688	-360.833
-67.668	-366.633
-69.698	-372.933
-71.658	-377.233
-73.768	-384.333
-75.798	-389.333
-77.898	-395.733
-80.018	-401.133
-82.038	-406.333
-84.068	-412.633
-86.118	-414.233
-88.208	-416.633
-90.228	-419.933
-92.238	-423.033
-94.278	-428.033
-96.268	-429.033
-98.258	-430.833
-98.958	-430.533
-100.988	-432.333
-102.148	-433.633
-102.348	-431.233
-102.348	-428.433
-102.448	-408.433
-101.478	-388.433
-100.338	-367.833
-98.968	-347.133
-97.518	-327.133
-96.028	-306.833
-94.508	-286.733
-92.868	-266.333
-90.838	-248.733
-88.828	-240.633
-86.798	-220.533
-84.898	-200.033
-83.028	-180.433
-81.198	-160.033
-79.238	-139.733
-77.248	-120.633
-75.238	-102.913
-73.158	-85.663
-71.138	-70.453
-69.098	-56.143
-67.048	-43.243
-65.058	-31.453
-63.058	-21.113
-61.028	-10.617
-59.038	-1.884
-56.988	6.617
-54.998	13.277
-52.888	20.007
-50.868	25.187
-48.848	30.597
-46.878	35.067
-44.838	40.477
-42.818	45.437
-40.768	49.877
-38.748	54.977
-36.708	59.167
-34.718	63.807
-32.688	67.787
-30.728	71.757
-28.688	75.997
-26.598	80.907
-24.528	84.607
-22.568	89.317
-20.518	93.587
-18.518	97.167
-16.448	102.167
-14.398	105.967
-12.428	110.167
-10.401	114.867
-8.354	119.267
-6.325	123.467
-4.32	126.967
-2.2909	131.767
-0.253	135.667
1.752	140.967
3.819	145.167
5.905	149.367
8.132	155.567
10.112	158.667
12.112	162.267
14.252	167.667
16.252	170.867
18.292	175.367
20.372	179.867
22.412	183.667
24.462	188.367
26.522	191.867
28.642	197.267
30.732	200.767
32.742	205.167
34.852	209.867
36.932	214.867
38.932	217.967
40.952	221.867
42.972	228.167
45.052	233.067
47.202	238.867
49.102	243.567
51.282	248.667
53.282	254.767
55.322	260.367
57.362	265.767
59.332	270.467
61.362	276.567
63.402	281.667
65.492	287.467
67.452	292.567
69.452	298.867
71.562	304.467
73.652	308.267
75.732	314.767
77.822	318.867
79.922	326.367
81.982	330.167
83.952	334.967
85.982	339.367
88.092	343.067
90.162	348.167
92.142	349.467
94.212	353.767
96.212	359.667
98.252	361.567
100.252	363.067
102.252	361.767
102.252	361.767
102.352	361.767
101.052	341.767
99.652	321.667
97.922	301.267
96.252	281.267
94.442	260.267
92.552	239.567
90.592	219.167
88.632	199.267
86.562	179.367
84.492	161.467
82.442	143.867
80.372	127.567
78.342	112.067
76.312	96.967
74.302	83.707
72.272	71.387
70.172	58.747
68.172	47.357
66.142	36.967
64.132	27.037
62.022	16.927
60.052	7.967
57.982	-1.823
55.842	-10.111
53.782	-16.403
51.792	-21.643
49.742	-27.803
47.612	-33.643
45.502	-39.743
43.482	-44.013
41.492	-48.683
39.432	-54.353
37.342	-59.393
35.322	-63.423
33.372	-67.943
31.302	-73.293
29.282	-78.193
27.212	-82.843
24.912	-88.873
22.922	-92.243
20.852	-98.033
18.772	-103.073
16.652	-108.733
14.662	-113.733
12.612	-116.933
10.512	-123.233
8.512	-127.433
6.467	-131.833
4.453	-137.933
2.495	-141.033
0.438	-146.933
-1.6718	-152.233
-3.662	-156.633
-5.787	-162.433
-7.787	-167.033
-9.806	-171.333
-11.887	-176.433
-13.988	-181.233
-16.018	-186.333
-18.098	-190.333
-20.138	-194.733
-22.118	-199.033
-24.128	-203.533
-26.258	-208.933
-28.318	-213.833
-30.298	-217.333
-32.388	-222.733
-34.428	-228.133
-36.478	-233.433
-38.558	-239.033
-40.658	-244.533
-42.808	-249.533
-44.938	-255.533
-46.978	-261.133
-49.068	-267.033
-51.068	-272.333
-53.098	-277.633
-55.068	-283.733
-57.128	-287.833
-59.088	-292.033
-61.148	-295.833
-63.218	-303.433
-65.248	-310.433
-67.288	-313.933
-69.348	-320.733
-71.378	-327.133
-73.458	-333.833
-75.508	-337.633
-77.498	-342.333
-79.528	-349.633
-81.668	-356.033
-83.678	-360.933
-85.768	-366.033
-87.808	-370.233
-89.878	-375.333
-91.858	-378.333
-93.888	-384.033
-95.938	-389.833
-97.968	-394.933
-99.978	-397.633
-101.988	-399.033
-102.348	-398.533
-102.448	-397.433
-101.258	-376.733
-99.968	-355.133
-98.498	-335.033
-96.868	-313.133
-95.398	-293.533
-93.768	-273.533
-91.598	-252.333
-89.668	-243.233
-87.658	-227.733
-85.648	-207.633
-83.788	-187.033
-81.778	-166.733
-79.748	-146.933
-77.628	-126.833
-75.608	-109.833
-73.588	-93.653
-71.598	-78.543
-69.598	-64.943
-67.608	-53.783
-65.568	-41.393
-63.598	-30.933
-61.598	-21.063
-59.568	-11.643
-57.538	-3.799
-55.538	4.167
-53.468	10.737
-51.318	16.457
-49.278	21.617
-47.248	26.087
-45.128	30.927
-42.978	35.437
-41.008	39.337
-38.948	43.307
-36.878	47.587
-34.858	51.547
-32.748	55.317
-30.748	59.527
-28.678	63.297
-26.648	67.037
-24.608	71.237
-22.538	76.367
-20.448	79.567
-18.298	84.107
-16.168	89.437
-14.178	92.817
-12.178	96.567
-10.182	99.967
-8.111	104.467
-5.944	109.467
-3.905	113.467
-1.8432	117.467
0.181	121.667
2.243	125.867
4.358	130.167
6.434	135.267
8.522	139.167
10.642	144.967
13.052	150.567
15.132	153.667
17.172	156.867
19.312	161.967
21.282	163.967
23.282	168.567
25.252	173.467
27.282	178.267
29.282	182.167
31.412	186.967
33.372	190.767
35.452	195.567
37.492	198.767
39.612	203.767
41.542	206.667
43.612	212.467
45.662	216.767
47.772	222.367
49.812	225.867
51.992	231.567
54.082	235.367
56.142	241.267
58.112	245.267
60.212	251.567
62.172	255.167
64.222	261.167
66.212	266.367
68.262	270.767
70.342	274.967
72.392	279.467
74.592	288.667
76.672	292.167
78.792	296.867
80.892	302.267
82.942	305.367
84.992	311.667
87.032	315.367
89.052	319.267
91.032	322.967
93.062	325.267
95.122	330.667
97.212	333.967
99.252	335.867
100.052	333.267
102.052	334.867
102.052	334.467
102.352	334.967
102.552	315.067
101.052	293.967
99.452	273.767
97.642	253.067
95.692	232.067
93.682	211.967
91.642	191.867
89.592	173.767
87.542	155.767
85.492	138.867
83.402	123.367
81.372	109.067
79.332	95.367
77.182	81.117
75.172	69.117
73.192	58.107
71.152	47.737
69.152	37.457
67.122	28.637
65.082	20.257
63.022	12.757
61.022	4.136
58.952	-2.911
56.872	-9.759
54.752	-15.273
52.632	-20.253
50.572	-25.553
48.502	-29.403
46.372	-34.243
44.322	-37.843
42.312	-42.083
40.222	-46.483
38.122	-51.063
36.052	-54.933
34.012	-59.083
31.962	-63.103
29.942	-68.063
27.952	-72.293
25.812	-77.713
23.802	-81.733
21.652	-86.873
19.612	-91.453
17.542	-96.563
15.502	-100.723
13.482	-103.633
11.312	-111.233
9.242	-115.633
7.115	-121.433
5.077	-124.833
3.01	-130.333
0.967	-135.333
-1.1146	-140.233
-3.229	-145.933
-5.329	-151.033
-7.32	-155.433
-9.487	-161.333
-11.487	-165.633
-13.578	-170.733
-15.618	-175.333
-17.668	-180.733
-19.698	-183.233
-21.758	-189.433
-23.858	-194.733
-25.888	-198.933
-27.858	-202.133
-29.998	-207.433
-32.078	-212.933
-34.108	-216.933
-36.258	-222.833
-38.238	-226.233
-40.368	-232.633
-42.418	-236.433
-44.478	-242.433
-46.518	-248.633
-48.578	-252.033
-50.618	-257.733
-52.708	-264.233
-54.718	-269.733
-56.848	-274.433
-58.878	-279.933
-60.918	-284.233
-62.978	-289.233
-65.028	-292.333
-67.108	-297.333
-69.118	-301.933
-71.188	-307.133
-73.248	-313.633
-75.188	-316.733
-77.198	-323.333
-79.288	-329.733
-81.358	-335.033
-83.408	-338.333
-85.458	-343.933
-87.448	-348.533
-89.458	-350.633
-91.478	-357.433
-93.508	-361.533
-95.588	-367.333
-97.598	-371.433
-99.678	-375.933
-100.838	-376.933
-102.448	-377.633
-102.548	-357.633
-101.238	-335.633
-99.978	-315.833
-98.418	-295.633
-96.878	-275.833
-95.048	-255.033
-93.068	-244.333
-91.028	-232.633
-88.988	-211.833
-86.958	-191.433
-84.878	-170.633
-82.788	-150.733
-80.358	-129.633
-78.328	-112.533
-76.328	-97.663
-74.248	-82.513
-72.208	-68.863
-70.168	-56.103
-68.168	-45.793
-66.138	-35.773
-64.068	-26.593
-62.068	-18.353
-60.068	-11.275
-57.978	-3.661
-55.928	2.757
-53.798	8.057
-51.838	12.657
-49.768	17.177
-47.738	20.837
-45.588	24.817
-43.608	28.097
-41.628	31.247
-39.598	35.037
-37.468	38.257
-35.448	41.917
-33.408	45.467
-31.298	49.027
-29.268	52.257
-27.238	56.117
-25.238	59.117
-23.208	62.827
-21.188	66.337
-19.128	70.297
-17.078	74.197
-15.128	77.167
-13.098	81.697
-11.102	84.597
-9.087	89.237
-7.03	92.947
-4.958	97.367
-2.9243	100.967
-0.924	104.467
1.119	108.767
3.072	112.267
5.205	116.667
7.215	119.967
9.312	125.867
11.382	129.467
13.462	134.167
15.502	138.067
17.542	142.567
19.562	146.967
21.552	150.567
23.602	155.167
25.682	159.367
27.672	162.767
29.852	168.067
31.842	171.967
33.812	175.867
35.852	179.867
37.962	184.067
39.962	187.867
42.012	191.967
44.092	196.667
46.092	199.567
48.252	204.767
50.222	208.467
52.252	211.767
54.252	216.867
56.292	220.567
58.362	224.967
60.422	229.567
62.522	234.167
64.622	239.367
66.632	242.667
68.592	247.567
70.602	251.767
72.692	256.567
74.682	260.467
76.702	264.867
78.752	269.367
80.722	272.767
82.772	277.667
84.742	280.767
86.742	283.067
88.812	288.167
90.822	290.167
92.822	293.767
94.832	295.467
96.892	300.767
98.852	300.867
100.852	305.667
102.952	305.267
104.952	307.967
107.052	306.867
109.052	308.467
111.052	310.267
113.152	311.467
115.252	310.167
117.252	311.167
119.252	311.967
121.252	314.367
123.252	314.667
125.352	314.067
127.352	316.767
129.352	318.067
131.452	318.367
133.452	318.367
135.452	315.867
136.052	313.367
136.152	311.767
135.952	291.667
134.552	271.567
132.752	251.067
130.652	230.167
128.652	209.767
126.652	191.467
124.652	174.367
122.552	157.467
120.352	141.367
118.352	126.567
116.252	112.667
114.252	99.767
112.152	87.567
110.152	76.227
108.052	65.357
105.952	54.417
103.852	44.547
101.752	36.677
99.652	28.237
97.642	21.467
95.602	14.987
93.572	9.517
91.582	3.799
90.652	2.114
90.182	0.996
89.502	-1.072
87.452	-6.373
85.402	-11.275
83.372	-15.493
81.282	-19.703
79.252	-22.953
77.142	-26.483
75.072	-29.723
72.882	-33.393
70.812	-36.213
68.812	-38.833
66.702	-41.623
64.732	-44.063
62.652	-46.863
60.582	-49.973
58.572	-53.133
56.492	-56.283
54.292	-60.293
52.322	-62.503
50.262	-67.103
48.252	-69.763
46.212	-73.653
44.132	-77.803
42.172	-81.223
40.072	-84.703
37.962	-89.003
35.822	-92.833
33.842	-95.653
31.802	-99.223
29.632	-104.113
27.552	-107.333
25.422	-111.433
23.392	-114.333
21.302	-119.033
19.222	-122.733
17.142	-127.033
15.072	-131.333
13.022	-134.933
10.972	-138.933
8.912	-142.333
6.839	-146.533
4.753	-150.633
2.629	-154.933
0.724	-157.633
-1.4527	-163.433
-3.505	-165.733
-5.544	-169.433
-7.601	-174.233
-9.611	-177.833
-11.702	-182.233
-13.738	-184.933
-15.808	-189.333
-18.118	-196.233
-20.048	-197.133
-22.288	-203.333
-24.348	-206.233
-26.498	-211.133
-28.478	-213.833
-30.628	-219.133
-32.688	-222.833
-34.718	-225.733
-36.718	-230.233
-38.778	-233.033
-40.908	-237.833
-42.978	-241.733
-45.008	-247.033
-47.028	-249.333
-49.108	-254.433
-51.228	-258.133
-53.338	-264.033
-55.338	-266.233
-57.468	-271.133
-59.498	-272.533
-61.578	-279.033
-63.558	-282.433
-65.648	-286.233
-67.728	-289.733
-69.778	-291.933
-71.758	-294.833
-73.778	-300.033
-75.818	-303.633
-77.848	-304.733
-79.908	-308.433
-81.958	-313.633
-83.948	-317.033
-85.978	-320.633
-87.978	-322.833
-90.018	-326.033
-92.068	-327.633
-94.218	-334.433
-96.298	-337.233
-98.328	-339.533
-100.318	-338.333
-102.348	-340.333
-104.448	-341.033
-106.448	-339.833
-108.448	-345.933
-110.548	-348.533
-112.548	-348.633
-114.648	-349.733
-116.548	-348.933
-118.648	-351.733
-120.648	-351.433
-122.748	-351.433
-124.748	-353.633
-126.748	-354.133
-128.748	-356.433
-130.848	-354.433
-132.848	-356.633
-134.448	-356.433
-136.448	-355.033
-136.748	-351.433
-136.848	-331.533
-135.948	-311.333
-134.548	-290.633
-132.748	-270.033
-130.748	-251.433
-128.648	-240.133
-126.548	-226.633
-124.548	-207.433
-122.548	-188.833
-120.548	-170.233
-118.448	-151.733
-116.348	-135.033
-114.348	-119.533
-112.348	-105.233
-110.248	-91.883
-108.248	-80.123
-106.248	-69.123
-104.148	-58.893
-102.148	-49.333
-100.048	-40.613
-97.948	-33.003
-95.948	-26.853
-93.938	-21.353
-91.858	-15.503
-89.718	-10.203
-87.668	-5.8369
-85.658	-1.854
-83.598	2.359
-81.588	5.317
-79.378	9.577
-77.368	11.457
-75.358	14.137
-73.318	16.287
-71.298	18.287
-69.248	20.897
-67.198	22.547
-65.178	24.037
-63.128	26.367
-60.818	28.827
-58.918	30.007
-56.898	31.877
-54.838	34.117
-52.848	36.247
-50.808	38.237
-48.648	40.227
-46.618	43.217
-44.448	46.157
-42.398	46.937
-40.208	51.227
-37.908	53.447
-35.828	55.657
-33.808	57.187
-31.738	58.597
-29.508	63.497
-27.558	63.717
-25.558	66.057
-23.488	69.217
-21.328	72.227
-19.238	75.127
-17.288	77.467
-15.168	80.257
-13.218	82.817
-11.211	84.657
-9.177	88.577
-7.149	91.277
-5.125	94.127
-3.0386	97.767
-1.0955	100.067
0.905	103.267
2.919	106.367
4.943	108.367
7.077	112.267
9.212	115.967
11.292	118.367
13.292	120.767
15.422	124.367
17.432	126.767
19.552	130.467
21.652	133.467
23.802	137.267
25.822	139.167
27.882	142.067
29.962	145.167
32.062	147.567
34.142	150.167
36.202	153.467
38.202	155.267
40.302	158.367
42.342	161.767
44.412	165.367
46.452	166.467
48.542	170.367
50.572	172.367
52.562	175.467
54.602	178.067
56.652	180.667
58.732	183.367
60.722	185.167
62.732	187.467
64.772	189.867
66.762	192.367
68.892	195.667
70.922	197.867
72.892	198.967
74.962	201.767
77.002	205.067
79.182	208.367
81.112	209.467
83.192	211.767
85.232	212.967
87.292	217.167
89.292	216.767
91.332	221.367
93.402	224.267
95.412	226.667
97.392	228.767
99.452	231.067
101.552	233.167
103.552	233.867
105.652	236.867
107.652	238.967
109.752	240.767
111.752	242.567
113.752	242.867
115.852	245.967
117.852	248.467
119.952	249.367
122.052	250.067
124.052	251.767
126.052	252.867
128.052	255.867
130.052	256.767
132.152	257.167
134.152	257.967
136.152	258.167
136.752	258.067
135.252	237.767
133.552	217.067
131.352	196.667
129.452	179.267
127.452	163.267
125.452	148.167
123.352	134.867
121.352	121.467
119.252	108.167
117.252	96.767
115.152	85.907
113.052	75.437
110.952	65.877
108.852	57.007
106.852	49.177
104.752	41.297
102.652	34.357
100.452	27.837
98.352	22.507
96.292	17.667
94.252	13.877
92.272	9.717
90.232	6.497
88.162	3.079
86.132	0.184
84.082	-3.125
82.052	-5.1015
79.972	-8.456
77.932	-10.387
75.852	-12.363
73.572	-14.983
71.472	-16.543
69.402	-18.503
67.192	-20.623
65.162	-21.773
63.122	-22.993
61.072	-24.623
58.972	-26.163
56.902	-27.133
54.702	-29.593
52.612	-30.963
50.512	-32.553
48.272	-34.713
46.132	-36.473
44.072	-38.763
41.822	-41.423
39.962	-41.993
37.602	-46.553
35.462	-49.253
33.292	-49.913
31.242	-51.723
29.202	-53.783
27.152	-56.023
25.072	-58.843
23.012	-62.103
20.942	-65.863
19.002	-66.733
16.902	-70.193
14.832	-73.363
12.882	-76.243
10.672	-79.633
8.752	-81.733
6.725	-84.413
4.515	-88.763
2.462	-90.783
0.386	-94.043
-1.667	-97.773
-3.867	-100.363
-5.934	-103.883
-8.225	-108.533
-10.225	-110.633
-12.328	-113.933
-14.338	-117.333
-16.558	-121.633
-18.488	-123.633
-20.538	-127.333
-22.548	-131.433
-24.658	-134.633
-26.858	-138.733
-28.928	-142.133
-30.938	-145.533
-32.928	-148.033
-35.058	-153.633
-37.158	-157.133
-39.158	-160.633
-41.258	-164.333
-43.358	-167.433
-45.568	-172.633
-47.548	-174.033
-49.768	-179.933
-51.848	-184.033
-53.848	-187.533
-55.838	-189.733
-57.878	-193.233
-59.918	-195.933
-61.928	-200.133
-64.028	-204.633
-66.178	-209.133
-68.208	-211.133
-70.238	-215.633
-72.228	-218.333
-74.248	-222.733
-76.268	-225.233
-78.358	-228.333
-80.588	-232.633
-82.558	-234.833
-84.578	-238.333
-86.668	-241.433
-88.708	-244.333
-90.788	-248.033
-92.828	-249.933
-94.918	-254.433
-96.908	-255.533
-98.938	-259.333
-101.018	-263.133
-103.148	-266.333
-105.048	-266.333
-107.048	-271.833
-109.148	-273.033
-111.248	-276.533
-113.248	-278.733
-115.248	-280.533
-117.248	-282.733
-119.348	-280.533
-121.248	-281.733
-123.348	-288.433
-125.348	-291.433
-127.348	-292.533
-129.348	-296.033
-131.348	-294.933
-133.448	-296.233
-135.448	-296.533
-135.548	-296.833
-135.848	-296.733
-136.548	-294.333
-136.448	-274.433
-134.348	-254.233
-132.348	-243.633
-130.248	-225.533
-128.248	-205.933
-126.148	-187.133
-124.148	-169.633
-122.148	-153.733
-120.148	-139.033
-118.148	-124.033
-116.048	-110.233
-114.048	-98.063
-111.948	-86.373
-109.748	-75.973
-107.748	-67.073
-105.648	-58.273
-103.748	-50.373
-101.608	-42.603
-99.608	-36.783
-97.638	-31.753
-95.608	-26.703
-93.518	-22.783
-91.418	-18.953
-89.278	-15.163
-87.278	-12.394
-85.208	-9.529
-83.138	-6.036
-81.138	-3.784
-78.898	-0.919
-76.908	1.179
-74.948	3.309
-72.868	5.127
-70.698	7.307
-68.628	8.887
-66.558	10.567
-64.518	12.207
-62.488	13.617
-60.428	15.167
-58.438	16.727
-56.228	18.827
-54.258	19.867
-52.078	21.587
-50.028	22.977
-47.978	24.617
-45.878	26.317
-43.808	27.727
-41.838	29.307
-39.748	30.917
-37.558	32.687
-35.528	34.287
-33.468	35.927
-31.348	37.457
-29.388	39.297
-27.238	40.907
-24.968	43.627
-22.798	45.437
-20.848	46.037
-18.738	49.267
-16.838	50.107
-14.648	52.457
-12.538	53.907
-10.535	55.397
-8.296	58.457
-6.358	59.987
-4.234	62.657
-2.1909	64.797
-0.143	66.827
1.886	69.157
4	71.437
6.058	74.647
8.092	76.737
10.112	78.747
12.162	80.827
14.242	83.737
16.422	86.817
18.602	89.477
20.632	90.827
22.732	94.327
24.842	95.967
26.892	99.267
28.852	100.367
30.862	103.167
32.922	105.867
35.012	110.167
37.072	110.067
39.092	113.267
41.152	115.767
43.232	118.767
45.382	122.867
47.462	124.067
49.552	127.467
51.542	129.967
53.582	132.967
55.742	136.667
57.812	139.067
59.912	141.367
61.962	144.267
63.972	146.367
66.212	151.667
68.232	154.367
70.412	157.167
72.512	158.767
74.692	161.467
76.732	163.167
78.772	166.467
80.912	168.767
83.072	170.467
85.032	172.567
87.212	177.767
89.242	178.267
91.252	181.267
93.322	183.067
95.352	185.967
97.372	186.467
99.752	191.067
101.752	193.567
103.752	195.367
105.752	195.867
107.952	200.067
109.752	200.667
111.752	202.667
113.952	204.667
115.952	207.167
118.052	209.067
120.152	210.567
122.152	212.467
124.152	213.467
126.252	214.267
128.352	216.967
130.352	216.867
132.252	218.267
133.352	217.567
135.452	219.167
136.552	217.767
136.252	196.767
134.452	176.967
132.452	160.867
130.352	145.367
128.252	131.567
126.252	118.467
124.152	106.667
122.152	95.967
120.152	86.017
118.152	76.507
116.052	67.727
113.952	58.857
111.852	51.607
109.852	45.177
107.752	38.607
105.652	32.767
103.552	27.357
101.552	22.737
98.552	16.657
96.442	12.947
94.422	9.777
92.372	7.277
90.342	4.871
88.232	3.064
86.132	1.118
83.982	-1.103
81.962	-2.375
79.832	-5.653
77.882	-5.959
75.852	-7.124
73.662	-9.651
71.512	-11.306
69.432	-12.792
67.412	-14.446
65.252	-16.043
63.192	-17.613
61.172	-18.703
59.132	-20.023
57.002	-21.203
55.022	-22.243
52.992	-23.713
50.922	-25.353
48.902	-26.653
46.882	-27.963
44.852	-29.263
42.782	-30.773
40.752	-31.853
38.662	-34.513
36.532	-35.683
34.502	-36.923
32.482	-38.773
30.432	-40.213
28.432	-42.163
26.392	-44.163
24.292	-46.253
22.192	-48.353
20.132	-50.933
18.112	-52.213
16.052	-54.863
13.902	-57.643
11.912	-59.223
9.812	-62.103
7.787	-64.453
5.715	-66.873
3.662	-69.043
1.51	-72.183
-0.595	-74.203
-2.61	-76.873
-4.858	-80.413
-7.034	-83.413
-9.106	-86.983
-11.14	-88.623
-13.388	-91.813
-15.338	-94.093
-17.398	-97.113
-19.508	-99.193
-21.578	-101.663
-23.798	-104.253
-25.908	-107.333
-27.918	-109.733
-29.968	-113.133
-31.998	-115.533
-34.108	-119.733
-36.178	-122.433
-38.268	-125.633
-40.288	-128.333
-42.478	-131.833
-44.588	-135.833
-46.698	-139.133
-48.778	-141.633
-50.778	-144.633
-53.008	-150.233
-55.008	-151.633
-56.978	-153.733
-59.088	-157.733
-61.068	-160.533
-63.158	-165.933
-65.188	-169.033
-67.228	-172.333
-69.278	-176.033
-71.418	-180.933
-73.378	-183.733
-75.398	-187.033
-77.478	-191.433
-79.688	-196.333
-81.698	-197.833
-83.848	-203.733
-85.798	-206.933
-87.868	-209.233
-89.848	-209.233
-91.898	-213.233
-93.918	-218.333
-95.988	-220.733
-98.048	-224.533
-100.058	-227.433
-102.048	-230.233
-104.148	-232.033
-106.148	-234.433
-108.248	-240.133
-110.248	-242.533
-112.248	-244.233
-114.348	-246.933
-116.348	-249.933
-118.348	-250.733
-120.348	-255.633
-122.448	-256.833
-124.448	-259.033
-126.448	-261.733
-128.448	-263.133
-130.548	-265.333
-132.548	-263.833
-134.148	-265.133
-136.148	-264.633
-136.648	-262.933
-136.748	-261.733
-136.348	-240.733
-134.848	-220.833
-132.848	-200.633
-130.748	-180.933
-128.748	-163.533
-126.648	-147.033
-124.548	-131.333
-122.548	-117.933
-120.448	-104.323
-118.348	-92.543
-116.348	-82.663
-114.248	-73.383
-112.248	-64.553
-110.248	-57.003
-108.148	-49.653
-105.948	-42.973
-103.848	-37.423
-101.838	-32.643
-99.708	-28.543
-97.738	-25.413
-95.698	-21.973
-93.538	-19.303
-91.438	-16.743
-89.428	-14.232
-87.288	-11.903
-85.318	-10.019
-83.188	-7.599
-81.098	-5.8522
-79.098	-3.9832
-76.958	-1.961
-74.968	-0.261
-72.828	1.869
-70.678	3.462
-68.688	4.596
-66.528	6.037
-64.408	7.657
-62.358	9.497
-60.298	9.957
-58.268	11.027
-56.248	12.777
-54.288	13.697
-52.178	15.027
-49.998	16.557
-47.888	19.427
-45.618	20.467
-43.448	21.137
-41.218	22.737
-39.178	23.897
-36.888	25.457
-34.838	26.997
-32.818	27.847
-30.628	30.977
-28.598	31.127
-26.478	32.327
-24.418	34.287
-22.108	36.507
-20.048	36.847
-17.888	37.897
-15.768	39.397
-13.448	41.457
-11.463	41.887
-9.487	42.867
-7.401	44.397
-5.377	45.917
-3.286	47.717
-1.1527	49.437
0.948	50.697
3.134	52.917
5.191	54.217
7.229	54.537
9.262	58.427
11.472	59.167
13.522	61.107
15.722	63.177
17.762	63.697
19.772	65.337
21.842	67.927
23.952	69.417
26.032	71.737
28.112	73.017
30.442	76.127
32.382	77.407
34.362	80.057
36.362	81.817
38.442	83.737
40.462	85.487
42.482	87.257
44.582	90.247
46.662	92.387
48.802	94.767
50.812	96.667
52.882	99.367
54.942	101.767
56.972	103.067
59.112	105.767
61.202	108.267
63.222	111.567
65.252	113.667
67.342	117.167
69.352	118.667
71.412	121.267
73.612	124.267
75.712	126.467
77.872	127.967
80.042	130.767
81.922	132.467
83.982	134.867
86.222	138.767
88.412	140.867
90.392	142.567
92.402	145.467
94.432	148.267
96.482	150.167
98.552	152.167
100.552	154.067
102.552	157.367
104.552	157.567
106.652	159.167
108.752	162.667
110.752	164.767
112.752	164.867
114.852	166.167
116.852	168.667
118.852	170.167
120.952	171.967
122.952	172.167
125.052	173.867
127.052	175.567
129.152	175.667
131.152	175.767
133.252	175.867
135.252	176.767
136.552	171.967
135.852	151.067
133.852	134.467
131.752	118.967
129.752	105.967
127.552	92.917
125.252	82.527
123.352	73.577
121.252	64.787
119.252	56.667
117.152	49.067
114.952	42.357
112.852	37.427
110.752	31.707
108.752	27.157
106.652	22.677
104.652	20.117
102.552	16.927
100.452	14.037
98.352	12.297
96.202	10.137
94.022	8.627
92.042	7.447
89.892	5.687
87.942	4.841
85.932	3.677
83.772	1.409
81.752	1.026
79.492	-0.644
77.352	-2.145
75.172	-3.248
73.182	-4.933
71.152	-6.22
69.022	-6.511
66.692	-7.798
64.542	-9.054
62.522	-11.199
60.372	-11.873
58.352	-12.807
56.212	-14.492
54.092	-16.073
52.062	-17.403
49.882	-18.143
47.862	-18.993
45.602	-20.533
43.412	-21.513
41.402	-23.273
39.242	-23.713
37.212	-25.153
35.152	-26.133
33.152	-27.653
31.182	-28.173
29.212	-29.293
27.092	-31.863
24.812	-33.123
22.852	-34.393
20.802	-36.443
18.712	-37.763
16.612	-40.073
14.532	-41.453
12.402	-42.063
10.392	-43.373
8.332	-45.143
6.234	-47.673
4.177	-49.263
2.148	-50.893
0.167	-52.973
-1.8813	-54.833
-3.886	-56.963
-5.982	-58.723
-8.054	-60.033
-10.273	-62.763
-12.158	-64.803
-14.278	-66.183
-16.418	-69.103
-18.418	-70.963
-20.418	-72.633
-22.608	-76.123
-24.608	-78.023
-26.678	-79.353
-28.688	-81.933
-30.638	-83.733
-32.778	-87.393
-34.938	-89.333
-37.178	-92.343
-39.208	-94.263
-41.358	-97.553
-43.438	-98.983
-45.508	-102.703
-47.598	-104.833
-49.868	-106.933
-51.928	-109.633
-53.988	-113.233
-55.998	-114.533
-57.958	-117.333
-59.998	-120.133
-62.008	-122.933
-64.048	-125.833
-66.158	-128.633
-68.238	-130.333
-70.608	-135.333
-72.708	-138.633
-74.798	-141.433
-76.978	-145.133
-78.958	-147.233
-81.058	-152.433
-83.098	-154.333
-85.358	-159.433
-87.588	-162.133
-89.558	-164.633
-91.538	-167.433
-93.628	-169.033
-95.618	-172.433
-97.698	-175.633
-99.828	-179.133
-101.898	-183.833
-104.048	-187.433
-106.248	-190.033
-108.248	-192.833
-110.448	-196.133
-112.548	-198.733
-114.648	-202.133
-116.648	-204.233
-118.648	-206.133
-120.748	-209.133
-122.748	-213.233
-124.848	-215.033
-127.048	-218.633
-129.148	-220.033
-131.148	-220.733
-133.248	-222.833
-135.248	-224.233
-136.548	-221.033
-136.748	-218.533
-136.248	-197.333
-134.548	-176.833
-132.348	-156.533
-130.348	-139.733
-128.248	-123.433
-126.048	-108.633
-124.048	-96.603
-121.848	-85.993
-119.748	-76.103
-117.648	-67.723
-115.648	-59.823
-113.448	-52.393
-111.348	-46.053
-109.148	-40.103
-107.048	-35.023
-105.048	-31.453
-102.948	-28.713
-100.868	-26.883
-98.588	-22.903
-96.598	-21.633
-94.538	-19.323
-92.388	-17.483
-90.338	-16.193
-88.258	-14.217
-85.998	-12.424
-83.858	-11.076
-81.688	-9.973
-79.688	-8.411
-77.658	-6.281
-75.528	-4.6726
-73.478	-3.661
-71.388	-1.471
-70.998	-1.655
-69.628	-0.506
-68.248	0.092
-66.118	1.501
-64.078	2.727
-61.898	5.577
-59.828	5.317
-57.808	7.127
-55.728	8.747
-53.698	9.697
-51.468	11.457
-49.468	12.777
-47.448	13.987
-45.148	15.717
-43.048	16.377
-40.868	18.357
-38.848	18.827
-36.748	20.877
-34.598	23.067
-32.378	24.247
-30.508	25.167
-28.448	26.567
-26.348	27.437
-24.208	28.177
-21.948	31.157
-19.928	31.007
-17.788	33.897
-15.478	35.407
-13.318	33.767
-11.178	35.127
-9.068	35.997
-6.953	36.737
-4.891	38.407
-2.9195	39.077
-0.915	39.907
0.0569999	39.417
0.0709999	39.237
