"Sritharan 1996, Specimen No. IC3"	
3344	
0.886	30.2
1.344	34.51
2.339	46.9
2.779	54.24
3.184	65.74
3.444	74.99
3.676	80.19
3.782	67.6
3.801	65.73
3.816	83.96
3.92	69.02
3.919	85.51
3.921	68.44
3.781	61.69
3.369	56.59
3.137	51.49
2.913	46.47
2.786	43.73
2.223	35.43
1.643	29.95
1.25	24.34
1.024	18.46
0.583	13.21
0.234	7.994
0.14	2.643
-0.048	-2.741
-0.212	-7.96
-0.441	-12.98
-0.32	-7.83
-0.202	-2.791
-0.083	2.106
-0.036	5.508
-0.022	5.355
0	6.796
0.026	7.163
0.032	7.225
0.068	6.99
0.079	7
0.093	6.959
0.1	6.508
0.107	6.401
0.117	6.343
0.12	6.345
0.122	5.899
0.137	5.504
0.138	5.564
0.135	5.498
0.141	5.593
0.14	5.409
0.143	5.388
0.146	5.479
0.143	5.466
0.137	5.384
0.139	5.5
0.141	5.531
0.144	5.485
0.146	5.471
0.142	5.39
0.14	5.535
0.143	5.652
0.137	5.619
0.14	5.934
0.144	6.109
0.146	6.085
0.147	6.339
0.144	6.351
0.137	6.039
0.138	6.165
0.139	6.256
0.14	6.339
0.141	6.409
0.143	6.399
0.138	6.44
0.124	6.899
0.109	1.88
0.11	-3.144
0.107	4.268
0.153	9.733
0.24	14.54
0.362	19.77
0.466	25.63
0.58	30.95
0.705	36.74
0.837	43.36
0.985	48.75
1.096	53.81
1.225	59.13
1.372	64.36
1.539	69.67
1.713	74.42
1.858	77.57
1.915	80.27
1.806	75.22
1.722	71.36
1.58	66.31
1.489	61.27
1.258	53.39
1.112	47.88
1.059	43.87
0.868	37.16
0.754	30.92
0.611	23.48
0.472	16.32
0.293	11.29
0.237	5.954
0.128	0.15
0.003	-5.66
-0.127	-11.34
-0.294	-16.91
-0.424	-22.17
-0.546	-27.27
-0.659	-32.63
-0.561	-27.45
-0.489	-22.42
-0.427	-16.74
-0.514	-22.47
-0.584	-27.01
-0.708	-33.38
-0.804	-38.57
-0.883	-43.72
-0.971	-49.02
-1.149	-54.32
-1.267	-59.48
-1.408	-64.66
-1.489	-66.89
-1.877	-60.97
-1.787	-57.06
-1.717	-50
-1.619	-44.99
-1.523	-38.14
-1.459	-34.15
-1.364	-28.5
-1.253	-23.79
-1.194	-18.47
-1.003	-13.23
-0.961	-7.38
-0.733	-1.534
-0.721	-3.34
-0.636	2.193
-0.658	-3.072
-0.786	2.389
-0.747	6.353
-0.601	14.22
-0.475	19.5
-0.276	24.73
-0.178	29.72
-0.074	34.76
0.041	40.01
0.207	45.25
0.303	50.27
0.456	55.48
0.632	60.52
0.777	66
0.966	70.83
1.164	76.39
1.323	80.95
1.511	84.35
1.593	91.1
1.781	96.41
2.122	101.5
2.338	106.7
2.588	112.1
2.77	117.2
3.035	122.3
3.299	127.6
3.452	131.3
3.592	133.7
3.596	128.1
3.408	122.9
3.242	117.9
3.05	112.7
2.809	107.2
2.561	100.5
2.375	95.53
2.123	89.99
1.928	84.59
1.765	79.2
1.565	72.96
1.296	67.36
1.124	62.35
1.015	56.72
0.776	51.18
0.638	45.11
0.482	39.96
0.29	34.02
0.183	28.79
-0.01	21.77
-0.164	16.6
-0.343	10.19
-0.492	4.849
-0.534	-0.257
-0.636	-6.108
-0.779	-10.89
-0.916	-16.81
-1.037	-22.16
-1.194	-27.33
-1.284	-33.66
-1.461	-39.88
-1.324	-26.53
-1.348	-33.06
-1.467	-38.54
-1.545	-45.39
-1.667	-50.37
-1.809	-56.2
-1.91	-61.34
-2.015	-67.36
-2.148	-72.97
-2.289	-78.02
-2.326	-79.9
-2.441	-84.82
-2.65	-90.51
-2.778	-95.92
-2.936	-100.9
-3.191	-107.6
-3.439	-112.6
-3.588	-118.2
-3.834	-124.4
-4.132	-129.6
-4.233	-131.9
-4.27	-132.3
-4.315	-131.7
-4.315	-132.5
-4.339	-128.6
-4.222	-121.3
-4.137	-115.4
-4.05	-113.2
-3.908	-104.2
-3.849	-98.48
-3.531	-92.58
-3.431	-85.95
-3.182	-80.89
-3.15	-75.44
-2.892	-70.39
-2.765	-64.2
-2.623	-58.92
-2.433	-53.09
-2.323	-48.4
-2.174	-43.04
-2.053	-37.44
-1.901	-32.32
-1.751	-26.12
-1.622	-21.61
-1.495	-16.31
-1.33	-10.54
-1.219	-5.905
-1.005	0.194
-0.844	6.161
-0.684	11.46
-0.522	16.59
-0.413	21.8
-0.266	27.17
-0.131	32.88
0.029	38.85
0.213	43.27
0.346	48.37
0.505	53.64
0.656	58.54
0.827	63.67
1.053	68.95
1.214	73.9
1.396	78.93
1.653	84.74
1.84	89.66
2.027	94.7
2.28	100
2.436	106.4
2.735	111.6
3.054	117.8
3.267	122.6
3.407	128
3.758	133
3.996	138.5
4.238	143.3
4.498	148.5
4.723	153.7
4.982	158.7
5.266	163.8
5.522	168.8
5.801	174
6.06	179.1
6.306	184.3
6.593	189.4
6.887	194.5
7.139	199.6
7.246	201.1
7.266	201.2
7.316	194.4
7.06	189
6.929	183.9
6.721	178.7
6.559	173.5
6.348	168.4
6.003	163.1
5.72	157.3
5.516	152.3
5.29	147.2
5.043	142.1
4.791	136.8
4.504	130.3
4.294	125.4
4.081	120.5
3.823	114.8
3.592	108.6
3.268	101.4
3.03	97.73
2.813	92
2.552	86.1
2.313	80.03
2.124	74.68
1.972	70.03
1.803	64.59
1.559	59
1.289	53.09
1.174	48.64
1.026	42.81
0.866	37.72
0.755	32.69
0.511	25.7
0.413	21.27
0.225	15.23
0.002	9.187
-0.126	4.445
-0.319	-0.85
-0.506	-6.5
-0.64	-12.43
-0.771	-17.91
-0.894	-23.9
-1.157	-29.75
-1.249	-35.96
-1.508	-41.95
-1.607	-47.87
-1.771	-52.93
-1.946	-58.41
-2.146	-64.39
-2.269	-70.87
-2.503	-76.21
-2.553	-81.22
-2.773	-86.86
-2.945	-91.99
-3.082	-97.08
-3.246	-104.3
-3.35	-108.1
-3.532	-114.7
-3.738	-120.7
-3.894	-125
-4.059	-131.9
-4.219	-136.4
-4.524	-142.9
-4.624	-148
-4.889	-153
-5.101	-158.4
-5.361	-163.6
-5.557	-169.7
-5.786	-174.7
-6.046	-180.1
-6.305	-185.5
-6.555	-190.9
-6.824	-196
-7.028	-198.7
-7.324	-193.5
-7.207	-187.4
-7.089	-182.4
-6.974	-178
-6.812	-172
-6.677	-165.7
-6.565	-159.9
-6.417	-154.7
-6.156	-148
-6.077	-142.3
-5.635	-136.6
-5.471	-130.7
-5.283	-126
-5.144	-120.9
-4.939	-115.8
-4.763	-110.6
-4.623	-105.5
-4.443	-99.88
-4.245	-94.65
-4.083	-89.42
-3.91	-84.28
-3.763	-79.04
-3.551	-73.65
-3.42	-68.48
-3.213	-63.18
-3.049	-57.88
-2.912	-52.86
-2.716	-46.43
-2.545	-41.81
-2.403	-36.53
-2.231	-30.9
-2.054	-24.94
-1.885	-19.42
-1.64	-13.76
-1.54	-8.42
-1.384	-3.57
-1.161	2.877
-0.997	8.577
-0.836	14.57
-0.683	19.03
-0.521	24.42
-0.378	29.57
-0.172	35.86
0.005	40.66
0.191	46.07
0.372	51.49
0.518	56.79
0.778	62.27
1.005	68.22
1.249	73.85
1.465	79.05
1.715	84.45
1.924	89.45
2.168	95.09
2.386	100.5
2.562	105.5
2.788	110.6
3.069	116.5
3.315	120.8
3.551	126.2
3.829	131.5
4.119	137.5
4.344	142
4.582	147.2
4.87	152.4
5.119	157.7
5.38	163
5.666	168.3
5.97	173.9
6.186	178.7
6.439	184.3
6.668	189.3
6.962	194.5
7.246	200.4
7.466	204.9
7.686	210
7.936	215.5
8.146	220.1
8.406	225.2
8.666	231
8.916	235.6
9.176	241.2
9.446	245.8
9.716	251
9.746	251.2
9.806	252
10.08	246.2
9.826	241.5
9.666	235.9
9.386	227.9
9.296	225.3
8.986	219.9
8.646	213.4
8.416	207.9
8.326	203
8.046	197.7
7.826	192.1
7.586	188.4
7.246	181.7
7.084	176.1
6.76	170.9
6.465	164.7
6.258	158.8
5.905	153.1
5.679	147.9
5.42	142.5
5.119	136
4.875	131
4.601	125.7
4.345	120.4
4.09	115.2
3.848	110.1
3.583	104.4
3.345	98.73
3.104	93.64
2.854	87.82
2.637	82.06
2.401	76.68
2.216	71.34
1.97	65.12
1.765	59.96
1.578	55.15
1.374	50.13
1.194	43.92
0.986	38.77
0.772	32.98
0.557	26.86
0.446	21.59
0.252	16.17
0.138	10.71
-0.049	5.006
-0.23	-0.873
-0.553	-7.29
-0.761	-13.8
-0.959	-20.84
-1.143	-26.19
-1.313	-31.55
-1.499	-36.61
-1.651	-42.21
-1.896	-48.39
-2.071	-53.07
-2.258	-58.62
-2.427	-63.96
-2.663	-69.76
-2.816	-74.52
-3.032	-80.24
-3.197	-85.59
-3.429	-91.1
-3.634	-96.98
-3.8	-103.5
-3.96	-108.6
-4.218	-113.7
-4.342	-118.7
-4.609	-125.3
-4.763	-129.1
-4.872	-134.3
-5.14	-139.7
-5.271	-144.8
-5.515	-150.1
-5.669	-156.7
-5.871	-162.6
-6.142	-167.9
-6.276	-173.1
-6.524	-178.4
-6.642	-184.1
-6.918	-189.5
-7.128	-194.7
-7.36	-200.9
-7.539	-205.2
-7.764	-210.3
-7.932	-216.8
-8.28	-222.3
-8.506	-226.1
-8.835	-234.6
-9.091	-239.2
-9.447	-245
-9.722	-250.1
-9.743	-249.8
-9.748	-250.4
-10.26	-247.4
-10.17	-242.1
-10.08	-235.7
-9.864	-228.8
-9.751	-223.6
-9.545	-216.7
-9.123	-211.5
-8.945	-205.5
-8.69	-198.6
-8.551	-193.6
-8.36	-188.4
-8.15	-182.6
-7.947	-177.1
-7.749	-171.3
-7.553	-166.2
-7.316	-160.6
-7.121	-155
-6.922	-149.2
-6.647	-141.8
-6.43	-136.6
-6.27	-132.1
-6.059	-126.3
-5.856	-120.5
-5.627	-115.5
-5.494	-110.3
-5.243	-104.1
-5.059	-99.18
-4.853	-93.36
-4.629	-88.14
-4.425	-82.61
-4.259	-77.58
-3.975	-71.78
-3.798	-65.9
-3.572	-60.82
-3.421	-55.13
-3.17	-49.63
-3.028	-44.59
-2.825	-39.42
-2.641	-33.38
-2.411	-28.34
-2.236	-23.3
-2.036	-18.04
-1.888	-12.71
-1.706	-7.89
-1.439	-2.902
-1.346	0.233
-1.345	5.433
-1.348	-0.05
-1.178	4.958
-0.396	30.18
0.527	55.23
1.618	80.53
2.802	106.1
4.116	131.6
5.479	157.8
6.679	182.7
7.926	207.9
9.176	233.7
10.32	258.3
11.55	283.7
12.65	303.8
14.29	328.9
14.92	333.2
14.95	333.1
15.03	330.2
14.34	305
13.32	279.4
12.16	252.7
11.03	228.3
9.756	201.7
8.426	174.3
7.206	149.1
5.715	121.3
4.485	96.77
3.291	70.91
2.054	43.22
1.137	20.15
0.052	-5.839
-1.037	-34.11
-2.016	-57.92
-3.123	-84.14
-4.181	-110
-5.27	-136
-6.325	-161.8
-7.336	-187.1
-8.398	-212.9
-9.462	-238.8
-10.68	-264.9
-12.1	-290
-14.56	-305.1
-15.1	-312.1
-15.06	-286.5
-13.14	-260.8
-11.75	-235.5
-10.51	-208.2
-9.489	-182.8
-8.36	-155.8
-7.208	-130.6
-6.228	-105.2
-5.1	-78.79
-4.005	-52.66
-2.916	-25.6
-1.97	0.58
-0.586	27.37
0.201	52.46
1.36	79.01
2.663	101.7
3.934	129.5
5.465	156.2
6.838	182.7
8.326	209.4
9.636	234.9
10.89	261.2
12.36	287.3
13.61	313
14.92	333.4
14.35	307.8
13.27	281
12.16	256.5
10.94	230.2
9.746	205.7
8.436	180
7.146	153.4
5.79	127.6
4.428	101.7
3.192	76.64
2.025	50.6
0.95	23.75
0.114	-0.451
-1.117	-26.55
-2.271	-53.8
-3.301	-77.7
-4.446	-103.7
-5.571	-129.3
-6.684	-154.9
-7.856	-181.8
-8.961	-206
-10.13	-232.2
-11.25	-257.1
-12.41	-282.2
-14.8	-298.3
-13.83	-274.3
-11.91	-243.1
-11.01	-219.9
-9.675	-192.1
-8.713	-168.4
-7.628	-142.6
-6.577	-116.5
-5.396	-91.39
-4.344	-65.38
-3.216	-41.43
-2.292	-12.55
-1.165	12.94
0.031	43.04
0.967	66.48
2.189	91.76
3.464	116.8
4.89	142
6.287	164.9
7.606	191.4
8.966	218.6
10.5	241.9
11.8	270.2
12.97	296.8
14.44	321.9
14.88	327.8
14.89	317.7
14.3	291.5
13.19	265.2
11.99	239.6
10.81	214.4
9.396	186.7
8.126	162.4
6.784	137.1
5.481	112
4.079	85.04
2.845	60.42
1.696	34.06
0.725	9.978
-0.466	-15.91
-1.487	-41.96
-2.632	-67.86
-3.765	-93.8
-4.905	-119.1
-6.078	-145.7
-7.186	-170.4
-8.36	-196.7
-9.397	-220.7
-10.59	-246.2
-11.76	-271.4
-13.16	-297.4
-14.57	-293.6
-14.68	-295.4
-13.57	-269
-11.85	-238.2
-10.77	-214.8
-9.747	-189.7
-8.562	-163
-7.33	-134.2
-6.193	-109.4
-4.93	-84.26
-3.934	-58.66
-2.914	-30.89
-1.839	-5.056
-1.205	-4.773
-1.196	-4.085
-1.187	-8.27
-0.223	16.72
-0.972	-8.15
-1.113	-12.3
-0.599	13.83
0.303	41.41
1.4	68.33
2.749	94.22
4.06	120.9
5.518	146.3
6.787	172.7
8.356	198.1
9.766	224.9
11.19	250.9
12.26	276.3
13.72	300.5
15.02	326.7
16.61	352.7
19.08	371.2
21.07	381.2
22.27	385.1
22.48	359.5
21.38	330.2
20.34	306.9
19.13	280.6
17.84	254.5
16.42	226.3
15.08	201.3
13.64	175.7
12.14	149.5
10.61	123.6
9.046	97.18
7.656	72.74
6.225	46.42
4.728	18.86
3.249	-4.407
1.803	-29.9
0.083	-55.8
-1.702	-81.34
-3.314	-106.7
-4.837	-133
-6.167	-158.4
-7.476	-185.2
-8.626	-209.1
-9.887	-235.2
-11.1	-259.7
-12.34	-284.9
-14.87	-309.2
-16.66	-334.2
-19.11	-355.9
-21.62	-368.9
-22.28	-372.4
-22.3	-370.9
-21.71	-345.5
-21.12	-317.3
-20.19	-293.7
-18.99	-267.3
-16.44	-241.8
-15.12	-216.5
-13.8	-189.4
-12.52	-164.3
-11.23	-138.8
-9.933	-112.5
-8.476	-87.23
-7.176	-59.7
-5.127	-21.2
-3.785	2.141
-2.078	27.85
-0.19	54.33
1.575	80.58
3.352	106.2
5.172	131.9
6.817	157.1
8.636	183.7
10.34	210.6
12.08	235.2
13.87	260.6
15.47	287.1
17.53	312.7
19.34	338.1
21.48	363.6
22.3	370.9
22.35	371.3
21.66	346.2
20.68	320.5
19.43	294.3
18.17	268.1
16.92	244.1
15.58	218.2
14.17	192.9
12.73	167.6
11.19	141.1
9.686	116.1
8.126	89.25
6.742	65.32
5.161	39.29
3.473	10.97
1.732	-13.53
-0.142	-39.91
-2.022	-64.5
-3.884	-90.15
-5.582	-115.7
-7.074	-140.8
-8.486	-166.5
-9.877	-191.7
-11.31	-217.2
-12.88	-243
-14.36	-268.4
-16.46	-293.5
-18.95	-315.2
-20.79	-340.5
-21.75	-355
-22.04	-357.8
-22.11	-358.5
-21.51	-332.4
-20.54	-306.3
-19.4	-280.7
-17.95	-253.3
-15.39	-228.6
-14.17	-203
-12.83	-177.5
-11.46	-152.3
-10.05	-124.9
-8.606	-100.1
-7.387	-73.82
-5.84	-48.61
-4.61	-21.51
-2.795	5.066
-1.037	31.3
0.526	57
2.332	82.94
4.041	108.4
5.99	134.5
7.676	160.6
9.336	185.9
11.07	213.1
12.75	239.8
14.65	265.4
16.47	291.7
18.24	317.1
19.85	342.3
21.78	367.3
22.49	364.1
21.82	339.1
20.72	311.9
19.54	286.7
18.2	260.3
16.88	235.2
15.48	209.4
14	184.3
12.47	157.9
11.02	133.7
9.456	108.2
7.896	82.77
6.423	57.42
4.887	31.06
3.439	7.077
1.559	-18.13
-0.383	-44.16
-2.281	-68.48
-4.159	-93.59
-5.819	-118.7
-7.326	-143.8
-8.703	-168.8
-10.15	-194.5
-11.62	-220.4
-13.03	-244.6
-14.54	-269.9
-16.75	-295
-19.22	-318.2
-20.78	-339.5
-20.78	-339.9
-22.07	-355.4
-21.98	-329.5
-20.94	-302.8
-19.79	-277
-18.11	-251.8
-15.81	-226.4
-14.46	-199.7
-13.08	-173.4
-11.72	-146.9
-10.34	-119.8
-8.999	-94.72
-7.541	-67.72
-6.267	-44.32
-4.782	-18.45
-2.87	6.192
-2.511	6.76
-2.49	5.758
-0.838	30.7
0.917	52.95
2.195	77.7
3.566	103.3
5.396	130.7
7.028	156.1
8.846	181.4
10.53	207.3
12.18	232.5
14.02	259.5
15.71	282.7
17.53	307.9
19.32	334.3
21.46	362.5
23.84	388
26.34	405.3
28.8	406.4
29.55	409
29.73	401.3
29.65	375.9
28.64	350.5
27.42	324.5
26.14	299.5
24.72	273.5
23.44	248.4
21.99	222.2
20.54	196.7
18.93	169.6
17.29	144.4
15.67	119
13.97	93.82
12.28	67.83
10.6	42.33
8.896	16.91
6.76	-9.31
4.505	-34.9
2.02	-58.43
-0.47	-81.81
-2.961	-105.5
-5.445	-131.4
-7.363	-156.9
-9.168	-183.7
-10.75	-208.6
-12.37	-234.7
-13.98	-259.7
-15.67	-285.4
-18.19	-304.7
-20.15	-330
-22.17	-355
-24.67	-371.8
-27.18	-383.8
-29.41	-389.8
-29.68	-390.5
-29.72	-363.8
-28.83	-339.8
-27.74	-310.6
-26.48	-286.2
-25.16	-259.6
-22.62	-238.8
-21.14	-213.1
-19.12	-176.6
-17.76	-153.5
-16.38	-128.1
-14.92	-101.1
-13.5	-77.1
-12	-51.92
-10.34	-26.88
-8.432	-1.044
-6.015	24.24
-3.572	48.28
-1.079	72.34
1.384	94.6
3.869	116.3
6.374	140.1
8.756	165.3
10.96	190.7
13.26	217.7
15.32	242.9
17.66	268.9
19.64	293.9
21.73	319.2
24.23	344.8
26.73	367.2
29.12	382.5
29.8	385.1
29.15	359
27.95	332.1
26.74	307.7
25.36	280
24.03	255.6
22.56	228.9
21.2	205
19.74	179.8
18.18	154.4
16.45	128.1
14.67	101.5
13.01	77.59
11.24	52
9.326	25.73
7.226	-2.379
4.736	-25.17
2.062	-50.86
-0.391	-72.58
-2.848	-93.74
-5.408	-116.6
-7.79	-140.5
-10.06	-166
-12.12	-191.7
-13.87	-216.5
-15.75	-241.8
-17.72	-267.3
-20.22	-292.3
-22.74	-310.4
-25.14	-335.9
-27.4	-361.2
-29.87	-384.7
-30.11	-386.7
-29.75	-361
-28.7	-335.3
-27.59	-310.2
-26.41	-283.5
-24.7	-255.9
-22.12	-231.4
-20.63	-207.3
-19.05	-180.1
-17.74	-153.3
-16.19	-126.2
-14.85	-101.9
-13.25	-75.56
-11.6	-50.21
-9.873	-25.18
-7.47	0.446
-5.208	26.84
-2.649	51.52
-0.25	75.96
2.257	97.25
4.759	119.5
7.246	141.3
9.786	166.6
12.02	193.2
14.22	219
16.48	244.4
18.66	269.4
20.89	295.4
23.18	320.6
25.56	346
28	365.7
29.57	379.8
29.8	380.1
29.55	354
28.31	326.7
27.1	302.4
25.75	277.1
24.29	250.4
22.92	225.2
21.43	199.6
19.96	174.3
18.38	148.9
16.59	122
14.92	97.58
13.1	71.67
11.3	45.6
9.286	20.17
7.346	-4.872
4.812	-26.59
2.31	-50.23
-0.228	-72.71
-2.63	-91.9
-5.141	-114.4
-7.599	-137.5
-9.983	-163.2
-11.94	-187.8
-13.98	-213.2
-15.84	-238.4
-17.74	-263.4
-19.71	-288.5
-22.29	-302.7
-24.83	-327.8
-27.05	-352.9
-29.45	-378.1
-29.68	-376.1
-29.22	-348.7
-28.48	-323
-27.37	-296.7
-26.11	-270.7
-24.14	-243.9
-21.72	-217.8
-20.16	-190.2
-18.79	-166.2
-17.42	-140.5
-15.87	-114.5
-14.39	-87.67
-12.77	-61.98
-11.05	-36.29
-8.978	-9.3
-6.467	15.17
-4.075	41.16
-1.587	66.09
0.963	89.49
3.391	111.5
5.974	133.4
8.436	156.4
10.92	181.6
13.09	207.2
15.47	234
17.64	258.7
19.89	283.8
22.21	308.9
24.53	335.4
27.05	359.5
29.54	384.2
31.98	403.5
34.45	411.2
36.93	417.8
39.38	424.4
41.94	427.3
44.35	430.7
45.97	414.6
45.55	389.5
44.66	364.4
43.32	338.8
41.98	312.1
40.52	288.3
39.04	262.8
37.47	235.8
35.92	210.5
34.26	184.6
32.48	158.4
30.61	132.5
28.75	107
26.78	81.25
24.64	54.13
22.59	30.13
20.09	3.507
17.65	-17.84
15	-37.8
12.58	-54.57
9.916	-71.7
7.516	-86.1
4.984	-100.9
2.476	-115
-0.015	-129
-2.471	-143
-5.02	-157.8
-7.655	-174.5
-10.06	-190.5
-12.64	-210.8
-15.13	-233.5
-17.58	-258.4
-20.19	-282.7
-22.74	-296
-25.24	-317.9
-27.77	-340
-30.27	-358.1
-32.81	-374.4
-35.41	-389
-37.82	-401.7
-40.49	-412.1
-43.09	-416.4
-44.87	-417.6
-44.91	-412
-44.52	-387
-43.99	-361.4
-42.9	-336.2
-41.65	-311
-40.13	-282.5
-38.67	-256.1
-36.15	-235.3
-34.47	-210
-32.91	-184.9
-31.19	-158.3
-29.66	-132.2
-27.96	-106.6
-26.35	-81.4
-24.44	-55.56
-22.36	-29.5
-19.69	-2.795
-17.27	15.33
-14.71	32.4
-12.2	52.26
-9.65	69.26
-7.1	85.61
-4.711	98.26
-2.197	113.5
0.291	126.9
2.777	140.5
5.296	154.2
7.806	167.3
10.28	180.2
12.86	195.4
15.32	211.2
17.84	226.5
20.32	245.9
22.79	262.4
25.25	281.1
27.8	299.8
30.31	317.2
32.86	335.3
35.29	351.3
37.73	367.7
40.26	381.7
42.78	395.3
44.9	399.3
44.24	373.4
42.96	347.3
41.58	321.5
40.06	294.7
38.65	270.5
37.12	244.2
35.57	219.5
33.91	194
32.18	168.6
30.31	142.4
28.52	117.8
26.5	92.24
24.39	66.3
22.11	39.77
19.86	14.79
17.35	-4.589
14.82	-23.43
12.34	-40.63
9.866	-57.07
7.306	-73.21
4.676	-88.67
2.24	-102.2
-0.421	-117.4
-2.944	-130.4
-5.516	-144.5
-8.064	-159.1
-10.74	-173.3
-13.28	-187.1
-15.95	-203.7
-18.4	-221.9
-20.96	-241.8
-23.64	-263
-26.24	-283.9
-28.97	-297.8
-31.3	-314.4
-33.8	-333.2
-36.5	-351.5
-38.95	-368.3
-41.57	-385.4
-44.05	-397.1
-44.73	-399.8
-44.15	-371.4
-42.87	-341.7
-41.76	-318.6
-40.38	-292.6
-38.8	-265.2
-36.93	-241.3
-34.27	-214.6
-32.69	-187.6
-30.97	-160
-29.47	-135.6
-27.69	-109.5
-26.05	-84.77
-24.08	-59.73
-21.91	-33.89
-19.61	-8.35
-17.1	11.14
-14.59	28.33
-12.06	46.49
-9.594	62.74
-7.064	78.26
-4.574	95.87
-2.06	111.7
0.546	126.2
3.02	138.8
5.66	152.6
7.966	164.9
10.48	177.2
13.16	191.9
15.53	205.5
18.02	221
20.52	238.3
22.99	255.8
25.46	274.1
28.05	291.7
30.51	309.3
33.11	328.2
35.53	344.3
37.98	359
40.38	371.5
42.84	385.9
44.49	391.7
44.56	390.7
44.49	365.7
43.32	340.4
41.94	314.8
40.54	289.3
39.01	263.4
37.39	236.8
35.85	211.8
34.13	186.3
32.27	159.4
30.43	135
28.48	108.5
26.45	83.54
24.17	57.37
21.71	30.31
19.36	8.404
16.66	-11.16
14.25	-27.81
11.7	-44.88
9.066	-62.31
6.646	-77.37
4.07	-92.46
1.417	-107.4
-1.093	-121.4
-3.692	-135.1
-6.107	-147.5
-8.725	-160.7
-11.19	-174.2
-13.82	-188.5
-16.32	-203.9
-19	-222.8
-21.43	-240.9
-23.98	-261
-26.51	-281.5
-28.9	-293.5
-31.45	-307.8
-33.95	-324.9
-36.45	-341.9
-39.01	-360
-41.45	-377
-43.98	-389.9
-44.7	-390.6
-44.81	-364.7
-43.78	-339
-42.63	-313.4
-41.14	-286.3
-39.48	-258
-37.03	-234.2
-35.02	-207.1
-33.07	-176
-31.37	-148.1
-29.73	-122.6
-27.94	-95.42
-25.57	-65.05
-23.71	-41.25
-21.13	-16.55
-18.61	-2.935
-15.88	19.28
-13.35	39.55
-10.85	59.76
-8.216	78.02
-5.908	91.13
-3.427	106.5
-0.93	117.4
-0.29	120.5
2.129	137.1
4.7	150.4
7.206	163.3
9.756	175.9
12.36	188.8
15.01	202.9
17.49	216.2
20.08	232.2
22.6	249
25.16	266.7
27.72	285.2
30.25	302.6
32.87	320.6
35.44	337.5
38.02	349.2
40.55	363.2
43.1	383.1
45.57	395.3
48.08	402.2
50.63	412.2
53.14	418.3
55.65	416.5
58.16	423.7
59.71	422.8
59.81	410.2
59.51	382.9
58.11	355.7
56.78	331.4
55.27	305.4
53.61	277.7
51.98	251.7
50.32	226.1
48.47	197.8
46.75	173.3
44.74	147.7
42.6	121.4
40.41	95.61
38.15	69.85
35.64	43.52
33.18	19.24
30.63	-3.072
28.08	-18.77
25.46	-34.22
22.91	-47.92
20.33	-63.07
17.67	-76.86
15.15	-88.81
12.63	-101
10.12	-112.6
7.586	-124.5
4.77	-136.5
2.355	-146.1
-0.24	-156.4
-2.783	-167.2
-5.352	-177.1
-7.945	-188
-10.73	-198.8
-13.22	-209.2
-15.77	-221.2
-18.52	-234.9
-20.99	-248
-23.5	-262.8
-26.29	-279.7
-28.68	-290.5
-31.29	-301.8
-33.99	-316.9
-36.42	-331.4
-39.02	-347.3
-41.54	-361.6
-44.27	-377.3
-46.75	-390.4
-49.42	-402.3
-51.87	-412.2
-54.48	-419.8
-56.92	-424
-59.43	-430.6
-59.86	-427.9
-59.89	-426.6
-59.99	-400.9
-58.98	-373.2
-57.94	-349
-56.61	-322.9
-55.1	-295.6
-53.66	-271.5
-51.86	-244.5
-49.45	-228.1
-47.57	-200.9
-45.89	-175.7
-44.19	-150.3
-42.16	-123.2
-40.07	-98.88
-38	-74.25
-36.14	-46.24
-33.52	-18.74
-31.08	1.537
-28.53	15.02
-25.97	31
-23.42	45.26
-20.76	60.11
-18.26	72.91
-15.61	85.63
-13.21	98.04
-10.7	109.6
-7.964	122.2
-5.475	133.4
-2.871	143.7
-0.284	152.7
2.362	163.6
4.978	172.2
7.596	182.1
10.12	191.5
12.82	200.7
15.2	209.3
17.78	219.5
20.44	229.9
22.9	240.2
25.42	251.7
28.03	264.1
30.63	277.5
33.27	290.9
35.73	304.8
38.54	318.5
40.94	329.6
43.63	342.8
46.22	355.4
48.78	368.1
51.42	381.2
53.94	388.7
56.45	399.2
58.98	405.2
59.7	403.6
59.79	402.8
58.92	375.6
57.71	351.9
56.28	326.7
54.76	300.6
53.19	275.6
51.43	247.7
49.88	224.3
48.15	198.9
46.16	171.4
44.3	147.7
42.12	122.6
39.76	95.22
37.53	71.29
34.96	45.21
32.46	24.02
29.93	3.511
27.32	-12.65
24.8	-26.85
22.29	-40.77
19.74	-54.62
17.07	-67.84
14.56	-79.91
12.02	-92.11
9.516	-103.8
6.89	-115.9
4.432	-126.3
1.718	-137.2
-0.743	-146.9
-3.326	-156.5
-5.779	-166.2
-8.304	-175.4
-10.97	-186.6
-13.37	-195.4
-16.02	-205.2
-18.5	-215.8
-21.16	-227.3
-23.62	-237.9
-26.15	-250.9
-28.73	-264.4
-31.4	-278.9
-33.77	-288.5
-36.38	-298.2
-38.82	-309.3
-41.33	-321.6
-43.89	-334.5
-46.42	-349.7
-48.88	-364.1
-51.51	-378.2
-54	-390.5
-56.46	-403.1
-58.98	-413.7
-60.04	-416.9
-60.22	-418.1
-59.08	-391.7
-57.83	-364.2
-56.87	-337.1
-55.41	-309.2
-54.06	-285.4
-52.57	-259.9
-50	-248.3
-48.33	-220.1
-45.92	-194.9
-44.22	-158.5
-41.65	-133.1
-40.55	-108.1
-37.99	-85.9
-36.65	-59.28
-34.12	-42.84
-31.6	-20.82
-29.08	-2.64
-26.47	13.35
-23.92	26.98
-21.34	41.42
-18.62	56.17
-16.28	67.67
-13.74	81.85
-11.13	94.56
-8.515	106.2
-5.739	118.2
-3.335	127.8
-0.774	138.7
1.939	149.3
4.31	158
6.893	167.1
9.626	176.8
12.04	185.3
14.75	195.4
17.16	203.3
19.75	212.5
22.5	223.7
24.94	233.4
27.45	243.9
29.95	256.1
32.62	269.3
35.13	282.4
37.8	294.9
40.29	306.6
42.77	319
45.31	331.2
47.81	342.7
50.4	353.8
52.88	365.8
55.39	371.7
57.92	384
59.19	388.1
59.56	389.7
60.16	364.1
58.72	338.3
57.2	312.4
55.59	285.7
53.94	260.3
52.26	235.1
50.37	207.9
48.6	183.6
46.64	157.7
44.46	131.3
42.18	105.9
39.69	79.09
37.24	54.96
34.51	29.97
32.05	8.226
29.41	-5.312
26.98	-18.82
24.33	-32.59
21.9	-45.79
19.25	-60.08
16.82	-72.79
14.13	-85.81
11.63	-97.98
8.936	-110.3
6.485	-121.3
3.866	-132.5
1.333	-142.9
-1.205	-152.7
-3.797	-162.4
-6.611	-172.3
-9.065	-181.2
-11.85	-190.7
-14.23	-199.4
-16.81	-210.1
-19.32	-216.5
-21.93	-227.2
-24.67	-239.3
-27.15	-251.8
-29.76	-265.2
-32.36	-277.3
-34.89	-287.1
-37.52	-299
-40.25	-313.1
-42.73	-325.9
-45.29	-338.7
-47.83	-349.8
-50.34	-360.6
-52.86	-375.1
-55.37	-388.3
-57.89	-398.5
-58.98	-402.9
-59.21	-402.1
-59.45	-399.5
-59.55	-370.2
-58.45	-346.8
-57.31	-320.9
-55.82	-295.7
-54.16	-267.7
-52.64	-244.2
-50.11	-227
-48.14	-201.2
-46.55	-175.3
-44.69	-148.4
-42.82	-121.1
-40.88	-95.52
-38.67	-69.79
-36.18	-43.36
-33.76	-18.18
-30.96	0.723
-28.55	11.98
-25.9	20.11
-23.27	43.02
-20.58	57.04
-18	71.27
-15.5	84.58
-12.72	90.87
-10.19	106.4
-7.819	120.3
-5.207	131.9
-2.698	142.2
-0.551	143.8
0.521	117.7
0.635	110.5
-1.869	89.32
-4.339	70.67
-6.876	50.1
-9.326	34.21
-11.7	28.05
-9.187	40.78
-6.939	66.31
-4.769	91.43
-2.291	116.5
-0.518	137.5
1.995	160
4.662	173.4
7.276	183
9.826	191.9
12.36	201
14.9	209.6
17.52	218.6
19.95	227.8
22.53	237.6
25.06	247.3
27.57	257.2
30.21	268.7
32.69	280.3
35.34	293.3
37.74	304.6
40.43	318.1
42.87	328.9
45.39	340.7
47.94	352.7
50.48	364.3
53.19	376.7
55.58	386.9
58.24	397.5
60.65	407.1
63.36	415.7
65.79	421.4
68.35	426.3
70.87	429.8
73.39	434.5
75.92	438.8
78.43	443.2
81.04	445.5
83.5	446.9
86.02	449.5
88.53	453
89.56	446.9
89.67	441.2
89.77	413.2
88.26	386
86.76	361
85.08	333.9
83.38	309.3
81.58	282.6
79.84	258.2
77.93	231.7
76.05	207.1
73.88	180.3
71.81	156.4
69.42	130
67.24	106.2
64.7	80.86
61.99	56.39
59.53	35.97
56.98	14.24
54.39	-0.312
51.85	-13.48
49.27	-26.01
46.77	-36.79
44.23	-47.68
41.6	-58.35
39.1	-68.12
36.56	-78.35
33.89	-88.37
31.44	-97.28
28.92	-106
26.11	-115.8
23.73	-123.5
21.22	-131.7
18.31	-141.9
15.86	-149.3
13.21	-156.4
10.62	-163.7
7.816	-171.9
5.403	-178.4
2.901	-184.7
0.39	-191.5
-2.499	-198.7
-5.029	-206.1
-7.71	-211.9
-10.64	-220.2
-12.93	-226.7
-15.68	-234
-18.24	-241.4
-21.17	-249.3
-23.74	-257
-26.35	-264.9
-28.87	-272.9
-31.75	-280.9
-34.14	-287.8
-36.68	-296.6
-39.38	-306.7
-41.75	-315.5
-44.27	-325.1
-46.86	-335.5
-49.43	-345.8
-52.05	-356.3
-54.67	-366.9
-57.28	-376.8
-59.88	-386.2
-62.45	-395.2
-64.96	-403.4
-67.59	-411.9
-70.27	-420
-72.75	-427.5
-75.4	-434.6
-78.12	-441
-80.52	-446.3
-83.12	-450.5
-85.65	-454.3
-88.23	-457.6
-90.76	-460.3
-93.08	-459.5
-93.77	-434.4
-93	-409.2
-91.57	-381.2
-90.25	-357.7
-88.62	-330.9
-86.91	-304.7
-85.2	-278.8
-83.19	-252.8
-80.51	-234
-78.75	-209.9
-76.79	-184.5
-74.6	-156.4
-72.61	-131.8
-70.44	-106.7
-67.99	-79.84
-65.62	-56.32
-63.04	-33.23
-60.47	-13.89
-57.87	1.949
-55.18	18.8
-52.71	29.7
-50.1	40.83
-47.32	51.76
-44.88	61.15
-42.32	71.48
-39.56	81.27
-36.92	91.62
-34.29	100.8
-31.85	109.3
-29.23	118.2
-26.66	126.8
-24.02	135.5
-21.16	143.7
-18.83	149.9
-16.21	158.4
-13.52	165.5
-10.65	172.6
-8.306	178
-5.801	184.4
-3.016	190.9
-0.552	196.3
2.011	202.2
4.526	207.9
7.152	214.2
9.686	220.4
12.48	226.1
14.92	231.3
17.49	236.8
20.03	243
22.58	248.2
25.18	253.7
27.68	259.4
30.47	265.1
32.86	270.9
35.47	277.2
38.31	284.4
40.74	290.3
43.26	297.2
45.81	304
48.55	312.1
50.99	318.8
53.64	326.6
56.38	333.3
58.81	340.3
61.49	348.3
63.89	355
66.46	362.5
69	369.9
71.51	377.5
74.03	384.6
76.71	391.8
79.21	398.4
81.76	403.3
84.3	409.4
86.8	413.6
89.31	415
89.53	414.6
89.77	412.5
88.31	386
86.84	361.5
85.31	336.2
83.48	310.9
81.63	285.6
79.8	259.7
77.75	233
75.67	207.4
73.44	181.9
71	154.6
68.72	130.9
65.96	104
63.51	81.77
60.9	60.15
58.28	39.37
55.73	20.22
53.15	6.539
50.56	-7.15
47.78	-18.21
45.36	-27.52
42.74	-37.96
40.01	-49.06
37.57	-59.04
34.95	-69.4
32.25	-79.66
29.76	-89.1
27.23	-98.18
24.54	-107.4
22.12	-115.6
19.58	-123.8
16.74	-132.7
14.38	-139.6
11.78	-146.5
8.966	-154.7
6.572	-161.2
3.9	-167.9
1.224	-175.2
-1.578	-181.7
-3.871	-188
-6.427	-194.1
-8.945	-200.8
-11.84	-208.5
-14.26	-212.7
-16.81	-219.4
-19.54	-225.4
-22.3	-231.8
-24.76	-237.9
-27.33	-244.6
-29.87	-251.1
-32.64	-258.1
-35.11	-265.4
-37.79	-273.2
-40.29	-278.2
-42.85	-284.1
-45.72	-292.7
-48.11	-300.4
-50.87	-309.4
-53.44	-317.6
-56.23	-326.9
-58.64	-334.6
-61.16	-343.7
-63.75	-351.9
-66.34	-360.8
-68.99	-370.3
-71.53	-379.2
-74.44	-389
-76.78	-395.9
-79.34	-404.3
-81.98	-413.1
-84.58	-420.5
-87.17	-427.7
-89.8	-433.4
-90.96	-435.3
-90	-407.8
-88.7	-382.1
-87.13	-356
-85.33	-327.1
-83.77	-303.7
-81.97	-277
-79.78	-251.4
-77.21	-234.3
-75.12	-206.8
-73.21	-182.1
-71.16	-156.4
-69.04	-131.2
-66.87	-106.1
-64.45	-80.89
-61.86	-55.15
-59.3	-33.48
-56.71	-14.07
-54.07	2.362
-51.3	16.76
-48.8	26.84
-46.27	37.78
-43.47	48.48
-41.12	58
-38.47	68.41
-35.85	79.19
-33.11	90.37
-30.61	99.26
-28.1	108.3
-25.45	117.9
-22.56	127.2
-20.04	135.5
-17.25	145.3
-14.64	152.1
-12.06	158
-8.981	167.2
-6.568	172.6
-3.942	180.4
-1.368	187.3
1.23	192.5
4.17	199.8
6.68	203.9
9.096	209.2
11.64	215.3
14.22	221.5
16.97	227.5
20.06	235.1
22.4	240.1
24.91	245.2
27.69	250.3
30.31	256.4
33.1	262.1
35.4	267.3
38	274.1
40.68	280.4
43.34	286.7
45.9	293.3
48.53	300.4
51.34	309.1
53.7	315.4
56.32	322.3
58.91	330
61.76	338.3
64.15	344.8
66.73	352.2
69.45	359.7
71.93	366.7
74.51	372.5
77.07	380.2
79.58	384.5
82.12	391.7
84.6	397.5
87.11	402.6
89.61	405
89.68	404.7
89.89	403.9
89.52	378.7
87.95	352.9
86.34	327.4
84.44	299.4
82.73	275.8
80.75	249.9
78.63	222.8
76.68	197.5
74.52	172.2
72.03	146.2
69.28	119.9
66.86	96.18
64.23	71.09
61.56	52.63
58.76	29.88
56.35	12.61
53.67	2.323
51.12	-9.21
48.21	-20.54
45.54	-30.86
42.99	-40.5
40.21	-51.23
37.82	-60.88
35.16	-71.31
32.3	-82.38
29.89	-91.44
27.33	-101.6
24.72	-111.6
21.85	-119.6
19.55	-128.2
16.94	-134.5
14.37	-141.8
11.46	-150.8
8.956	-156.4
6.352	-163.4
3.735	-171
0.749	-178.2
-1.509	-183.7
-4.097	-189.5
-6.785	-197.4
-9.669	-203.4
-11.98	-208.8
-14.57	-215.1
-17.13	-221.2
-19.92	-227.5
-22.52	-234.2
-25.13	-239.9
-27.8	-247.8
-30.33	-252.8
-33.24	-260.4
-35.51	-266.8
-38.11	-276
-40.8	-280.6
-43.38	-288.2
-46.34	-294.4
-48.74	-301.6
-51.39	-309.4
-54.14	-318.2
-56.77	-326.9
-59.82	-336.7
-62.61	-345.7
-65.41	-355.2
-68.09	-363.9
-70.71	-372.3
-73.73	-382.4
-76.23	-390.4
-78.86	-398
-81.42	-405
-83.95	-410.9
-86.45	-414.9
-88.96	-419.6
-89.86	-417
-89.87	-417.1
-89.41	-392
-88.02	-365.3
-86.5	-340
-84.8	-313.6
-83.14	-289.5
-81.21	-263
-78.61	-246.6
-76.52	-221.1
-74.49	-195
-72.66	-170.9
-70.53	-144.7
-68.21	-118.4
-65.89	-93.85
-63.31	-67.92
-60.92	-46.94
-58.22	-25.55
-55.76	-8.07
-53.06	7.821
-50.57	17.9
-48	28.1
-45.4	37.64
-42.76	47.63
-40.08	58.29
-37.66	68.09
-35.06	78.85
-32.21	89.77
-29.89	97.56
-27.37	106.3
-24.81	115.4
-22.14	125.2
-19.57	132.7
-16.99	140.6
-14.35	147.9
-11.73	155.4
-8.934	163.2
-6.608	169.2
-3.925	175.6
-1.314	182.5
1.408	189
3.997	194.8
6.702	201
9.596	207.7
12	212.9
14.67	218.6
17.38	224.5
20.11	230
22.47	234.2
25.12	240.1
27.82	245.7
30.25	250.6
32.81	257.2
35.5	262.5
37.86	268.4
40.39	274.1
43.12	281.2
45.58	287.1
48.15	293.5
50.89	300.8
53.24	307
55.75	314.1
58.47	321.3
60.81	327.9
63.38	335.1
66.06	342.2
68.43	348.8
71.13	356.4
73.8	363.7
76.37	370.4
79	377.7
81.63	384.9
84.45	392.3
86.8	398.8
89.36	405.2
92.12	411.3
94.61	416.6
97.15	421.7
99.67	425.7
102.4	429.2
105	431.1
107.6	434
110.1	436.4
112.6	435.2
115.1	438.5
117.7	439.3
119.8	437
120	436.3
120	435.6
120.4	410.1
118.7	383.1
117	358.6
115.2	333.3
113.3	307.1
111.5	282.1
109.2	254
107.2	228.3
104.9	202
102.4	174.4
99.97	150.1
97.37	123.2
94.75	99.54
91.99	74.7
89.34	53.03
86.59	34.83
83.85	12.77
81.18	1.405
78.27	-10.47
75.99	-22.17
73.24	-29.03
70.56	-37.6
67.73	-46.55
65.35	-54.28
62.68	-63.26
59.98	-74.06
57.09	-83.37
54.63	-91.02
51.95	-98.18
49.26	-106.7
46.54	-112.9
43.63	-122
41.27	-129.2
38.56	-136.4
35.91	-141.6
33.36	-149.5
30.34	-156.9
27.97	-162.4
25.44	-167.4
22.83	-173.9
20.3	-178.7
17.23	-184.7
14.45	-190.3
12.16	-193.7
9.526	-198.1
6.849	-202.8
4.069	-208.2
1.623	-214.7
-0.982	-217.4
-3.681	-223
-6.284	-228.1
-8.962	-233.2
-11.53	-238
-14.32	-243.2
-16.63	-247.1
-19.17	-251
-21.82	-256.8
-24.32	-261.6
-26.95	-266.8
-29.72	-272.3
-32.24	-276.9
-34.82	-281.3
-37.46	-285.9
-40.26	-291.5
-42.66	-296.2
-45.31	-301.4
-47.87	-307.5
-50.43	-313.2
-52.98	-319.4
-55.64	-325.8
-58.54	-333.7
-60.91	-339.4
-63.48	-345.5
-66.23	-352.3
-68.64	-359
-71.22	-365.7
-74	-373
-76.38	-379.9
-78.98	-385.9
-81.5	-392.3
-84	-400.1
-86.81	-407.7
-89.33	-414.2
-91.93	-420
-94.44	-424.7
-96.95	-429.9
-99.45	-435.8
-102	-441.6
-104.6	-447.4
-107	-450.6
-109.7	-454.7
-112.1	-458.3
-114.7	-459.4
-117.2	-459.6
-118.7	-459.1
-119.6	-456.9
-119.7	-453.7
-119.5	-427.8
-118.1	-400.1
-116.7	-375
-115	-349.4
-113.3	-323.7
-111.5	-298
-109.6	-273
-107.1	-251.7
-104.5	-229.9
-102.3	-202.1
-100.3	-178.8
-98.13	-152.9
-95.65	-125.7
-93.27	-102.1
-90.64	-77.69
-88.24	-58.31
-85.51	-36.76
-83.04	-19.26
-80.46	-3.353
-77.94	8.447
-75.27	19.8
-72.58	28.26
-70.08	36.51
-67.42	44.85
-64.77	53.08
-62.33	61.66
-59.75	70.24
-57.05	79.09
-54.7	86.68
-52.07	94.49
-49.39	102.6
-46.55	110.4
-44.21	117.2
-41.68	124.1
-39.08	131.3
-36.34	138.5
-33.95	144.4
-31.41	150.5
-28.87	155.6
-26.07	163
-23.65	167.6
-21.01	173.2
-18.23	179
-15.79	183.7
-13.08	189.2
-10.38	194.8
-7.647	199.7
-5.164	204.1
-2.592	209.1
0.015	213.5
2.818	218.5
5.198	222.1
7.916	227
10.58	231.8
13.44	236.2
16.14	240.4
18.82	245.9
21.35	248.8
23.96	252.1
26.52	255.5
29.04	260.2
31.76	264.2
34.2	268.9
36.88	273.2
39.59	276.9
41.95	281.9
44.59	285.6
47.36	289.7
49.76	294.7
52.36	298.9
55.26	303.8
57.61	307.9
60.15	312.1
62.86	317.7
65.63	322.6
67.97	326.5
70.68	331.7
73.21	336.8
75.93	341.1
78.33	345.2
80.9	349.8
83.42	349.9
85.93	358.5
88.5	363.9
91.08	369.1
93.76	374.8
96.18	378.6
98.87	384.6
101.3	388.3
104	393.3
106.4	396.6
109	401.4
111.6	405.8
114.1	409.8
116.6	413.2
119.1	415.5
120	413.9
120	413.5
118.5	388.3
116.7	361.3
114.9	336.8
112.8	309.6
110.9	285.9
108.9	259.5
106.4	231.7
104.4	207
102	181.6
99.37	157
96.64	129.4
94.08	105.9
91.48	87.31
88.82	64.74
85.88	45.14
83.45	28.68
80.84	11.65
78.32	1.62
75.46	-12.6
72.97	-21.36
70.35	-28.91
67.56	-36.76
64.7	-45.09
61.48	-54.25
59.04	-61.31
56.23	-70.93
53.65	-78.77
50.92	-86.6
48.2	-95.44
45.13	-102.2
42.83	-110.5
40.21	-117.1
37.67	-123.6
35.1	-131.2
32	-140
29.23	-147.1
26.88	-151.8
24.33	-158.9
21.7	-164.9
18.9	-170.1
16.02	-175.1
13.54	-179.4
11.06	-184.7
8.316	-189.7
5.636	-195
2.77	-200
0.283	-204.3
-2.273	-209
-4.797	-214
-7.694	-219.3
-10.18	-224.1
-12.72	-228.6
-15.26	-232.9
-17.93	-237.6
-20.6	-242
-23.18	-246.6
-25.95	-251.9
-28.39	-256.5
-30.95	-260.6
-33.63	-265.7
-36.39	-270.7
-38.96	-274.9
-41.47	-279
-44.29	-283.5
-46.74	-287.3
-49.3	-292.3
-52.01	-297.4
-54.46	-302.6
-56.98	-307.9
-59.62	-312.7
-62.21	-318.5
-64.86	-324.9
-67.52	-331.1
-70.16	-336.7
-72.7	-343.1
-75.34	-349.6
-77.86	-356.7
-80.56	-363.3
-83.1	-369.3
-85.93	-376
-88.35	-381.5
-90.97	-387.8
-93.63	-394.8
-95.99	-400.6
-98.58	-406.9
-101.1	-413
-103.6	-419
-106.3	-425.6
-108.7	-430.3
-111.5	-436.4
-113.9	-441.1
-116.4	-446.1
-119	-450.6
-120.3	-452.1
-121.3	-452.7
-119.8	-421.3
-118.6	-399.3
-116.8	-372.4
-115	-346.9
-113.2	-321
-111.4	-295.9
-109.3	-270.4
-106.7	-252.1
-104	-225.8
-102.1	-202.5
-99.94	-177.1
-97.49	-149
-95.23	-125.2
-92.72	-101
-90.14	-77.26
-87.46	-55.89
-84.67	-35.01
-82.25	-19.16
-79.64	-3.619
-76.88	10.13
-74.41	19.1
-71.72	27.22
-69.13	33.73
-66.4	40.98
-63.96	48.18
-61.35	56.15
-58.62	64.71
-56.24	71.99
-53.68	79.7
-51.02	87.85
-48.54	95.57
-46.03	102.6
-43.39	110
-40.89	116.5
-38.38	123.8
-35.49	131.1
-33.09	137.6
-30.45	144.2
-27.81	150.4
-25.16	156.7
-22.62	161.9
-20.03	166.9
-17.44	172.5
-14.82	177.7
-12.12	183.6
-9.582	188.1
-6.973	193.2
-4.111	199
-1.711	202.6
0.852	207.2
3.412	212.2
6.348	217.1
8.766	221.2
11.31	225.2
13.99	229.1
16.71	233.1
19.13	236.5
21.7	241.2
24.38	245.2
27.27	249.7
29.59	254.2
32.27	257.9
34.96	262.6
37.75	266
40.27	270.4
42.8	274.5
45.34	278.7
48.1	282.7
50.54	286.6
53.06	290.7
55.61	293.8
58.16	298.9
60.67	303.1
63.24	307.6
65.92	312.5
68.4	316.6
71.06	320.4
73.55	325.8
76.15	331.5
78.81	336.1
81.16	340.6
83.73	344.5
86.25	349.6
88.9	354.7
91.7	359.7
94.05	364.4
96.55	368.6
99.27	372.6
101.7	376.9
104.2	380.4
106.7	385.4
109.3	389.8
111.9	393.7
114.5	397
117	399.9
119.4	400
119.8	398.2
118.2	372.6
116.3	346.6
114.3	320.7
112.2	294.2
110.2	270
108	244.8
105.5	215.9
103	190.3
100.4	165.3
97.77	141.1
95.19	117.9
92.53	96.09
90.13	77.15
87.58	58.62
84.96	40.52
82.33	23.72
79.83	6.624
77.09	-2.669
74.65	-12.67
71.92	-19.63
69.26	-26.22
66.49	-33.19
64.08	-39.26
61.48	-46.37
58.9	-53.81
56.25	-62.24
53.56	-70.26
51.15	-77.61
48.5	-85.82
45.87	-94.71
43.19	-101.3
40.31	-111.2
37.92	-117.1
35.32	-124.4
32.77	-131.5
29.84	-138.8
27.07	-146.8
24.29	-153
21.51	-157.6
18.94	-165
16.12	-169.5
13.39	-174.4
10.8	-181.2
8.236	-185.4
5.632	-190.5
2.644	-195.5
0.166	-200.3
-2.386	-204.9
-4.937	-209.5
-7.72	-214.5
-10.14	-218.8
-12.68	-223.4
-15.39	-228.7
-18.16	-233.5
-20.46	-237.5
-23.12	-242.4
-25.72	-246.2
-28.31	-251.3
-30.91	-256.1
-33.44	-260.5
-35.94	-265.1
-38.51	-270.2
-41.11	-274.6
-43.69	-279.2
-46.48	-283.3
-48.94	-286.7
-51.46	-291.3
-54.27	-297.4
-56.93	-303
-59.3	-307.6
-61.96	-313.2
-64.5	-318.8
-67.01	-322.4
-69.61	-326.7
-72.24	-331.5
-74.63	-337.2
-77.23	-343.4
-79.78	-349.4
-82.4	-355.9
-85.19	-362.5
-87.65	-368
-90.24	-373.2
-92.79	-378.5
-95.39	-384.7
-97.91	-390.1
-100.6	-396.8
-103	-402.8
-105.6	-408.7
-108.2	-414.3
-110.7	-420.5
-113.3	-426.1
-115.9	-430.9
-118.4	-435.6
-120.9	-439.3
-122.3	-440.5
-121.1	-415.5
-119.7	-389.7
-117.8	-361.9
-116.1	-337.7
-114.2	-311.4
-112.1	-283.9
-110.1	-260.4
-107.5	-245.6
-105.1	-219.8
-102.8	-193.9
-100.6	-168
-98.15	-142.5
-95.66	-116.6
-92.99	-91.62
-90.59	-70.69
-87.92	-49.98
-85.54	-32.31
-82.94	-16.08
-80.5	-4.159
-77.95	10.35
-75.19	19.46
-72.67	27.08
-70.02	33.26
-67.4	39.34
-64.75	45.77
-62.21	52.52
-59.7	60.4
-57.14	68.4
-54.61	76.12
-52.09	82.82
-48.26	95.22
-45.67	102
-43.06	108.6
-40.43	115.5
-37.78	122.7
-35.14	129.7
-32.63	136
-29.96	142.8
-27.21	149.1
-24.81	154.8
-22.29	160
-19.68	165.4
-16.75	172.1
-14.33	176.5
-11.68	181.7
-8.968	187.1
-6.562	190.9
-3.983	195.7
-1.407	200.2
1.117	204.9
3.905	209.8
6.267	213.3
8.856	217.8
11.77	223.1
14.25	226.3
16.79	230.2
19.63	234.8
22.05	238.6
24.61	241.9
27.22	246.1
29.79	249.2
32.39	253.1
34.9	257.9
37.66	262.2
40.26	266.1
42.96	270.1
45.38	274
48.01	278.3
50.46	282.1
53.12	286.3
55.6	290.3
58.1	294.5
60.83	299.2
63.17	302.9
65.76	307.1
68.49	312
71.11	316.5
73.63	320.2
76.21	324
78.9	329.2
81.33	332.5
83.86	336
86.4	342.8
88.95	347.3
91.53	351.2
94.09	355.7
96.73	360.2
99.17	364.3
101.8	368.3
104.3	372.7
106.9	377
109.4	380.4
111.9	383.9
114.5	387.8
117	392
119.5	391.2
119.7	390.4
119.7	389.3
119.9	388.2
119.7	362.6
117.8	336.1
115.9	312.1
113.9	286.6
111.6	259.6
109.3	234.4
107	208.6
104.3	180.1
101.8	157.7
99.27	134.9
96.5	109.3
94.02	90.92
91.29	69.13
88.64	51.81
85.72	33.08
83.39	17.9
80.84	0.541
78.19	-6.59
75.21	-18.51
72.94	-24.5
70.25	-30.26
67.68	-35.73
64.86	-42.97
62.31	-50.06
59.05	-58.69
56.32	-66.91
53.69	-73.53
51.1	-81.57
48.58	-88.65
45.85	-94.24
42.93	-104
40.67	-109
38.07	-116.2
35.43	-123.2
32.93	-131.9
29.88	-137.6
27.64	-145.3
25.03	-150.4
22.35	-157.2
19.83	-161.8
16.84	-168.2
14.48	-173
11.92	-179.1
9.266	-183.4
6.736	-188.5
4.045	-193.5
1.313	-199.4
-1.332	-204.4
-4.118	-209.6
-6.976	-214.7
-9.382	-219.2
-11.96	-224
-14.56	-228.4
-17.54	-234
-20.31	-238.9
-22.72	-243.3
-25.39	-246.1
-28.01	-250.9
-30.88	-256.3
-33.24	-261.1
-35.8	-265.3
-38.49	-269.7
-41.24	-274.8
-44.24	-281.7
-47	-283.9
-49.51	-287.7
-52.27	-293
-54.97	-297.8
-57.63	-302.9
-60.58	-309
-63.09	-313.6
-65.67	-318.8
-68.26	-324.4
-70.85	-329.3
-73.63	-335
-76.5	-340.8
-78.94	-346.2
-81.7	-352.4
-84.38	-358.4
-87.4	-364.6
-89.63	-369.1
-92.31	-374.4
-94.92	-380
-97.59	-385.3
-99.94	-391.9
-102.6	-397.3
-105.1	-402.9
-107.6	-407.6
-110.3	-413
-112.7	-416
-115.2	-418.4
-117.8	-420.2
-118.1	-419.3
-119.9	-421
-120	-420.8
-119.7	-393
-117.9	-365.3
-116.4	-341.6
-114.5	-316.2
-112.7	-290.9
-110.6	-264.9
-107.9	-245.1
-105.5	-224.9
-103.2	-199.2
-100.9	-173.4
-98.47	-147
-95.91	-121.8
-93.4	-96.78
-90.83	-74.31
-88.28	-54.6
-85.7	-35.75
-83.07	-18.39
-80.47	-3.475
-77.87	6.969
-75.21	15.74
-72.71	22.58
-70.09	28.4
-67.52	33.66
-64.87	40.35
-62.21	46.96
-59.79	53.58
-57.22	60.87
-54.68	67.67
-52.08	75.34
-49.28	83.06
-46.86	89.76
-44.25	97.43
-41.54	104.6
-38.93	111.5
-36.23	119
-33.8	125.8
-31.29	131.7
-28.49	139.2
-26.1	145.1
-23.43	150.8
-20.63	157.2
-18.27	162.1
-15.65	167.4
-12.96	173.8
-10.56	178.5
-7.902	182.8
-5.294	188.1
-2.326	194.4
-0.064	197.8
2.577	202.6
5.262	207.2
8.076	213.4
10.45	217.3
13.14	222
15.67	226.3
18.38	229.8
20.79	232.8
23.31	235.9
26.12	241
28.53	245.2
31.06	249.6
33.78	254
36.62	257.5
39.04	261.3
41.55	264.9
44.24	268.2
47.01	273.2
49.45	276.3
52.04	280.3
54.81	281.5
57.18	285.4
59.84	290.3
62.29	293.8
64.79	297.5
67.33	301.3
69.88	304.4
72.43	309
74.98	314.3
77.47	318.9
80	323
82.6	327.1
85.1	330.7
87.61	335.6
90.18	339.8
92.64	343.6
95.15	348.6
97.67	353.2
100.3	357.3
102.8	361
105.4	365.5
107.9	369.7
110.5	373.4
112.9	376.7
115.5	380
118	383.1
120.6	386.5
123.2	390.5
125.7	393.1
128.3	395.9
130.8	398.8
133.4	401.2
135.9	403.8
138.4	405.4
140.9	404.2
143.4	407.8
145.9	409.1
148.4	409.1
149.4	404.6
149.7	401.1
149.7	399.3
150.1	373.7
148.3	348
146.3	322.7
144.2	297.5
141.8	269.3
139.5	244.2
137.1	219.1
134.4	192.7
132.1	170.7
129.3	146.5
126.9	124.4
124.2	102.7
121.5	81.96
119	63.66
116.3	47.29
113.7	31.48
111.2	14.85
108.7	0.463
106.2	-8.15
103.3	-17.43
100.6	-25.17
98.07	-31.21
95.37	-37.74
93	-42.46
90.49	-48.88
87.86	-52.75
84.97	-60.7
82.66	-63.68
79.99	-69.61
77.27	-76.08
74.43	-82.11
71.99	-87.81
69.37	-93.66
66.55	-100.8
64.23	-105.9
61.72	-112.3
59.21	-117.7
56.37	-124.6
53.92	-131.8
51.29	-136.8
48.63	-141.8
45.68	-147.4
43.34	-151.6
40.68	-157.7
38.08	-164.1
35.09	-168.5
32.83	-172.8
30.21	-179.1
27.42	-183.1
24.85	-189.1
21.9	-194.4
19.29	-197.6
16.99	-200.4
14.28	-204.5
11.65	-208.7
8.816	-213
6.381	-217.1
3.643	-221.7
1.086	-225.8
-1.9	-233
-4.134	-234.4
-6.635	-238.2
-9.253	-242
-12.02	-245.9
-14.43	-249.3
-16.96	-253.2
-19.7	-257
-22.09	-260.7
-24.68	-265
-27.21	-268.6
-29.94	-272.9
-32.37	-276.7
-34.89	-279.5
-37.56	-282.8
-39.96	-286.5
-42.66	-290.1
-45.18	-294.2
-47.97	-298.5
-50.3	-302
-52.91	-305.8
-55.49	-309.4
-58.38	-312.6
-60.76	-315.9
-63.3	-320.8
-65.94	-324.8
-68.75	-329.8
-71.08	-333.6
-73.78	-338.5
-76.41	-343.2
-79.33	-347.8
-81.93	-353
-84.52	-357.5
-87.12	-362.5
-89.95	-366.2
-92.36	-369.5
-94.95	-375
-97.72	-380
-100.1	-384.4
-102.7	-389.2
-105.3	-393
-107.8	-395.4
-110.3	-399.7
-112.8	-405.2
-115.4	-409.1
-117.9	-412.9
-120.4	-416.1
-123	-418.8
-125.4	-423.5
-128	-425.9
-130.5	-426.2
-133.1	-431.9
-135.7	-433.8
-138.2	-433.8
-140.7	-440
-143.2	-442.2
-145.8	-442.2
-148.3	-439.2
-149.9	-440.4
-150	-438.8
-150	-432
-150	-431.9
-149.5	-406.5
-148.6	-381.3
-146.9	-355
-144.7	-325
-143.1	-302.5
-140.9	-275.9
-138.6	-248.2
-136.2	-235
-133.6	-213.4
-131	-185.7
-128.7	-161.9
-126.2	-136.8
-123.7	-111.6
-121.2	-89.22
-118.6	-68.28
-116	-49.51
-113.4	-32.27
-110.9	-15.97
-108.4	-1.447
-105.7	5.502
-103.2	14.82
-100.5	29.97
-98.2	37.49
-95.58	42.94
-92.69	46.8
-90.28	51.28
-87.58	56.6
-85.08	60.82
-82.53	63.85
-79.82	68.83
-77.29	74.8
-74.45	81.77
-72.1	85.52
-69.41	92.92
-66.87	99.14
-64.16	105.9
-61.73	111.2
-59.09	116.8
-56.31	122.3
-53.87	126.1
-51.31	132
-48.66	137.4
-45.98	143.5
-43.53	148.2
-41	153.1
-38.41	158.5
-35.61	166.1
-32.94	170.3
-30.43	175.8
-27.62	181.2
-25.15	185.2
-22.55	189.7
-19.71	193.8
-17.23	197.6
-14.66	201.9
-11.8	206.8
-9.482	208.7
-6.911	212.7
-4.311	217.4
-1.393	220
1.051	223.4
3.747	228
6.588	232.2
9.076	234.1
11.61	238.8
14.17	241.2
16.99	243.7
19.35	246.9
21.97	251
24.51	253.5
27.19	257.3
29.67	259.8
32.25	261.5
35.02	263.3
37.4	268.9
40.07	271.7
42.67	275.5
45.27	277.1
47.78	279.2
50.46	281.3
53.16	285.4
55.6	288.2
58.16	290.2
60.76	293.2
63.33	294.1
65.93	296.4
68.67	295.8
71.04	298.6
73.63	303
76.28	305.3
78.98	307.5
81.41	310.6
84.09	312.1
86.6	315.1
89.26	319.1
91.79	321.4
94.29	323.9
96.82	326.2
99.47	329.4
102.2	330.9
104.8	335.2
107.4	338
110.2	338.8
112.6	342.2
115.3	344.4
117.9	345.8
120.6	349.5
122.9	351.3
125.5	354.4
128.2	355.7
130.7	357.1
133.4	360.4
135.9	360.9
138.8	362.7
141.1	362.6
143.7	366.3
146.4	369.5
148.8	364.6
149.2	353.2
149.5	351
147.9	326
145.8	300.7
143.5	275
141.1	249.1
138.6	224.4
136.1	200.3
133.5	178.3
130.9	155.7
128.3	134.5
125.8	114.1
123.2	93.9
120.4	73.21
118.1	58.65
115.4	42.94
112.7	28.78
110	12.92
107.6	0.541
104.9	-7
102.2	-18.04
99.67	-26.81
97.03	-32.26
94.34	-35.08
91.47	-39.58
88.95	-45.55
86.22	-49.42
83.72	-53.61
80.99	-55.35
78.27	-59.65
75.91	-63.22
73.31	-67.38
70.75	-71.88
67.89	-77.24
65.43	-81.53
62.69	-86.39
60.01	-92.33
57.1	-98.68
54.76	-102.5
52.05	-107.9
49.19	-113.4
46.33	-118.4
43.79	-122
40.74	-126.9
38.49	-128.9
35.92	-133.4
33.26	-137.6
30.71	-141.6
27.92	-148.3
25.45	-150.5
22.86	-155.5
20.31	-159.8
17.4	-164.6
14.65	-170.2
12.4	-173.3
9.646	-175.5
7.041	-163.1
4.465	-167.2
1.467	-171.8
-1.008	-175.5
-3.703	-179
-6.28	-183.5
-8.817	-185.1
-11.74	-189.2
-14.01	-191.7
-16.6	-195.3
-19.25	-198.6
-22.13	-202.5
-24.84	-206
-27.48	-209.7
-30.22	-212.6
-32.85	-215.8
-35.78	-219.5
-38.22	-222.3
-40.73	-225.7
-43.36	-228.4
-46.26	-232.5
-48.61	-235.1
-51.22	-238.4
-53.8	-241.5
-56.72	-245.5
-59.15	-248
-61.77	-250.8
-64.39	-254.1
-67.14	-257.5
-69.52	-260.3
-72.05	-263.6
-74.65	-267.2
-77.52	-270.5
-79.87	-270.7
-82.4	-273.7
-85.12	-277.1
-87.47	-279.8
-90.14	-283.4
-92.83	-286.4
-95.57	-289.8
-98.26	-293.2
-100.8	-296.2
-103.3	-274
-106.2	-283.1
-108.6	-288.4
-110.6	-291.2
-113.1	-294.2
-115.7	-298.3
-118.2	-301.1
-120.8	-304.4
-124.2	-255.9
-126.8	-259.2
-129.5	-263.6
-132	-266.6
-134.6	-269.1
-137.2	-272.1
-140	-274.7
-142.5	-276.6
-145	-278.5
-147.6	-278.9
-150.1	-280.3
-150.3	-278.6
-149.5	-253.1
-146.9	-227.3
-144.3	-203.8
-141.8	-183.7
-139.2	-162.7
-136.4	-141
-134	-124
-131.3	-106.3
-128.6	-90.02
-126.3	-76.22
-123.7	-62.45
-121.2	-50.48
-118.2	-37.56
-115.8	-29.04
-113.1	-20.17
-110.4	-11.15
-107	-2.121
-104	6.122
-101.5	10.3
-99.01	15.2
-96.32	20.05
-93.42	24.72
-91	27.54
-88.43	30.57
-85.88	33.3
-83.12	35.78
-80.76	37.67
-78.03	39.8
-75.33	43.65
-72.74	46.53
-69.79	51.86
-67.41	54.85
-64.88	57.58
-62.31	60.9
-59.7	63.66
-57.16	67.2
-54.6	70.87
-51.9	74.12
-49.32	77.33
-46.54	80.84
-44.19	83.58
-41.66	86.53
-38.99	90.25
-36.05	93.2
-33.66	95.02
-30.93	97.35
-28.3	99.5
-25.32	102.5
-23.04	105.3
-20.34	106.5
-17.81	108.7
-15.21	111.3
-12.42	112.8
-9.997	114.5
-7.392	116.1
-4.718	118
-1.995	118.7
0.956	120.2
3.433	122.4
5.937	123.6
8.486	126.1
11.19	127.8
13.61	129.3
16.12	130.8
18.8	132.2
21.49	129.4
24.19	133.1
26.9	135.2
29.74	137.6
32.39	139.3
35.05	142.2
37.76	146.9
40.74	150.7
43.09	153.9
45.77	156.9
48.4	160.1
51.21	163.3
53.74	167.1
56.43	170.4
59.2	174.1
61.7	176.8
64.32	180
66.86	183.5
69.4	186.1
72.16	189.6
74.49	192.5
77.17	186.1
79.71	192.1
82.54	196.5
85	200.2
87.57	203.3
90.32	207.1
92.8	210.9
95.47	214.1
98.17	215.4
100.6	218.7
103.1	215.2
105.6	218.5
108.5	221.9
110.9	224.7
113.5	228.2
116.3	230.5
118.7	231
121.2	233.2
124	236.4
126.4	237.7
128.9	241.2
131.8	244.6
134.2	246.5
136.7	247.9
139.5	250
141.9	249.2
144.4	250.6
146.9	252.9
148.9	252.2
149.5	246.1
149.5	219.9
147	195.7
144.4	171.7
141.8	151
139.1	129.6
136.3	109.8
133.8	91.99
131.3	73.27
128.5	57.53
125.6	42.36
123.1	31.15
120.7	20.18
118.1	5.832
115.4	-4.597
112.6	-13.37
110.2	-18.49
107.6	-24.46
105	-30.97
102.4	-32.89
99.57	-35.56
97.17	-38.55
94.58	-40.89
91.91	-44.17
88.95	-49.38
86.3	-52.39
83.64	-55.04
80.99	-57.66
77.98	-58.32
75.34	-62.28
72.86	-64.69
70.19	-67.12
67.49	-68.44
64.75	-69.08
61.7	-70.66
59.25	-73.02
56.54	-75.55
53.84	-78.59
51.01	-80.49
48.02	-81.61
45.52	-83.41
42.79	-84.82
39.94	-86.34
37.21	-87.01
34.53	-87.05
31.75	-89.38
29.26	-90.21
26.68	-90.24
24.08	-93.73
21.33	-95.14
18.25	-95.82
16.04	-95
13.53	-95.75
10.86	-96.98
8.166	-97.88
5.297	-99.68
3.056	-100.8
0.288	-103.1
-2.213	-104.2
-4.826	-105.6
-7.764	-106.4
-10.37	-107.6
-12.69	-108.5
-15.29	-109.6
-18.09	-110.6
-20.87	-109.8
-23.8	-111.4
-26.54	-115.2
-29.39	-116.6
-31.92	-117.8
-34.46	-116.7
-36.97	-117.8
-39.9	-119.5
-42.34	-120.7
-44.98	-122.4
-47.69	-124.1
-50.56	-127.6
-52.86	-127.3
-55.53	-128.8
-58.09	-129.9
-60.85	-131.4
-63.22	-133.6
-65.88	-135.7
-68.46	-137.4
-71.42	-139.8
-73.72	-141.8
-76.4	-143.6
-79.23	-145.9
-81.67	-148
-84.56	-139.4
-87.15	-141.1
-89.9	-145.4
-92.26	-147.6
-94.89	-150.2
-97.51	-152.8
-100.1	-155.9
-102.8	-159
-105.1	-160.7
-107.8	-163.8
-110.4	-167.2
-113	-170.3
-115.7	-173.1
-117.5	-140.2
-120.2	-141.9
-122.6	-144.7
-125.2	-147
-127.9	-150
-130.3	-152.3
-132.9	-154.2
-135.6	-155.7
-138	-156.6
-140.6	-158.5
-143.3	-160.5
-145.8	-161.6
-148.3	-161.6
-149.2	-161.4
-150.4	-160.6
-150.5	-135.3
-147.6	-124.8
-145.3	-105
-142.6	-92.36
-140	-82.95
-137.1	-67.98
-134.8	-57.32
-132	-48.56
-129.2	-41.55
-126.6	-32.59
-123.9	-25.41
-120.9	-20.99
-118.3	-16.37
-115.8	-11.43
-113	-8.86
-110.4	-4.161
-107.5	0.212
-104.8	5.865
-101.5	10.38
-98.74	11.51
-96.49	12.02
-93.99	14.46
-91.13	20.97
-88.54	24.24
-85.83	26.37
-82.79	28.28
-79.41	31.27
-76.49	33.85
-73.81	35.94
-71.77	37.96
-69.09	39.74
-66.37	39.88
-63.65	42.04
-60.95	43.1
-58.24	44.23
-55.54	45.42
-52.54	47.93
-50.04	47.57
-47.79	46.55
-45.17	52.92
-42.33	49.12
-39.51	52.91
-36.2	53.8
-33.11	53.18
-31.07	54.72
-28.39	55.85
-25.57	56.76
-23.01	58.48
-20.08	58.79
-17.16	59.43
-13.89	60.83
-11.2	58.01
-8.917	66.19
-6.289	69.6
-3.659	70.79
-1.231	69.1
-0.659	67.21