"Sugano 1996, No.UC20H"	
944	
-0.00243	-0.25
-0.02025	-1.5
-0.02268	-3.75
-0.01134	-4
0.00891	-3.75
0.027135	-3.5
0	-3.5
0.044955	7.5
0.112590002	22
0.168885008	33.5
0.225180019	45.75
0.281070037	57
0.324000056	66
0.389205097	78.5
0.422820124	85.5
0.490455194	97.25
0.544320265	108
0.605070365	119.75
0.659340472	129
0.70632058	138
0.767070743	148.5
0.798660839	152.5
0.729000638	133.25
0.641115434	112.5
0.503820211	79.5
0.366930081	48.5
0.243000024	20.75
0.125955003	-4.25
0.083430001	-12.75
0.024705	-25.25
-0.00243	-31
-0.036045	-39.25
-0.092340001	-51.5
-0.159570007	-65.25
-0.189135011	-71.5
-0.234090021	-81
-0.292410041	-93.5
-0.337365063	-102.25
-0.405000109	-115.75
-0.434160135	-120.5
-0.492885197	-132.5
-0.549180273	-142.25
-0.605070365	-152.25
-0.668250491	-162.5
-0.726570631	-173.75
-0.785295797	-184
-0.814455889	-188.5
-0.708750586	-157.5
-0.614385382	-136.75
-0.52650024	-117.25
-0.436590137	-94.25
-0.321570055	-68.75
-0.195615012	-41
-0.103680002	-20.25
-0.015795	0
0.03159	9.25
0.078570001	20
0.155115006	35.25
0.251910026	56.75
0.344250067	76
0.463320164	100.5
0.553635279	120
0.659340472	141.5
0.704295575	149.5
0.758160717	161
0.80554586	169.75
0.854956029	179.5
0.908821236	189
0.967546491	200.5
1.025866777	210.25
1.0845921	219.5
1.147367486	229
1.215002952	238.5
1.289118526	249
1.349869049	256
1.28466349	236.5
1.199207839	216.75
1.046116884	183.25
0.877636113	143
0.690930543	102
0.488430192	58.75
0.308205048	21.25
0.177795009	-6
0.047385	-32.75
-0.089910001	-63.5
-0.247455025	-95.5
-0.402570107	-128.75
-0.551205276	-158.5
-0.686070532	-185
-0.798660839	-207
-0.875206104	-219.25
-0.9695715	-236
-1.053001922	-248.25
-1.1340024	-260.5
-1.230798069	-274.25
-1.307343678	-275.25
-1.332048891	-276.5
-1.293573563	-250.75
-1.237683121	-237.75
-1.070822021	-203.75
-0.920161282	-165.75
-0.726570631	-126.25
-0.528930244	-85.5
-0.341820066	-46.25
-0.200070013	-17.5
-0.089910001	4
0.013365	24.75
0.162000007	54.5
0.317115052	84.75
0.432135133	107.25
0.582795326	135.75
0.753705705	168.75
0.825795927	181.5
0.974431523	209.5
1.127117357	237
1.235253103	253
1.332048891	266.75
1.471370243	283.5
1.606641827	296.25
1.743938731	301.75
1.899056274	301.25
1.96871756	302
2.02258362	302.75
1.941582048	282
1.802259636	256
1.595301683	219.25
1.401709533	184.25
1.228368051	149.25
1.0845921	121.75
0.870751087	82.5
0.661365476	44.25
0.524070237	19.25
0.396090102	-3
0.283500038	-23.25
0.146205005	-49.25
-0.006885	-76.75
-0.220320018	-114.5
-0.418365121	-149.75
-0.614385382	-182.5
-0.80554586	-214.75
-0.974431523	-240.75
-1.201637856	-273.25
-1.318683775	-285
-1.401709533	-291
-1.502960588	-298.75
-1.624462056	-307.5
-1.705463165	-312.5
-1.779579277	-318
-1.860580602	-323.75
-1.941582048	-329.25
-2.03392385	-331.25
-1.932671883	-304
-1.826965038	-284.25
-1.635802205	-252.5
-1.442209938	-220.5
-1.228368051	-178.5
-0.978886544	-135.5
-0.760590724	-98.25
-0.542295263	-61.25
-0.355590074	-30
-0.193590012	-2.75
0.04293	30.75
0.215865017	61.75
0.413910117	95.5
0.679590517	138.75
0.801090846	158
1.041661861	195.75
1.221888003	222.5
1.307343678	233.25
1.446664984	253.5
1.539006	265.75
1.620006998	275.25
1.741508694	289.5
1.813599819	297.75
1.921331675	309
2.025013669	317.5
2.157856539	328.75
2.227518193	331.75
2.337681028	339.25
2.402887837	342.25
2.54018698	352.25
2.628074878	356.75
2.736213721	359.25
2.828152235	359.5
2.947632156	363.25
3.044431447	365.25
2.947632156	343
2.828152235	325
2.616734493	295.5
2.315405433	252.75
2.045264083	208.5
1.651597416	149.5
1.356754111	105
1.070822021	61.5
0.801090846	21
0.641115434	-2.5
0.413910117	-37
0.215865017	-67
0	-98.5
-0.222750018	-131
-0.407430111	-157
-0.603045361	-185.5
-0.816885897	-213.5
-1.0303218	-242.5
-1.226343036	-266.25
-1.349869049	-280.25
-1.502960588	-297.5
-1.635802205	-311.75
-1.743938731	-322.75
-1.883260995	-334.75
-2.020558579	-343.75
-2.123835769	-351.5
-2.200382536	-355.5
-2.317430486	-358.5
-2.407342965	-361.5
-2.49968571	-366.25
-2.598913895	-370.5
-2.740668885	-373.5
-2.823697059	-374.5
-2.943176965	-376.25
-3.035116022	-376.5
-2.958972645	-355.5
-2.866628776	-342
-2.641440337	-312
-2.256678917	-260.75
-2.01812853	-222.25
-1.703438136	-177.5
-1.374574275	-131.5
-1.07770706	-90.25
-0.796635832	-51.5
-0.596160349	-24
-0.434160135	-2.75
-0.206955015	26.5
-0.006885	53
0.400545106	105.25
0.818910904	157
1.223913018	205
1.437754892	228.5
1.615551941	247.5
1.860580602	272.5
2.020558579	286.5
2.254653866	308
2.42556849	322.5
2.66169104	340.75
2.843947862	353
3.053341856	364.75
3.167962334	370
3.240055988	371.75
3.359132391	376
3.431226495	378.25
3.559619242	379
3.676671809	380.25
3.757677336	381.75
3.845163579	382.5
3.969102923	384.5
4.041198633	384.75
3.915233789	361.75
3.728515319	339.75
3.442567156	307.25
3.100729072	268
2.767399887	228.75
2.45715942	188.5
2.047694133	137.5
1.637827232	87.5
1.334073908	50.25
1.073252035	19.25
0.891001164	-2.5
0.611955377	-36.5
0.398115104	-62
0.191160011	-85.5
-0.00243	-107.75
-0.405000109	-152.5
-0.810000875	-195.75
-1.0303218	-218.25
-1.21054792	-236.25
-1.433299847	-258
-1.615551941	-275
-1.84033026	-295.5
-2.01812853	-309.5
-2.247768694	-328.5
-2.414228162	-340.25
-2.64387042	-356
-2.817216805	-366
-3.050911745	-376.25
-3.145686237	-377.5
-3.235600758	-379.25
-3.345766649	-383.75
-3.419885838	-385.5
-3.532482557	-388.75
-3.645079718	-392
-3.769018129	-394.5
-3.840708254	-395
-3.953306699	-396.25
-4.038768438	-397
-3.775498585	-357
-3.633738977	-341.25
-3.343741537	-309.75
-3.039976244	-276.75
-2.756464475	-246
-2.427593549	-209.75
-2.03392385	-161.5
-1.651597416	-116
-1.226343036	-67.5
-0.897886192	-31
-0.654885462	-6
-0.317115052	29.5
-0.317115052	28
-0.01134	61
0.375840087	100.75
0.812430883	144.25
1.215002952	181.75
1.615551941	217.25
2.020558579	252.25
2.445819083	285.5
2.837467604	312.75
3.071162682	327.25
3.248966452	337.25
3.462818348	349.5
3.658445598	357.25
3.89052693	367.75
4.056994912	371
3.924144465	349.5
3.685582405	323
3.251396578	276.5
2.850833138	233.75
2.443389012	189.25
2.01812853	143.5
1.617576967	100
1.21054792	56.25
0.915706264	25.5
0.625320402	-3.5
0.3936601	-27
-0.01134	-69.25
-0.411885115	-109.5
-0.823365919	-149.25
-1.24416317	-187.5
-1.644712324	-222.5
-2.027443718	-255.75
-2.43447875	-288.75
-2.839492685	-317.25
-3.053341856	-331.25
-3.253421684	-344.25
-3.458363085	-356.25
-3.653990304	-366
-3.845163579	-374.5
-4.043223797	-380.5
-3.813976321	-346.75
-3.55718909	-317.75
-3.262737172	-287
-2.837467604	-241.5
-2.447844143	-200.75
-2.01812853	-153.75
-1.653622443	-114.75
-1.201637856	-67.25
-0.796635832	-26
-0.562545293	-3.75
-0.238545022	25.75
-0.047385	45.5
0.398115104	88.5
0.789750811	126.25
1.170047637	160.5
1.61312191	199.5
2.040808991	234.5
2.38709239	260.25
2.866628776	296.5
3.233170632	321
3.631713845	345
4.065905638	366.25
4.302041055	374.25
4.592454427	377.5
4.70951193	378.5
4.869100007	380.25
5.11901579	386.25
5.256329037	387
5.537439474	390
5.724173709	390.75
5.931163422	391.75
6.059571212	391.5
5.983012507	369.5
5.719717989	344.5
5.346251516	312.5
4.907579547	275.5
4.362796686	229.25
3.903892933	185.75
3.334426024	134.75
2.711102801	79
2.184587162	33.25
1.948467177	16
1.734623591	-2.75
1.485140392	-22.75
1.095932167	-56.5
0.535410253	-103.5
0.164430007	-134
-0.166455008	-159.75
-0.584820329	-192.25
-0.9695715	-219.75
-1.498505539	-257.75
-2.040808991	-293.75
-2.382637265	-315.75
-2.835037508	-341.75
-3.24451122	-363.5
-3.638194267	-376.75
-4.038768438	-390.5
-4.338089377	-399.5
-4.551950246	-403.5
-4.839936613	-406
-5.040030727	-407.5
-5.242557164	-408.75
-5.537439474	-407
-5.780477908	-407.75
-6.086711154	-407.75
-5.967214722	-378
-5.965189366	-377
-5.692983691	-352.25
-5.244987493	-314.5
-4.839936613	-281.5
-4.275308627	-235.25
-3.834227783	-194.25
-3.314174919	-149.5
-2.749579217	-102.25
-2.317430486	-67.75
-1.849645416	-31.25
-1.460435127	-3.5
-1.242138155	10.5
-1.037206837	26.75
-0.515160225	65.25
-0.05184	97.25
0.375840087	126.5
0.803115853	154.75
1.325163831	185.25
1.739078658	212.5
2.135176023	233.5
2.564892775	257.75
2.84637796	273.5
3.224260174	294.25
3.739451071	313.5
3.971533112	321.75
4.423552476	341.75
5.231620682	365
5.841238038	372.75
6.007721892	374
5.845693789	346.5
5.479110736	314.25
5.067169149	281.25
4.549519997	240.25
3.964647576	193.25
3.305264437	141.75
2.686396912	95.25
2.137606078	54.5
1.642687297	19.75
1.311798716	-1.5
0.870751087	-32.75
0.267705032	-75.5
0	-93.5
-0.443070143	-123.5
-0.796635832	-146.25
-1.215002952	-173.5
-1.669417659	-199.75
-2.02258362	-221.5
-2.432453691	-246
-2.812356615	-267.5
-3.22223507	-288.75
-3.627258555	-305
-4.043223797	-324
-4.468511864	-342.5
-4.855733446	-357.5
-5.301290224	-371
-5.665844369	-374.75
-6.037292187	-379.5
-5.890656434	-352.25
-5.479110736	-316.25
-5.091877297	-283.75
-4.48876387	-234.75
-3.824912108	-180.75
-3.18375812	-130.25
-2.571777999	-84.5
-1.835875185	-31.75
-1.392799448	-2.5
-0.95418143	25
-0.436590137	60.5
-0.02268	87
0.796635832	137.25
1.637827232	184.5
2.349021336	224.75
3.190643466	269.25
3.964647576	299.25
4.493219314	322.25
4.905149258	336.5
5.312631801	346.25
5.647616489	354.25
5.933593844	360
6.426571856	369.5
6.919160196	376.75
7.315349303	378
7.684406808	374.25
8.136931647	374
8.037674598	349.5
7.679950509	321.5
7.270382496	293
6.707701726	254
5.920226526	201.25
5.202051709	150.5
4.421527281	99.25
3.636169135	51.75
3.109639496	21
2.673031438	-2.75
1.932671883	-46.5
1.230798069	-86
0.492885197	-125.75
-0.027135	-152.75
-0.850501013	-194.25
-1.716803329	-238.25
-2.461614553	-270.5
-3.179302898	-302
-4.059020077	-333
-4.475397544	-347.75
-4.862619249	-359.5
-5.317087422	-370.25
-5.708376161	-373.5
-6.057545845	-378.75
-6.464649667	-384
-6.90336147	-389.75
-7.301980777	-392.25
-7.722893084	-394.25
-8.206614618	-388
-8.150301024	-356
-7.763405075	-327.25
-7.250127224	-291.25
-6.887967856	-266.5
-6.039317552	-209.75
-5.472224716	-170.75
-4.837506332	-131
-4.095068036	-84.75
-3.147711336	-31.25
-2.621189644	-5
-2.142061179	18.25
-1.365664193	57.25
-0.569430304	96
0.0405	119.5
0.843615988	158.5
1.806714708	195.25
2.5154812	227
3.233170632	255.25
4.059020077	280
4.824139792	305.75
5.517186419	322.25
6.04174799	332
6.462624249	342
6.901335993	345.25
7.353834524	350.25
7.65766904	351.75
8.015392511	352.75
7.886967428	332.5
7.562871935	308
7.094972816	275.5
6.42859727	231.75
5.769136041	189.25
4.817254002	131.25
3.822886962	75
2.909155527	28.75
2.256678917	-1.75
1.568166348	-37
0.76261573	-76
-0.076545001	-111.5
-0.893431174	-149.25
-1.734623591	-186.5
-2.441363952	-212.75
-3.293923828	-249.25
-4.06347544	-272.5
-4.889352388	-302.5
-5.656932958	-328.25
-6.14747238	-334
-6.464649667	-341.5
-6.928477401	-351.5
-7.306436951	-360
-7.812829875	-359.5
-8.148275359	-361.75
-8.01296174	-332.75
-7.64389506	-304.75
-7.191792207	-272.25
-6.442370086	-221.5
-5.652477255	-170.25
-4.864644486	-122.5
-3.944396013	-70.25
-3.179302898	-31
-2.587573518	-1.5
-2.03392385	18.5
-1.361209152	53.5
-0.535410253	94
-0.04293	111.75
0.906796227	155.75
1.903511353	192
3.037546133	238.75
4.083727099	270.25
4.907579547	297.75
5.697439405	314
6.06848283	322.5
6.590631171	334.5
7.031777249	337
7.427969517	341.5
7.707093441	343
8.017418154	346
8.461041858	351.75
8.928991543	354.5
9.410736547	349.25
9.809438325	348.25
10.08618851	344.75
10.54975213	343.5
10.92823759	344.5
11.48181066	341.25
11.90532148	336.5
12.15984334	334.75
12.16875985	316.75
11.89640525	297
11.45060542	270
10.89906043	239
10.18748989	199.5
9.392908768	155.75
8.467929294	110.75
7.53370373	70.25
6.732412236	37.25
6.212689678	18
5.64559117	-2.75
4.747586134	-34.75
3.570959954	-77.25
2.366841825	-120.5
1.165592607	-160.5
-0.044955	-198.75
-1.037206837	-226.5
-2.020558579	-260.25
-3.075617889	-287
-4.101953607	-315.5
-4.833050818	-330.75
-5.474655076	-345.75
-6.095622786	-358.5
-6.800062527	-362.75
-7.421082643	-369
-8.193245181	-367
-8.629987763	-367.75
-9.010023724	-368.75
-9.381563833	-368.75
-9.766488015	-368.5
-10.17857533	-363.5
-10.77951611	-360.5
-11.07452997	-356.25
-11.44817384	-353.5
-11.82183349	-350.5
-12.18213463	-346.25
-12.09215922	-317.75
-11.81737542	-299.5
-11.45708962	-277.75
-10.96187247	-249
-10.21909613	-208.25
-9.465030419	-163.5
-8.523839215	-117.25
-7.592040203	-76.75
-6.820317165	-47.5
-6.032431313	-19
-5.620882298	-4
-4.974817653	13
-4.22103379	37.75
-2.99947442	72.5
-2.025013669	99
-0.940411369	129.5
-0.04293	146.75
0.920161282	174.25
1.977627732	195.5
3.044431447	224.75
4.036743274	243
4.792546185	260.75
5.850149542	278.5
6.514069942	291.75
7.205160627	296.5
7.979336127	307.5
8.893337567	314.75
9.649388541	318
10.08861973	318
10.52300748	319
11.00239659	318.5
11.45952119	318.25
11.83115493	314.5
12.1302568	314
11.90086336	284.5
11.47532645	259.25
10.90554424	227.5
10.16722953	188.25
9.339020434	147.5
8.440784716	107.75
7.688863108	78.25
6.827203748	46.75
5.949391598	19
5.238101559	-1.75
4.293130242	-31.25
2.866628776	-71
1.541436029	-106.5
-0.027135	-144
-1.095932167	-167.25
-2.097105181	-195.5
-3.143256119	-218.25
-4.138001628	-242.75
-5.150609903	-263.5
-6.23294355	-280.25
-7.175993182	-299
-8.154757486	-306.75
-9.010023724	-318.25
-9.822809685	-320.25
-10.58581701	-323.25
-11.41899502	-322.75
-12.20685777	-319.5
-12.05163008	-285
-12.04919834	-284
-11.63054369	-257
-11.02509018	-221.75
-10.16277226	-174
-9.282701334	-129.5
-8.260497651	-84
-7.189361587	-43
-5.949391598	-3.25
-4.837506332	26.75
-3.753222026	59.75
-2.447844143	94.5
-1.122662329	128.25
-0.089910001	147.75
0.911251246	174.25
1.903511353	192.75
2.958972645	216.25
4.036743274	235.25
5.01086709	254.5
6.046203794	270
7.110771751	283.75
8.004048918	295.5
8.881993144	301.5
9.627103322	302
10.1153632	304.25
10.52057615	306
10.91243328	304.5
11.45708962	303
11.84007109	301.25
12.10999211	299.75
12.53110257	298
12.90278419	297.5
13.52864363	294.75
13.83956589	289.5
14.17969024	289
14.58956366	287
15.06919901	280.25
15.4434437	275.75
15.72728377	273.5
16.2970293	271.25
16.24309389	254.5
15.85785439	230
15.29220252	199.5
14.64591806	167
13.74511224	124.75
12.93885891	90.5
11.84655558	48.5
10.89906043	17.5
10.23489929	-2
9.030281861	-35.25
7.839973082	-64.75
6.055115404	-102.75
4.396819909	-133
2.843947862	-158
1.17207265	-191.25
-0.094365001	-211.25
-1.275753418	-231.5
-2.564892775	-257.75
-4.153797969	-282
-5.049346898	-290.25
-6.08428071	-306
-7.052032208	-311.5
-8.051448999	-313.75
-8.967481757	-319
-9.741771407	-316.5
-10.61053572	-318.75
-11.398732	-310.75
-12.27697463	-307.25
-12.98141918	-301.75
-13.83267438	-298
-14.57618462	-288.5
-15.46574497	-284
-16.19361971	-272.75
-16.0220852	-240.5
-15.51764641	-211
-14.85106819	-176
-14.13469075	-141.25
-13.37136324	-106.5
-12.69768837	-79
-11.77036315	-40.75
-11.14869016	-18.5
-10.59513717	-1.75
-9.491772277	20.25
-8.456585284	53
-7.182474831	80.25
-5.800731261	106.5
-4.180530261	132.5
-2.184587162	159.75
-1.28466349	174.25
-0.198045013	189.5
1.307343678	210.25
2.762944718	227.25
3.944396013	235.75
5.780477908	258.25
7.004635649	266
7.96353617	275
9.066341434	277.25
9.784721615	276.25
10.46870796	277.5
11.36266395	275.75
11.988405	273.25
12.73376215	269.5
13.75646283	263.75
14.54212901	259.5
15.50426553	251.5
16.30392334	246.25
16.10805463	215
15.5740086	184.75
14.9321569	152
13.97942438	107.25
12.99074194	66.5
11.9073479	27.75
10.831386	-1.75
9.487315296	-35.5
8.128018737	-68.5
6.055115404	-109.5
4.01406146	-142.75
1.946442139	-172.75
-0.114615002	-203
-1.993423039	-224
-4.059020077	-250.75
-6.09116697	-270.75
-8.310329538	-279.25
-9.300528931	-283.5
-10.09956023	-281
-11.27918115	-278.25
-12.10107566	-274.25
-13.42527599	-269.75
-14.47239661	-259
-15.24962854	-252.25
-16.29256846	-245.75
-16.21592359	-213.75
-15.72282333	-184
-15.11663732	-152.25
-14.30374437	-111.75
-13.28096904	-65.5
-12.25184597	-26.75
-11.60825384	-6
-10.51611872	27.75
-8.965050792	71
-6.950757698	111.5
-5.103218752	142.25
-3.743906379	159.5
-1.907966433	182
-0.056295	205.25
2.106015376	224.75
4.059020077	243.25
6.194461215	259.5
8.179470623	265.75
9.226382524	261.25
10.13562346	256
11.31970668	253.75
12.15984334	246.5
13.20233101	239.5
14.17279841	233.75
15.16407596	224
16.24998786	212.75
17.09476112	204
17.1916966	202.5
17.77983337	195.5
18.6585016	188.25
19.54218105	179.25
20.3696003	172.75
20.34930884	152.5
20.03601928	131.5
19.63469602	110.75
18.93600497	76
18.27553771	46
17.66463497	20.25
16.97065357	-5.25
16.06953045	-40.75
14.55591341	-90.5
13.04911076	-128.75
11.37603748	-156.25
9.575239723	-184.75
7.353834524	-208.25
5.767110708	-223.5
3.978013617	-242
2.700167405	-252.75
1.266843347	-266.75
-0.015795	-275
-1.498505539	-285
-2.675461524	-289
-4.074816367	-291.75
-5.407010188	-290
-6.716613709	-288.5
-8.335042989	-274.75
-9.388451828	-268.5
-10.19640446	-261.25
-11.16246862	-254.5
-12.25873608	-242.5
-13.42527599	-225.75
-14.19996038	-215.75
-15.16407596	-204.5
-16.19118656	-191.25
-17.00472206	-180.5
-17.87434647	-163.25
-18.690146	-154.75
-19.56490387	-138.5
-20.49825002	-123
-20.65612444	-87.75
-20.39679097	-67.5
-20.01775818	-47.25
-19.6322614	-29.25
-19.08449951	-5.75
-18.52137798	24
-17.89260025	50.5
-16.8940002	91.75
-15.68430148	128.5
-14.27658201	161.75
-12.90967485	184
-11.45060542	203.75
-9.94193711	218
-8.301011365	233.5
-6.588605737	245.5
-4.531698183	257.75
-2.292724838	266.5
-0.110160002	273.75
1.464890174	272.5
3.066707474	269.25
4.113294552	266
5.314657083	262
6.455737831	253
7.488736205	247.75
8.150301024	237.5
8.857278546	233.75
9.894934287	226.75
10.95741483	218.75
11.80602761	199.25
12.85536038	170.25
14.63699863	121
14.51739826	47.5
14.2652306	14.5
13.79213622	-6.5
12.03379732	-1.75
