"Sugano 1996, No.UC15L"	
992	
0.00243	0.25
0.047385	-0.25
0.033615	0.25
0.033615	0.25
0.03159	0
0.033615	0.25
0.033615	0
0.02916	0.25
0.036045	0.75
0.024705	0.25
0	0.25
0.072090001	17.5
0.121500003	28
0.166455008	37.75
0.213840016	46.75
0.265680031	57.25
0.317115052	67.5
0.371385084	78
0.416340119	87.75
0.468180169	97.25
0.522045234	107.5
0.580365322	118.25
0.634635421	128.75
0.686070532	138.25
0.74479568	148.75
0.803115853	158
0.735885656	137
0.594135345	100.5
0.463320164	72.25
0.326430057	42.25
0.22963502	22
0.123930003	-0.25
0.065205	-12.25
0.02268	-22
-0.02025	-30.75
-0.069660001	-42
-0.123930003	-52.75
-0.170910008	-61.5
-0.227205019	-74
-0.281070037	-84.25
-0.321570055	-92.75
-0.373410086	-102.5
-0.425250127	-111.75
-0.481545184	-122.75
-0.542295263	-134
-0.594135345	-143.25
-0.648000448	-152.25
-0.708750586	-163
-0.771930757	-173.75
-0.818910904	-180.5
-0.76261573	-161.25
-0.670680497	-141
-0.519615231	-111.25
-0.366930081	-78
-0.251910026	-53.75
-0.117045003	-24.25
0.00243	0.25
0.125955003	26.25
0.222750018	46.25
0.34870507	71.5
0.477090179	97.75
0.594135345	121.25
0.699840564	141.75
0.801090846	161.5
0.906796227	178.75
0.972001512	189.25
1.035181826	199.25
1.102412205	209.5
1.165592607	219
1.221888003	226.75
1.289118526	236.5
1.345414009	244.25
1.264413328	223.25
1.149797502	201.5
0.99670663	173.25
0.870751087	148.25
0.695385554	114
0.535410253	81.25
0.384750094	50.75
0.258795029	25
0.112590002	-4.5
0.0405	-18.75
-0.108135002	-50.75
-0.375840087	-103.75
-0.503820211	-129.5
-0.636660425	-154.75
-0.751680699	-174.5
-0.816885897	-185.5
-0.884116138	-197
-0.96309147	-208.25
-1.044091874	-220.75
-1.129547372	-233.5
-1.235253103	-248
-1.304913658	-255.75
-1.343388991	-260.5
-1.246593189	-237.75
-1.154252531	-220.75
-1.005616674	-193.75
-0.83268095	-162
-0.670680497	-131.5
-0.528930244	-103.75
-0.389205097	-75.75
-0.258795029	-48.5
-0.162000007	-28.5
-0.047385	-5.25
0.053865	14.5
0.211410016	46.25
0.375840087	77.75
0.499365205	102
0.645570443	131
0.787320803	156.25
0.96511648	187.5
1.127117357	215.75
1.226343036	231
1.340958969	248
1.426414777	259.25
1.552371158	269.75
1.640257264	280.75
1.737053628	290.75
1.8427603	300.5
1.971147607	309.5
2.040808991	315.75
1.966692522	298.5
1.833850152	278.25
1.689667941	257.75
1.338933951	204.25
1.064341985	158.75
0.830250942	116.25
0.578340318	69
0.391635099	32.75
0.202500014	-2.5
0.101250002	-22.5
-0.004455	-39.75
-0.170910008	-74.25
-0.321570055	-103.75
-0.456840157	-129.25
-0.603045361	-155.25
-0.814455889	-192.25
-1.03963685	-227.5
-1.226343036	-255
-1.327593852	-270
-1.449095009	-285.75
-1.572621402	-294.75
-1.678327782	-306.75
-1.802259636	-318.75
-1.932671883	-329.75
-2.029468759	-337.25
-1.926191764	-315.25
-1.741508694	-288.25
-1.514300716	-255.75
-1.228368051	-211
-1.001161652	-173.5
-0.760590724	-131.25
-0.542295263	-92.5
-0.324000056	-51.5
-0.198045013	-27.25
-0.087885001	-6.5
0.044955	18
0.175365009	42.5
0.344250067	74.5
0.537840256	110
0.801090846	156
1.03963685	195
1.248618204	225.75
1.466915196	254.75
1.644712324	277.25
1.851670451	301.75
2.03392385	319.75
2.182562114	331.25
2.355906524	338.75
2.5470722	347.25
2.762944718	352.5
3.071162682	354.5
2.997044312	332.25
2.857718415	317.75
2.621189644	294.25
2.308520251	262.5
1.993423039	228.75
1.689667941	191
1.424389757	156.25
1.187867759	120.75
0.915706264	78.75
0.645570443	35
0.396090102	-4.75
0.270135032	-27.25
0.132840004	-51
-0.00243	-73.5
-0.209385015	-106.25
-0.416340119	-140
-0.632205416	-172.5
-0.837135966	-202.75
-1.02829679	-229.5
-1.242138155	-257
-1.370119234	-273
-1.487165414	-287.75
-1.640257264	-306
-1.820079925	-325
-2.040808991	-345.5
-2.178107009	-354
-2.497660648	-350.75
-2.625644796	-358
-2.78117041	-364.5
-2.922926105	-366.25
-3.062252268	-367.75
-2.981248615	-347.25
-2.803446268	-330
-2.632530031	-313.5
-2.310950315	-282
-2.025013669	-251.75
-1.687642912	-213.75
-1.426414777	-180.5
-1.181387714	-148
-0.93838636	-113.5
-0.717660608	-80.75
-0.434160135	-38.25
-0.225180019	-7.25
0.00891	26.25
0.274590034	66
0.420795123	86.5
0.645570443	119.75
0.796635832	140.25
1.055431935	174
1.251048223	197.25
1.449095009	219.75
1.651597416	241.75
1.860580602	262
2.045264083	278
2.270449266	295.75
2.452704287	308.5
2.639415267	318
2.801421189	325.75
2.891334787	330.75
3.053341856	338.75
3.176872776	343.75
3.253421684	346.75
3.395179421	351.5
3.458363085	352.25
3.539367982	353.25
3.653990304	355.5
3.750791857	357
3.85650441	358.75
3.980443807	359.5
4.070361002	359.75
3.910778452	340.5
3.710289074	323.5
3.455932941	303.75
3.152166555	281
2.762944718	249.5
2.369271892	216.25
1.955352306	175.25
1.597326709	134.5
1.280208454	95.75
0.906796227	47.75
0.704295575	20.5
0.530955246	-1
0.360045077	-24.5
0.189135011	-48.25
0.01134	-72
-0.222750018	-103.75
-0.425250127	-129.5
-0.616410386	-148.5
-0.837135966	-175.25
-1.021411754	-197
-1.232823084	-221.25
-1.406164577	-239.5
-1.649167383	-263.25
-1.845190341	-279.5
-2.047694133	-296.75
-2.236428412	-311
-2.43002362	-324
-2.56934792	-332.25
-2.659665969	-337
-2.758489551	-342.25
-2.855288317	-347.25
-2.927381293	-349.5
-3.039976244	-354.25
-3.14123102	-355.5
-3.248966452	-358
-3.3842438	-359.25
-3.453907822	-360.25
-3.550708686	-361.5
-3.649535011	-362.75
-3.739451071	-364.75
-3.840708254	-366.25
-3.957762043	-367.75
-4.077246566	-366.75
-3.919689126	-344.5
-3.741881239	-330.5
-3.49198009	-310.75
-3.134345685	-283.5
-2.68437184	-248.75
-2.306090187	-215.25
-1.984512865	-185
-1.637827232	-149.25
-1.354324089	-117.75
-1.066366996	-84.5
-0.733455649	-44.25
-0.429705131	-8.75
-0.175365009	20.5
0.02025	44.5
0.328455058	81.25
0.771930757	129
1.208117903	175.5
1.464890174	201
1.728143496	223
2.045264083	249.75
2.461614553	280.25
2.895789971	302.75
3.078048003	312
3.280558114	321.75
3.487524822	330.5
3.676671809	338
3.865415065	344.25
4.083727099	350
3.860959737	327.25
3.579870516	305
3.12098004	270.75
2.592028666	230.25
2.189447276	195
1.696553038	147
1.24416317	97.5
0.695385554	34
0.389205097	-1.25
0.00891	-47.75
-0.416340119	-98
-0.821340912	-140.25
-1.158707561	-176
-1.354324089	-195
-1.592871653	-217
-1.818054892	-235.75
-2.054174268	-255.75
-2.362386702	-278.5
-2.690852071	-300.25
-2.895789971	-311.5
-3.06468238	-317
-3.231145528	-325.75
-3.44945256	-335.5
-3.642649559	-344
-3.843138431	-351
-4.061450275	-357
-3.847593757	-331.5
-3.532482557	-307.5
-3.111664593	-275.5
-2.758489551	-248.5
-2.304065134	-211.25
-1.935101928	-176.75
-1.543461053	-137.25
-1.095932167	-88.75
-0.704295575	-44.25
-0.36450008	-6.75
-0.085455001	22.5
0.078570001	44
0.371385084	78.5
0.810000875	123.5
1.19232279	164.5
1.628917115	207
2.027443718	237.5
2.310950315	259.25
2.477410029	271
2.697737318	284.5
2.81478671	290.75
3.021750417	302.25
3.231145528	309.5
3.426771236	319.25
3.660875759	329.5
3.852049083	336.5
4.0006954	340.75
4.304471277	350.75
4.493219314	354.75
4.756497128	357.25
4.93876828	359
5.080535849	359.75
5.231620682	360.25
5.5329838	361.75
5.658958279	362.25
5.933593844	362.5
6.095622786	361.75
5.908884567	338.75
5.632224071	320.75
5.364074039	304.5
4.846822411	275.5
4.261537388	243.25
3.498865505	196.75
2.805876362	151
2.187017219	109
1.628917115	60.5
1.282638473	29.25
0.918136274	-2.25
0.659340472	-25.25
0.416340119	-49.5
0.17982001	-73.25
-0.072090001	-96.75
-0.465750166	-135.25
-0.842805985	-167.5
-1.219457985	-199.75
-1.604211796	-232
-2.01812853	-259
-2.43002362	-286.25
-2.794535923	-306.25
-3.116119806	-322
-3.300809197	-326.5
-3.465248492	-333
-3.591211236	-337.75
-3.818431641	-346
-3.986924315	-350.75
-4.265992788	-358.25
-4.504560447	-359
-4.660096575	-360
-4.799431967	-360.75
-5.026664055	-363.25
-5.25187343	-364.25
-5.443060427	-365
-5.764680309	-363.75
-6.062001652	-363.5
-5.827870792	-333
-5.51273075	-313.5
-5.292378989	-301.5
-4.99061459	-284.75
-4.479852986	-257
-3.915233789	-226.25
-3.19509869	-183.75
-2.549097265	-143.25
-2.038378941	-107.75
-1.590846627	-77.25
-1.158707561	-42.5
-0.76950075	-8.75
-0.479115181	14.25
-0.150660006	40.5
0.301320045	79.5
0.825795927	119.25
1.230798069	151.25
1.66293757	184
1.96871756	205.25
2.37818214	228.5
2.740668885	249.5
3.161482013	270.25
3.505750922	282.25
3.919689126	299.5
4.410186189	312.5
4.794976461	324
5.058258022	329.75
5.393643263	337.25
5.643160788	341.75
6.005696531	344.75
5.767110708	321.75
5.436174421	300.75
4.925401674	271.5
4.317837504	236.75
3.602146935	195.75
2.927381293	153
2.189447276	105.75
1.428844802	47
1.1340024	23
0.789750811	-2
0.513135222	-23
0.027135	-64.75
-0.443070143	-102.75
-0.940411369	-137.5
-1.390369424	-171.5
-1.7078932	-194
-2.103585322	-215.75
-2.481865164	-238.75
-2.875539138	-259.75
-3.350221896	-278.25
-3.730540458	-294
-4.034313079	-305
-4.428007907	-317.5
-4.812798492	-325.75
-5.305745842	-337.5
-5.717692662	-342.25
-6.003266098	-346
-5.780477908	-321
-5.429693476	-299.75
-4.936743036	-271.75
-4.374137755	-241.5
-3.802635508	-209.25
-3.00149951	-162.5
-2.364816769	-122.25
-1.806714708	-83.75
-1.345414009	-51
-1.057456946	-29.25
-0.780840784	-8.5
-0.315090051	27.5
-0.05832	45
0.490455194	88.5
0.972001512	121.75
1.566141323	165.25
1.975602693	193.25
2.432453691	218.5
2.794535923	238.25
3.212919593	255.75
3.61591782	274
3.996240048	289
4.486738669	307
4.871530292	314.5
5.276581811	325.25
5.66786969	335
6.100078605	339.25
6.482878439	344.75
6.851914455	348.5
7.250127224	349.75
7.686837517	349.25
8.078187584	349.25
7.972448964	329.25
7.756518027	316
7.459568161	299.5
6.926046825	274.5
6.361353692	248
5.377846001	203.75
4.630528425	170.5
4.083727099	145.75
3.136370784	101.25
2.382637265	58.5
1.907966433	27.5
1.368094215	-2.75
1.354324089	-2
0.904366218	-33.5
0.524070237	-60.75
0.085455001	-88.5
-0.456840157	-125.5
-0.915706264	-154.75
-1.253073239	-172.25
-1.640257264	-195.75
-1.988967952	-215
-2.454729348	-236
-2.88242442	-256.5
-3.273672749	-272.5
-3.696923168	-285.5
-4.074816367	-298.5
-4.484308427	-310.75
-4.941198573	-319.5
-5.269695866	-326.5
-5.67718617	-334
-6.039317552	-336.5
-6.489359785	-341.75
-6.905792042	-344.5
-7.400827151	-343
-7.794599394	-342.5
-8.154757486	-340
-8.010936099	-314
-7.659694627	-295
-7.148851308	-269.75
-7.13305233	-270.75
-6.34312506	-233
-5.501389051	-196.75
-4.553975453	-158.75
-3.568529801	-117
-2.639415267	-76.25
-1.984512865	-41.25
-1.313823733	-8
-0.731430644	27.5
-0.281070037	55.5
0.130410004	77
0.643545439	108.25
1.19232279	136.75
1.793349494	170.75
2.45918448	200.75
2.835037508	218.25
3.233170632	232.25
3.660875759	250.25
4.020947008	263
4.432463339	277
4.979273198	289.5
5.339365545	299.25
5.699464729	307.5
6.09116697	316
6.561464944	320.5
6.84502786	324.5
7.27281313	330
7.722893084	331.5
8.064818284	332.75
7.918567171	315.75
7.479823741	291
6.912678665	262.5
5.953847377	218
5.040030727	177.25
3.82977246	124
3.00149951	87.5
1.935101928	32.25
1.251048223	-1.75
0.589680338	-39.25
-0.02025	-71
-0.861841054	-119.5
-1.628917115	-157.75
-2.445819083	-193
-3.271647642	-229.25
-4.081701932	-256
-4.871530292	-276.5
-5.460883043	-291.5
-6.02595015	-300.75
-6.482878439	-309.25
-6.878650677	-315.5
-7.358290715	-318
-7.774343334	-320.25
-8.138957309	-320.5
-8.035648952	-301.5
-7.412170223	-268.5
-6.680560721	-234.25
-5.951416952	-201
-5.179773745	-166.75
-4.083727099	-121.25
-3.215349717	-83.25
-2.351451402	-44
-1.55925624	-8.5
-0.80554586	31.5
-0.036045	73
0.760590724	112.5
1.651597416	155.5
2.421113361	188
3.300809197	222.5
4.0006954	248.75
4.781609948	268.75
5.30817618	284
6.005696531	300.25
6.777377365	311.75
7.479823741	319.5
8.024305341	325.5
8.514926022	328.5
8.954111457	327.75
9.271356514	328.5
9.73731432	330
10.14940045	327.5
10.52300748	325
10.98902361	326.5
11.65769686	322.75
12.17321811	317.5
11.99529489	295.5
11.34929044	264
10.49140026	228.75
9.548092472	195.25
8.514926022	160.75
6.955213762	119.25
5.404579838	79.25
4.333633963	47.5
3.519116736	19
2.875539138	-1.75
1.944012093	-37.5
1.21054792	-64.5
0.555660282	-92.5
-0.05184	-113.75
-0.877636113	-149.25
-1.597326709	-173.75
-2.42313842	-205
-3.150141455	-226.5
-4.079271733	-251
-4.920946141	-269.5
-5.751313121	-287.25
-6.491790291	-297.25
-7.335604669	-305.25
-8.057931075	-310.25
-8.661184274	-313
-9.021368276	-313.75
-9.359279175	-314
-9.795661791	-311.75
-10.17857533	-310.75
-10.5971633	-311.75
-11.10370768	-308.5
-11.4615475	-308.25
-11.81737542	-307.25
-12.2676527	-304.75
-11.97300409	-274
-11.45263173	-250.5
-10.77262717	-223
-9.712597782	-183.25
-8.638901044	-150.25
-7.376115491	-118
-5.843668448	-80.25
-4.747586134	-53
-3.989354506	-29.75
-3.248966452	-11
-3.042001336	-6.75
-2.312975369	16.5
-1.599756739	43.5
-0.839160973	66.5
-0.081000001	92.5
0.846045997	121.75
1.642687297	145.25
2.391952527	169.5
3.154596674	189.75
3.953306699	209
4.925401674	230.75
5.724173709	249.5
6.700815198	264.25
7.44376883	275.75
8.051448999	281.5
8.915621289	288.75
9.638043333	294.75
10.53192236	299.5
11.44857911	299.25
12.09499627	299.25
11.90086336	268.25
11.35577456	240.25
10.56798717	207
9.38399489	161.75
8.010936099	122
6.334213293	77.25
5.031119611	44.75
3.926169619	15
3.050911745	-3.25
2.007193311	-36
1.037206837	-62.5
-0.06075	-93.5
-1.037206837	-123
-2.007193311	-149.25
-3.091413631	-177.5
-4.052539551	-199.5
-5.024638803	-219
-6.037292187	-238.75
-6.90336147	-254.75
-8.1863579	-267.75
-8.942766973	-276.5
-9.795661791	-280.5
-10.56555583	-285.5
-11.4007583	-286.75
-12.24536117	-285.25
-11.95922435	-256.25
-11.49558964	-235
-10.64660082	-200
-9.64736261	-161.75
-8.762472222	-134.75
-7.398801603	-96.75
-6.032431313	-62.75
-4.524812486	-25.5
-3.786839385	-7.25
-2.614709425	24.25
-1.349869049	57
-0.05832	92
1.307343678	123
2.135176023	147.25
3.098298957	168.25
3.824912108	183.75
5.008841839	207.75
5.906454148	227.75
7.229871983	247.5
8.089531244	258.75
8.992196595	268.25
9.696795436	275.25
10.52949103	280.25
11.39427415	282
12.05852002	285.25
13.03127579	284.5
13.79700079	281
14.68646108	277.25
15.45682445	276.25
15.96369154	272
15.82622524	244.5
15.47020524	219.25
14.49266759	182.75
13.23840712	141.5
11.60136426	103.25
9.669647871	68
7.62606993	34.5
6.143016549	9.75
5.488022059	-1.75
3.937510484	-30.75
3.089388535	-48
1.964262475	-75
0.94284138	-95.5
-0.044955	-116
-1.242138155	-141
-2.029468759	-160
-2.866628776	-175.5
-4.041198633	-198.5
-5.224734753	-218.25
-6.237399406	-232.75
-7.121709485	-246.25
-8.22687137	-254.25
-8.940336014	-262
-9.800118903	-265.25
-10.51855005	-271
-11.40318986	-272
-12.28143294	-272
-12.98141918	-273
-13.79010932	-271
-14.60294272	-266.75
-15.5581947	-264
-16.26337031	-263
-16.14171279	-241
-15.67984107	-220
-14.9070193	-189.75
-13.87807738	-153
-12.85981901	-122.25
-11.71402982	-94.75
-10.24138264	-67.5
-8.30789871	-36.75
-6.984380757	-14.25
-6.415229548	-7.5
-5.024638803	19.5
-4.086157299	35.5
-2.97679342	56
-1.959807391	72.5
-1.208117903	87.5
-0.006885	107.75
0.940411369	122.25
1.991397999	138.5
3.100729072	156.5
4.02297217	170.5
4.889352388	181.75
5.946961173	199.5
7.376115491	217
8.292098336	224.75
9.142917768	233
9.951256661	240
10.70738502	243.25
11.3334854	249.75
12.1865929	253.5
13.16868715	254.5
14.17969024	255
15.39154285	253.5
16.22484517	251
15.90286538	223.75
15.41181657	201.75
14.41604361	163.25
13.15044656	120.75
11.73429357	86.25
10.0322966	52.75
8.382039198	25.75
6.448851415	-1.25
5.051372153	-21.25
3.363992662	-44.25
2.081309841	-66
-0.01134	-95
-2.027443718	-127.75
-4.054564715	-157.5
-6.122762788	-185
-8.100874913	-207.5
-9.651819658	-221.5
-10.91445947	-234.75
-12.20037301	-237.75
-13.14152896	-243.25
-14.2652306	-241.25
-15.17745615	-243.5
-16.26093713	-240.75
-15.97504582	-212.5
-15.50872582	-191.75
-14.96337631	-171
-14.19104151	-141.5
-13.11882965	-106
-12.06946288	-77.75
-10.43061743	-44.75
-9.055402001	-21.5
-7.943279845	-5.25
-6.226057231	21.75
-4.047679157	52.75
-2.198357488	80.5
-0.211410016	105
2.166766745	134
3.798180191	150.75
5.940480043	179.75
8.010936099	200
9.825240843	217.5
12.07635283	230.75
13.7090337	237
14.70146206	235.5
16.12143677	228.5
17.13531971	233.5
17.99603947	229.25
18.63821682	223.5
19.61197289	224.75
20.34038063	220.25
20.40328429	215.5
20.15979067	197
19.76981955	180.5
19.02161198	151.5
18.10881066	120.25
16.97065357	86.25
15.41181657	54.5
13.88902279	29.75
12.05406182	6.5
11.09479226	-4.5
9.613327029	-21.25
7.893854545	-41.5
5.97855672	-61.75
3.852049083	-82
2.236428412	-100
1.142912457	-110.75
-0.0405	-122.75
-2.276929431	-147.5
-4.189441032	-168.75
-6.156384045	-187
-8.283185314	-204.75
-10.39009575	-217.75
-12.41883136	-223
-13.93199381	-223
-15.17745615	-222.5
-16.36475338	-219.5
-17.16249412	-219
-18.40413596	-213.25
-19.28736762	-212
-20.32901748	-208.25
-20.03155545	-179.75
-19.08449951	-143
-17.97372889	-105
-16.8940002	-74.25
-15.27882209	-41.5
-14.04226024	-23.5
-13.23151616	-12
-12.63243172	-6.5
-10.64903218	19.75
-8.593929562	42
-6.491790291	61.5
-4.441779244	81.25
-2.436908821	97
-0.351135071	111.5
1.856125526	130.5
3.60457709	142.5
6.095622786	161.5
7.954623383	175.5
9.960171022	187.5
11.93693365	197.5
13.0673511	201.25
14.59199621	202.5
16.16198888	202.75
17.05176933	201.75
18.24186737	199
19.28980208	195.5
20.14193494	192.75
19.90535243	168
19.51540071	152
18.78710885	125
18.03457613	99.25
16.75448546	60.75
15.24962854	30.25
14.01063955	10
12.67093714	-3.25
11.06115689	-23.75
8.683872698	-40.5
6.005696531	-63
3.879186085	-78
1.856125526	-89.75
-0.096795001	-105.25
-2.191472324	-121.25
-4.250196374	-135
-6.212689678	-151.75
-8.251584652	-163.5
-10.45533573	-175.5
-12.25873608	-184.25
-13.80591917	-186.25
-15.02216649	-186.75
-16.10805463	-188.75
-17.55876806	-184.5
-18.18994242	-182.75
-19.2289408	-180.5
-20.32211843	-177
-20.05184561	-149.5
-19.78361615	-138.5
-19.0982943	-112.75
-18.62036628	-96.25
-17.40585261	-58.25
-16.09670011	-26.25
-16.07642423	-27.75
-14.82836353	-7.25
-12.796993	20
-10.61053572	45.75
-8.656727625	63.25
-6.84502786	75.25
-4.475397544	91.25
-2.150971381	104.75
-0.110160002	114
0.630180412	118
1.874350839	129.75
3.653990304	142.75
6.039317552	154.75
8.057931075	166.5
10.13805469	175.5
12.20928956	179.75
14.28996047	184.25
16.23417229	181
18.34085064	177.25
20.12407927	170.25
21.54664857	162
22.36547846	160.5
23.3781582	155
24.3281152	150.75
25.81339243	146.25
26.32134125	139.75
27.44109835	136
28.41480978	130
29.52870337	120.5
30.39843269	112.25
31.36158227	106.75
32.37020518	103.25
32.22324708	83.5
31.65094882	65
30.62220666	34.25
29.73411517	11.5
29.03373143	-3.25
28.85967418	-1.25
28.61812297	2
28.35585112	4.75
27.68501002	0.75
26.00274802	-2.5
