Tanaka 90 Specimen 3	
622	
0	0
-0.2	4.6321
-0.2	8.2888
-0.2	10.971
-0.2	13.896
-0.3	18.528
-0.2	22.429
-0.2	26.086
-0.2	27.548
0	37.788
-0.1	41.932
0	47.296
0.2	52.66
0.3	59.728
0.5	63.629
0.7	68.263
1.1	74.602
1.4	82.888
1.8	87.034
2.2	90.446
2.5	95.08
3.1001	99.955
3.7	106.05
4.3	111.41
5.3	116.53
5.4999	118
5.8001	113.12
6	108.73
6.1001	104.34
6.1001	98.737
6	94.347
5.8001	89.961
5.5999	83.378
5.5999	79.477
5.1999	67.045
4.8999	63.144
4.3	55.827
3.8001	49.244
3.4999	42.907
2.8001	33.887
2.3	27.792
2	23.16
1.8	18.772
1.5	13.896
1.1	8.7763
1	5.6071
0.7	3.1693
0.4	0.24379
0.3	-7.8013
0.3	-11.702
0.1	-22.429
0	-27.061
-0.4	-33.156
-0.7	-38.275
-1	-45.103
-1.3	-49.244
-2	-59.483
-2.2	-64.603
-2.5	-68.504
-2.7	-72.894
-3	-76.305
-3.8999	-90.69
-4.5999	-96.299
-5.4	-102.15
-6	-108.24
-6.4999	-112.88
-6.8999	-116.78
-6.8001	-108.49
-6.7	-103.37
-6.7	-98.003
-6.8001	-92.883
-6.8001	-87.523
-5.8001	-84.841
-5.4	-79.232
-5.3	-73.868
-5.1001	-69.722
-4.7	-64.847
-4.5999	-61.191
-3.8999	-49.733
-3.4999	-43.883
-3.1999	-37.3
-2.5999	-29.742
-2.2	-23.648
-1.2	-9.0201
-0.7	0
-0.7	7.3138
0	17.309
-0.2	25.598
-0.2	32.668
0.1	47.296
0.2	55.587
0.5	65.092
0.9	73.868
1.7	87.523
2.7	96.784
3.4	103.37
4.4999	112.14
5.8999	119.7
7.3	127.99
8.8999	139.2
9.8999	146.76
10.5	152.13
11.6	157.73
12.7	162.61
14.1	167.48
15.8	171.88
16.4	172.6
17.3	171.14
17.3	167.24
17.3	162.85
17.5	157.49
16.6	143.59
16	133.36
15.2	123.6
14.5	113.85
13.8	105.08
12.6	94.836
12.1	88.742
11.4	79.962
10.1	69.967
8.4	58.264
7.8999	51.196
7.1999	44.126
6.1999	37.3
5.3	28.767
4.7	22.673
3.8001	12.921
2.3	0.48759
0.9	-11.214
-0.4	-31.205
-1	-43.395
-1.6	-54.608
-2.2	-67.285
-2.8001	-77.284
-4.4	-95.321
-4.8999	-102.15
-7.3	-120.19
-8.8001	-132.62
-10.2	-142.38
-11.3	-148.71
-12.6	-156.52
-14.2	-163.34
-15	-165.78
-16.1	-167.73
-17.5	-169.43
-18	-169.43
-18.2	-167.48
-18.7	-163.83
-19.2	-158.22
-19	-153.1
-18.7	-146.52
-18.6	-141.89
-18.2	-135.55
-17.9	-129.7
-17	-118
-16.8	-109.95
-16	-103.12
-15.4	-96.539
-14.5	-89.227
-13.6	-76.061
-12.4	-67.045
-11	-57.046
-9.1001	-43.151
-7.3	-29.986
-6	-18.772
-4.3	-6.3384
-3.1999	5.3634
-1.9	15.115
-0.5	24.623
0.2	35.106
1.3	45.832
2.1	53.389
3.8999	64.603
5.7	78.743
7.4	94.102
9.3	108.98
10.9	120.92
12.2	129.21
13.5	137.01
14.8	145.06
17.1	157.73
19.2	166.02
21.3	173.09
23.7	175.29
24.7	175.04
26.8	174.8
28.301	173.58
30	171.63
32.4	169.43
34.3	167.24
36.101	163.83
36.299	159.19
36.299	154.56
36.5	148.47
35.999	135.79
35.9	130.67
34.999	123.36
33.401	113.36
31.199	95.81
30	87.279
28.999	79.722
27.399	69.238
25.999	60.462
24.4	51.441
23	42.42
21.1	32.18
19.9	25.842
17.7	16.334
15.6	7.3138
13	-3.1693
10.9	-9.9955
9.5999	-13.652
7.4999	-21.454
3.8999	-35.106
2.2	-42.176
0.3	-50.707
-0.7	-56.561
-2	-62.655
-3.8999	-74.113
-6.1999	-89.472
-7.3	-97.763
-9.5999	-110.44
-10.7	-118.24
-13.5	-132.38
-15.4	-143.11
-17.4	-153.1
-19.3	-160.17
-21	-164.56
-22.3	-166.76
-24.4	-164.31
-26.8	-163.34
-29.299	-162.12
-31.1	-161.15
-33.8	-159.19
-36.401	-157.25
-36.899	-156.03
-37.3	-153.83
-37.501	-148.71
-37.099	-141.89
-36.899	-132.14
-36.401	-121.16
-35.499	-112.63
-33.899	-96.539
-32.299	-83.863
-30.701	-69.967
-28.999	-58.754
-26.599	-46.321
-25	-37.3
-23.2	-27.792
-21.1	-17.553
-18.9	-4.6321
-16.2	5.8509
-14.1	15.115
-11	26.573
-8.1999	36.569
-4.5999	49.733
-1.2	60.706
3.5999	77.769
8.3	92.398
10.9	101.17
13.9	109.46
17.4	118.73
20.5	126.28
23.3	133.11
26.299	139.2
28.499	144.08
30.8	148.47
34.099	152.86
36.401	153.83
36.7	150.42
36.599	141.64
36.401	132.62
35.9	124.33
35.301	117.02
34.6	109.46
33.5	102.15
32.499	93.862
31.3	86.06
29.299	73.138
27.6	62.41
25.601	50.952
23.7	39.494
21.3	27.304
18.7	16.578
15.2	2.6817
12.6	-6.0946
9.5999	-16.334
7	-23.16
4.8999	-30.962
2.2	-41.932
-2.1	-58.264
-4.8001	-66.311
-7.8999	-78.013
-11.8	-91.18
-15.3	-100.93
-18.6	-111.17
-21.9	-119.7
-24.1	-125.55
-26.901	-132.38
-29.599	-137.74
-31.999	-140.91
-33.5	-142.62
-34.999	-143.83
-37	-145.06
-37.501	-144.81
-37.201	-139.94
-37.099	-129.94
-36.8	-120.92
-36.101	-111.41
-35.199	-101.17
-34.201	-91.909
-32.799	-81.18
-31.6	-72.164
-30	-62.165
-28.6	-52.171
-27.3	-42.42
-25.499	-32.912
-23.9	-24.867
-22.1	-16.09
-20.1	-6.5826
-18.5	0.48759
-16	10.239
-13.1	20.722
-10.6	29.499
-5.8001	46.077
-2.8999	55.342
-0.2	64.603
2.5	73.868
5.1999	84.352
9	95.565
14.1	106.05
17.5	114.83
21.3	123.85
24.2	130.18
27	135.79
30.099	141.64
32.601	145.79
35.7	150.91
38.9	152.86
42.101	153.83
46.599	154.07
50.099	153.59
53	152.86
54.699	151.64
55.9	150.42
56.101	145.06
55.999	137.99
55.9	131.16
55.799	125.31
54.999	117.75
54.199	110.44
53	101.17
51.699	92.154
49.7	76.061
47.8	65.092
46.101	55.097
44.699	46.566
42.499	36.081
40.399	24.379
38.001	15.115
35.799	5.6071
33.899	-0.97518
31.699	-7.5576
28.001	-17.309
25.1	-24.135
22.4	-29.499
19.7	-35.106
17	-40.713
10.7	-52.415
3.4999	-66.555
-0.7	-75.821
-3.3	-80.94
-7	-89.472
-11	-97.273
-15.8	-106.54
-19.4	-112.63
-23.5	-119.94
-27.399	-125.8
-32.499	-132.87
-37.099	-138.48
-40	-141.16
-42.2	-142.86
-46.2	-144.57
-48.6	-144.57
-52.299	-143.83
-54.199	-143.59
-54.9	-143.35
-55.999	-143.35
-56.7	-141.16
-57	-137.26
-57.201	-130.67
-57.201	-121.9
-57	-114.34
-56.101	-104.1
-55.199	-93.617
-54.099	-84.841
-53.2	-76.795
-52.1	-69.238
-50.899	-60.462
-49.4	-51.686
-47.201	-40.225
-45.7	-31.693
-43.701	-22.917
-41.699	-12.19
-40	-4.8759
-38.801	2.9255
-37.399	9.508
-34.999	19.259
-32.601	27.061
-29.799	34.862
-26.7	41.932
-23.5	48.514
-20.7	54.363
-16.2	61.68
-12.2	68.019
-7	74.602
-3	80.206
0.1	84.841
5.1999	91.18
9	96.784
13	102.15
16.5	106.54
20.3	111.17
24.4	115.8
28.801	120.43
32.499	124.09
35.301	127.02
38.699	130.67
43.099	134.33
47	137.99
50.399	139.2
51.999	138.23
53	137.26
54.399	135.06
55.601	131.89
55.199	123.6
55.1	117.51
54.3	110.44
53.5	104.83
52.1	93.372
50.701	83.863
49.5	76.55
48.499	69.722
47.3	62.165
46.401	55.827
42.799	34.618
40.201	23.404
38.4	14.383
35.7	3.6569
33.899	-1.7066
31.1	-9.9955
28.999	-15.603
27	-21.454
24.6	-27.548
21.1	-35.35
18.3	-41.445
7.1001	-61.191
0.7	-71.186
-2	-74.602
-5.7	-79.232
-11	-86.06
-14.4	-90.935
-19.4	-97.029
-24.2	-104.1
-28.9	-108.98
-34.6	-115.56
-38.4	-119.94
-42.4	-123.85
-46.799	-127.26
-53.099	-130.67
-55.7	-131.4
-57.201	-130.92
-57.399	-125.06
-57.399	-118
-57.399	-109.46
-57.099	-99.222
-56.599	-91.664
-56.101	-85.326
-55.199	-78.013
-54.199	-69.722
-53.401	-63.629
-51.801	-54.853
-50.899	-49.244
-49.2	-40.957
-47.6	-32.912
-45.799	-24.623
-43.8	-15.603
-41.399	-4.8759
-39.799	1.219
-36.8	11.702
-34.501	19.016
-31.6	25.354
-29.101	31.693
-25.799	39.738
-23.9	44.126
-21.2	49.733
-19.4	53.145
-16	59.243
-13.2	64.118
-10.7	68.748
-7.3	74.357
-4.3	78.743
1.7	86.06
4.3	88.982
8.1999	92.883
13.6	97.518
17.5	100.93
21.6	104.1
25.1	106.54
28.999	109.46
32.901	111.17
35.799	112.63
38.801	114.34
41.6	115.07
44.501	115.8
47.6	114.83
52.901	111.66
56.401	110.19
60.701	106.29
63.401	104.34
67.399	101.66
69.901	99.222
73	96.539
73.701	94.836
74.099	91.909
74.3	87.034
74.399	82.404
74.099	75.576
73.5	69.482
72.299	60.946
71.498	53.389
70.099	44.858
68.6	35.838
66.899	25.842
64.699	13.652
62.601	3.6569
60.201	-5.3634
57.6	-16.334
55.301	-22.917
51.999	-32.424
49.101	-40.713
45.199	-48.759
41.199	-56.316
37.201	-62.41
32.601	-67.53
27.699	-71.675
23.7	-74.357
18.7	-77.284
12.8	-80.451
6.4	-82.404
-1.1	-85.081
-5.5999	-84.841
-10.4	-87.763
-14.2	-89.716
-17.8	-90.935
-20.6	-91.909
-22.1	-92.398
-24	-93.372
-27.201	-95.08
-30.201	-97.273
-34.699	-99.466
-38.6	-101.9
-42.601	-102.88
-50	-101.66
-53.701	-100.93
-56.2	-99.955
-58.801	-98.492
-63.299	-95.81
-67.201	-93.617
-69.901	-91.909
-71.498	-90.201
-73.5	-87.763
-74.699	-86.06
-75.9	-83.133
-76.098	-81.18
-76.401	-79.477
-76.599	-75.821
-76.599	-72.894
-76.7	-68.993
-76.599	-63.144
-76.299	-58.509
-75.9	-54.363
-75.199	-49.488
-74.6	-44.613
-73.701	-38.763
-72.901	-33.156
-72.1	-28.28
-71.001	-21.697
-68.999	-9.9955
-66.799	0.73138
-64.3	12.433
-61.498	23.648
-58.4	34.618
-55.499	43.395
-52.499	51.196
-48.9	58.509
-45.1	62.655
-41.501	67.045
-37.8	69.238
-33.401	71.675
-28.801	73.138
-24.7	74.113
-21.2	74.113
-16.8	74.357
-13.2	74.842
-9.1001	75.087
-4.5999	75.087
-0.1	75.087
4	74.602
10.6	73.623
14.4	73.383
18.7	72.405
22.2	71.43
26.2	70.946
29.901	70.212
32.799	69.482
36.8	68.993
39.901	68.748
41.999	68.504
45.499	67.045
47.699	65.826
50.399	64.603
