"Tanaka 90, Specimen 8"	
509	
0	0
0	63.709
0	81.407
0.7872	106.18
1.0824	133.08
1.476	158.57
1.6728	186.17
2.0664	220.86
2.5583	253.42
3.0503	279.61
3.444	300.14
4.1328	330.58
4.6248	352.52
5.2151	378.01
5.8054	397.83
6.4943	418.36
7.6751	448.09
8.2654	463.66
8.9543	479.94
9.9383	496.93
10.725	511.79
12.103	532.34
13.185	547.9
14.465	535.85
14.465	526.64
14.366	512.5
13.874	483.5
13.087	462.95
12.89	443.13
12.005	415.52
11.217	382.25
10.725	360.31
9.2494	316.42
8.2654	277.49
7.38	249.17
6.888	221.56
6.1006	195.37
5.2151	162.1
4.6248	117.51
3.8374	84.236
2.8534	32.562
1.7712	-11.326
0.5904	-71.497
-0.098397	-160.69
-2.0664	-236.43
-2.8534	-281.03
-3.7391	-308.63
-4.3294	-344.03
-5.3134	-375.88
-6.1991	-400.66
-7.4783	-431.81
-8.5606	-458.72
-10.037	-488.43
-11.119	-511.79
-11.808	-522.42
-12.693	-532.34
-13.185	-533.05
-13.481	-531.62
-13.677	-525.93
-13.677	-518.15
-13.874	-504
-13.874	-492.7
-13.579	-475
-13.284	-462.24
-12.989	-450.23
-11.808	-404.91
-11.217	-375.18
-9.5446	-331.99
-8.0686	-286.69
-6.888	-246.34
-6.1006	-214.49
-4.5263	-169.18
-3.2471	-112.55
-2.2632	-75.033
-1.5744	-41.057
-0.7872	-1.4158
-0.098397	33.27
0.1968	65.835
0.5904	102.64
1.0824	143.7
2.1648	177.68
3.3454	215.19
4.5263	262.62
5.5103	289.52
6.2974	319.96
6.9863	341.9
8.4623	390.04
8.9543	411.28
10.529	440.3
11.808	469.31
13.284	496.93
14.858	526.64
16.236	562.76
16.629	578.33
18.401	593.19
19.385	599.59
20.565	608.09
22.238	613.02
23.812	618.67
24.796	617.25
25.977	607.37
26.764	591.81
27.452	579.04
27.945	557.11
28.24	537.99
28.24	512.5
26.962	466.51
25.288	419.77
23.714	384.38
22.73	361.02
21.353	328.45
20.073	297.31
18.499	268.99
16.925	235.72
14.563	188.3
12.89	157.15
11.021	123.17
8.6591	71.497
7.2814	38.933
6.0023	3.5394
4.5263	-31.147
3.444	-58.754
1.8696	-94.146
0.492	-123.17
-0.1968	-158.57
-0.8856	-179.09
-1.8696	-221.56
-2.6568	-250.59
-3.6408	-286.69
-4.3294	-311.47
-5.412	-345.45
-7.1831	-380.84
-8.4623	-411.98
-9.8397	-448.8
-11.119	-476.38
-12.497	-508.27
-14.858	-540.83
-17.22	-574.1
-19.483	-600.97
-20.565	-609.46
-22.14	-613.02
-24.009	-613.02
-25.486	-611.6
-26.863	-609.46
-28.438	-598.88
-29.126	-573.39
-29.126	-554.27
-28.732	-532.34
-27.945	-505.43
-26.863	-479.23
-24.304	-420.48
-22.632	-374.47
-20.073	-326.33
-17.121	-268.29
-12.595	-174.85
-11.021	-141.58
-8.364	-86.362
-6.1006	-38.933
-3.7391	10.618
-2.46	42.473
-1.0824	77.867
0.1968	106.89
1.1808	146.53
3.0503	193.25
4.5263	225.81
6.396	264.74
8.364	300.14
9.9383	331.29
11.513	367.39
13.973	404.2
16.826	451.61
18.302	475.71
20.369	501.16
22.73	525.93
24.206	540.12
25.583	550.04
27.158	556.4
27.945	557.11
28.141	542.26
28.24	532.34
28.141	537.27
26.962	504
26.568	485.59
25.583	454.45
24.895	429.68
24.009	404.91
23.222	382.25
22.14	356.77
20.565	315.01
18.499	268.29
16.433	225.81
14.268	181.92
12.398	149.36
10.725	116.09
8.5606	68.664
7.4783	38.933
5.904	0
4.6248	-33.27
3.3454	-61.587
1.6728	-92.025
0.1968	-119.63
-0.98397	-155.73
-2.6568	-198.91
-4.1328	-225.1
-5.412	-255.54
-7.5766	-296.6
-9.2494	-329.17
-11.021	-363.85
-13.185	-398.54
-15.055	-421.9
-17.613	-455.16
-19.483	-482.79
-21.353	-507.56
-24.009	-537.99
-25.288	-550.71
-26.665	-561.34
-27.945	-562.05
-28.534	-554.27
-28.339	-513.92
-27.749	-487.72
-26.175	-453.74
-24.698	-419.77
-22.73	-382.25
-20.861	-341.9
-17.22	-273.95
-15.941	-240.68
-14.268	-201.04
-11.906	-159.27
-9.8397	-114.68
-7.7734	-72.912
-6.1006	-36.102
-3.936	4.2473
-1.7712	60.168
0	97.687
1.2792	145.82
2.5583	178.39
3.936	215.19
5.904	249.88
7.38	278.9
9.0526	317.84
10.922	358.9
13.382	393.58
16.334	428.97
19.089	458.72
23.321	504.71
26.37	533.76
29.322	547.9
31.095	552.84
33.553	557.82
35.817	557.82
38.867	555.69
41.425	554.27
42.311	547.19
42.507	535.85
42.705	518.86
42.606	496.22
39.85	424.73
36.899	363.85
33.652	299.43
30.013	240.68
26.665	191.83
20.861	112.55
17.712	68.664
12.201	1.4158
8.6591	-46.01
4.5263	-104.06
-3.1488	-237.85
-8.4623	-334.83
-10.529	-369.51
-13.087	-402.78
-16.334	-438.88
-19.581	-479.94
-22.927	-504
-25.977	-528.07
-30.797	-554.27
-33.652	-563.47
-36.111	-565.61
-38.572	-567.7
-41.623	-567.03
-42.212	-559.91
-42.507	-536.56
-42.311	-498.35
-41.524	-460.1
-39.85	-423.31
-38.278	-392.87
-36.111	-352.52
-33.16	-293.77
-30.208	-247.76
-25.19	-180.51
-17.81	-81.407
-12.3	-10.618
-3.1488	102.64
0.1968	148.65
6.5926	253.42
13.087	330.58
16.728	370.93
19.778	400.66
23.124	429.68
29.52	480.65
32.57	498.35
35.717	515.35
38.867	527.35
42.116	533.76
42.507	494.8
40.048	434.64
38.374	391.46
36.015	344.74
32.57	281.03
28.24	213.78
23.616	150.78
18.007	75.033
14.465	26.899
12.201	-2.1237
7.9703	-55.213
3.8374	-113.97
-4.0343	-227.23
-7.0846	-282.44
-8.6591	-307.22
-11.906	-339.08
-15.252	-373.05
-17.712	-395
-20.762	-419.77
-23.124	-443.13
-25.977	-470.73
-28.633	-492.7
-31.684	-510.36
-34.242	-524.55
-36.899	-539.41
-39.261	-546.48
-40.541	-550.04
-41.722	-547.19
-42.311	-532.34
-42.41	-517.48
-42.116	-487.01
-40.442	-432.51
-37.196	-369.51
-34.341	-312.88
-31.095	-267.58
-28.044	-218.73
-23.911	-161.4
-20.467	-116.8
-16.039	-59.461
-10.824	2.8315
-8.1671	36.809
-3.7391	96.98
0.6888	156.44
3.936	209.53
7.6751	260.5
12.497	317.84
17.121	361.72
20.369	387.21
24.108	418.36
28.732	452.32
32.669	480.65
35.717	499.07
40.244	521.71
43.688	533.05
47.132	537.27
50.871	540.12
54.414	539.41
56.088	539.41
56.578	524.55
56.284	490.57
55.496	446.67
54.709	417.65
52.741	375.18
50.381	334.12
48.511	305.1
45.951	267.58
43.099	227.94
38.08	163.52
33.848	109.72
30.797	77.867
29.027	62.294
26.863	43.888
24.403	24.776
22.238	5.6632
19.778	-12.742
15.842	-47.429
12.3	-78.574
8.2654	-113.97
3.8374	-155.73
-0.6888	-198.91
-2.3616	-222.28
-5.412	-254.13
-7.38	-283.86
-10.529	-324.21
-14.268	-361.72
-17.909	-390.75
-21.156	-419.06
-24.108	-439.59
-26.863	-455.88
-29.225	-472.16
-31.389	-485.59
-34.145	-501.87
-36.703	-517.48
-39.36	-530.91
-42.017	-540.12
-44.77	-547.9
-48.511	-555.69
-51.559	-560.63
-54.61	-560.63
-56.284	-558.54
-57.071	-512.5
-55.791	-471.44
-54.513	-421.9
-52.25	-376.59
-49.593	-326.33
-45.362	-270.41
-40.836	-211.65
-37.097	-164.23
-33.454	-123.17
-29.027	-76.452
-24.501	-35.394
-19.877	2.8315
-15.449	38.933
-10.922	79.281
-6.5926	119.63
-0.98397	170.6
4.92	227.94
12.989	303.68
18.302	352.52
24.009	395
27.452	414.82
30.701	432.51
34.933	453.74
39.754	475
43.294	490.57
46.838	501.16
50.871	513.21
54.414	519.57
56.185	520.28
56.678	487.72
54.808	429.68
53.332	389.33
50.97	348.27
48.412	301.56
44.674	247.05
40.737	194.67
35.717	134.5
28.339	53.091
24.009	18.405
19.975	-9.9101
16.531	-41.765
12.792	-71.497
7.7734	-117.51
1.476	-179.8
-3.444	-230.06
-8.0686	-278.2
-12.792	-320.67
-17.121	-355.36
-22.73	-389.33
-29.815	-431.1
-35.817	-465.08
-39.555	-484.21
-43.886	-503.29
-48.905	-523.13
-52.25	-538.7
-54.61	-542.92
-55.496	-541.54
-56.383	-533.76
-56.578	-518.15
-56.185	-479.23
-54.709	-433.22
-52.644	-388.63
-48.019	-295.89
-47.724	-289.52
-43.787	-232.89
-39.85	-186.17
-35.817	-136.62
-32.471	-101.93
-29.421	-70.078
-26.469	-42.473
-22.041	-3.5394
-18.401	27.607
-14.465	60.875
-10.332	93.439
-5.7071	130.96
-1.2792	167.77
11.316	293.77
17.318	334.83
22.632	369.51
27.945	402.78
33.652	433.22
38.278	457.3
44.674	478.52
50.183	494.08
55.989	508.98
62.286	516.77
66.812	520.99
73.307	521.71
76.947	520.99
81.671	514.63
85.311	507.56
85.804	481.36
84.917	451.61
84.229	428.27
82.36	386.5
79.507	339.08
77.145	295.19
73.896	248.47
70.061	200.33
66.418	156.44
63.073	122.46
58.153	82.115
54.021	52.384
51.168	33.27
48.214	14.865
44.574	-1.4158
