"""Thompson and Wallace, 1994, B1"""								
622								
0.51562	-0.095191929							
0.51562	-0.149460226							
0.50292	0.122326078							
0.4953	-0.149460226							
0.48514	-0.257996818							
0.4445	-0.393667559							
0.45466	-0.122326078							
0.4953	0.122326078							
0.50038	0.176594374							
0.508	0.583606595							
0.50292	0.149460226							
0.51816	0.285130966							
0.51816	0.420801707							
0.51562	0.36653341							
0.50292	0.285130966							
0.4953	0.447935855							
0.47498	0.257996818							
0.52324	0.285130966							
0.51308	0.285130966							
0.52324	0.068057781							
0.51054	0.257996818							
0.51308	0.122326078							
0.51308	0.068057781							
0.51054	0.068057781							
0.50038	-0.068057781							
0.50038	0.149460226							
0.48768	-0.176594374							
0.47244	-0.583606595							
0.46482	-0.36653341							
0.44196	-0.36653341							
0.47498	0.122326078							
0.49276	0.068057781							
0.50292	0.068057781							
0.50038	0.475070003							
0.51308	0.36653341							
0.51054	0.475070003							
0.51308	0.36653341							
0.51308	0.610740743							
0.52324	0.447935855							
0.51054	0.36653341							
0.50292	-0.013789485							
0.48768	0.23086267							
0.48768	-0.013789485							
0.45466	0.149460226							
0.47498	0.095191929							
0.4953	0.122326078							
0.49784	-0.013789485							
0.46482	-0.637874891							
0.42672	-0.909661195							
0.3556	-1.26240512							
0.40132	-1.235270972							
0.42926	-0.529338299							
0.45974	-0.285130966							
0.4826	-0.095191929							
0.47498	0.040923633							
0.48514	0.122326078							
0.48514	0.285130966							
0.48768	0.583606595							
0.4699	0.746411484							
0.48514	0.909661195							
0.53086	0.991063639							
0.51816	0.637874891							
0.52578	0.312265114							
0.51816	0.420801707							
0.51054	0.23086267							
0.508	-0.040923633							
0.50038	0.285130966							
0.49784	0.013789485							
0.50038	-0.013789485							
0.49276	-0.36653341							
0.4445	-0.719277336							
0.4191	-1.126734379							
0.381	-1.507057275							
0.381	-1.099600231							
0.43688	-0.637874891							
0.42926	-0.312265114							
0.42672	0.095191929							
0.43688	-0.013789485							
0.4826	0.176594374							
0.50292	0.285130966							
0.50292	0.095191929							
0.51562	0.719277336							
0.51562	0.882527046							
0.54356	1.153868527							
0.52578	0.447935855							
0.52324	0.339399262							
0.51054	0.176594374							
0.51562	0.176594374							
0.50038	-0.122326078							
0.49784	-0.040923633							
0.48768	-0.068057781							
0.48768	-0.122326078							
0.41402	-1.370941712							
0.2794	-2.809941206							
0.14732	-4.140404107							
0.00762	-5.742208489							
0.14986	-6.692348495							
0.2794	-4.574995299							
0.40386	-2.837075354							
0.49276	-2.076874385							
0.54356	-1.534191423							
0.58166	-1.018197787							
0.60706	-0.393667559							
0.69342	0.719277336							
0.83058	2.049740237							
0.97536	3.651544619							
1.07188	4.113269959							
0.90678	1.669862163							
0.75438	-0.095191929							
0.67818	-0.855392898							
0.66294	-1.072466083							
0.62992	-1.39807586							
0.65532	-1.289539268							
0.64262	-1.615593867							
0.53848	-2.565733873							
0.4191	-3.760081211							
0.30226	-5.171946557							
0.17272	-6.393872865							
0.15748	-6.149665533							
0.29718	-3.977599218							
0.4318	-2.511465577							
0.51816	-1.588459719							
0.58166	-1.072466083							
0.57404	-0.963929491							
0.65024	-0.692143188							
0.75184	0.339399262							
0.8636	1.696996312							
1.00838	3.515873878							
1.09728	3.95046507							
0.92202	1.425210008							
0.77724	-0.23086267							
0.70612	-1.018197787							
0.67056	-1.343807564							
0.65278	-1.642728015							
0.64262	-1.534191423							
0.32512	-1.370941712							
0.24384	-5.769342637							
-0.05842	-8.457402587							
-0.40132	-10.73800549							
-0.7747	-12.88293766							
-0.5588	-9.353274297							
-0.22352	-6.421007014							
0.08636	-3.705812915							
0.33274	-1.642728015							
0.41656	-1.126734379							
0.5715	0.257996818							
0.8509	2.728538761							
1.1557	5.850745081							
1.4732	7.995677248							
1.76022	10.24914601							
1.69164	8.23988458							
1.39954	4.629263595							
1.07696	1.778398756							
0.77978	-0.610740743							
0.66294	-1.126734379							
0.635	-1.561325571							
0.5461	-2.049740237							
0.2794	-3.977599218							
-0.02032	-5.932147526							
-0.34544	-8.538805032							
-0.68326	-11.49820646							
-0.6731	-10.65660305							
-0.37338	-7.045537242							
-0.04064	-4.276074847							
0.28702	-2.647136317							
0.41656	-1.370941712							
0.54102	-0.773990454							
0.78486	0.936795343							
1.06934	3.271666546							
1.37922	6.068263088							
1.68402	8.891548957							
1.80848	8.918683105							
1.51384	5.416598712							
1.19126	2.430063132							
0.87884	0.176594374							
0.71374	-0.82825875							
0.65532	-1.370941712							
0.65278	-1.181002676							
0.64008	-1.778398756							
0.31496	-3.461605582							
-0.14986	-6.909866501							
-0.65786	-11.06361527							
-1.20396	-14.59327863							
-1.73228	-17.19949132							
-1.3589	-12.63828551							
-0.84836	-8.511670884							
-0.32004	-4.900605076							
0.16002	-2.158276829							
0.35814	-1.099600231							
0.66802	0.801124602							
1.13284	4.059001663							
1.62306	8.185616284							
2.0828	11.93235283							
2.53746	15.00029086							
2.38252	12.17700499							
1.91516	7.588665026							
1.44526	3.35306899							
0.94742	0.285130966							
0.66548	-1.316673416							
0.5969	-1.425210008							
0.3429	-2.837075354							
-0.09652	-5.660806045							
-0.5969	-8.647341624							
-1.16078	-12.44834647							
-1.68148	-16.19508302							
-1.49606	-13.91448011							
-0.97536	-9.16333526							
-0.43942	-5.606537748							
0.05334	-2.701404613							
0.3556	-1.26240512							
0.58674	-0.068057781							
1.0033	2.511465577							
1.53416	6.068263088							
1.99898	9.570347482							
2.44856	13.72454107							
2.4765	12.91007181							
1.99898	7.941408951							
1.51384	3.977599218							
1.03378	0.936795343							
0.67564	-0.991063639							
0.60198	-1.479478305							
0.59436	-1.316673416							
0.3683	-2.864209502							
-0.24892	-6.068263088							
-0.9398	-10.6837372							
-1.651	-15.78762597							
-2.31648	-19.72474638							
-2.30632	-17.71548495							
-1.64846	-12.55688306							
-0.96774	-7.344012871							
-0.37592	-3.732947063							
0.1651	-1.316673416							
0.51054	0.285130966							
1.16078	3.787660182							
1.8161	8.158482136							
2.43332	13.31708403							
3.0226	17.57981421							
3.24612	17.90542399							
2.68478	12.25840743							
2.04724	6.719482643							
1.41478	2.45719728							
0.80264	-0.66500904							
0.62484	-1.669862163							
0.4445	-2.45719728							
-0.2032	-5.5794036							
-0.89154	-9.271871852							
-1.58496	-13.45275477							
-2.2606	-18.50282007							
-2.4384	-19.45296008							
-2.42824	-18.99167956							
-2.48158	-19.45296008							
-2.51968	-19.99608786							
-2.57302	-19.96895371							
-2.60096	-20.02322201							
-2.57302	-20.37641076							
-2.667	-20.29456349							
-2.30886	-16.84674739							
-1.64592	-11.66101135							
-0.96774	-7.425415315							
-0.32512	-3.869062626							
0.18542	-1.479478305							
0.508	0.257996818							
1.14046	3.434471434							
1.7907	7.316878723							
2.41046	12.04133425							
2.99466	16.57540591							
3.26136	17.7426191							
2.69494	12.23127328							
2.0574	6.774195761							
1.4224	2.782807058							
0.80264	-0.692143188							
0.5969	-1.452344157							
0.5842	-1.561325571							
0.59182	-1.507057275							
0.17018	-3.434471434							
-0.84074	-8.538805032							
-1.88976	-15.3534796							
-2.85496	-21.97821514							
-3.75412	-26.15909806							
-3.85064	-22.71128196							
-2.94894	-15.4077479							
-2.3495	-11.09074942							
-1.98628	-8.647341624							
-1.59766	-6.719482643							
-1.1684	-4.792068483							
-0.75692	-2.809941206							
-0.43942	-1.8598012							
-0.06858	-0.068057781							
0.90424	3.841928478							
1.90754	9.407542593							
2.85496	15.73335768							
3.66268	21.08234343							
4.18084	22.57561122							
4.47548	23.17256248							
4.66598	23.17256248							
4.40182	19.96895371							
4.09956	17.19949132							
3.81508	14.64754693							
3.43408	11.57960891							
2.70764	6.285336273							
1.71958	0.773990454							
1.11252	-1.669862163							
0.88646	-2.484331429							
0.0635	-5.253349001							
-1.01854	-10.05920697							
-2.12852	-14.72894938							
-3.13436	-20.1860269							
-3.937	-24.69296442							
-4.31546	-25.83348828							
-3.98526	-22.62987952							
-3.80238	-21.32655076							
-3.62712	-19.80614882							
-3.46202	-18.31288103							
-3.27914	-16.90101569							
-2.90322	-14.29480301							
-2.35712	-10.73800549							
-1.80594	-7.53439673							
-1.1557	-4.629263595							
-0.3175	-1.479478305							
0.3429	1.018197787							
1.36398	4.954873372							
2.35204	10.05920697							
3.24866	15.05500397							
4.04114	20.15889275							
4.58724	22.30382492							
3.90652	15.65195523							
3.13944	9.326140149							
2.21234	3.841928478							
1.24206	-0.82825875							
0.93726	-1.696996312							
0.88646	-1.914069496							
0.9017	-1.696996312							
-0.01778	-5.362330416							
-1.45034	-10.87367623							
-2.86004	-17.82402155							
-4.13258	-25.10042146							
-5.4483	-29.44455409							
-5.45846	-25.04615316							
-4.94792	-20.91909372							
-4.5466	-17.7968874							
-3.91668	-13.45275477							
-2.77114	-6.93700065							
-1.44018	-1.995471941							
-0.6223	0.963929491							
0.80772	6.068263088							
2.20218	10.87367623							
3.48742	16.52069279							
4.6101	22.68414781							
5.67944	25.53456783							
6.18236	25.94202487							
5.82676	21.92394684							
5.48132	18.71989326							
5.06222	15.27207716							
4.28752	9.570347482							
3.16738	2.918477798							
2.04216	-1.370941712							
1.22428	-3.515873878							
1.08966	-3.923330922							
0.89154	-4.84633678							
-0.56388	-8.972951401							
-2.1336	-13.77880937							
-3.5433	-19.31728934							
-4.8387	-24.99188487							
-5.98678	-29.03709704							
-4.89966	-19.72474638							
-3.70586	-12.28554158							
-2.49936	-5.877879229							
-1.27254	-1.696996312							
-0.36322	1.289539268							
1.0414	6.366738717							
2.40792	10.54806646							
3.683	15.10927227							
4.82854	20.07749031							
5.96392	24.82907998							
5.4102	18.36714933							
4.51358	11.17215186							
3.45948	4.873470928							
2.16916	-0.339399262							
1.44272	-2.75567291							
0.91694	-2.294392392							
0.48768	-3.325934842							
-1.38938	-9.000085549							
-3.29438	-14.97315671							
-4.76758	-23.87849515							
-6.35508	-30.20475506							
-7.7597	-31.48050484							
-7.59714	-28.33116437							
-7.31266	-26.02342732							
-7.04596	-23.66142197							
-6.78942	-21.76069713							
-6.45922	-19.20875274							
-5.12318	-11.55247476							
-3.556	-4.059001663							
-2.39776	-0.637874891							
-0.78232	4.167538255							
1.05918	9.217603556							
2.83972	13.64313863							
4.48818	18.31288103							
6.0071	23.851361							
7.5057	27.29962192							
7.2644	22.14102003							
6.61162	16.84674739							
5.96392	12.0684684							
5.28828	7.832872359							
4.50342	3.732947063							
3.1369	-0.963929491							
1.9558	-4.004733366							
1.18618	-3.407337286							
-0.0762	-6.93700065							
-2.0828	-11.49820646							
-3.97002	-16.00514398							
-5.69214	-21.59789224							
-7.12978	-28.9556946							
-7.11708	-24.20454975							
-5.79628	-15.19067472							
-4.32308	-7.588665026							
-2.73812	-2.402928984							
-1.6637	0.82825875							
0.09144	6.203933829							
1.81356	10.03207282							
3.556	14.18582159							
5.17906	18.7470274							
6.70814	23.79709271							
7.38378	23.55288537							
6.28904	14.0230167							
5.6007	9.842133785							
4.5212	4.873470928							
3.01244	-0.909661195							
1.6637	-2.158276829							
1.15824	-3.434471434							
0.53848	-5.199080705							
-1.79578	-10.57520061							
-4.05638	-15.89660739							
-6.13156	-22.5208981							
-7.89178	-30.82884046							
-9.30402	-31.01922432							
-8.49122	-23.9056293							
-8.16864	-21.70642884							
-7.8486	-19.20875274							
-7.52602	-17.25375961							
-6.32968	-10.16774356							
-4.47548	-3.081727509							
-3.14452	0.339399262							
-0.98044	5.660806045							
1.21666	10.57520061							
3.45948	14.72894938							
5.60832	19.56194149							
7.56412	25.26322635							
8.97382	28.00555459							
9.12622	26.21336635							
8.8392	23.55288537							
8.59028	21.02763031							
8.30326	19.15448445							
8.0391	17.14522302							
7.5946	13.94161426							
6.59384	7.316878723							
5.40512	2.565733873							
4.08178	-1.235270972							
2.40792	-3.081727509							
1.47066	-4.84633678							
1.41986	-4.954873372							
1.43002	-4.792068483							
1.44526	-4.629263595							
1.43764	-4.574995299							
1.37414	-5.280927971							
-0.90678	-9.760286518							
-3.2512	-14.26722404							
-5.5118	-18.63849081							
-7.37108	-26.21336635							
-9.40054	-31.83369359							
-8.2296	-21.10947758							
-6.65226	-11.79668209							
-4.83616	-4.602129447							
-3.48996	-1.153868527							
-1.651	3.651544619							
0.3683	8.022811396							
2.43332	12.31267573							
4.57708	15.89660739							
6.61162	20.4578132							
8.4963	25.69781754							
8.36676	20.15889275							
7.80542	16.14081472							
6.7056	8.918683105							
5.23494	2.701404613							
3.76936	-2.131142681							
1.81864	-3.869062626							
1.44018	-4.438879736							
1.42748	-4.140404107							
-1.1176	-10.00493867							
-4.03606	-17.57981421							
-6.94436	-24.28595219							
-9.63168	-31.91509603							
-11.47572	-34.16856479							
-12.7762	-34.79309502							
-12.90066	-30.91068773							
-12.07262	-24.85621413							
-11.51636	-21.21801417							
-11.10488	-18.42141763							
-9.53516	-10.00493867							
-7.30758	-2.647136317							
-5.49148	1.615593867							
-2.72796	6.909866501							
0.13208	11.66101135							
3.18262	15.76049183							
6.23316	19.64334394							
9.12622	25.04615316							
10.98804	28.16835948							
11.71194	29.25417023							
12.18692	29.74302972							
12.2301	28.22262778							
11.83894	24.91048242							
11.47318	21.86967855							
10.87882	17.38987518							
10.15238	12.9643401							
9.14146	7.724335767							
7.35838	1.696996312							
5.70992	-2.32152654							
3.0099	-5.199080705							
2.07264	-6.61094605							
2.05486	-6.47527531							
0.19812	-10.27628015							
-2.91592	-14.48474204							
-5.88264	-21.08234343							
-8.91286	-25.1818239							
-11.76528	-31.53477314							
-12.18946	-25.75208584							
-10.07872	-13.34421818							
-7.98068	-5.280927971							
-6.2738	-0.66500904							
-4.01066	3.624410471							
-1.51384	8.538805032							
1.25476	12.42121232							
4.23672	16.38502205							
7.2517	20.05035616							
10.11682	25.2360922							
11.94816	26.34948192							
10.15238	13.58887033							
8.39216	5.633671897							
6.51256	0.257996818							
4.68884	-1.534191423							
2.32156	-6.095397236							
2.0955	-6.04112894							
2.08026	-5.769342637							
-1.99898	-12.66541965							
-6.5532	-20.62061809							
-11.08202	-28.98282875							
-15.12824	-35.71610088							
-16.91132	-36.74764333							
-18.8595	-37.7796306							
-20.81022	-38.7297706							
-20.57146	-31.99649848							
-19.27606	-23.17256248							
-18.0213	-16.14081472							
-16.79194	-10.08634112							
-15.6464	-6.203933829							
-13.34008	-0.882527046							
-9.7663	4.764934335							
-5.60832	10.65660305							
-0.94996	15.05500397							
3.98526	18.85600882							
8.94334	22.81981855							
13.87602	27.81517074							
18.161	32.15930336							
18.49628	22.4666298							
15.62608	8.267018729							
12.90574	1.099600231							
10.88898	-2.782807058							
6.52018	-7.045537242							
3.87096	-9.299006001							
3.78714	-9.678884074							
0.32004	-13.53415721							
-4.68376	-18.04109473							
-9.53008	-23.98703174							
-14.4526	-29.30843852							
-19.28622	-35.82463747							
-19.32432	-24.66583027							
-15.9766	-9.950670377							
-13.27912	-0.583606595							
-10.59942	1.425210008							
-6.88594	6.909866501							
-2.61874	12.09560254							
2.09042	16.05941228							
7.03072	19.91468542							
12.03198	23.52575122							
16.8783	29.0099629							
18.9865	24.50302538							
16.04518	10.03207282							
13.26642	1.805532904							
11.13536	-2.049740237							
7.3025	-4.737800187							
4.0132	-8.484536735							
3.85572	-8.783012365							
3.85064	-8.674475772							
3.5306	-9.434676741							
-2.99974	-16.4664245							
-9.46404	-23.63428782							
-16.129	-30.20475506							
-22.61108	-38.29517941							
-27.08656	-40.63049544							
-28.7401	-34.30423553							
-26.12136	-19.073082							
-23.57628	-8.864414809							
-21.39696	-3.163129953							
-19.80946	-0.773990454							
-16.91894	2.511465577							
-11.72718	8.376000143							
-5.6007	13.99588255							
0.81026	19.88755127							
7.86892	21.67929469							
14.859	26.07769561							
21.65096	31.45337069							
26.1239	27.6252317							
22.7584	11.17215186							
19.26082	1.832667052							
16.85036	-2.239679274							
11.9888	-4.520727002							
6.34492	-9.787865488							
4.9784	-11.22642016							
4.96062	-11.06361527							
4.96062	-10.76513964							
4.93522	-10.43908504							
4.92252	-10.57520061							
