"""Thompson and Wallace, 1994, C2"""	
800	
0.41148	6.231067977
0.41656	6.421007014
0.39624	6.203933829
0.42418	6.828464057
0.08636	-0.339399262
-0.05588	-2.076874385
-0.06858	-2.592868021
-0.11938	-3.705812915
-0.13462	-3.81479433
-0.12954	-3.48873973
-0.1524	-3.787660182
-0.13716	-3.651544619
-0.14478	-4.276074847
-0.18034	-4.031867514
-0.14732	-3.896196774
-0.16256	-4.54786115
-0.19558	-4.303208995
-0.16256	-4.737800187
-0.2667	-6.991268946
-0.32766	-7.860006507
-0.32258	-7.968543099
-0.34036	-7.968543099
-0.33528	-8.321731847
-0.39116	-9.706018222
-0.4953	-11.7424138
-0.58928	-13.10001085
-0.64516	-14.18582159
-0.72644	-15.00029086
-0.67056	-12.93720596
-0.60706	-11.36253572
-0.57404	-9.326140149
-0.49784	-7.751469915
-0.42164	-6.556677754
-0.37338	-5.036275816
-0.2794	-2.809941206
-0.20066	-0.82825875
-0.14478	0.502204151
-0.09144	1.941203644
-0.08128	1.099600231
-0.14732	-0.991063639
-0.25654	-2.538599725
-0.28956	-3.977599218
-0.32004	-5.498001156
-0.36322	-5.932147526
-0.3683	-6.285336273
-0.41148	-7.642933322
-0.48514	-9.109066964
-0.60198	-11.22642016
-0.65278	-13.42562062
-0.70612	-14.45760789
-0.68072	-13.12714499
-0.61468	-11.00934698
-0.54102	-9.706018222
-0.49784	-8.077079692
-0.45974	-6.421007014
-0.34544	-4.602129447
-0.24892	-2.511465577
-0.22098	-0.882527046
-0.13716	0.610740743
-0.06096	2.267258244
-0.09652	0.773990454
-0.18796	-0.773990454
-0.20574	-2.185410977
-0.27178	-4.438879736
-0.3429	-5.226214853
-0.34798	-5.606537748
-0.33528	-5.498001156
-0.44196	-8.158482136
-0.69342	-13.69740693
-0.8509	-17.25375961
-1.03632	-20.86482542
-1.21666	-21.65216054
-1.28778	-20.37641076
-1.08712	-15.57055279
-0.93726	-11.90521868
-0.74422	-8.23988458
-0.5969	-4.357477292
-0.3302	0.719277336
-0.16256	3.81479433
-0.01016	6.583811902
0.13462	9.570347482
0.34544	12.17700499
0.44196	12.50261476
0.27432	8.131347988
0.09398	4.276074847
-0.0254	0.882527046
-0.19304	-2.999880242
-0.31496	-5.687940193
-0.3683	-6.01354997
-0.37338	-6.801329909
-0.58928	-10.60233475
-0.8001	-15.05500397
-0.99568	-17.44414347
-1.14554	-19.91468542
-1.2954	-21.70642884
-1.16078	-17.76975325
-1.03124	-13.69740693
-0.82042	-9.896402081
-0.65024	-6.366738717
-0.42164	-1.886935348
-0.26416	2.32152654
-0.0635	5.498001156
0.1016	7.588665026
0.254	10.33054845
0.41656	13.12714499
0.35814	10.14060941
0.1905	6.04112894
0.02032	2.375794836
-0.16256	-1.316673416
-0.28956	-4.792068483
-0.34544	-5.850745081
-0.37592	-5.986415822
-0.58166	-10.6837372
-0.99568	-17.36274103
-1.35636	-22.68414781
-1.73482	-26.43088436
-2.12598	-29.17276778
-2.29362	-29.39028579
-2.09296	-24.80150101
-1.8669	-19.75188053
-1.49352	-13.37135233
-1.1303	-7.425415315
-0.72136	-1.778398756
-0.35814	2.267258244
-0.0127	7.995677248
0.3302	12.42121232
0.67564	15.78762597
1.0287	20.56634979
1.3716	23.03689174
1.2827	20.1860269
1.10998	16.60254006
0.91694	12.6925538
0.61976	7.07267139
0.28194	0.82825875
-0.0762	-4.248940699
-0.33528	-8.022811396
-0.54102	-10.6837372
-0.95504	-15.70622353
-1.32842	-19.48009423
-1.62052	-22.57561122
-1.84658	-25.2903605
-2.04724	-28.46683511
-2.27076	-29.44455409
-2.25044	-28.00555459
-2.06248	-23.74282441
-1.8796	-20.1860269
-1.6764	-16.16794887
-1.31826	-10.03207282
-0.94488	-4.737800187
-0.5334	0.068057781
-0.20574	4.683531891
0.15748	9.271871852
0.5207	13.47988892
0.88138	17.49841177
1.1938	21.27228247
1.36398	22.14102003
1.18872	18.20434444
1.0287	14.75608352
0.82296	11.49820646
0.68326	8.511670884
0.4445	2.945611946
0.20066	-0.203728522
-0.09652	-4.194672403
-0.3429	-7.50681776
-0.40132	-7.778604063
-0.79502	-13.42562062
-1.41732	-19.64334394
-1.94818	-25.75208584
-2.5146	-31.6708887
-3.02514	-35.41762525
-3.3401	-37.07369792
-3.28676	-35.0101682
-3.1242	-31.96936433
-2.91084	-27.897018
-2.5654	-21.65216054
-2.03708	-13.58887033
-1.47066	-7.615799174
-0.89408	-1.968337793
-0.34798	4.710666039
0.17526	10.65660305
0.78994	16.90101569
1.28016	21.89681269
1.70434	25.31749464
2.0193	27.27248777
2.25552	28.65721897
2.43332	28.52110341
2.27838	25.53456783
2.08026	21.89681269
1.84658	18.36714933
1.55194	13.58887033
1.08712	7.126939686
0.5969	2.076874385
0.07874	-3.244532397
-0.37846	-8.348865995
-0.4445	-8.56593918
-0.43434	-8.430268439
-0.83312	-12.7468221
-1.4097	-18.47568592
-1.9431	-23.93276345
-2.5273	-29.39028579
-3.03784	-33.6797053
-3.3528	-36.47630184
-3.12928	-31.45337069
-2.8575	-26.91929903
-2.6162	-22.57561122
-2.21234	-16.27648546
-1.75006	-10.71087135
-1.30302	-6.095397236
-0.82804	-1.316673416
-0.34036	4.059001663
0.21844	10.22201186
0.84836	15.89660739
1.49606	21.43508735
1.9812	25.10042146
2.33426	28.46683511
2.37744	27.35389022
2.22758	24.28595219
2.05994	21.29941661
1.8796	18.23147859
1.69672	15.65195523
1.39446	11.6881455
1.11252	7.832872359
0.81534	4.466013884
0.32766	-0.502204151
-0.2159	-6.203933829
-0.44196	-8.10421384
-1.12776	-15.67908938
-1.86182	-22.49376395
-2.63906	-29.87870046
-3.40614	-36.61197258
-4.04368	-41.22744669
-4.3688	-40.92897107
-3.88874	-32.40395552
-3.36804	-24.50302538
-2.69494	-16.38502205
-1.99136	-9.271871852
-1.143	-1.941203644
-0.3556	5.470867008
0.42672	12.47548062
1.22936	18.93741126
2.02946	25.64354924
2.8575	32.10503507
3.37566	34.54844286
3.44932	33.27269308
3.18008	28.76575556
2.8575	23.63428782
2.33172	16.08654642
1.61798	9.02766452
0.84328	2.620002169
0.0762	-3.977599218
-0.35814	-8.674475772
-0.82296	-13.34421818
-1.62052	-20.26742934
-2.43586	-26.59368925
-3.2258	-33.05517507
-3.99288	-39.05538038
-4.22402	-37.86103304
-3.5179	-26.34948192
-3.0861	-19.99608786
-2.54254	-14.48474204
-1.82372	-8.077079692
-0.98044	-1.126734379
-0.21082	6.176799681
0.53848	12.99147425
1.39446	19.20875274
2.21996	24.82907998
2.83464	29.82443216
3.22326	32.45822381
3.50774	34.57557701
3.25882	29.77016386
2.91338	23.851361
2.43332	17.57981421
1.97612	11.95948698
1.48082	7.860006507
0.96012	3.841928478
0.27178	-2.32152654
-0.32258	-8.294597699
-0.38862	-8.945817253
-0.42672	-8.538805032
-1.3589	-18.28574689
-2.56032	-26.97356732
-3.7465	-37.04656378
-4.953	-44.62143932
-5.85216	-47.06484711
-6.40588	-48.06925541
-6.6294	-46.63025592
-6.39572	-42.34083641
-6.19506	-38.89257549
-6.00964	-35.74323502
-5.7404	-31.6166204
-5.20446	-24.77436686
-4.51612	-19.45296008
-3.82016	-13.96874841
-2.9845	-7.995677248
-1.92278	-1.099600231
-0.90678	5.362330416
0.15748	12.77395625
1.4224	20.37641076
2.64922	28.52110341
3.61696	35.33577798
4.37642	39.32716668
4.9403	41.28171499
5.2578	42.17803152
5.43306	42.36797056
5.53974	42.5579096
5.62864	42.96536664
5.77342	42.72071448
5.78866	42.09618426
5.68452	40.1145018
5.58546	38.67550231
5.46862	36.91089304
5.18922	33.08230922
4.44754	23.52575122
3.71602	17.66121666
2.98196	12.50261476
2.0447	6.01354997
1.08458	-0.23086267
0.14986	-7.235476279
-0.35052	-10.92794453
-0.3683	-10.90081038
-0.36322	-10.76513964
-1.26238	-17.7426191
-2.49174	-25.75208584
-3.70586	-33.78824189
-4.95808	-40.60291647
-6.13664	-47.11911541
-6.7056	-47.47230416
-6.57352	-44.43150028
-6.39572	-41.85197692
-6.00202	-35.28150968
-5.39242	-26.67509169
-4.74218	-20.89195957
-3.80492	-13.69740693
-2.76606	-6.774195761
-1.57988	0.312265114
-0.41148	7.588665026
0.84582	15.10927227
2.10312	22.14102003
3.33502	29.66162727
4.39166	35.66183258
5.22986	40.46724573
5.67944	40.1145018
5.16636	31.94223018
4.87934	29.17276778
4.4577	24.2316839
3.95732	19.61620979
3.30962	15.21780886
2.43332	9.054798668
1.48336	2.918477798
0.52832	-3.705812915
-0.2921	-9.869267933
-0.46228	-11.47107231
-1.79324	-20.70202053
-3.12928	-29.44455409
-4.47294	-37.23650281
-5.81406	-44.05117739
-7.04342	-48.63951735
-8.1026	-51.2190407
-8.96874	-49.39971832
-8.8265	-46.63025592
-8.81634	-45.92476807
-8.79094	-45.70725006
-8.81126	-45.40877443
-8.75792	-44.8385125
-8.74268	-44.54003687
-8.56488	-41.71630618
-8.16864	-35.52616184
-7.6962	-28.9556946
-7.1755	-24.63869612
-6.25602	-18.39428348
-4.65582	-8.810146513
-2.8194	-0.122326078
-1.10998	6.909866501
0.58674	15.027425
2.31902	23.71569026
4.00812	32.94663848
5.72262	41.47209885
6.99008	44.59430517
7.90194	45.81578666
8.19912	44.8385125
8.04926	42.80211693
8.04926	42.04191596
8.02132	42.01478181
8.01624	41.20031255
7.98576	41.499233
7.94258	41.28171499
7.60476	35.98744236
7.1755	30.88355358
6.2611	22.43949566
5.24764	16.11368057
4.25704	10.60233475
2.86258	3.163129953
1.15824	-4.493148032
-0.24638	-11.66101135
-0.39116	-12.14987084
-1.3716	-18.63849081
-3.04292	-27.67949999
-4.77012	-35.85177162
-6.42874	-42.66644619
-8.11022	-48.09638956
-8.63854	-43.01963494
-7.48284	-27.48956096
-6.5405	-20.48494735
-5.1816	-11.76954794
-3.3655	-2.430063132
-1.61036	4.656397743
0.12954	11.76954794
1.87198	19.77901468
3.58648	27.6252317
5.3467	35.55329599
6.81736	40.98323936
7.8867	44.54003687
7.78256	39.08251453
7.04342	29.52595653
6.23316	22.30382492
5.18922	16.14081472
3.89382	8.728744068
2.46634	1.615593867
0.76454	-6.01354997
-0.32004	-12.17700499
-0.36068	-11.49820646
-1.9304	-21.05476446
-4.05892	-31.69802285
-6.19506	-40.82043447
-8.36168	-47.90645053
-10.5918	-51.2190407
-10.58418	-36.80191162
-9.22528	-24.12314731
-8.39978	-18.63849081
-6.74116	-9.407542593
-4.48818	-0.420801707
-2.2225	6.231067977
0.03302	12.7468221
2.27076	21.35368491
4.4577	30.74743802
6.70052	39.86984965
8.62076	45.05558569
10.14222	46.98344467
10.43432	42.01478181
10.02284	36.74764333
9.6139	31.88796188
8.88746	24.85621413
7.99846	20.10462445
7.16788	16.00514398
6.30936	11.44393817
4.56946	3.651544619
2.39268	-3.624410471
0.13462	-10.73800549
-0.34798	-12.44834647
-1.60528	-18.96454541
-3.7846	-28.79288971
-5.93598	-37.07369792
-7.9629	-42.88396419
-9.49198	-46.54885348
-10.58164	-48.96557195
-11.08202	-49.69863877
-11.36142	-49.91571195
-11.65606	-50.15991928
-11.4173	-45.27310369
-11.0236	-39.7341789
-10.34542	-31.15489506
-9.32688	-23.76995856
-8.128	-15.51628449
-6.83514	-9.190469408
-4.9784	-1.507057275
-2.6797	5.280927971
-0.45466	10.95507868
1.84404	18.69275911
4.04622	27.65236585
6.3246	35.66183258
8.26516	41.22744669
9.64692	44.70284176
10.5918	46.60312177
10.52322	41.96051352
10.1346	36.96516133
9.66978	31.56190728
8.60806	22.71128196
7.2009	15.13640642
5.6642	8.049945544
3.90144	0.882527046
1.6891	-6.068263088
-0.23368	-11.98662113
-0.3556	-12.04133425
-0.3429	-11.52534061
-0.37846	-11.82381624
-2.11074	-20.81055713
-4.74472	-31.88796188
-7.36854	-40.54864817
-10.02792	-47.03771296
-12.8651	-51.08292514
-13.16228	-36.04171065
-11.17092	-20.48494735
-9.68756	-12.36694402
-7.05104	-2.45719728
-4.17576	5.009141668
-1.29032	10.43908504
1.56972	17.82402155
4.04114	27.16395118
5.8547	33.62543701
7.49554	38.40416083
9.17702	42.80211693
10.66292	45.46304273
12.13104	46.92917637
13.1953	46.57598762
12.77366	37.86103304
12.00658	29.30843852
10.86104	21.35368491
9.15924	12.99147425
7.01548	4.411745588
4.80568	-1.696996312
2.13106	-7.914274803
-0.1905	-13.72454107
-0.3556	-14.15868744
-1.88214	-20.05035616
-4.53644	-29.90583461
-7.0231	-37.69822815
-9.07796	-42.85638522
-10.60958	-45.54444517
-11.95832	-47.58084075
-13.35278	-50.15991928
-14.224	-49.67150462
-14.2494	-46.79350563
-13.97254	-42.74784863
-13.56868	-37.7796306
-12.89304	-29.90583461
-12.04468	-23.17256248
-11.18108	-18.44855178
-10.30986	-13.61600448
-8.72744	-6.882732353
-6.4389	0.746411484
-4.20624	6.095397236
-1.95072	9.706018222
0.2667	13.80594352
2.4638	20.29456349
5.14604	29.47168824
7.98068	37.04656378
10.91692	42.69358034
12.97178	45.43590858
12.58316	34.49417457
11.77544	26.43088436
10.95248	21.05476446
9.63168	14.59327863
7.63524	6.774195761
5.37464	-0.746411484
3.18516	-5.606537748
0.46482	-11.52534061
-0.3048	-13.31708403
-0.32258	-13.28994988
-2.94894	-23.71569026
-6.46938	-35.17297309
-10.03808	-44.45863443
-12.8524	-47.85218223
-15.59814	-49.86144366
-18.40992	-41.33598329
-19.3548	-38.26804526
-19.18208	-36.3948994
-19.03476	-33.87008916
-18.95602	-33.05517507
-18.9357	-32.64816285
-18.8976	-32.26783996
-18.86966	-31.96936433
-18.85188	-31.56190728
-18.83156	-31.18202921
-18.81886	-30.63890143
-18.76044	-30.20475506
-18.64868	-28.76575556
-18.16862	-23.09116003
-17.51076	-17.66121666
-16.86306	-14.70181523
-15.14856	-6.964134798
-11.33094	2.972746094
-7.62	8.647341624
-3.8481	13.26281573
-0.45974	19.23588689
1.7145	23.93276345
3.7846	29.58022483
6.01472	34.68455843
8.25246	38.59409986
10.10412	41.36311743
11.88974	43.39951301
13.49248	44.75711006
14.85646	45.00131739
15.75054	44.64857347
16.18742	44.40436613
16.42872	43.91550664
16.61922	44.62143932
16.80718	44.43150028
16.99006	44.32251887
17.16786	44.10544568
17.34058	43.8883725
17.52854	44.18684813
17.70126	44.02404324
17.87906	44.15971398
18.0467	44.02404324
18.24482	44.10544568
18.4404	43.94264079
18.48866	42.93823249
18.27784	40.1687701
18.06956	37.64395986
18.02384	36.96516133
17.98828	36.61197258
17.95272	36.25922866
17.91462	35.79750332
17.87652	35.60756428
17.84604	35.52616184
17.39392	30.25902335
15.98676	19.56194149
14.56944	13.80594352
13.17752	8.783012365
11.43762	3.217398249
8.52678	-3.380203138
5.44576	-7.724335767
1.70434	-12.50261476
-0.24892	-15.95087568
-0.32258	-15.57055279
-3.02514	-23.28109907
-6.72846	-30.39469409
-10.41654	-35.14583894
-13.44676	-37.83389889
-15.6718	-39.32716668
-17.30502	-40.03309936
-18.25752	-40.22303839
-18.7071	-40.1145018
-19.08048	-40.52151402
-19.50466	-40.08736765
-19.24558	-35.25437554
-18.90522	-30.63890143
-18.1991	-22.87408685
-17.05102	-15.4077479
-14.56182	-4.656397743
-11.4427	3.244532397
-7.99084	8.674475772
-4.08432	12.93720596
-0.18288	18.91027712
3.65506	27.29962192
6.98246	33.54403456
9.9949	37.88816719
12.55268	40.71189788
15.0876	42.20516567
17.49044	43.39951301
18.43278	40.41297743
17.92732	34.84736331
17.49298	30.12335261
16.75384	23.30823322
14.85646	14.4033396
12.4968	6.122531384
9.61898	-1.452344157
6.55066	-6.529543606
3.38836	-10.52048749
0.06096	-15.43488205
-0.27178	-15.48915034
-0.3048	-15.29921131
-0.31242	-15.19067472
-2.73304	-22.05961758
-8.29818	-31.75229114
-14.05382	-37.3993077
-18.8214	-39.65277646
-22.26564	-39.13722765
-24.12492	-38.97397794
-24.83612	-38.48556327
-25.07234	-38.53983157
-25.19934	-38.02383793
-25.29078	-38.29517941
-25.38222	-37.94243549
-25.46858	-38.24091111
-25.52954	-38.05097208
-25.62098	-37.86103304
-25.70734	-37.94243549
-25.79624	-37.88816719
-25.89276	-38.10524037
-25.98166	-38.10524037
-26.08072	-38.07810623
-26.16708	-38.13237452
-26.26868	-38.10524037
-26.37282	-38.13237452
-26.4795	-37.88816719
-26.58364	-37.91530134
-26.68778	-37.96956963
-26.75128	-37.88816719
-27.11958	-38.15950867
-27.7241	-37.7253623
-28.75026	-37.7253623
-29.82722	-37.01942963
-29.02966	-26.64795754
-28.05684	-16.98241813
-26.57602	-9.543213333
-24.892	-2.484331429
-23.24862	2.75567291
-20.32508	9.000085549
-15.53972	13.77880937
-9.38276	17.09095473
-3.25628	20.29456349
2.39268	28.22262778
8.10006	35.79750332
13.87602	41.1731784
19.90852	41.93337937
24.61514	40.38584328
26.29154	39.54423987
27.07386	38.59409986
27.50058	38.59409986
27.76728	38.43129497
28.03144	38.34944771
28.29306	38.40416083
28.5623	38.40416083
28.86202	38.29517941
29.13888	38.13237452
29.42082	38.05097208
29.24048	33.76110775
28.36672	25.07328731
27.4828	17.90542399
26.63444	13.20854744
25.71496	9.977804525
24.1808	5.498001156
21.30298	-2.267258244
17.74952	-7.778604063
13.59408	-11.17215186
8.74522	-14.0230167
3.78714	-16.95528399
0.09144	-20.91909372
-0.1397	-20.83769127
-3.5306	-25.88775658
-8.1534	-31.10062677
-12.8905	-34.27710138
-17.55648	-36.36776525
-22.15642	-37.10083207
-26.93416	-36.69337503
-29.68244	-32.53962626
-26.8732	-10.03207282
-23.79472	1.452344157
-20.0406	9.543213333
-16.22044	13.88734596
-11.39952	16.03227813
-6.67004	18.39428348
-1.71958	21.32655076
3.26136	27.897018
7.90194	33.24555893
11.77544	35.79750332
15.2654	37.37217355
18.92808	38.43129497
22.61108	38.51269742
26.34488	37.48071015
28.53944	37.04656378
29.29636	32.21357166
28.0035	19.99608786
26.40584	11.76954794
24.65832	5.769342637
22.3393	-0.610740743
18.0848	-7.914274803
13.05814	-12.0684684
8.26516	-15.027425
3.47726	-16.92814984
0.03048	-20.1860269
-0.16002	-20.1317586
-0.17526	-19.77901468
-2.7432	-24.47589123
-8.86714	-30.63890143
-15.15618	-34.27710138
-20.9169	-35.36335695
-26.2255	-35.41762525
-31.27756	-35.0644365
-35.11296	-34.19569894
-37.2999	-33.48976626
-38.88232	-33.27269308
-40.18026	-32.64816285
-38.87978	-17.11808887
-36.90874	-6.176799681
-34.21634	4.38461144
-31.13786	11.6881455
-27.12212	17.52554592
-22.43836	20.56634979
-17.8308	21.67929469
-11.47572	22.7926844
-5.21716	23.68855611
1.0033	27.48956096
7.03834	32.43108967
12.70762	35.52616184
17.29994	36.82904577
21.07946	36.93802718
24.39162	36.58483844
27.66822	35.93317406
30.93466	35.03730235
33.44926	34.27710138
35.72764	33.62543701
37.28974	32.75669944
38.61308	32.40395552
39.91864	31.15489506
39.46652	23.52575122
38.35654	13.99588255
36.19754	4.357477292
33.4518	-4.140404107
30.32506	-10.05920697
26.05278	-15.19067472
21.06168	-17.87828984
16.12138	-18.88314297
11.28776	-19.26302104
6.53796	-20.4035449
1.87198	-22.5208981
0.01016	-23.71569026
-0.0254	-23.36294634
0.07874	-22.00534929
