"""Thompson and Wallace, 1994, D1"""	
840	
-0.0508	0.149460226
-0.1651	-2.104008533
-0.18034	-4.792068483
-0.25654	-6.746616791
-0.38608	-8.674475772
-0.41656	-11.47107231
-0.51054	-12.91007181
-0.41402	-9.73315237
-0.35814	-7.045537242
-0.2413	-3.732947063
-0.12954	-0.583606595
-0.0508	1.72413046
0.01016	3.977599218
0.10668	6.583811902
0.1905	8.945817253
0.25908	11.30826743
0.36322	13.26281573
0.28956	10.16774356
0.17272	7.154073834
0.13208	4.84633678
0.04572	2.131142681
-0.0762	-0.013789485
-0.0508	0.122326078
-0.1016	-2.049740237
-0.24638	-4.84633678
-0.25654	-6.339604569
-0.33782	-9.136201112
-0.508	-12.33980988
-0.4826	-12.09560254
-0.38862	-9.977804525
-0.37592	-6.828464057
-0.2159	-4.059001663
-0.12954	-1.018197787
-0.0889	1.208136824
0.04572	4.330343144
0.11684	5.986415822
0.18796	8.945817253
0.29718	11.57960891
0.36322	12.88293766
0.25146	9.543213333
0.19558	6.855598205
0.10922	4.38461144
0.01016	1.832667052
-0.04572	-0.176594374
-0.04826	-0.936795343
-0.15748	-3.81479433
-0.37338	-8.728744068
-0.5588	-15.84233909
-0.75184	-20.59348394
-0.98552	-24.28595219
-1.07442	-26.70222584
-0.98552	-23.19969663
-0.8636	-18.25861274
-0.66294	-12.80153522
-0.46482	-7.398281167
-0.24892	-0.963929491
-0.1143	4.303208995
0.1397	9.950670377
0.33528	14.78321767
0.52324	19.1816186
0.7239	23.03689174
0.93726	25.69781754
0.74676	19.1816186
0.51308	13.53415721
0.3302	8.10421384
0.1524	2.89134365
-0.02032	-1.941203644
-0.09906	-2.701404613
-0.10922	-3.896196774
-0.3048	-9.488945037
-0.55372	-15.95087568
-0.78232	-20.53921565
-0.94742	-24.74723271
-1.07696	-26.48515266
-0.89154	-20.15889275
-0.6985	-14.29480301
-0.51054	-9.000085549
-0.28448	-2.809941206
-0.12192	2.674270465
0.11176	7.941408951
0.3048	12.7468221
0.4953	17.60694836
0.71374	22.27669077
0.92964	26.40375021
0.79248	20.34927661
0.57912	14.56614449
0.32004	9.190469408
0.18542	4.031867514
0.01016	-0.963929491
-0.0508	-2.402928984
-0.1524	-3.705812915
-0.45974	-13.61600448
-0.83058	-22.87408685
-1.2192	-30.2861575
-1.6764	-34.84736331
-1.94818	-37.56211259
-2.02438	-36.55770429
-1.79578	-30.2861575
-1.57988	-24.93761657
-1.24206	-17.52554592
-0.92964	-9.842133785
-0.60198	-1.507057275
-0.34036	5.036275816
-0.06604	11.44393817
0.28702	17.19949132
0.61468	21.70642884
0.93218	27.24535363
1.22936	31.6166204
1.60782	35.36335695
1.9304	37.53497844
1.63322	29.03709704
1.2827	21.19088002
0.94996	14.32193715
0.66548	7.126939686
0.37592	-0.013789485
0.0762	-6.692348495
-0.05842	-8.158482136
-0.3683	-14.94602256
-0.67564	-19.91468542
-0.9906	-25.12755561
-1.35382	-29.39028579
-1.66116	-33.24555893
-1.99644	-37.671094
-1.93294	-33.16415649
-1.63576	-25.88775658
-1.29794	-18.50282007
-0.9144	-10.14060941
-0.51308	-0.475070003
-0.19812	7.208342131
0.18796	13.56173618
0.57404	19.83328297
0.94742	25.1818239
1.35636	30.58463313
1.72212	35.49902769
1.88976	35.52616184
1.6383	28.79288971
1.35636	22.35809321
1.0287	15.65195523
0.72898	8.647341624
0.44196	1.669862163
0.13716	-5.090544112
-0.03556	-8.049945544
-0.00508	-7.53439673
-0.01016	-7.53439673
-0.23622	-12.36694402
-0.7493	-20.32214246
-1.17348	-26.78362829
-1.66624	-32.94663848
-2.1463	-38.89257549
-2.68478	-43.04676908
-3.0988	-45.35450614
-2.8702	-39.81558135
-2.6035	-34.35850383
-2.26822	-27.6252317
-1.76022	-17.7968874
-1.19888	-6.93700065
-0.5969	1.778398756
-0.1016	10.81940794
0.50038	19.48009423
1.09982	27.54382925
1.71196	35.0101682
2.18694	39.65277646
2.59334	42.80211693
2.9718	44.94704909
2.78638	39.70704476
2.53238	34.08716235
2.0574	26.07769561
1.48844	15.00029086
0.93218	4.194672403
0.37338	-3.597276323
-0.01778	-8.403134291
-0.31242	-14.15868744
-0.88138	-22.62987952
-1.47066	-29.39028579
-2.0955	-36.0145765
-2.69494	-41.71630618
-3.06832	-43.61658619
-2.82702	-38.45842912
-2.50952	-32.05076677
-2.14122	-25.01901901
-1.69164	-17.03668643
-1.2446	-8.864414809
-0.76454	-1.126734379
-0.3556	5.850745081
0.23622	14.51187619
0.82296	22.4666298
1.44272	29.36315164
2.04216	35.68896673
2.70002	42.01478181
2.82956	40.76616618
2.56286	33.87008916
2.15646	27.21821948
1.68402	18.77416155
1.12776	8.376000143
0.57912	-0.583606595
0.0762	-8.049945544
-0.02286	-8.403134291
-0.46736	-16.7924791
-1.18364	-26.21336635
-1.85928	-33.38122967
-2.5527	-39.95169691
-3.25374	-45.78865251
-3.92938	-49.9428461
-3.95478	-45.2188354
-3.30962	-33.92435746
-2.66192	-23.00975759
-1.88722	-12.12273669
-1.04902	-2.565733873
-0.31496	7.561530878
0.44704	18.50282007
1.27	28.11409119
2.13106	36.23209451
2.84734	42.82925108
3.39852	46.76637148
3.84048	49.20977928
4.03098	47.93358467
3.73888	41.71630618
3.44424	36.42203355
2.921	28.38543267
2.27076	17.8511557
1.49606	8.620207476
0.74676	-1.045331935
0.11176	-9.16333526
0.02286	-9.326140149
-0.0254	-11.33540157
-0.84836	-22.35809321
-1.67894	-30.80170631
-2.54	-38.21377697
-3.34772	-44.29538472
-4.03606	-49.12837683
-4.0767	-46.03330466
-3.71602	-39.40856913
-3.36042	-33.43549797
-2.79908	-25.2360922
-2.16916	-15.57055279
-1.53924	-8.376000143
-0.74676	1.452344157
-0.0254	11.66101135
0.77724	21.92394684
1.51638	28.92856045
2.01676	33.57116871
2.50952	37.94243549
3.05562	42.09618426
3.57632	45.8429208
4.10972	49.31831587
3.86588	43.75270176
3.53568	37.86103304
3.41122	35.74323502
3.39852	35.17297309
3.37566	34.95589991
3.19278	32.51249211
2.76352	25.1818239
2.21488	16.95528399
1.4224	7.615799174
0.65024	-1.534191423
0.10668	-9.136201112
-0.03556	-11.38966987
-1.22936	-25.77921998
-2.45618	-36.82904577
-3.72872	-46.14184126
-4.89204	-53.11932072
-5.8674	-56.32292948
-6.46938	-56.62184993
-6.24586	-52.06064412
-5.95122	-46.87490808
-5.46862	-39.89742862
-4.826	-30.69316972
-4.11226	-22.81981855
-3.3782	-17.47127762
-2.59588	-11.09074942
-1.83134	-4.629263595
-1.10236	2.674270465
-0.29718	11.95948698
0.61722	22.65701366
1.6383	31.94223018
2.67462	39.00111208
3.56108	45.68011592
4.43484	50.83871781
5.334	54.04232657
5.98932	55.10144799
6.3246	55.72597822
6.25602	52.19631486
6.04266	48.63951735
5.77596	44.81137835
5.29844	37.56211259
4.79806	30.88355358
4.08178	22.05961758
3.06578	14.97315671
1.81102	5.036275816
0.72136	-5.44373286
0.10922	-11.36253572
0.0762	-11.6881455
-0.90424	-23.03689174
-2.13868	-33.48976626
-3.36296	-40.60291647
-4.29514	-45.59871347
-5.1054	-49.83430951
-5.78104	-53.22785731
-6.20522	-55.07431385
-6.49478	-55.58986266
-6.33222	-51.59891878
-6.06552	-47.6079749
-5.68198	-42.04191596
-5.1054	-34.03289405
-4.43992	-24.99188487
-3.71602	-19.26302104
-2.91846	-13.80594352
-2.15646	-8.131347988
-1.35636	-0.447935855
-0.3048	10.87367623
0.85344	23.63428782
2.1336	33.62543701
3.36296	41.1189101
4.7371	47.79791393
5.70738	52.03350997
6.1722	53.74385094
6.35254	52.79371094
6.14172	49.15551098
5.93852	45.32737199
5.51434	39.30003254
4.84124	30.50323069
3.94208	21.24514832
2.78384	12.58401721
1.59004	2.89134365
0.44704	-8.321731847
0.07874	-11.36253572
0.05842	-11.19928601
-1.06426	-23.76995856
-2.77622	-36.3948994
-4.02082	-43.64416516
-5.17906	-49.58965735
-6.34746	-54.58545436
-7.53364	-57.02886215
-8.91794	-52.73944264
-8.56488	-45.35450614
-8.5344	-44.43150028
-8.41756	-42.69358034
-8.06958	-38.05097208
-7.19328	-27.02783562
-6.20014	-19.61620979
-5.16128	-14.45760789
-4.11988	-9.081932816
-2.99466	-2.484331429
-1.9304	2.972746094
-0.94742	10.3576826
-0.00508	18.39428348
1.2446	29.17276778
2.60096	37.80676475
4.0386	44.8385125
5.51434	50.83871781
6.7056	54.36838117
7.38124	55.53559436
7.68096	55.39992362
7.90194	55.83451481
8.16102	56.21439289
8.39724	56.02445385
8.64362	56.07872215
8.88746	56.16012459
8.70712	52.41338804
8.58774	49.8885778
8.509	48.91130365
8.42264	47.93358467
8.34136	46.54885348
8.23468	45.46304273
7.73938	38.8383072
7.09676	30.50323069
6.13156	22.14102003
4.82092	14.94602256
3.42392	7.425415315
2.032	0.719277336
0.71882	-8.484536735
0.08128	-13.0728767
0.0635	-13.15427914
-0.889	-21.86967855
-2.39268	-31.39910239
-3.94208	-38.05097208
-5.13842	-42.04191596
-6.17474	-45.65298177
-7.1374	-48.80232224
-7.87146	-49.67150462
-8.26516	-50.13278514
-8.45058	-50.24132173
-8.64362	-50.62164462
-8.8265	-50.75731536
-8.99668	-50.78444951
-9.18972	-50.86585196
-9.05764	-48.34104172
-8.9027	-45.87005495
-8.75538	-43.91550664
-8.60806	-42.04191596
-8.46582	-40.08736765
-8.21182	-36.55770429
-7.57936	-28.73862141
-6.91896	-21.67929469
-5.92582	-16.05941228
-4.82854	-10.76513964
-3.32232	-3.325934842
-1.92532	4.303208995
-0.57658	14.077285
0.72898	24.34022049
2.10312	33.6797053
3.50774	39.97883106
5.02666	45.32737199
6.3754	49.6167915
7.66826	53.22785731
8.85698	54.55832021
7.90194	40.60291647
7.0739	29.98723705
6.20776	22.87408685
5.31622	17.98682644
4.02082	10.95507868
2.56032	3.624410471
1.05664	-5.308062119
0.0889	-12.0684684
0.0635	-11.93235283
-0.23368	-15.24494301
-2.05232	-28.14122533
-4.01066	-36.74764333
-5.95884	-43.5080496
-7.6073	-47.66224319
-8.81888	-49.67150462
-9.7409	-50.43170559
-10.3886	-50.10565099
-10.90422	-50.05138269
-11.43762	-50.37699247
-11.54176	-47.01057882
-11.20648	-42.82925108
-10.90676	-39.35430083
-10.62482	-36.23209451
-10.34288	-32.78383359
-9.80948	-26.64795754
-9.02462	-19.53436252
-8.04672	-14.81035182
-6.2865	-6.991268946
-4.4323	-0.82825875
-2.30632	6.882732353
-0.27178	19.29015519
1.83642	33.35409552
4.06654	42.77498278
5.77596	47.33618859
7.16788	50.81158366
8.19404	53.11932072
9.12622	54.80252754
9.99998	55.42705777
10.81278	53.44537532
11.29284	51.40897974
11.23442	47.79791393
10.93216	43.5623179
10.59688	39.35430083
10.06094	32.91950433
9.29132	24.55729367
8.22452	17.71548495
7.19582	13.15427914
6.1214	9.271871852
5.03682	5.498001156
3.72618	1.26240512
1.87706	-6.149665533
0.2032	-14.89175426
0.09144	-15.3534796
-1.11506	-23.93276345
-3.28422	-34.27710138
-5.5499	-40.0602335
-7.88162	-44.81137835
-9.81202	-47.17338371
-10.72642	-48.09638956
-11.52144	-48.20537098
-11.51636	-44.21398227
-11.06678	-38.59409986
-10.53846	-32.97377263
-9.72312	-24.04130004
-8.9281	-17.95969229
-8.07466	-13.75167522
-7.18312	-10.52048749
-6.1849	-6.04112894
-4.8006	-1.208136824
-3.44424	2.972746094
-2.10058	8.10421384
-0.86868	15.00029086
0.37338	23.03689174
2.11074	32.675297
3.91414	38.45842912
5.79628	42.66644619
7.69366	46.33178029
9.59358	49.10124269
11.2649	49.83430951
10.84072	41.22744669
10.18286	33.29982723
9.51484	26.21336635
8.85698	20.32214246
8.18642	17.03668643
7.38124	13.56173618
6.48716	9.869267933
5.24764	5.362330416
3.43154	-0.339399262
1.6256	-6.964134798
0.16764	-15.13640642
0.07366	-14.75608352
0.11938	-14.53901034
0.11938	-14.32193715
-1.41986	-25.48029953
-3.21056	-33.29982723
-6.09854	-40.38584328
-8.37438	-43.96977494
-10.31494	-46.57598762
-11.91768	-47.77077979
-13.4112	-47.6079749
-14.16304	-45.97903637
-13.70838	-39.30003254
-13.208	-33.51690041
-12.67968	-28.11409119
-11.33348	-16.90101569
-9.75106	-10.92794453
-8.12038	-4.98200752
-6.50494	-0.393667559
-4.89966	3.515873878
-2.80162	8.837280661
-0.27178	20.4035449
2.286	33.70683945
5.01142	40.73903203
7.78764	45.27310369
10.42924	48.47671246
12.35964	49.69863877
13.66012	45.89763392
12.73556	34.03289405
12.39774	30.55749898
11.52144	21.70642884
9.94156	13.42562062
8.0391	6.882732353
6.1087	1.588459719
4.10718	-2.918477798
2.14122	-8.10421384
0.34036	-16.30361961
0.12446	-16.76534495
0.10922	-16.27648546
-1.08966	-24.39448879
-3.5687	-33.89722331
-6.0833	-39.24576424
-8.26262	-42.17803152
-10.0838	-44.21398227
-11.83894	-45.32737199
-12.9921	-45.76151836
-13.51026	-45.49017688
-13.87602	-45.8429208
-14.15796	-45.57157932
-14.11478	-43.26384227
-13.84046	-39.40856913
-13.36294	-33.78824189
-12.6492	-26.37661606
-11.7729	-17.60694836
-10.4394	-11.79668209
-8.28294	-4.466013884
-6.0706	1.507057275
-3.87096	6.47527531
-1.69164	13.47988892
0.65786	25.01901901
3.31216	35.52616184
5.71246	40.35870913
8.001	43.4537813
9.43356	44.94704909
10.56894	45.49017688
11.684	46.30464614
12.82954	46.95631052
13.82014	46.2232437
13.21054	38.18664282
12.69746	32.2949741
11.79068	22.76555026
10.38352	13.77880937
8.83412	8.158482136
7.24408	3.271666546
5.29844	-1.425210008
2.63652	-7.208342131
0.29972	-16.52069279
0.10414	-16.87388154
0.10922	-16.6839425
-2.2098	-28.84715801
-5.79628	-37.7253623
-8.76808	-41.71630618
-11.49858	-44.26825057
-13.58138	-45.08271984
-14.25194	-44.59430517
-14.44244	-44.81137835
-14.8971	-44.94704909
-15.55496	-45.05558569
-16.45158	-44.70284176
-17.17548	-43.94264079
-17.78762	-43.5080496
-18.40484	-43.26384227
-18.88998	-41.63490374
-18.39214	-34.90163161
-17.88668	-28.63008482
-17.37868	-23.14542833
-16.85036	-17.41700933
-16.27378	-12.91007181
-15.71244	-10.6837372
-15.15872	-8.484536735
-14.58214	-6.556677754
-13.35024	-2.647136317
-11.56462	1.588459719
-8.84428	6.502409458
-5.85978	10.43908504
-2.87528	15.32634546
-0.37084	24.09601316
2.46634	34.57557701
5.40258	40.08736765
8.41248	43.23670812
10.96772	44.8927808
13.10894	46.03330466
14.66088	45.89763392
16.2052	45.27310369
17.7673	44.05117739
18.18386	43.4537813
18.44802	43.26384227
18.69694	42.69358034
18.80616	41.36311743
18.5674	38.02383793
18.34134	35.33577798
18.08734	32.70243115
17.83334	30.44896239
17.62252	28.00555459
17.40408	25.56170198
17.1704	23.19969663
16.92402	20.32214246
16.68018	18.42141763
16.43126	16.4664245
16.17472	14.78321767
15.83944	12.50261476
14.9098	8.945817253
13.97	5.498001156
12.29614	1.072466083
9.35482	-4.466013884
5.9817	-8.837280661
2.8067	-13.53415721
0.39116	-20.97336202
0.19558	-20.94622787
-1.80594	-28.98282875
-4.71678	-35.25437554
-7.68858	-38.70263645
-10.6934	-40.63049544
-13.39596	-41.4449647
-15.6464	-42.01478181
-17.86128	-41.20031255
-18.96872	-39.32716668
-18.33372	-31.01922432
-17.75206	-24.72009856
-16.40078	-12.17700499
-14.33322	-4.194672403
-12.14628	1.343807564
-9.8806	5.715074341
-7.67334	8.755878216
-5.02412	11.57960891
-1.69672	18.50282007
1.22428	28.84715801
4.17068	35.90603991
7.26186	38.81117305
10.53846	41.09177595
12.74064	41.74344033
14.7066	42.01478181
16.74114	42.31370226
18.09242	41.28171499
18.79854	41.09177595
18.5674	36.61197258
18.18132	32.02363262
17.40916	23.44434878
15.65656	10.46621919
13.59662	3.624410471
11.49604	-1.479478305
9.30402	-5.280927971
6.60908	-8.430268439
3.50012	-12.42121232
0.62738	-19.80614882
0.2413	-20.72915468
0.24892	-20.24029519
0.2413	-20.26742934
-1.15824	-26.75649414
-5.49402	-35.68896673
-8.89508	-38.45842912
-12.29614	-39.81558135
-15.52956	-40.90183692
-18.81632	-39.89742862
-22.1488	-38.02383793
-25.15616	-35.36335695
-27.2923	-33.57116871
-28.10002	-33.10988819
-28.68676	-31.48050484
-28.08478	-23.95989759
-27.0637	-13.37135233
-25.80132	-4.113269959
-24.59482	0.556472447
-22.91334	5.959281674
-19.01444	13.47988892
-14.58976	17.06382058
-9.93394	18.31288103
-5.44068	21.21801417
-1.09728	28.79288971
3.22326	37.07369792
7.53364	40.1687701
11.53922	41.06464181
15.34414	41.33598329
19.17954	39.81558135
22.7203	37.50784429
26.32456	34.33136968
28.7528	32.24070581
28.32862	25.31749464
27.54376	17.11808887
26.1239	5.335196267
24.72182	-0.447935855
23.28672	-4.357477292
20.94992	-9.407542593
18.33626	-13.15427914
15.08506	-15.43488205
11.69416	-16.92814984
8.27786	-18.122942
4.8768	-20.32214246
1.61798	-24.99188487
0.38354	-27.13681703
0.36068	-26.05056146
0.3683	-25.83348828
-2.08788	-32.48535796
-5.38226	-35.63469843
-8.73506	-37.07369792
-12.20978	-37.23650281
-16.3322	-36.85617992
-20.72894	-35.30864383
-24.80564	-33.08230922
-27.83586	-30.3404258
-28.90012	-28.98282875
-28.3083	-20.89195957
-27.34564	-11.82381624
-25.97658	-1.805532904
-24.03348	4.954873372
-21.8186	11.25355431
-18.39722	17.41700933
-14.58214	20.07749031
-9.20496	22.65701366
-4.27228	27.70663414
0.62484	34.30423553
5.6388	36.88375889
10.7315	37.64395986
15.18158	36.99229548
19.1262	35.66183258
22.62124	34.22283309
26.21534	32.10503507
27.67838	31.3448341
28.6385	30.77457217
28.43784	24.1774156
27.60218	15.65195523
26.75382	8.077079692
25.9207	2.565733873
24.74468	-1.588459719
22.55774	-7.561530878
20.25904	-11.55247476
17.8943	-14.56614449
15.494	-16.33075376
11.00582	-18.63849081
6.41604	-20.29456349
1.93548	-23.79709271
0.2921	-25.80635413
0.25146	-25.2360922
0.23622	-24.74723271
0.23368	-24.96475072
-2.11328	-29.58022483
-8.06958	-33.46263212
-13.78458	-33.57116871
-18.27784	-32.07790092
-22.76094	-30.2861575
-27.41676	-28.24976193
-31.35884	-26.78362829
-33.08858	-25.96915902
-34.47034	-25.48029953
-35.41014	-25.34462879
-36.35756	-25.15468976
-37.32022	-25.1818239
-38.26002	-25.01901901
-38.90264	-24.2316839
-38.61054	-19.80614882
-37.70884	-11.09074942
-35.67176	1.968337793
-32.89554	12.12273669
-29.87548	19.39869178
-26.85288	24.63869612
-21.6535	28.65721897
-16.76908	30.20475506
-12.21486	31.2905658
-7.6073	33.89722331
-3.1115	36.82904577
2.27838	38.18664282
8.34898	37.96956963
14.44498	35.44475939
20.80006	30.77457217
27.25928	25.53456783
31.58236	22.8469527
34.7091	20.70202053
37.58184	19.50722837
38.13048	9.461810889
35.86988	-7.425415315
33.12922	-16.27648546
29.70276	-24.01416589
25.96642	-28.54823756
22.1361	-31.26343165
18.34388	-31.91509603
14.56182	-32.15930336
10.93216	-32.43108967
5.92582	-33.27269308
0.61722	-34.0057599
0.14732	-32.2949741
-3.95224	-33.16415649
-10.10412	-31.01922432
-16.45666	-27.02783562
-22.10816	-23.851361
-26.76144	-21.81496543
-31.25216	-20.67488639
-33.88614	-20.34927661
-36.27628	-20.1317586
-38.65118	-20.07749031
-39.04488	-14.53901034
-36.85794	1.778398756
-34.29762	11.33540157
-30.74416	20.4578132
-27.0764	26.53942095
-22.02942	29.98723705
-15.27302	29.22703608
-8.97128	29.19990193
-2.79908	28.92856045
3.2004	28.14122533
9.38784	24.99188487
15.52702	22.30382492
21.89734	19.67047808
28.56484	12.01375528
33.99282	10.60233475
37.20592	10.54806646
38.83406	6.828464057
36.59886	-7.126939686
32.16656	-17.19949132
26.7843	-22.57561122
20.28952	-24.80150101
13.92936	-25.20895805
7.5184	-24.39448879
0.46228	-23.79709271
-0.3302	-23.44434878
-0.34544	-22.92835514
