"""Thompson and Wallace, 1994, A1""  "	
866	
0.53848	2.620002169
0.48006	3.48873973
0.49784	3.515873878
0.4699	2.918477798
0.40132	2.022606089
0.43434	1.425210008
0.40132	1.507057275
0.37846	1.289539268
0.38608	1.561325571
0.35814	2.076874385
0.38608	1.642728015
0.42418	2.049740237
0.43688	2.158276829
0.50546	3.461605582
0.52324	2.592868021
0.51816	2.782807058
0.54864	3.407337286
0.57658	3.651544619
0.56896	4.466013884
0.61976	4.792068483
0.64008	5.063409964
0.60452	4.303208995
0.60198	3.787660182
0.59182	3.760081211
0.53848	3.190264101
0.5461	2.782807058
0.51054	2.131142681
0.47244	2.484331429
0.50038	2.294392392
0.49784	1.886935348
0.45466	1.316673416
0.43434	2.239679274
0.40894	1.425210008
0.32512	0.420801707
0.3683	1.153868527
0.38608	1.588459719
0.3556	1.615593867
0.42672	1.289539268
0.4699	2.049740237
0.42672	2.647136317
0.51816	2.674270465
0.52578	3.434471434
0.55118	2.999880242
0.57912	3.434471434
0.56134	3.651544619
0.61976	4.248940699
0.62484	3.678678767
0.62992	3.190264101
0.61214	3.461605582
0.57912	2.674270465
0.52324	2.430063132
0.5334	3.271666546
0.508	2.076874385
0.44958	2.674270465
0.4953	2.837075354
0.4953	1.561325571
0.43688	1.561325571
0.50546	1.72413046
0.50038	1.914069496
0.42672	1.072466083
0.4445	1.534191423
0.37084	1.153868527
0.32766	0.529338299
0.25908	-0.66500904
0.23114	-0.095191929
0.2159	-0.556472447
0.2794	0.257996818
0.29972	1.045331935
0.33528	1.072466083
0.39116	1.39807586
0.4064	2.239679274
0.4572	2.538599725
0.5207	2.782807058
0.53848	3.81479433
0.57404	4.493148032
0.635	4.140404107
0.6731	4.574995299
0.6731	5.171946557
0.66802	3.896196774
0.635	4.004733366
0.52578	2.565733873
0.55118	2.75567291
0.49784	1.588459719
0.41148	1.534191423
0.48006	2.185410977
0.48006	1.072466083
0.42418	1.534191423
0.48006	2.049740237
0.4445	1.669862163
0.35814	0.36653341
0.35306	0.936795343
0.28956	-0.013789485
0.23368	-1.479478305
0.22606	-0.637874891
0.21336	-1.832667052
0.24384	-1.235270972
0.29464	1.045331935
0.33528	-0.149460226
0.3429	0.36653341
0.40132	1.8598012
0.43434	2.022606089
0.46482	1.886935348
0.51054	3.163129953
0.56388	3.380203138
0.61722	4.221806551
0.64008	4.84633678
0.68072	4.84633678
0.64008	3.380203138
0.61722	2.864209502
0.5842	2.239679274
0.52578	2.565733873
0.43942	1.479478305
0.44196	0.882527046
0.41402	1.099600231
0.3937	0.583606595
0.43688	1.208136824
0.42926	0.556472447
0.28448	0.719277336
0.25146	-0.583606595
0.16256	-1.615593867
0.48514	0.556472447
0.4064	0.502204151
0.23876	-1.370941712
0.21336	-2.158276829
0.11684	-2.32152654
-0.0508	-4.330343144
-0.10922	-4.167538255
-0.09398	-3.624410471
-0.00762	-2.375794836
0.07366	-1.778398756
0.21082	-0.095191929
0.3302	0.312265114
0.3937	0.855392898
0.56388	2.484331429
0.68326	2.782807058
0.76708	3.705812915
0.9144	5.715074341
1.02616	5.823610933
1.12776	7.941408951
1.15316	7.642933322
1.0668	6.01354997
0.95758	4.086135811
0.81788	2.837075354
0.73406	3.108861657
0.61976	1.289539268
0.50546	0.882527046
0.508	1.072466083
0.5207	1.507057275
0.41148	-0.339399262
0.29718	-0.502204151
0.22352	-1.886935348
0.11176	-2.538599725
-0.04064	-3.027459213
-0.10668	-3.923330922
-0.09398	-3.869062626
0	-2.022606089
0.11684	-0.991063639
0.22606	-0.882527046
0.33782	0.176594374
0.42164	1.181002676
0.57658	2.131142681
0.68834	2.620002169
0.762	4.031867514
0.91694	5.253349001
1.02362	6.258202125
1.11252	7.126939686
1.18872	7.289744575
1.09982	5.552269452
0.98806	4.792068483
0.81534	3.217398249
0.77216	3.054593361
0.64008	1.452344157
0.5207	0.447935855
0.52832	1.235270972
0.53848	1.126734379
0.38354	-0.637874891
0.2032	-1.886935348
0.09652	-2.647136317
-0.08128	-4.004733366
-0.28194	-6.665214346
-0.42164	-6.719482643
-0.36068	-5.633671897
-0.21082	-3.461605582
-0.04826	-2.185410977
0.11684	-0.936795343
0.2794	-0.36653341
0.40894	1.208136824
0.62484	2.538599725
0.80772	4.330343144
0.94234	5.144812409
1.14046	7.751469915
1.31826	8.23988458
1.4605	9.842133785
1.50114	8.864414809
1.36144	7.398281167
1.18618	5.552269452
0.98552	3.543008027
0.83058	3.163129953
0.6604	1.099600231
0.51308	-0.040923633
0.51054	0.882527046
0.5334	0.855392898
0.53594	0.610740743
0.34036	-0.312265114
0.23368	-2.022606089
0.07366	-2.647136317
-0.10668	-3.977599218
-0.26416	-5.687940193
-0.4191	-7.099805538
-0.35306	-5.742208489
-0.21844	-3.570142175
-0.01016	-2.511465577
0.1397	-1.370941712
0.28448	-0.040923633
0.4572	1.181002676
0.6604	1.8598012
0.82296	3.651544619
0.96012	5.144812409
1.17094	6.828464057
1.33858	7.968543099
1.47574	10.00493867
1.44018	8.56593918
1.32588	6.203933829
1.1684	5.715074341
0.96266	3.298800694
0.82042	2.701404613
0.63246	1.045331935
0.51054	0.068057781
0.50546	0.339399262
0.55118	0.36653341
0.51054	0.882527046
0.25908	-1.452344157
0.05588	-2.75567291
-0.24638	-5.063409964
-0.55626	-8.212750432
-0.84836	-9.217603556
-1.1303	-11.6881455
-1.1303	-9.299006001
-0.90932	-7.344012871
-0.54102	-3.95046507
-0.25908	-2.592868021
-0.00508	-0.801124602
0.26924	1.289539268
0.63246	3.190264101
0.91948	5.199080705
1.1811	6.638080198
1.48336	9.869267933
1.76276	11.87808454
1.97358	12.33980988
2.15646	13.58887033
1.89738	10.49335334
1.59512	7.50681776
1.33604	5.823610933
1.03378	3.054593361
0.71628	0.936795343
0.50038	0.529338299
0.50546	0.502204151
0.50546	-0.285130966
0.46228	0.475070003
0.28956	-0.66500904
0.02794	-2.511465577
-0.29464	-4.764934335
-0.57404	-6.964134798
-0.85344	-8.810146513
-1.17094	-11.00934698
-1.13284	-9.109066964
-0.79248	-6.203933829
-0.51308	-4.710666039
-0.23622	-2.647136317
0.04572	-1.343807564
0.3429	0.122326078
0.64008	1.995471941
0.89154	4.602129447
1.25222	6.231067977
1.53924	7.860006507
1.79324	10.3034143
2.0955	12.63828551
2.10058	12.39407817
1.88214	9.054798668
1.54686	6.583811902
1.32842	5.009141668
1.01346	2.294392392
0.66802	0.610740743
0.40894	-0.583606595
0.1397	-1.995471941
-0.44958	-5.606537748
-0.97028	-8.511670884
-1.33096	-11.55247476
-1.7526	-15.05500397
-2.0447	-16.38502205
-1.62306	-11.71527965
-1.1938	-7.235476279
-0.79248	-5.199080705
-0.33782	-2.674270465
0.0635	-0.529338299
0.51816	1.452344157
0.89916	3.760081211
1.39192	6.93700065
1.7907	9.271871852
2.16408	12.31267573
2.57556	15.4620162
2.98196	17.90542399
2.6543	13.88734596
2.20472	10.22201186
1.84912	7.371147019
1.4224	4.520727002
0.94742	1.805532904
0.56896	0.936795343
0.4826	0.095191929
0.48006	-0.013789485
0.41656	-0.285130966
0.47752	-0.556472447
0.4699	-0.692143188
0.43434	-0.66500904
0.17272	-0.936795343
-0.25908	-3.543008027
-0.71374	-6.095397236
-1.21412	-9.624615778
-1.55448	-12.55688306
-1.97358	-16.60254006
-1.84912	-13.58887033
-1.46812	-9.407542593
-1.0033	-6.149665533
-0.56134	-3.760081211
-0.16002	-2.239679274
0.254	-0.068057781
0.70612	1.968337793
1.15062	4.873470928
1.52908	7.235476279
1.95834	10.98221283
2.35966	12.82866936
2.76606	16.4664245
2.77622	15.89660739
2.43078	12.50261476
1.97104	8.484536735
1.60528	5.416598712
1.13792	2.647136317
0.7493	1.669862163
0.47244	-0.013789485
0.44958	-0.339399262
0.37084	-0.529338299
0.42672	0.583606595
0	-2.430063132
-0.58166	-5.226214853
-1.2065	-9.16333526
-1.71958	-13.31708403
-2.26822	-18.17721029
-2.83972	-22.73841611
-2.67462	-18.50282007
-2.06502	-12.25840743
-1.53162	-8.810146513
-0.90932	-5.525135304
-0.381	-2.430063132
0.1524	-0.095191929
0.77724	3.35306899
1.34366	6.231067977
1.88468	9.950670377
2.4892	13.37135233
3.06324	17.93255814
3.5941	21.24514832
3.61696	19.15448445
3.0988	14.29480301
2.57302	11.25355431
1.9939	6.556677754
1.39446	3.787660182
0.74422	1.534191423
0.4572	-0.502204151
0.45212	-0.746411484
0.43434	-0.013789485
0.40132	-0.801124602
0	-2.565733873
-0.53594	-4.764934335
-1.12268	-8.403134291
-1.71196	-12.58401721
-2.30886	-17.11808887
-2.82448	-21.43508735
-2.56794	-18.39428348
-2.00914	-13.04574255
-1.48336	-8.022811396
-0.8255	-4.466013884
-0.23876	-1.886935348
0.27432	0.393667559
0.84074	2.538599725
1.3843	6.285336273
2.02692	9.570347482
2.58572	12.50261476
3.13436	16.98241813
3.61696	20.15889275
3.68046	19.37155763
3.175	15.29921131
2.62128	11.14501772
2.03962	7.425415315
1.39446	3.678678767
0.86614	1.370941712
0.50038	-0.475070003
0.4826	0.176594374
0.45212	-0.149460226
0.4699	-0.447935855
-0.2032	-3.678678767
-1.08712	-7.615799174
-1.95834	-13.69740693
-2.86766	-20.34927661
-3.63982	-25.12755561
-4.51104	-29.49882238
-4.19354	-23.06402589
-3.38328	-16.84674739
-2.47396	-9.190469408
-1.63068	-4.493148032
-0.79248	-1.561325571
0.08382	2.348660688
1.0033	4.98200752
1.9431	9.570347482
2.83718	14.86462012
3.64236	19.77901468
4.43992	24.88334827
5.2959	27.59809755
5.40258	23.851361
4.62788	18.20434444
3.81254	11.49820646
2.93878	6.448141162
2.07772	2.375794836
1.21412	0.068057781
0.68072	-2.348660688
0.67564	-1.642728015
0.67564	-1.968337793
0.61722	-2.212545125
-0.09906	-4.602129447
-1.02108	-8.674475772
-1.93294	-13.56173618
-2.87528	-18.61135666
-3.7592	-23.58001952
-4.53898	-27.38102437
-4.20624	-22.8469527
-3.35026	-16.33075376
-2.50952	-10.11347527
-1.63576	-4.683531891
-0.76454	-1.832667052
0.10668	0.936795343
1.05156	4.683531891
1.94056	8.077079692
2.89814	12.23127328
3.67538	16.76534495
4.50342	22.16815418
5.3086	27.02783562
5.3721	24.36735464
4.5847	18.31288103
3.75666	11.76954794
2.97688	7.398281167
2.06756	2.294392392
1.17856	-0.36653341
0.67564	-1.615593867
0.65024	-1.39807586
0.5969	-2.076874385
0.65024	-1.832667052
0.6604	-1.642728015
0.54102	-2.430063132
0.54102	-2.647136317
0.57658	-1.696996312
0.60198	-1.452344157
0.58928	-2.402928984
0.5334	-2.484331429
0.5969	-1.968337793
0.5969	-2.131142681
0.59436	-2.239679274
0.53848	-2.022606089
0.55118	-2.620002169
0.59436	-2.239679274
0.57404	-2.375794836
0.59436	-2.32152654
0.60452	-1.669862163
0.59182	-2.267258244
0.53848	-1.289539268
0.6096	-2.212545125
0.60452	-1.26240512
0.58166	-2.158276829
0.60452	-1.235270972
0.60706	-2.104008533
0.59182	-1.642728015
0.58928	-2.32152654
0.61722	-2.484331429
0.62484	-1.886935348
0.61976	-1.886935348
0.62484	-2.104008533
0.62992	-1.72413046
0.58166	-2.484331429
0.62992	-1.072466083
0.62992	-2.131142681
0.50038	-1.669862163
0.54864	-1.425210008
0.53594	-1.39807586
-0.47498	-5.633671897
-1.67132	-10.60233475
-2.86766	-16.03227813
-4.08432	-23.851361
-5.12318	-30.0143712
-6.2738	-32.64816285
-5.97662	-27.00070147
-4.9022	-18.15007615
-3.79984	-9.678884074
-2.65176	-4.656397743
-1.44526	-0.82825875
-0.19558	3.135995805
1.04648	6.638080198
2.29362	11.14501772
3.42138	16.92814984
4.5212	22.4666298
5.6515	27.9512863
6.83006	32.26783996
6.9977	28.71148727
6.00456	20.78342298
4.87934	12.99147425
3.71348	6.312470421
2.57556	1.941203644
1.3843	-1.316673416
0.60452	-3.678678767
0.60452	-3.841928478
0.57404	-3.543008027
-0.381	-6.692348495
-1.65354	-10.57520061
-2.89052	-15.65195523
-4.08432	-21.5164898
-5.21208	-26.1862322
-6.41096	-32.18643751
-6.00456	-25.77921998
-4.94284	-16.49355865
-3.8608	-9.651749926
-2.63906	-4.357477292
-1.43002	-0.82825875
-0.25908	2.728538761
0.98552	6.502409458
2.25298	10.27628015
3.44678	14.077285
4.6228	19.42582593
5.76834	25.07328731
6.88848	30.04150535
7.06882	27.40815851
5.9563	19.53436252
4.88696	12.39407817
3.73634	6.421007014
2.50444	2.131142681
1.39192	-0.909661195
0.57658	-2.809941206
0.55372	-4.086135811
0.56896	-3.732947063
0.51054	-4.656397743
-0.72898	-7.588665026
-2.3114	-12.28554158
-3.91668	-18.55708837
-5.3467	-26.45801851
-6.84784	-32.26783996
-8.30326	-36.23209451
-7.8105	-27.6252317
-6.46684	-17.63408251
-5.05206	-9.217603556
-3.57378	-2.430063132
-2.032	2.076874385
-0.43434	5.796476785
1.10998	9.16333526
2.77114	13.39848647
4.28244	17.93255814
5.7658	23.47148293
7.239	30.31329165
8.68934	33.89722331
8.86206	28.76575556
7.56666	20.48494735
6.13664	11.52534061
4.6355	4.927739224
3.10896	0.556472447
1.58242	-3.543008027
0.6604	-5.742208489
0.56642	-6.312470421
0.5842	-6.231067977
0.56134	-5.877879229
0.57912	-5.769342637
-0.59944	-8.321731847
-2.23012	-13.58887033
-3.8354	-17.60694836
-5.4229	-23.36294634
-6.83514	-28.92856045
-8.30072	-33.29982723
-7.9756	-27.24535363
-6.59638	-16.92814984
0	0
-10.16254	-37.75249645
-9.69772	-29.25417023
-8.1153	-17.36274103
-6.4008	-7.126939686
-4.45008	-0.773990454
-2.55016	3.081727509
-0.5842	6.882732353
1.37922	10.73800549
3.28676	14.05015085
5.19938	18.69275911
7.01548	23.98703174
8.86206	30.31329165
10.77722	36.15069207
11.08964	30.55749898
9.46658	19.1816186
7.65556	10.03207282
5.80136	3.48873973
3.90652	-0.82825875
1.99898	-4.98200752
0.74676	-7.018403094
0.7112	-8.294597699
0.7112	-7.452549463
0.67564	-8.131347988
-1.0033	-10.87367623
-3.04292	-15.08213812
-4.95554	-19.61620979
-6.8199	-23.9056293
-8.62076	-30.3404258
-10.4013	-35.93317406
-9.57326	-26.15909806
-7.94258	-14.75608352
-6.20014	-6.366738717
-4.3053	-0.339399262
-2.36982	3.434471434
-0.3429	7.07267139
1.62306	10.57520061
3.54838	13.23568159
5.47878	18.23147859
7.34568	23.03689174
9.21512	28.03268874
10.9982	33.6797053
11.06424	28.54823756
9.33196	18.31288103
7.58952	8.728744068
5.73278	3.570142175
3.85318	-1.669862163
1.8669	-4.276074847
0.70612	-8.23988458
0.69342	-7.398281167
0.63754	-7.425415315
0.66548	-7.235476279
-1.71196	-12.82866936
-4.35356	-17.52554592
-6.8072	-23.93276345
-9.19226	-30.74743802
-11.66876	-37.31790526
-14.31544	-41.55350129
-13.19276	-28.08695704
-10.94232	-13.42562062
-8.45058	-3.407337286
-5.92074	1.26240512
-3.19786	5.335196267
-0.64516	9.814999637
2.04216	13.18141329
4.55168	18.04109473
7.19074	21.62502639
9.66724	27.84274971
12.13866	34.0057599
14.65072	38.8383072
14.72946	30.55749898
12.55776	17.22662547
10.14476	6.203933829
7.62254	0.719277336
4.96062	-3.434471434
2.36474	-7.561530878
0.7493	-10.92794453
0.74422	-9.787865488
0.70866	-10.90081038
-1.54178	-14.077285
-4.22656	-17.41700933
-6.8072	-21.4622215
-9.30656	-26.78362829
-11.8999	-31.80655944
-14.4272	-37.88816719
-13.31722	-26.59368925
-10.97788	-13.31708403
-8.45312	-4.194672403
-5.8928	1.316673416
-3.175	4.656397743
-0.53594	9.434676741
2.03962	12.04133425
4.6863	15.70622353
7.25678	19.91468542
9.85012	25.07328731
12.29868	31.04635847
14.77264	36.74764333
14.8717	30.53036483
12.64158	17.30847273
10.2743	6.774195761
7.71652	1.126734379
5.05968	-3.543008027
2.3368	-7.642933322
0.77216	-9.461810889
0.69088	-10.76513964
0.68834	-9.842133785
-2.87274	-15.027425
-6.80466	-21.13661173
-10.5918	-28.76575556
-14.4907	-37.34503941
-18.16354	-43.4537813
-21.99386	-46.44031688
-20.32	-28.87429216
-16.98244	-10.49335334
-13.21308	-0.637874891
-8.98398	4.764934335
-4.95554	8.755878216
-0.84328	13.37135233
3.08102	17.66121666
6.98754	21.81496543
10.84834	26.43088436
14.69898	32.59389456
18.60804	40.19590424
22.67966	43.42664716
22.71522	32.3492424
19.20748	14.3490713
15.367	4.221806551
11.39952	-2.565733873
7.18058	-7.099805538
3.08356	-11.33540157
0.71628	-14.10441915
0.69342	-13.37135233
-2.4638	-17.7968874
-6.4897	-22.11388588
-10.43178	-24.96475072
-14.5034	-29.71589557
-18.05178	-35.79750332
-21.74494	-42.28656811
-20.5994	-27.67949999
-17.27454	-11.55247476
-13.27404	-1.099600231
-8.32866	3.81479433
-4.2418	8.484536735
-0.2032	12.9643401
3.75666	17.17235717
7.66064	20.07749031
11.58748	24.96475072
15.41272	29.52595653
19.35226	35.77036917
23.32228	41.1731784
22.57298	29.63449312
18.96364	12.82866936
15.10538	3.135995805
11.05408	-2.212545125
6.8199	-5.932147526
2.7051	-11.55247476
1.0541	-11.55247476
3.20294	-5.525135304
4.92252	-1.153868527
4.93014	-1.289539268
4.953	-0.719277336
4.93522	-1.072466083
4.9784	-1.370941712
0.49276	-13.15427914
0.45212	-13.23568159
-2.84988	-18.20434444
-6.85038	-22.08675173
-10.78484	-25.91489072
-14.85646	-30.06863949
-18.4023	-35.55329599
-22.1234	-41.71630618
-20.68576	-27.27248777
-17.34058	-11.60674306
-13.58392	-2.076874385
-9.19734	2.674270465
-5.01396	6.855598205
-0.98298	10.95507868
2.99212	15.67908938
6.86308	19.37155763
10.80516	22.68414781
14.63548	26.53942095
18.54962	32.13216922
22.49932	38.48556327
23.1013	33.02804093
19.5199	15.05500397
15.64894	4.954873372
11.61796	-1.126734379
7.33806	-5.362330416
3.302	-11.14501772
0.635	-13.20854744
0.53594	-13.58887033
0.49276	-12.77395625
-2.83718	-16.6839425
-6.88086	-20.59348394
-10.81786	-25.48029953
-14.82852	-28.82002386
-18.4404	-34.46704042
-22.19706	-41.25458084
-20.74164	-27.13681703
-17.41932	-11.98662113
-13.6271	-2.348660688
-9.25576	2.511465577
-5.03936	6.122531384
-0.99568	10.46621919
2.9591	14.67468108
6.85546	18.25861274
10.77976	22.49376395
14.61008	26.13196391
18.53438	32.3492424
22.4917	37.34503941
23.14194	31.88796188
19.59864	14.97315671
15.64894	4.574995299
11.65098	-0.692143188
7.38886	-4.819202631
3.34264	-10.52048749
0.68326	-12.85580351
0.53848	-12.55688306
0.48006	-12.66541965
0.48006	-12.6925538
0.46736	-12.39407817
-4.09448	-18.122942
-9.39292	-22.5208981
-14.69898	-28.35829852
-19.55292	-36.74764333
-24.64054	-43.29097642
-28.73756	-45.59871347
-27.75966	-37.91530134
-23.06066	-13.88734596
-18.14322	-1.153868527
-12.48664	2.999880242
-6.7945	8.158482136
-1.3843	13.94161426
3.86334	18.42141763
9.01954	22.08675173
14.21892	27.35389022
19.47164	32.97377263
24.9047	39.48997157
30.31744	44.29538472
31.24454	34.0600282
26.42616	14.4033396
21.13534	3.217398249
15.33144	-2.294392392
9.64946	-7.154073834
4.17576	-13.45275477
0.6223	-15.97800983
0.48006	-15.38061375
0.44958	-15.4620162
-4.0894	-19.99608786
-9.45388	-24.44875708
-14.79804	-28.87429216
-19.59356	-33.29982723
-24.64054	-39.32716668
-28.75026	-42.93823249
-27.77236	-36.09597895
-22.96922	-14.0230167
-18.00606	-1.669862163
-12.25042	2.864209502
-6.54812	7.805738211
-1.13792	11.90521868
4.14782	16.35788791
9.32688	21.43508735
14.5669	25.58928095
19.89582	30.12335261
25.2984	35.47189354
30.6959	40.71189788
31.58236	33.08230922
26.68016	14.0230167
21.30552	2.158276829
15.4686	-2.918477798
9.73582	-7.697201618
4.30276	-13.18141329
0.75184	-16.00514398
0.60706	-15.48915034
0.57658	-15.00029086
0.57404	-14.62041278
0.56388	-16.24935131
0.5461	-15.27207716
0.56134	-15.67908938
0.4953	-15.32634546
0.50038	-15.19067472
0.5334	-15.4620162
0.5207	-14.59327863
0.46736	-15.13640642
