"""Thompson and Wallace, 1994, C3"""	
827	
0.01778	-0.882527046
-0.00762	-1.941203644
-0.07874	-4.276074847
-0.1778	-6.692348495
-0.30226	-8.755878216
-0.32512	-9.977804525
-0.3556	-10.46621919
-0.31496	-8.403134291
-0.24892	-6.448141162
-0.17272	-4.357477292
-0.10922	-2.267258244
-0.08636	-0.502204151
0.05588	2.782807058
0.11176	4.248940699
0.16256	6.04112894
0.19304	7.832872359
0.26162	8.755878216
0.2159	6.665214346
0.14986	5.063409964
0.10668	3.624410471
0.0635	1.805532904
0.0127	0.339399262
-0.02286	-0.013789485
-0.03556	-1.126734379
-0.09144	-3.054593361
-0.1778	-5.470867008
-0.32004	-8.430268439
-0.35306	-10.38481675
-0.35814	-10.27628015
-0.3048	-8.376000143
-0.28448	-6.04112894
-0.1651	-4.086135811
-0.10668	-2.728538761
-0.03556	0.149460226
0.00254	2.837075354
0.10922	4.520727002
0.17526	6.068263088
0.2032	7.50681776
0.20066	8.212750432
0.18796	5.308062119
0.1524	4.737800187
0.10668	3.48873973
0.03302	1.316673416
-0.01016	-0.176594374
-0.00762	-0.36653341
-0.02032	-0.502204151
-0.19812	-5.525135304
-0.38354	-12.12273669
-0.53848	-15.73335768
-0.69088	-19.31728934
-0.8763	-22.41236151
-0.78994	-18.23147859
-0.61468	-13.50702307
-0.4699	-9.353274297
-0.3302	-4.411745588
-0.1651	0.855392898
0.04572	6.339604569
0.17272	9.760286518
0.31242	13.88734596
0.4191	17.49841177
0.62992	21.10947758
0.64008	19.10021615
0.47752	14.4033396
0.29464	9.869267933
0.1905	5.796476785
0.07874	3.027459213
-0.01016	-0.068057781
-0.14224	-2.972746094
-0.38862	-8.755878216
-0.50038	-13.39848647
-0.65278	-17.55268007
-0.81026	-21.40795321
-0.8255	-20.07749031
-0.72136	-14.97315671
-0.52324	-10.95507868
-0.36576	-5.498001156
-0.21082	-1.534191423
-0.00254	4.303208995
0.1016	8.022811396
0.26162	12.23127328
0.42418	16.4664245
0.57912	19.80614882
0.66548	20.81055713
0.49784	16.05941228
0.33528	11.36253572
0.2286	7.289744575
0.09652	3.760081211
-0.02032	0.285130966
-0.05334	0.095191929
-0.14478	-1.751264608
-0.48006	-12.36694402
-0.84328	-20.83769127
-1.10236	-26.64795754
-1.42494	-30.74743802
-1.6764	-33.35409552
-1.78562	-33.81537604
-1.58242	-28.71148727
-1.39192	-23.66142197
-1.19126	-18.8012957
-0.99314	-13.99588255
-0.82042	-8.56593918
-0.48768	-0.475070003
-0.14732	7.941408951
0.16764	13.50702307
0.47752	19.29015519
0.77724	24.91048242
1.13538	28.9556946
1.3589	31.58904143
1.59004	33.6797053
1.45542	28.68435312
1.22936	24.15028145
0.9906	18.99167956
0.82296	14.89175426
0.61468	9.73315237
0.3556	2.89134365
0.0508	-4.357477292
-0.04826	-6.068263088
-0.07366	-6.122531384
-0.36576	-11.57960891
-0.6477	-17.7426191
-0.96266	-22.87408685
-1.2954	-28.63008482
-1.63068	-33.48976626
-1.71958	-32.78383359
-1.5367	-26.75649414
-1.24206	-20.48494735
-1.00076	-14.37620545
-0.76708	-8.728744068
-0.47498	-0.692143188
-0.11684	7.018403094
0.1778	12.99147425
0.48514	18.61135666
0.8636	24.12314731
1.21412	29.22703608
1.56718	33.9514916
1.33096	26.78362829
1.04648	19.67047808
0.69088	12.31267573
0.40132	5.552269452
0.14478	-1.72413046
-0.06604	-5.362330416
-0.05842	-5.470867008
-0.1143	-7.045537242
-0.65024	-16.90101569
-1.143	-25.26322635
-1.68656	-33.02804093
-2.2098	-39.70704476
-2.62128	-41.66203789
-2.77622	-41.41783055
-2.53238	-35.71610088
-2.26314	-29.9601029
-1.83642	-20.91909372
-1.4097	-9.217603556
-0.87122	-1.289539268
-0.25908	7.479683612
0.24892	15.89660739
0.77216	23.52575122
1.29032	30.47609654
1.83896	36.55770429
2.41554	40.95610521
2.53238	39.05538038
2.35966	34.95589991
2.11074	30.25902335
1.70942	21.97821514
1.2065	12.20413914
0.7493	4.303208995
0.24384	-3.217398249
-0.05842	-7.642933322
-0.05334	-7.67006747
-0.30226	-11.6338772
-0.79756	-19.91468542
-1.3208	-27.05496977
-1.87198	-33.27269308
-2.21996	-36.80191162
-2.5527	-40.25017254
-2.81178	-41.93337937
-2.6035	-36.99229548
-2.40792	-32.89237018
-2.11074	-27.13681703
-1.66116	-18.122942
-1.23952	-8.131347988
-0.6604	-0.447935855
-0.11938	8.267018729
0.39878	16.33075376
0.91186	23.30823322
1.43256	29.47168824
1.88214	34.16856479
2.24536	37.69822815
2.46888	39.81558135
2.60604	39.81558135
2.4511	36.0145765
2.28346	32.94663848
1.9558	26.34948192
1.45796	17.19949132
0.95504	7.53439673
0.52324	1.534191423
0.00508	-6.366738717
-0.07366	-7.045537242
-0.54864	-15.70622353
-1.24206	-25.80635413
-1.99898	-34.08716235
-2.7432	-42.5579096
-3.5179	-47.6079749
-3.82778	-47.4994383
-3.6322	-43.53518375
-3.50266	-40.57578232
-3.32232	-37.88816719
-3.06578	-33.08230922
-2.67462	-25.69781754
-2.00152	-15.73335768
-1.3208	-6.991268946
-0.52578	4.683531891
0.1524	14.37620545
0.89408	23.60715367
1.68148	32.21357166
2.45618	39.81558135
3.24104	45.30023784
3.68046	47.25478615
3.56108	43.4537813
3.39344	39.97883106
3.19532	36.28636281
2.87782	30.74743802
2.55524	25.99629317
2.02184	17.38987518
1.31064	9.488945037
0.70104	1.588459719
0.0508	-7.751469915
-0.01016	-8.131347988
-0.39878	-14.4033396
-1.09728	-23.63428782
-1.79324	-30.74743802
-2.43332	-36.69337503
-3.04546	-41.60776959
-3.5179	-45.87005495
-3.76174	-45.8429208
-3.41884	-39.65277646
-3.05562	-32.70243115
-2.55778	-23.76995856
-1.88468	-14.43047375
-1.19888	-5.633671897
-0.40386	5.416598712
0.29464	14.78321767
1.016	22.95548929
1.77292	30.80170631
2.56794	37.61638089
3.18262	42.47650715
3.62966	45.95190222
3.55346	41.96051352
3.22326	36.4491677
2.85496	29.44455409
2.37998	22.68414781
1.778	14.077285
1.07442	6.339604569
0.4318	-2.185410977
-0.01016	-8.022811396
-0.00254	-7.860006507
0.00254	-8.022811396
-0.7874	-19.67047808
-1.89992	-31.37196825
-3.05054	-41.68917203
-4.09194	-49.64392565
-5.04698	-54.28697873
-5.49402	-55.15571629
-5.7404	-55.53559436
-5.95122	-55.42705777
-5.75056	-51.40897974
-5.51688	-47.41803586
-5.3213	-44.10544568
-5.09524	-40.49437987
-4.89204	-37.18223452
-4.63296	-33.43549797
-4.42214	-30.17762091
-4.0386	-26.32190295
-3.18516	-18.34001518
-2.32156	-8.891548957
-1.397	-0.013789485
-0.44958	10.3576826
0.58928	22.08675173
1.77546	32.75669944
3.00228	41.63490374
3.8989	47.30905445
4.572	50.18705343
5.11048	52.11491241
5.40512	52.84797923
5.6515	53.47250946
5.9182	54.25984458
5.76834	50.40412662
5.53974	45.92476807
5.3086	42.96536664
4.9911	38.18664282
4.44754	30.44896239
3.89382	24.55729367
3.35026	20.48494735
2.74574	15.78762597
2.09804	10.05920697
1.4732	4.113269959
0.80772	-2.75567291
0.09398	-10.16774356
0.06858	-9.814999637
0.06096	-9.73315237
-0.67056	-18.82887467
-1.77546	-29.25417023
-2.94132	-37.75249645
-4.12496	-45.32737199
-5.32638	-51.84312611
-5.74802	-50.10565099
-5.10032	-39.54423987
-4.45516	-29.90583461
-3.82524	-23.71569026
-3.15722	-17.90542399
-2.4384	-11.79668209
-1.5748	-3.732947063
-0.50292	7.479683612
0.5969	19.53436252
1.73228	29.33557267
2.95402	37.61638089
4.19354	44.78424421
5.09524	49.37258417
5.83946	52.6580402
5.41528	44.02404324
4.6863	33.51690041
3.99796	24.93761657
3.26898	19.67047808
2.5654	14.37620545
1.88214	8.321731847
1.27254	2.864209502
0.65278	-3.570142175
0.09398	-9.217603556
0.05334	-9.16333526
0.08382	-9.02766452
0.09144	-8.891548957
-0.87884	-21.21801417
-2.46634	-33.97862575
-4.0894	-44.37678716
-5.69976	-53.09218657
-7.4676	-57.76192897
-8.26262	-51.92497338
-7.95274	-47.4994383
-7.65048	-42.91109834
-7.2136	-36.96516133
-6.64464	-30.44896239
-6.0198	-25.86062243
-5.40004	-21.32655076
-4.70154	-17.49841177
-4.02082	-13.15427914
-3.3528	-9.136201112
-2.13868	-0.610740743
-0.87122	10.41195089
0.65532	23.63428782
2.11582	34.24996723
3.44424	41.30884914
4.40436	45.97903637
5.36448	49.8885778
6.27888	53.25499146
7.0231	54.74825925
7.70382	55.31852118
8.12292	55.45419192
8.34136	55.29138703
8.39978	54.47691776
8.32358	52.79371094
8.23468	51.81599196
8.1788	50.45883974
8.09498	49.64392565
8.02894	48.39531001
7.68096	43.39951301
7.0612	35.66183258
6.36778	28.19549363
5.69468	24.39448879
5.00888	20.70202053
4.29514	16.00514398
3.19786	10.11347527
1.8034	0.746411484
0.27178	-11.55247476
0.07874	-11.95948698
-0.76454	-19.86041712
-2.38252	-30.04150535
-4.03352	-38.7840389
-5.70484	-45.81578666
-7.43458	-51.68032122
-8.41502	-51.46324804
-8.18388	-47.66224319
-8.09498	-46.41318274
-8.03148	-45.54444517
-7.98068	-44.86564665
-7.9375	-44.51290272
-7.89686	-43.96977494
-7.7724	-41.96051352
-7.49046	-38.48556327
-7.2136	-34.41277212
-6.94436	-30.88355358
-6.6548	-28.38543267
-6.32968	-26.37661606
-6.0071	-24.1774156
-5.71246	-22.08675173
-5.22732	-19.39869178
-3.85572	-12.31267573
-2.4765	-3.977599218
-1.08966	6.529543606
0.20574	16.98241813
1.5367	26.83789658
3.0607	35.28150968
4.80822	42.82925108
6.5278	48.88372468
7.84352	52.52192464
8.44804	53.30925975
8.03148	46.35891444
7.67842	41.77057448
7.33044	37.29077111
6.99008	33.46263212
6.62432	29.66162727
6.30682	27.08254874
5.5245	22.901221
4.26466	15.89660739
2.90322	7.697201618
1.65608	-0.475070003
0.33274	-10.19487771
0.10414	-11.25355431
0.09144	-10.6294689
0.08128	-10.60233475
-1.41986	-22.49376395
-3.48996	-33.46263212
-5.37464	-41.68917203
-6.63448	-46.82063978
-7.53364	-49.83430951
-8.38708	-52.06064412
-9.22528	-53.96092413
-10.03046	-54.25984458
-10.79754	-52.6580402
-11.05154	-43.94264079
-10.6553	-38.56696571
-10.2489	-33.21842478
-9.50468	-24.20454975
-8.3058	-18.09580785
-6.67766	-11.14501772
-4.8641	-5.090544112
-3.04546	2.592868021
-1.44272	11.60674306
0.1905	21.27228247
1.83388	30.50323069
3.57886	38.13237452
5.34416	44.02404324
7.14756	49.31831587
8.52678	52.19631486
9.7663	53.74385094
10.84834	52.2777173
10.70102	47.58084075
10.52576	45.40877443
10.12698	40.63049544
9.36498	31.83369359
8.46836	24.80150101
7.33044	19.91468542
5.90296	14.56614449
4.33832	8.403134291
2.68224	1.452344157
0.90678	-7.67006747
0.12446	-11.17215186
0.11684	-10.98221283
-1.01854	-18.15007615
-3.01244	-26.59368925
-5.17398	-34.11429649
-6.98246	-38.94684379
-8.29056	-42.20516567
-9.67486	-44.37678716
-11.0871	-44.81137835
-10.44448	-33.76110775
-9.64438	-24.82907998
-8.80872	-19.86041712
-7.98068	-15.59768694
-6.63702	-10.41195089
-4.77266	-5.389464564
-3.03784	3.135995805
-1.3589	10.79227379
0.29464	19.75188053
2.1209	28.9556946
3.71348	36.53057014
5.3594	41.1731784
7.02818	45.40877443
8.68934	48.77518809
10.11428	50.81158366
10.52068	45.27310369
9.70026	35.36335695
8.60806	25.04615316
7.34314	19.91468542
6.03758	14.62041278
4.78536	9.977804525
3.5306	4.656397743
2.1463	-2.104008533
0.31242	-11.19928601
0.12446	-11.71527965
0.12192	-11.14501772
0.10668	-11.06361527
-1.55448	-20.26742934
-4.13512	-30.47609654
-6.80974	-37.96956963
-9.46404	-43.34524471
-10.6807	-44.32251887
-11.8872	-44.24111642
-13.03782	-44.05117739
-13.6144	-39.65277646
-12.9159	-31.48050484
-12.23264	-24.47589123
-11.25982	-17.09095473
-9.50214	-10.49335334
-7.30504	-5.470867008
-5.1181	1.425210008
-2.88798	9.570347482
-0.91694	18.23147859
1.17094	26.43088436
3.05562	35.33577798
4.76758	39.62564231
6.33984	43.7798359
8.001	46.63025592
9.6647	49.04697439
11.21918	50.40412662
12.17422	50.92012025
13.04544	50.51310803
13.06322	44.8385125
12.26312	35.90603991
11.51636	27.97842045
10.77976	22.8469527
9.52246	18.28574689
7.94258	13.18141329
6.32968	8.837280661
4.77012	4.167538255
3.2004	-0.475070003
1.56972	-6.529543606
0.17526	-12.14987084
0.0889	-11.55247476
-1.30048	-18.122942
-3.37566	-25.53456783
-5.49402	-31.42623654
-7.68604	-36.0688448
-9.16432	-38.26804526
-10.44702	-39.89742862
-11.8491	-40.71189788
-13.2207	-41.33598329
-13.4493	-35.0101682
-12.2555	-22.22242247
-11.0744	-14.45760789
-9.66724	-9.326140149
-7.46506	-4.330343144
-5.31368	1.507057275
-3.70586	6.964134798
-1.80086	14.51187619
0.30734	23.25396492
2.51714	31.83369359
4.88696	37.75249645
7.24408	42.74784863
9.60374	46.1689754
11.96594	48.34104172
13.24102	48.36817587
13.1318	43.5623179
12.63142	37.83389889
12.1158	32.24070581
11.61034	26.86503073
10.94994	22.00534929
9.56056	16.98241813
7.51078	11.22642016
5.36956	5.498001156
3.25374	-0.746411484
1.0287	-8.294597699
0.0762	-11.03648112
0.05334	-11.03648112
0.04826	-10.19487771
0.0381	-9.624615778
-0.01524	-11.22642016
-3.33756	-23.47148293
-6.89102	-32.56676041
-10.46734	-38.59409986
-13.33246	-40.0602335
-14.73708	-39.7341789
-15.4432	-39.65277646
-16.02486	-39.30003254
-16.43634	-39.08251453
-16.74622	-38.91970964
-17.17294	-38.91970964
-17.653	-38.43129497
-18.12798	-38.24091111
-18.5801	-37.7796306
-19.05	-37.50784429
-18.72996	-32.56676041
-18.45056	-29.06423119
-18.26768	-27.02783562
-18.0594	-24.74723271
-17.85874	-22.57561122
-17.6657	-20.37641076
-17.16278	-14.75608352
-16.46682	-11.55247476
-15.74038	-8.56593918
-14.9987	-6.149665533
-14.16812	-3.787660182
-12.42314	-1.072466083
-10.5664	1.153868527
-8.94842	4.683531891
-7.29996	7.642933322
-5.6515	11.19928601
-4.0386	14.62041278
-2.43586	18.7470274
-0.83566	23.49861708
1.22174	30.3404258
3.48742	36.04171065
6.49986	40.79330032
9.4996	44.70284176
12.48664	47.01057882
15.18158	46.87490808
16.72844	46.41318274
18.32356	45.62584762
17.31264	32.3492424
16.3576	23.25396492
16.07566	20.97336202
16.01724	20.75628883
15.94358	20.43067905
15.89278	19.99608786
15.84198	19.83328297
15.77848	19.61620979
15.61338	18.71989326
14.34084	14.59327863
12.16406	9.706018222
10.05332	6.176799681
7.92988	2.75567291
5.7277	-0.991063639
3.55346	-4.710666039
1.31064	-9.299006001
0.08382	-12.28554158
0.00508	-11.93235283
-1.14046	-15.86947324
-3.8862	-22.60274537
-6.0325	-26.72935999
-8.23214	-30.47609654
-10.42416	-33.13702234
-12.74318	-34.30423553
-14.45768	-34.79309502
-15.25016	-35.0101682
-16.11376	-35.30864383
-17.02308	-35.44475939
-17.82826	-35.55329599
-18.43786	-35.17297309
-18.95094	-35.09157065
-19.12366	-32.83810189
-18.7452	-28.33116437
-18.20926	-22.27669077
-17.39392	-14.43047375
-16.48206	-9.16333526
-15.52956	-5.850745081
-14.5415	-3.515873878
-12.4841	0.692143188
-10.19556	3.163129953
-7.06628	8.484536735
-3.54838	15.92374154
0.06604	24.47589123
3.28676	31.69802285
5.92328	36.4491677
8.49122	39.54423987
11.00582	41.60776959
13.32738	42.80211693
15.6591	43.39951301
17.38376	43.15530568
18.13814	42.77498278
18.45818	41.39069641
18.02892	36.61197258
17.58696	32.02363262
17.03324	26.86503073
15.82928	17.11808887
14.22654	12.55688306
12.04468	7.588665026
9.8806	4.303208995
7.7343	1.181002676
5.18922	-2.701404613
2.12852	-7.832872359
0.0508	-11.90521868
-0.04318	-11.25355431
-0.07112	-11.44393817
-2.81686	-18.122942
-7.04596	-25.2903605
-9.27608	-28.46683511
-11.47064	-31.53477314
-14.18336	-33.00090678
-16.99514	-32.97377263
-18.2499	-32.675297
-19.35988	-32.2949741
-20.46986	-31.6708887
-21.1709	-31.39910239
-21.77034	-30.77457217
-22.38756	-30.04150535
-23.28418	-29.52595653
-24.22906	-28.9556946
-25.12822	-27.92415215
-26.08834	-27.19108533
-27.0383	-26.40375021
-28.02636	-25.48029953
-28.98648	-24.55729367
-29.56052	-23.68855611
-29.39034	-19.72474638
-28.94076	-15.4077479
-28.4988	-10.98221283
-27.69362	-3.95046507
-26.15184	2.75567291
-24.3078	6.991268946
-21.17852	11.7424138
-17.82826	12.88293766
-14.3256	14.78321767
-10.82548	17.63408251
-7.42696	20.48494735
-4.06908	24.55729367
-0.34798	30.2861575
4.1656	36.12355792
8.76554	38.97397794
13.26388	39.40856913
15.8496	39.24576424
18.1991	39.08251453
20.57654	37.86103304
22.6822	36.36776525
24.31288	35.28150968
25.93594	33.97862575
26.84018	32.40395552
27.3304	32.51249211
27.79776	32.18643751
28.28798	31.80655944
28.75534	31.50763899
28.6385	27.9512863
28.18892	23.76995856
27.77998	19.83328297
26.95448	12.33980988
25.9715	7.045537242
24.88692	4.574995299
23.53564	1.370941712
21.77796	-1.343807564
19.93138	-3.624410471
16.7513	-5.850745081
13.1699	-7.344012871
9.73328	-9.244737704
5.15112	-11.28068846
0.63754	-14.62041278
-0.21336	-14.48474204
-0.21844	-14.05015085
-2.96926	-17.14522302
-8.69696	-19.75188053
-14.49832	-21.21801417
-20.09394	-21.10947758
-23.69566	-20.07749031
-27.12212	-19.1816186
-30.19298	-17.68835081
-28.9052	-4.38461144
-27.31008	4.900605076
-25.25268	8.647341624
-23.11908	12.36694402
-20.83816	13.91448011
-17.65808	14.62041278
-14.1224	15.62482108
-10.57148	17.44414347
-7.15772	19.45296008
-3.72364	21.89681269
-0.36576	23.66142197
3.21564	25.10042146
7.84352	26.81076243
12.36472	27.35389022
15.72768	27.48956096
18.58264	27.16395118
21.20138	26.37661606
23.59406	25.75208584
25.93086	24.93761657
28.08732	23.98703174
28.95854	19.88755127
27.58186	7.615799174
26.20518	-0.529338299
24.74722	-3.787660182
22.9616	-6.964134798
20.30476	-9.869267933
17.21358	-11.33540157
14.07414	-12.50261476
10.60958	-13.88734596
7.13232	-14.89175426
3.6068	-15.54341864
0.2921	-15.89660739
-0.23368	-14.86462012
-0.254	-14.51187619
-3.33756	-16.27648546
-9.3218	-15.3534796
-15.4686	-14.45760789
-20.09902	-13.80594352
-24.66086	-13.45275477
-28.80868	-12.25840743
-31.80842	-10.98221283
-32.92348	-10.16774356
-33.87344	-10.3034143
-34.84372	-9.950670377
-36.14928	-9.896402081
-37.24148	-9.217603556
-37.91204	-8.972951401
-38.4683	-8.674475772
-39.0017	-8.891548957
-39.56558	-8.321731847
-40.0812	-8.131347988
-40.59936	-8.158482136
-40.7035	-2.430063132
-39.2684	9.217603556
-37.15004	15.43488205
-34.798	18.77416155
-32.32658	20.59348394
-28.58008	21.8425444
-24.35352	22.30382492
-20.25904	23.66142197
-14.07922	23.74282441
-6.52018	23.93276345
0.4064	23.68855611
6.52526	22.5208981
11.3411	21.27228247
17.8943	18.93741126
23.22576	17.14522302
27.5082	16.14081472
31.8262	15.3534796
35.74542	14.91888841
37.79266	14.56614449
39.33698	14.64754693
40.89146	14.53901034
39.7764	4.194672403
38.44544	-2.620002169
36.93668	-6.502409458
35.39998	-8.755878216
32.66948	-11.90521868
26.90876	-14.3490713
19.7993	-15.4620162
13.09878	-15.81520494
6.64718	-15.32634546
0.62992	-14.91888841
-0.0508	-13.83307767
-0.05334	-13.23568159
