"Umehara and Jirsa, 1982, Spec. 2CUS"	
500	
0	0
0.061026	22.32
0.061026	31.575
0.091542	39.74
0.15257	52.26
0.18308	63.148
0.28989	77.849
0.50348	105.61
0.6713	126.3
0.91542	151.89
1.2205	181.28
1.4189	202.51
1.6477	221.57
1.4799	192.17
1.3731	178.01
1.2511	157.33
1.1443	134.46
0.88489	97.447
0.76284	83.836
0.68656	70.772
0.62553	56.071
0.51872	40.285
0.39667	21.231
0.27462	8.7101
0.13731	-8.1656
0.015257	-25.042
-0.16783	-48.995
-0.47295	-90.37
-0.62553	-108.88
-0.86965	-137.73
-1.2663	-179.1
-1.5257	-201.42
-1.8308	-229.19
-2.1207	-254.23
-2.5784	-286.35
-2.8072	-304.86
-3.0208	-318.47
-3.1582	-328.27
-3.2497	-332.62
-3.0818	-301.05
-3.0208	-285.26
-2.8834	-267.29
-2.7462	-249.88
-2.6088	-229.73
-2.4106	-208.5
-2.1512	-174.75
-1.8461	-142.09
-1.6172	-118.13
-1.3731	-89.28
-1.1595	-68.05
-0.93066	-44.64
-0.73233	-23.409
-0.36617	13.61
-0.1068	44.096
0.1068	68.05
0.3509	95.267
0.50348	113.78
0.6713	133.92
0.79334	148.07
1.0832	176.93
1.4036	208.5
1.4341	198.16
1.2358	170.39
1.1748	155.15
1.068	141.54
0.94592	125.21
0.86965	113.78
0.7781	98.537
0.6713	84.379
0.56449	65.328
0.4272	46.273
0.24411	27.22
-0.1068	-9.7989
-0.24411	-24.497
-0.4272	-46.273
-0.64079	-75.127
-1.0222	-113.78
-1.2358	-133.92
-1.4494	-158.96
-1.7088	-180.74
-2.0292	-213.4
-2.2885	-235.17
-2.6853	-271.65
-2.9599	-294.52
-3.1735	-317.38
-2.9141	-276.55
-2.7615	-253.69
-2.6241	-233.54
-2.4411	-215.03
-2.2122	-187.27
-1.9223	-160.05
-1.7088	-133.37
-1.5409	-114.32
-1.3731	-95.267
-0.7781	-34.841
-0.51872	-4.3551
-0.2136	26.131
0	52.26
0.15257	69.135
0.53398	112.69
0.7781	146.44
0.96119	165.49
1.129	181.83
1.2663	195.44
1.5104	218.85
1.663	230.82
1.5562	205.78
1.4341	184
1.2968	164.41
1.1748	143.17
1.0527	127.93
0.79334	92.545
0.64079	71.857
0.015257	9.7989
-0.18308	-11.432
-0.39667	-40.285
-0.56449	-64.238
-0.83911	-94.725
-1.2358	-133.92
-1.4799	-160.6
-1.7545	-184.55
-2.0749	-219.93
-2.258	-238.44
-2.5174	-262.4
-2.8682	-277.09
-3.1887	-307.04
-2.5326	-226.47
-2.258	-194.35
-1.8156	-148.07
-1.4646	-110.51
-1.1443	-77.302
-0.94592	-50.627
-0.7018	-23.953
-0.24411	26.675
0	59.883
0.22885	84.926
0.45771	112.69
0.6713	136.1
0.85438	157.33
1.0985	183.46
1.4952	217.21
1.7698	253.14
1.9986	278.73
2.2732	295.06
2.5784	319.01
2.8834	340.25
3.1582	358.21
3.2954	369.1
3.86	389.24
4.1803	409.38
4.5618	399.04
4.7142	387.06
4.6076	370.73
4.272	330.99
3.9515	297.78
3.6159	263.49
3.3259	231.37
2.8529	189.45
2.4258	147.53
2.0292	113.78
1.5714	72.947
1.2053	40.829
0.62553	-12.521
0.3204	-42.462
0	-68.05
-0.30513	-90.913
-0.61026	-114.87
-0.97643	-143.17
-1.2816	-169.85
-1.5562	-192.17
-1.8003	-212.85
-1.8613	-218.3
-2.2885	-238.99
-2.6393	-260.76
-2.9141	-277.64
-3.1735	-293.43
-3.4785	-306.49
-3.7988	-321.19
-3.982	-328.81
-4.4854	-334.8
-5.05	-342.42
-5.4315	-327.72
-5.8433	-308.67
-6.2857	-280.36
-6.1638	-254.77
-6.0112	-225.92
-5.8585	-194.35
-5.6449	-158.96
-5.3551	-136.64
-4.8059	-101.25
-4.4549	-71.857
-4.0737	-40.829
-3.982	-32.663
-3.2802	-5.4439
-2.9751	11.977
-2.5326	26.131
-2.0444	41.918
-1.7088	53.349
-1.2053	65.87
-0.64079	81.656
0	102.34
0.57976	123.57
1.1748	143.72
1.8613	164.95
2.4258	184.55
2.7462	194.89
3.3106	204.69
3.8753	216.12
4.5923	231.37
4.3635	209.59
4.0277	184
3.6617	154.06
3.3719	127.39
3.0665	103.43
2.7462	78.939
2.3343	63.148
1.8918	45.183
1.3273	22.32
1.0985	12.521
0.71707	7.6216
0.28989	-0.54439
-0.39667	-13.61
-1.0222	-25.586
-1.5562	-35.93
-2.4258	-56.619
-3.097	-81.114
-3.4785	-95.267
-3.8448	-108.34
-4.272	-124.66
-4.7602	-141
-5.111	-154.61
-5.462	-168.76
-5.2941	-149.16
-4.9126	-121.94
-4.5161	-90.37
-4.2413	-65.328
-4.0277	-45.73
-3.8296	-28.308
-3.204	-13.066
-2.6546	0
-2.0292	17.965
-1.0527	23.953
-0.53398	31.575
0.061026	41.374
0.62553	51.717
1.068	62.606
1.2816	66.96
2.1817	103.98
2.7005	126.3
3.143	143.72
3.5547	158.96
3.9515	174.21
4.2565	186.18
4.5618	197.07
4.1803	161.68
3.7683	129.57
3.3106	94.725
2.9446	64.238
2.6241	39.196
2.0444	25.586
1.5409	13.61
1.0832	2.1776
0.38143	-0.54439
-0.39667	-9.2545
-1.1595	-19.598
-1.6935	-26.131
-2.2122	-34.841
-2.67	-48.995
-3.1278	-64.238
-3.6159	-80.571
-3.921	-88.738
-4.1194	-97.989
-4.4854	-112.69
-4.8517	-128.48
-5.2941	-145.35
-5.6144	-159.51
-5.3551	-135.01
-4.9279	-105.07
-4.4854	-67.503
-4.1651	-43.007
-3.921	-24.497
-3.7531	-8.1656
-3.2954	-2.722
-2.6393	7.0772
-2.0902	17.965
-0.94592	27.22
-0.2136	35.385
0.36617	43.007
0.91542	52.26
1.4189	60.973
1.8308	70.772
2.0749	76.759
2.8377	103.43
3.3106	122.49
3.5547	126.3
3.8753	141.54
4.272	157.87
4.699	175.29
4.9738	179.1
5.2941	187.81
5.6604	199.25
6.0112	206.87
6.4536	200.88
6.8504	197.07
7.2621	189.45
7.0488	163.86
6.7434	139.36
6.4232	111.05
6.1791	88.738
5.9654	72.405
5.4773	49.537
5.0653	29.397
4.7142	13.066
4.4701	3.2663
3.982	0
3.3106	-5.4439
2.731	-11.977
2.2427	-16.876
1.4952	-23.409
0.54925	-22.864
-0.1068	-24.497
-0.51872	-25.586
-0.71707	-26.131
-1.1748	-33.752
-1.724	-42.462
-2.2885	-51.174
-2.7158	-57.704
-3.0208	-60.973
-4.0889	-83.836
-4.5771	-95.814
-5.111	-108.34
-5.6144	-119.22
-6.2095	-127.39
-6.7434	-136.1
-7.43	-137.73
-8.1623	-135.01
-7.8268	-107.79
-7.491	-78.939
-7.369	-65.87
-7.1402	-48.995
-6.9418	-29.941
-6.7739	-13.61
-6.0721	3.2663
-5.5992	16.876
-5.3551	24.497
-4.9126	25.042
-3.8296	28.853
-2.8834	31.575
-1.9834	30.486
-1.0985	29.397
-0.79334	29.941
1.0985	34.296
1.8766	36.474
2.3648	38.652
3.1887	49.537
4.4854	65.328
4.9431	69.682
5.9959	89.823
6.652	100.71
7.1859	110.51
6.6063	86.015
6.1486	65.328
5.7975	48.452
5.4008	29.941
5.0653	14.154
4.4701	-13.066
3.6464	-15.243
2.7767	-16.332
1.8461	-15.787
1.068	-13.066
0.12205	-11.432
-0.76284	-10.343
-1.4952	-9.7989
-2.3648	-12.521
-3.1735	-16.332
-3.3871	-22.32
-3.7836	-26.131
-4.3482	-34.841
-5.0043	-44.64
-5.8892	-57.704
-6.652	-69.682
-7.2164	-79.481
-7.8572	-90.913
-8.0099	-92.545
-7.3386	-62.606
-6.8504	-37.018
-6.1178	-2.722
-5.7518	15.243
-5.4468	31.575
-4.8974	31.03
-4.0737	33.208
-3.1582	33.208
-2.2122	33.208
-1.4036	32.119
-0.7018	31.575
-0.76284	27.764
1.0375	26.131
1.9681	26.675
2.5631	27.22
3.204	34.296
4.1194	44.096
4.699	49.537
5.3856	57.161
5.9045	63.148
6.5146	69.682
6.8656	74.037
7.0792	77.302
6.4232	53.349
5.9807	38.652
5.5382	22.32
5.2027	8.7101
4.8212	-3.2663
4.6076	-11.432
3.0665	-14.154
2.2275	-17.421
1.5409	-21.231
0.50348	-23.953
-0.4272	-23.409
-1.663	-17.965
-2.4869	-17.421
-2.9903	-17.965
-3.8296	-19.598
-4.4397	-22.864
-4.9891	-27.22
-5.5992	-34.296
-6.6825	-52.26
-7.1097	-60.973
-7.5674	-69.135
-7.903	-75.127
-7.43	-51.174
-6.6977	-15.787
-6.0416	9.2545
-5.523	32.119
-4.333	29.941
-3.2802	29.397
-2.5784	31.575
-1.5257	31.575
-0.36617	31.03
0.44244	30.486
1.1595	29.941
1.9681	28.853
2.5631	28.308
2.9294	28.853
3.57	31.575
4.7907	38.652
6.2248	58.794
7.1097	74.58
7.8725	77.849
8.4371	79.481
8.8336	81.656
9.3218	81.656
9.7795	81.114
9.5659	65.328
9.1694	39.74
8.9253	23.953
8.4981	0
8.3759	-5.9883
7.9946	-13.61
7.5522	-21.231
7.2469	-27.22
6.6672	-29.397
5.6297	-31.03
4.7755	-29.941
4.4854	-29.941
3.7226	-28.853
2.9903	-25.586
2.3953	-23.409
0.51872	-22.32
-0.19834	-20.142
-1.007	-18.509
-2.0139	-17.965
-2.7767	-17.965
-3.2649	-17.965
-4.0277	-19.053
-5.2332	-23.953
-5.6604	-27.22
-6.301	-33.752
-7.1554	-41.374
-7.781	-46.273
-8.4676	-51.717
-9.1542	-56.071
-9.8712	-58.251
-10.42	-57.704
-10.664	-56.619
-10.268	-34.296
-9.7033	-2.722
-9.3525	14.698
-9.032	33.208
-8.5286	41.374
-7.9487	51.717
-6.8961	52.26
-5.9045	51.717
-5.3398	52.807
-4.5314	50.084
-3.5855	46.82
-2.2427	41.374
-1.19	37.018
-0.45771	33.752
0.15257	29.397
0.71707	17.965
