"Umehara and Jirsa, 1982, Spec. CUS"	
795	
0	0
0.045903	19.687
0.045903	26.25
0.061204	34.453
0.091806	41.562
0.13771	49.764
0.19891	60.702
0.27541	70.545
0.36721	80.936
0.44371	89.685
0.50493	97.344
0.55082	104.45
0.62733	112.65
0.71915	124.69
0.79563	133.98
0.90274	146.01
1.0099	155.31
1.2088	172.81
1.3771	184.29
1.5607	197.42
1.6831	206.17
1.882	218.2
2.0197	226.4
2.1574	232.42
2.2798	240.08
2.2492	229.69
2.0503	208.9
2.0044	202.34
1.8667	188.67
1.6984	171.17
1.5301	153.67
1.3618	136.72
1.0558	106.09
0.85684	86.407
0.71915	72.187
0.55082	53.594
0.39781	36.64
0.19891	16.953
0	-2.1875
-0.091806	-15.312
-0.19891	-29.531
-0.33663	-45.392
-0.52022	-66.173
-0.65794	-82.03
-0.82624	-107.74
-0.93335	-122.5
-1.1016	-140
-1.2241	-153.12
-1.4383	-177.73
-1.5454	-189.22
-1.6678	-199.61
-1.8055	-211.64
-2.0044	-223.67
-2.2645	-239.53
-2.5093	-254.84
-2.6777	-264.69
-2.7389	-267.97
-2.7694	-270.7
-2.6624	-246.09
-2.5552	-228.04
-2.4481	-214.37
-2.3104	-198.51
-2.1574	-181.56
-2.035	-164.06
-1.8667	-143.83
-1.6831	-125.23
-1.5148	-106.64
-1.423	-95.703
-1.0099	-61.796
-0.84155	-48.123
-0.68854	-32.812
-0.56614	-22.422
-0.44371	-10.938
-0.27541	4.375
-0.16831	16.953
-0.015301	32.265
0.076505	43.75
0.21421	57.966
0.33663	72.187
0.47432	85.313
0.61204	99.528
0.96396	125.78
1.0711	137.27
1.2394	149.84
1.423	165.7
1.576	178.28
1.8973	202.34
2.0503	216.56
2.2033	225.31
2.2951	231.87
2.1115	214.92
2.0197	203.98
1.8973	190.31
1.8208	178.83
1.6831	164.06
1.5301	149.84
1.4077	136.72
1.2547	122.5
1.0864	105.55
0.91806	88.048
0.74973	71.092
0.64265	57.966
0.48964	41.562
0.33663	28.984
0	-1.0938
-0.13771	-18.594
-0.32131	-37.734
-0.58143	-56.877
-0.79563	-76.016
-1.0099	-95.156
-1.2241	-117.03
-1.4689	-138.36
-1.6678	-158.05
-2.0044	-188.12
-2.2033	-206.17
-2.4175	-226.4
-2.5705	-239.53
-2.7081	-250.47
-2.4175	-217.65
-2.2339	-196.33
-2.1115	-183.2
-1.9738	-166.25
-1.8208	-148.2
-1.6678	-131.25
-1.4842	-112.65
-1.3006	-94.609
-1.1935	-82.03
-0.97925	-65.079
-0.78034	-47.029
-0.64265	-33.359
-0.48964	-18.594
-0.35192	-1.6406
-0.18361	12.578
-0.030602	28.437
0.15301	46.486
0.2907	60.702
0.39781	71.639
0.87213	115.94
1.0558	133.44
1.4842	169.53
1.6678	182.11
1.8514	194.14
1.9585	203.44
2.2492	221.48
1.9432	196.33
1.7596	178.83
1.6372	162.42
1.4689	143.83
1.2853	125.78
1.1629	114.3
1.0251	98.986
0.90274	84.766
0.73444	67.814
0.52022	49.217
0.24481	26.25
-0.045903	-6.5626
-0.18361	-22.422
-0.35192	-37.187
-0.53553	-53.047
-0.82624	-78.747
-1.0405	-100.08
-1.2241	-121.4
-1.4077	-138.91
-1.5607	-152.58
-1.6984	-166.25
-1.8361	-176.64
-2.0809	-196.87
-2.2492	-210
-2.3869	-223.67
-2.6165	-241.17
-2.3257	-202.89
-2.2339	-190.86
-2.0962	-177.19
-1.9738	-164.06
-1.8514	-151.48
-1.729	-139.45
-1.5913	-124.69
-1.4995	-113.2
-1.3465	-96.797
-1.2241	-84.766
-1.117	-75.469
-0.97925	-62.343
-0.84155	-48.123
-0.71915	-33.906
-0.52022	-19.687
-0.45903	-13.125
-0.32131	-1.0938
-0.076505	18.594
0.045903	31.172
0.27541	55.782
0.52022	78.747
0.68854	98.986
0.97925	126.87
1.1323	139.45
1.3924	158.59
1.5913	173.36
1.7443	185.39
1.9279	196.87
2.1727	213.28
2.6317	241.72
2.953	257.57
3.1214	267.42
3.1826	271.8
3.4275	280
3.7333	289.84
3.9629	296.95
4.2537	305.16
4.5291	311.72
4.8044	317.19
5.0188	322.65
5.034	310.62
4.8351	283.83
4.6972	261.4
4.5596	242.26
4.4219	224.76
4.2995	207.81
4.1466	188.67
4.0241	172.26
3.8865	154.76
3.7488	136.72
3.6721	125.23
3.5804	112.11
3.5192	102.26
3.3967	89.138
3.1979	67.814
2.8918	51.406
2.7081	39.922
2.5246	26.797
2.2492	10.938
1.9891	-2.7344
1.6678	-19.687
1.5607	-26.25
1.2547	-37.734
0.81095	-52.5
0.42842	-66.173
-0.15301	-86.407
-0.79563	-108.28
-2.1268	-151.48
-2.9837	-177.19
-3.7181	-199.61
-4.4983	-222.03
-5.2789	-242.81
-5.0645	-213.28
-4.7739	-182.66
-4.5443	-154.22
-3.9169	-92.421
-3.7028	-72.734
-3.5804	-54.141
-3.1062	-41.562
-2.494	-27.89
-1.6984	-12.031
-0.67323	4.375
-0.13771	16.953
0.061204	19.687
0.59672	38.281
1.1476	53.594
1.5454	66.173
2.0656	87.501
2.6929	111.01
3.1519	130.16
3.5956	147.11
4.1313	166.25
4.6055	184.29
4.7739	189.77
4.3302	154.76
3.9781	124.69
3.6721	101.17
3.3967	82.577
3.1062	68.357
2.8153	50.858
2.5093	35.547
2.188	20.781
1.3924	-7.6563
0.74973	-15.312
0.39781	-18.594
0	-20.234
-1.3159	-39.375
-1.8973	-47.029
-2.4481	-65.079
-2.907	-79.294
-3.3508	-93.515
-3.7488	-106.09
-4.0241	-120.86
-4.3759	-135.62
-4.682	-148.75
-4.9576	-160.78
-5.141	-167.89
-5.3094	-175.54
-4.9116	-152.58
-4.1466	-92.968
-3.6109	-52.5
-3.0907	-40.468
-2.4634	-26.25
-1.8055	-12.031
-1.4842	-13.672
-0.79563	-11.484
-0.15301	-7.1092
0.41313	2.7344
0.87213	14.218
1.3006	24.062
1.5913	30.625
2.0044	44.845
2.494	63.437
2.953	81.483
3.3663	98.439
3.764	115.94
4.0701	129.61
4.3302	141.64
4.6208	154.76
4.8504	166.8
4.3302	130.16
4.0089	109.38
3.7945	91.873
3.5499	74.922
3.3355	56.329
3.2591	51.406
2.9378	42.109
2.4328	26.797
2.0044	9.8439
1.5607	-6.0155
1.2394	-18.047
0.35192	-18.047
-0.45903	-19.141
-1.423	-35.547
-2.035	-43.203
-2.4787	-55.235
-2.7849	-64.532
-3.2131	-78.747
-3.6416	-90.779
-4.0089	-108.28
-4.3454	-127.42
-4.6055	-141.64
-4.8964	-156.95
-5.1869	-168.98
-4.728	-132.89
-4.4371	-107.74
-4.177	-86.407
-3.9477	-68.357
-3.7945	-54.141
-3.2131	-43.203
-2.6929	-31.172
-2.1115	-16.406
-1.4689	-15.312
-0.96396	-15.859
-0.53553	-16.406
0.53553	7.1092
1.3924	24.062
1.6219	30.078
2.035	50.311
2.4328	66.72
2.9378	83.124
3.3355	97.892
3.8252	116.48
4.3302	141.64
4.8809	156.41
5.5235	160.78
6.1816	166.25
6.7478	168.98
7.4668	174.45
6.809	129.06
6.3345	100.62
5.8448	69.998
5.2177	30.078
4.9116	10.391
3.9629	-2.1875
3.1214	-12.031
2.0809	-21.328
1.0864	-28.437
0.061204	-30.078
-1.5607	-43.203
-2.8153	-55.235
-4.0089	-86.954
-5.7683	-127.97
-7.4056	-161.33
-7.9411	-168.44
-7.3292	-135.08
-6.9159	-108.83
-6.411	-80.936
-5.9827	-55.782
-5.5695	-26.797
-4.9116	-19.141
-4.2078	-14.218
-3.6109	-13.125
-2.7849	-14.766
-1.5607	-14.218
-0.74973	-9.8439
-0.73444	-12.578
0.47432	-0.54688
1.3465	6.0155
2.0503	10.938
3.1062	24.609
3.8865	38.281
4.6515	53.594
5.1869	65.626
5.7379	78.205
6.2428	91.326
6.717	103.91
7.1148	114.84
7.4516	123.59
6.7782	92.968
6.2885	69.998
5.7379	39.375
5.1717	13.125
4.1618	2.1875
3.0907	-8.203
1.729	-21.875
0.38252	-19.687
-0.44371	-20.234
-1.576	-13.672
-2.3869	-17.5
-3.1214	-22.422
-4.0241	-36.093
-4.8504	-47.576
-5.6459	-58.513
-6.3345	-77.111
-6.5946	-86.407
-6.7782	-92.421
-7.1915	-105
-7.5738	-116.48
-7.176	-92.968
-6.8395	-78.747
-6.4722	-63.437
-6.1051	-49.217
-5.539	-25.703
-5.1869	-8.7501
-4.7739	-9.2968
-3.9169	-2.7344
-3.0907	0.54688
-1.6066	-1.0938
-0.44371	0
0.88745	0
1.9738	3.2812
2.3716	1.0938
3.2438	2.1875
3.8712	14.218
4.4831	26.25
5.0952	38.828
5.7991	54.688
6.3497	68.357
6.8242	80.389
7.2372	91.873
7.4516	98.439
7.1148	82.03
6.6865	63.437
6.3652	46.486
6.0744	32.812
5.7991	18.594
5.4778	3.8281
4.0701	-3.2812
2.8461	-8.203
1.6372	-2.1875
1.3159	-12.578
0.48964	-15.859
-0.96396	-18.594
-2.494	-22.969
-3.4732	-26.797
-5.0952	-42.109
-5.3553	-46.486
-5.7071	-60.702
-6.0439	-73.281
-7.4516	-113.2
-7.635	-120.31
-7.1915	-96.797
-6.763	-76.563
-6.3345	-58.513
-6.0439	-43.203
-5.6766	-24.609
-5.1717	-10.938
-4.682	-8.7501
-3.8865	-1.0938
-3.2743	1.6406
-1.9432	0
-0.015301	-0.54688
1.6678	-2.7344
3.2896	-2.1875
3.8865	13.125
4.5596	27.344
5.447	45.939
6.304	61.249
7.2832	77.658
8.033	91.326
8.8285	106.09
9.4407	117.03
10.099	127.42
9.2875	90.779
8.2471	47.576
7.635	21.328
7.0843	-4.9217
6.6558	-26.25
5.493	-22.969
3.7488	-22.969
2.0503	-21.328
0.30602	-20.234
-1.7137	-19.687
-3.2896	-18.594
-4.4679	-41.562
-5.0952	-49.217
-7.0536	-79.294
-8.1859	-98.986
-9.0886	-113.2
-10.221	-130.16
-9.716	-110.47
-9.0581	-84.218
-8.3388	-58.513
-7.7117	-31.719
-7.2525	-10.938
-6.8242	7.1092
-4.2842	1.0938
-2.9225	2.7344
-1.3618	-1.0938
0.42842	-2.1875
1.7596	-1.6406
3.4275	-2.1875
4.3454	0
5.2941	12.031
6.2581	22.969
6.7782	28.984
7.8494	47.029
8.7521	62.343
9.5631	75.469
10.037	84.218
8.7521	44.297
8.1399	27.344
7.6045	9.2968
7.268	-1.0938
6.7935	-15.859
6.3957	-26.25
3.6264	-25.156
0.99456	-23.515
-0.97925	-18.594
-2.2798	-18.047
-4.3454	-15.312
-5.0797	-21.875
-5.8603	-28.984
-6.7935	-35.547
-7.1608	-42.656
-7.987	-59.061
-8.6297	-70.545
-9.5019	-84.766
-10.099	-94.609
-10.313	-100.08
-9.5019	-79.294
-8.951	-62.89
-8.2931	-43.203
-7.7117	-25.156
-7.3137	-13.125
-6.8699	0.54688
-6.6711	6.5626
-5.5082	-1.0938
-4.1313	0
-2.7849	-1.0938
-1.7596	-1.6406
-0.59672	-2.7344
0.45903	-2.7344
1.3618	-2.1875
2.4481	-2.7344
2.8918	-3.2812
4.9576	2.7344
5.7683	9.8439
6.8699	19.687
7.5585	29.531
8.1707	40.468
8.6756	47.576
9.1806	58.513
9.8689	70.545
10.114	75.469
9.0274	44.297
8.2931	28.437
7.5738	8.203
7.0079	-7.6563
6.6098	-22.969
4.2537	-25.156
2.8918	-27.344
-0.19891	-19.687
-1.5454	-16.406
-2.7389	-15.859
-4.1466	-16.953
-5.0645	-19.687
-5.8755	-27.89
-6.9007	-31.719
-7.7117	-41.562
-8.6144	-55.782
-9.2418	-70.545
-10.022	-84.766
-9.1651	-63.437
-8.6297	-47.029
-8.1554	-33.906
-7.6045	-18.594
-7.1915	-5.4688
-6.8242	6.0155
-5.6154	2.7344
-3.6721	2.7344
-1.8514	-1.0938
-0.32131	0
1.423	-1.0938
2.8918	-3.2812
4.2842	-4.375
5.0188	3.2812
5.6307	8.203
6.3652	12.031
6.9924	17.5
7.4516	21.328
7.9106	26.25
8.6297	32.265
9.4099	43.203
10.236	53.594
10.986	63.437
11.828	75.469
12.332	82.577
12.715	88.048
11.552	60.702
10.894	44.845
10.068	20.781
9.1194	-6.0155
8.4	-28.984
5.3858	-27.89
3.2896	-26.797
1.729	-25.703
0.2907	-24.609
-1.27	-24.062
-2.7236	-21.875
-3.9934	-19.687
-4.8044	-19.141
-5.7226	-25.703
-6.5334	-30.625
-6.8547	-31.172
-8.3388	-48.67
-9.7008	-65.079
-10.925	-78.747
-11.828	-87.501
-12.7	-96.25
-11.353	-66.173
-10.221	-36.093
-9.303	-10.391
-8.4	8.203
-6.809	4.9217
-5.539	5.4688
-4.1006	2.7344
-3.0295	2.7344
-1.729	0.54688
-0.55082	0
0.50493	0
1.8055	0
3.1062	-1.6406
4.4831	-0.54688
6.0284	4.375
6.8699	4.375
7.8034	10.938
8.6449	15.312
10.389	34.453
12.47	55.235
11.43	35
10.588	18.047
9.8997	4.375
9.3335	-6.5626
8.905	-15.312
8.3543	-26.25
5.6459	-28.984
4.0394	-25.703
2.6469	-23.515
1.1323	-20.234
-0.36721	-21.328
-1.5148	-22.422
-2.6317	-22.969
-3.7028	-20.781
-4.4983	-20.234
-6.2885	-15.312
-7.222	-14.766
-7.7117	-17.5
-8.905	-30.625
-9.6243	-38.828
-10.405	-47.576
-11.246	-56.877
-11.95	-64.532
-12.562	-70.545
-11.338	-48.123
-10.496	-30.078
-9.9149	-17.5
-8.4767	12.031
-6.4569	2.7344
-4.1158	1.0938
-1.0558	-2.1875
0.96396	-1.0938
2.6165	-0.54688
5.0033	-8.203
5.7991	-5.4688
6.5486	-3.8281
7.4361	1.6406
8.4767	3.2812
8.905	3.2812
9.4712	10.938
10.19	19.687
10.711	24.062
11.506	34.453
12.042	40.468
12.547	44.297
12.837	46.486
11.644	27.344
11.047	19.141
10.435	9.2968
9.8997	0
9.3182	-8.7501
8.8133	-18.047
8.3543	-25.703
7.0691	-30.078
5.1717	-28.437
3.9629	-26.797
2.5399	-24.609
1.2394	-22.422
0.30602	-19.687
-0.78034	-18.047
-1.7749	-19.687
-2.7694	-18.594
-3.9169	-18.594
-5.0952	-14.766
-6.2581	-15.312
-7.0536	-16.953
-8.3696	-17.5
-8.7521	-19.687
-9.3335	-24.609
-10.19	-33.906
-10.94	-41.562
-11.889	-51.953
-12.593	-56.877
-11.766	-44.297
-10.864	-30.078
-9.3182	-8.203
-8.7368	2.1875
-8.2931	13.125
-6.0284	4.375
-4.575	5.4688
-2.7849	2.1875
-1.3159	0.54688
0.015301	0
1.3006	0
2.3869	-1.0938
3.3355	-1.6406
4.1925	-1.6406
5.3858	-6.5626
6.1051	-5.4688
6.9924	-2.1875
8.2471	3.8281
9.0274	6.5626
9.7925	9.2968
10.405	12.578
10.864	13.125
11.629	20.781
12.317	25.703
13.128	32.265
13.863	39.922
14.582	46.486
15.133	51.406
13.817	29.531
12.96	16.953
12.164	3.2812
11.231	-14.218
10.42	-27.344
10.068	-33.359
8.3236	-31.719
6.9159	-30.078
5.6614	-28.984
4.4679	-27.89
3.1214	-26.25
1.7902	-22.969
0.81095	-21.328
-0.26012	-19.687
-1.2394	-18.594
-2.0809	-18.594
-3.1519	-18.594
-4.0853	-18.594
-4.682	-17.5
-6.0897	-15.312
-7.1303	-16.406
-7.9563	-17.5
-8.7521	-18.594
-9.6548	-22.969
-10.588	-26.25
-11.17	-28.984
-12.195	-37.734
-13.082	-44.297
-13.771	-50.311
-14.49	-56.329
-15.285	-61.796
-13.924	-43.75
-12.822	-24.062
-11.904	-9.8439
-11.062	1.6406
-10.145	16.406
-9.2111	15.859
-8.4155	14.218
-6.4417	10.938
-4.6055	6.0155
-2.9225	2.1875
-1.423	0
0	0
