"Umehara and Jirsa, 1982, Spec. CUW"	
750	
0	0
0.27635	24.163
0.53818	40.971
0.74181	58.829
1.0036	77.742
1.2073	92.447
1.3818	105.58
1.6436	121.87
1.92	137.62
2.0945	149.7
2.1964	156.01
2.08	145.5
1.9345	131.84
1.8182	120.29
1.7018	109.26
1.5418	93.501
1.3673	78.267
1.0909	52.526
0.91636	36.769
0.77092	22.587
0.6109	4.7273
0.42182	-12.081
0.24727	-27.84
-0.014545	-50.952
-0.24727	-68.286
-0.48001	-87.194
-0.74181	-107.16
-0.85819	-116.61
-1.0327	-126.07
-1.3382	-140.25
-1.6146	-153.38
-1.8182	-163.36
-1.9782	-173.34
-1.7454	-152.33
-1.4109	-126.07
-1.1636	-106.11
-0.91636	-87.194
-0.6109	-62.508
-0.29091	-37.295
-0.087272	-22.062
0.13091	-3.1517
0.37818	17.334
0.64	39.921
0.95999	63.557
1.1636	81.416
1.4254	100.85
1.6727	118.71
1.8909	132.89
2.0218	144.98
2.2254	158.63
2.0363	141.3
1.8763	122.92
1.7164	106.63
1.44	82.995
1.1636	59.354
0.98908	43.073
0.75636	26.789
0.43637	-6.8286
0.21818	-22.587
0.043637	-33.618
-0.16	-49.377
-0.40726	-66.711
-0.56726	-80.366
-0.78544	-94.026
-0.94544	-105.06
-1.1345	-116.61
-1.28	-126.07
-1.4691	-138.15
-1.6436	-151.28
-1.8182	-161.26
-1.92	-169.14
-2.0218	-176.49
-1.6291	-143.4
-1.2218	-109.26
-0.95999	-87.723
-0.78544	-72.489
-0.56726	-57.78
-0.37818	-40.971
-0.16	-24.163
0.014545	-9.4551
0.27635	9.4551
0.53818	30.466
0.81455	51.477
1.1491	75.638
1.3818	92.972
1.6436	113.46
1.9055	129.74
2.08	140.77
2.2109	159.68
1.8618	124.49
1.6582	103.48
1.4836	87.723
1.2364	66.711
1.0909	54.63
0.88727	37.82
0.72728	24.163
0.37818	-15.233
0	-35.193
-0.26182	-55.155
-0.64	-82.995
-0.9018	-102.43
-1.2073	-120.81
-1.4545	-136.57
-1.6582	-151.28
-1.8909	-165.99
-2.0073	-174.39
-1.4109	-122.92
-0.91636	-77.742
-0.30546	-34.668
0.21818	6.8286
0.69817	42.547
1.0473	76.692
1.6146	117.66
1.9345	141.3
2.1382	158.63
2.5018	174.92
2.9383	192.25
3.2436	205.38
3.811	222.72
4.1745	234.27
4.3782	240.05
4.1455	216.41
3.8837	198.03
3.6363	178.07
3.491	164.41
3.3162	152.33
3.0546	136.57
2.6619	115.03
2.3273	95.076
1.8327	68.811
1.0327	27.314
0.75636	6.3033
0.3491	-22.587
-0.029091	-48.852
-0.69817	-94.551
-1.12	-119.76
-1.4836	-141.82
-1.7309	-157.58
-1.9636	-174.39
-2.6764	-189.1
-3.2581	-202.23
-3.6363	-212.21
-4.0437	-226.92
-3.7526	-207.49
-3.2728	-175.97
-2.8946	-150.23
-2.5453	-126.59
-2.08	-98.225
-1.6436	-75.113
-1.1927	-53.051
-0.9018	-37.82
-0.52365	-21.011
0.49454	29.416
0.94544	58.304
1.2073	73.014
1.5564	98.225
1.8036	117.14
2.1527	137.62
2.5745	157.06
2.9817	174.39
3.4762	191.73
3.8255	205.91
4.2182	221.67
3.8981	193.3
3.6073	173.87
3.3454	155.48
3.1128	139.2
2.9091	126.07
2.4873	105.06
2.1818	88.773
1.8182	68.286
1.44	48.852
1.0618	30.466
0.68364	14.182
0.3491	-9.4551
-0.058181	-33.092
-0.50909	-59.354
-1.0182	-86.669
-1.5418	-107.68
-2.08	-127.64
-2.6182	-146.55
-3.1999	-170.19
-3.6944	-192.78
-4	-211.68
-3.2873	-172.29
-2.7201	-133.95
-2.0655	-97.175
-1.5273	-68.811
-1.0036	-43.073
-0.48001	-15.233
0.18909	19.435
0.87272	52.526
1.3818	82.47
1.76	100.85
2.3273	125.54
2.8072	146.03
3.4762	173.87
3.84	191.73
4.2327	211.16
3.8981	189.1
3.5055	170.19
3.1272	152.33
2.7054	129.22
2.1091	96.651
1.6436	69.86
1.2509	47.273
0.9018	24.688
0.56726	5.778
0.24727	-13.132
-0.17454	-38.871
-0.46545	-58.304
-1.2509	-92.972
-1.8618	-116.61
-2.4873	-141.82
-2.9817	-161.26
-3.3891	-178.07
-3.7526	-193.3
-4.0289	-204.33
-4.189	-213.79
-4.2037	-208.01
-3.8255	-191.2
-2.8072	-141.3
-2.3127	-112.93
-1.8182	-87.723
-1.3673	-65.137
-0.78544	-36.769
-0.33454	-15.233
0.14545	8.9298
0.43637	26.264
0.87272	55.68
1.4836	89.823
1.8909	112.41
2.6327	143.4
3.4618	175.44
4.0437	199.08
4.8001	223.77
5.571	243.73
6.2545	263.17
5.7455	232.7
5.2509	202.76
4.7272	169.66
4.3056	141.82
3.9126	130.27
3.3599	108.73
2.7783	86.669
2.2691	65.661
1.8473	47.273
1.4982	30.466
1.1927	14.708
0.98908	3.6769
0.36363	-19.96
-0.17454	-38.345
-0.77092	-65.137
-1.1927	-87.194
-1.3236	-92.972
-1.92	-116.61
-2.5453	-143.4
-3.1128	-165.99
-3.5636	-184.37
-3.8981	-198.55
-4.4072	-211.68
-4.9454	-224.82
-5.3528	-235.33
-5.8326	-245.3
-5.3673	-215.89
-4.829	-179.65
-4.4801	-156.53
-3.9855	-128.69
-3.3454	-100.85
-2.3564	-64.607
-1.4836	-33.618
-0.91636	-18.384
0	4.2022
0.46545	25.213
0.82908	46.748
1.12	66.186
1.8473	96.651
2.4145	116.09
2.9383	132.89
3.7818	159.16
4.8727	190.68
5.4544	210.11
5.8036	220.09
6.08	229.02
5.5273	202.23
5.1636	181.75
4.7709	161.26
4.3345	138.68
4.2327	133.42
3.8692	119.76
3.3162	100.33
2.7783	78.792
2.4291	60.933
1.6727	28.89
1.0618	3.6769
0.21818	-22.062
-0.4509	-40.971
-1.0182	-56.205
-1.6291	-75.638
-2.1673	-94.026
-2.7346	-113.46
-3.2291	-129.22
-3.5928	-142.87
-4.3345	-167.04
-4.5964	-175.44
-5.0472	-193.83
-5.5128	-211.16
-5.9492	-223.24
-5.3236	-192.78
-4.669	-162.84
-4.32	-143.92
-4.0437	-128.69
-3.8255	-117.66
-2.3854	-64.082
-1.5564	-32.567
-0.6109	-12.607
0.23273	15.758
0.68364	31.517
1.1636	47.273
1.6146	62.508
2.0945	85.62
2.8364	107.68
3.5199	127.64
4.2037	149.18
4.669	162.84
5.7163	197.5
6.2255	213.79
5.5999	183.32
5.0909	161.79
4.669	141.3
4.2619	120.29
3.7236	100.85
3.1999	81.416
2.7927	65.137
2.5018	54.63
2.1964	44.123
1.8763	35.193
1.5127	24.163
0.69817	-1.5758
0.014545	-26.264
-1.0327	-57.255
-1.6146	-76.692
-2.5453	-102.95
-3.2728	-121.87
-4.0726	-143.92
-4.0726	-143.92
-4.0874	-142.87
-4.5382	-154.43
-4.9599	-175.97
-5.411	-193.83
-5.7455	-205.91
-6.0218	-213.26
-5.3381	-180.7
-4.6253	-146.55
-4.1308	-121.34
-3.9273	-112.41
-3.1709	-86.669
-2.3854	-58.304
-1.7454	-35.193
-0.72728	-13.657
0.64	28.89
1.8618	64.607
2.7635	90.873
3.5055	116.09
4.7854	158.63
5.3673	178.07
6.269	209.06
7.3454	228.49
8.1308	245.83
8.5527	255.28
7.8108	214.84
6.8654	164.94
6.2545	128.69
5.4981	89.298
5.2217	74.064
4.2763	52.526
3.3599	29.941
2.5745	8.9298
2.1236	0
1.4254	-10.506
0.66909	-21.536
0.16	-29.416
-0.9018	-53.051
-1.7164	-69.335
-2.6182	-86.669
-3.3891	-105.58
-4.0582	-123.44
-4.7127	-139.2
-5.2365	-152.33
-5.9637	-172.29
-7.0546	-183.84
-7.9418	-194.88
-7.1272	-156.01
-6.0508	-104
-5.3236	-69.335
-4.3345	-44.649
-3.3891	-23.638
-2.2982	0
-1.7745	10.506
-0.65453	7.3539
0.6109	24.688
1.8036	45.174
3.811	84.045
5.7892	120.81
7.0109	145.5
8.2471	171.76
7.1999	131.84
6.4145	99.804
5.8036	73.539
5.178	46.748
4.3782	33.092
3.2873	15.233
2.7346	3.6769
1.7454	-4.7273
0.52365	-17.334
-0.46545	-26.264
-1.6291	-35.719
-2.5601	-41.497
-3.0691	-53.051
-4.2037	-76.163
-5.3528	-97.7
-6.4	-117.66
-7.2436	-131.84
-7.7673	-141.3
-6.9527	-107.68
-5.7018	-57.78
-4.8727	-25.213
-3.7526	-15.233
-3.0691	-9.4551
-2.3273	5.2526
-1.3673	4.7273
-0.21818	5.2526
0.48001	11.556
1.7164	26.264
2.8072	38.345
3.3891	49.377
4.1308	62.508
4.9309	74.589
5.8763	91.922
6.6327	105.06
7.5781	122.92
8.0145	131.84
8.32	137.62
7.7526	118.71
7.1999	100.85
6.5164	78.267
5.8618	56.73
5.3381	37.82
5.1346	29.416
3.7963	9.9804
3.1417	3.1517
2.0945	-2.1011
0.40726	-15.233
-1.0036	-17.86
-1.8327	-22.587
-2.3564	-26.789
-2.9091	-32.567
-3.6944	-43.598
-4.7127	-60.933
-5.8181	-79.317
-6.589	-91.398
-7.4328	-109.26
-7.7381	-115.56
-6.8364	-84.57
-6.0945	-60.408
-5.5273	-40.971
-4.9891	-23.112
-4.7854	-22.062
-4.32	-20.486
-3.7673	-13.132
-2.4291	-12.081
-1.2945	-11.031
-0.37818	-11.556
0.31999	1.5758
1.4691	14.182
2.5164	24.688
3.1417	32.567
3.9855	45.174
5.1346	65.137
5.92	78.792
7.0254	99.279
8.189	119.76
9.0909	133.42
10.022	149.18
10.487	156.53
9.8181	132.37
9.2072	108.21
8.5819	78.792
7.8544	46.224
7.0399	35.719
6.0218	23.638
5.178	14.708
4.4364	7.3539
3.3599	3.6769
2.1964	-2.1011
0.11636	-13.132
-1.1782	-22.062
-2.3709	-23.638
-4.1308	-43.073
-4.9599	-54.63
-6.0945	-70.914
-7.4181	-92.972
-8.829	-110.84
-10.066	-126.59
-9.4544	-101.9
-8.3345	-58.304
-7.491	-24.163
-5.9926	-11.556
-4.9891	-3.1517
-3.8981	4.7273
-3.4762	10.506
-2.2254	9.4551
-0.69817	8.4045
0.56726	9.4551
1.76	6.8286
3.2291	9.4551
4.2619	30.466
5.571	47.273
6.9091	66.186
7.9126	80.891
8.9454	95.601
9.5273	102.95
10.066	110.84
9.3236	81.941
8.6982	58.829
8.1455	37.82
7.7092	21.011
6.1963	9.9804
5.1636	4.2022
4.3345	1.5758
3.8255	-5.2526
2.8654	-9.4551
1.6727	-13.132
0.56726	-15.758
-0.42182	-18.384
-1.6873	-22.587
-2.5601	-29.941
-4.3782	-44.649
-5.1636	-53.576
-6.1671	-57.255
-7.1417	-60.933
-7.4473	-63.033
-8.7709	-81.416
-9.6291	-91.398
-9.9055	-96.126
-9.1928	-70.385
-8.4071	-43.598
-7.7963	-22.587
-6.9817	-13.132
-6.3853	-8.4045
-5.4836	-4.7273
-4.8872	-1.5758
-3.9708	2.6264
-3.1709	8.4045
-0.98908	9.9804
0.31999	7.8792
1.4254	7.3539
2.8946	6.8286
3.4473	7.8792
4.5237	21.011
5.4836	33.618
6.9235	51.477
8.5672	70.385
9.7744	87.194
10.226	91.922
9.2946	59.883
8.5964	37.295
8.0582	19.435
7.5491	2.6264
5.8908	0
4.8727	0.52526
3.7236	0.52526
2.2691	0
0.8	0
-0.29091	0
-2.4727	0
-2.7201	0.52526
-3.9273	-16.284
-4.8872	-25.738
-5.9345	-35.719
-6.7927	-44.123
-7.7673	-56.205
-8.6545	-65.137
-9.7599	-78.267
-10.022	-80.366
-8.8872	-42.547
-8.1308	-15.758
-7.4328	9.9804
-5.92	9.9804
-3.9563	8.9298
-1.5709	7.3539
0.58181	7.3539
2.2982	7.3539
4.3637	8.4045
5.4691	19.435
7.4618	42.547
9.018	57.255
10.138	68.286
11.578	86.144
12.276	95.601
11.418	74.064
10.502	50.952
9.8473	33.618
9.2072	17.86
8.2037	-9.9804
7.8692	-17.86
6.1382	-17.86
4.4364	-16.284
2.8946	-16.284
1.1345	-16.284
-0.85819	-13.132
-3.1128	-12.607
-4.8146	-18.91
-5.9637	-25.213
-6.9964	-32.042
-7.8692	-39.396
-8.9454	-50.427
-10.094	-61.983
-11.2	-74.064
-12.058	-84.045
-10.88	-56.205
-10.094	-35.193
-9.0764	-9.9804
-7.9418	17.334
-6.24	13.132
-4.6109	11.556
-2.7346	9.9804
-0.42182	8.4045
1.0764	7.3539
2.6619	6.8286
4.3782	9.4551
5.7455	18.91
7.9855	34.143
9.8618	49.377
11.302	63.033
12.044	69.335
10.865	46.748
9.9926	27.314
9.3236	11.031
8.4945	-7.3539
8	-18.384
6.429	-18.91
4.1308	-17.334
2.8364	-17.86
1.4545	-14.182
0	-15.233
-1.92	-13.657
-3.2291	-12.607
-4.4072	-7.8792
-5.2217	-9.4551
-6.1671	-14.182
-7.1709	-19.435
-7.7818	-21.011
-8.7417	-28.89
-9.6144	-38.345
-10.458	-48.328
-11.2	-56.73
-11.913	-65.661
-10.691	-41.497
-9.7163	-21.536
-8.9309	-5.2526
-8.2326	7.8792
-7.8692	15.233
-6.0074	10.506
-4.189	7.3539
-2.6035	7.8792
-0.9018	6.3033
0.75636	4.7273
2.7054	2.6264
4.2908	1.5758
5.6581	1.5758
7.2728	15.758
8.669	25.213
9.7892	34.668
10.764	42.022
12.218	57.78
10.865	32.567
9.4254	4.7273
8.0582	-19.96
6.4582	-17.334
4.5672	-16.809
2.9817	-15.758
1.5418	-15.233
0.43637	-14.708
-0.78544	-13.657
-1.9927	-12.081
-3.4328	-9.9804
-5.3673	-9.4551
-6.7635	-13.132
-7.5054	-15.758
-8.3345	-18.91
-9.8326	-29.416
-10.603	-37.295
-11.302	-45.174
-11.927	-52.002
-10.633	-28.89
-9.6436	-12.607
-8.1018	11.556
-5.1491	9.9804
-2.8072	8.9298
-0.71272	6.3033
1.1927	3.6769
2.9527	2.1011
4.5672	1.0506
5.9345	0.52526
7.2291	11.556
8.1745	16.284
9.0035	19.435
9.5855	22.587
10.254	25.213
10.836	28.89
11.782	36.244
13.018	48.328
13.658	54.105
14.298	61.458
13.338	43.073
12.291	23.638
11.534	7.3539
10.822	-7.8792
10.356	-18.384
10.109	-23.112
8.6109	-22.587
6.5164	-21.536
4.8435	-23.112
3.4473	-21.011
1.7891	-19.435
0.65453	-18.384
-0.65453	-17.86
-2.1673	-16.809
-3.68	-14.708
-5.1054	-12.081
-6.0074	-12.081
-6.9964	-13.657
-8.6109	-17.334
-9.6873	-21.011
-11.084	-28.365
-12.611	-41.497
-13.571	-48.328
-14.182	-51.477
-12.334	-19.96
-11.127	0
-10.356	13.657
-9.9781	19.96
-8.8727	19.435
-7.7236	14.182
-5.9926	10.506
-4.3782	10.506
-2.7783	11.556
-0.72728	5.778
0.11636	5.2526
