"Vu,Priestley,Seible,Benzoni 1998,Specimen nr NH5"	
3780	
0	-0.8715
-0.0015	-4.266
0.006	-14.77
0.006	-25.05
-0.018	-14.63
-0.0165	-4.541
-0.0165	-2.982
-0.0165	-2.66
-0.018	-1.468
-0.018	-0.5046
-0.018	-1.101
-0.0165	-0.1376
-0.012	0.5046
0.0015	-5.596
0.018	-15.83
0.024	-22.11
0.0435	-12.06
0.08025	-1.972
0.10575	-12.02
0.11925	-1.147
0.12375	9.403
0.1765	16.42
0.22975	21.51
0.293	25.37
0.3535	28.03
0.4065	29.54
0.46075	30.32
0.5245	31.65
0.57875	33.81
0.63925	36.47
0.6905	38.71
0.748	40.96
0.804	43.62
0.8085	43.81
0.84625	33.76
0.84475	23.26
0.84925	13.3
0.85675	3.165
0.8055	-6.514
0.754	-10.05
0.70275	-13.67
0.64075	-22.25
0.5895	-24.68
0.5335	-27.43
0.482	-29.63
0.42175	-33.39
0.3765	-35.69
0.31425	-37.84
0.266	-39.49
0.2085	-42.43
0.15725	-44.59
0.11625	-45.27
0.08475	-34.95
0.08475	-24.91
0.08325	-34.95
0.0815	-21.83
0.0815	-11.7
0.10125	-0.5963
0.1555	7.844
0.216	12.8
0.27025	15.27
0.32325	15.69
0.37475	17.43
0.432	21.01
0.4835	24.91
0.5395	26.93
0.58775	29.08
0.65425	32.06
0.7055	35.09
0.76	36.93
0.8115	40.69
0.87475	43.21
0.92925	46.05
0.97775	47.11
1.044	49.77
1.10925	52.34
1.171	55.73
1.224	57.75
1.277	59.31
1.33425	61.28
1.38725	64.54
1.4385	65.78
1.49025	67.29
1.549	69.4
1.60925	71.6
1.66525	74.03
1.71675	75.46
1.771	77.61
1.82425	79.95
1.877	82.2
1.9315	83.76
1.98575	85.41
2.04175	87.7
2.072	88.71
2.125	87.89
2.1385	77.57
2.14	67.15
2.1415	57.15
2.1205	47.11
2.069	37.02
2.01775	30.69
1.9665	28.26
1.933	38.67
1.9375	27.29
1.90425	17.2
1.847	14.31
1.788	11.19
1.73525	8.715
1.68375	6.651
1.6275	4.679
1.56275	2.11
1.50675	0.2294
1.4555	-2.064
1.404	-4.174
1.3495	-5.367
1.29375	-8.486
1.23475	-11.05
1.18325	-13.39
1.1245	-14.95
1.076	-17.75
1.0185	-19.86
0.97025	-21.88
0.91575	-23.35
0.86	-26.33
0.80725	-28.62
0.754	-31.1
0.70125	-33.71
0.65	-35
0.5985	-37.11
0.54575	-39.82
0.491	-41.19
0.43975	-43.53
0.3885	-45.46
0.337	-47.11
0.2825	-48.35
0.23125	-50.92
0.17975	-52.75
0.12675	-54.13
0.0665	-55.96
0.015	-58.21
-0.03925	-60.41
-0.09375	-61.24
-0.14375	-62.93
-0.20425	-65
-0.255675	-67.66
-0.3085	-69.4
-0.359875	-71.19
-0.415875	-72.11
-0.4672	-74.4
-0.52155	-76.1
-0.574525	-76.92
-0.6365	-78.85
-0.6954	-81.01
-0.746775	-82.84
-0.798175	-84.22
-0.85265	-86.14
-0.905525	-87.57
-0.969	-89.68
-0.97505	-89.86
-1.0204	-79.72
-1.01735	-69.54
-1.018875	-59.4
-1.0068	-49.31
-0.956875	-45.55
-0.9025	-39.13
-0.8496	-34.82
-0.798175	-32.75
-0.78615	-42.8
-0.78465	-52.89
-0.7756	-42.8
-0.7529	-32.25
-0.692375	-24.91
-0.64105	-21.88
-0.58965	-20.5
-0.53065	-17.98
-0.4763	-15.87
-0.42495	-13.26
-0.373525	-11.51
-0.322125	-9.633
-0.261675	-7.018
-0.20875	-4.679
-0.1575	-2.156
-0.1015	-1.238
-0.0365	1.514
0.01775	3.578
0.068	5.183
0.12075	7.89
0.1765	10.18
0.2325	12.98
0.284	14.91
0.3355	17.84
0.38975	18.03
0.4425	20.41
0.49575	22.11
0.5515	26.56
0.60275	28.26
0.66175	29.36
0.71025	29.91
0.76475	32.02
0.8265	34.63
0.88525	37.48
0.934	38.12
0.98375	40.78
1.04425	43.81
1.1045	45.82
1.1575	47.48
1.215	49.91
1.274	52.2
1.3345	55
1.37975	57.48
1.434	58.9
1.4855	60.78
1.543	62.7
1.59275	65.14
1.64275	66.37
1.71075	69.91
1.7605	72.11
1.8135	73.9
1.86775	76.6
1.92075	77.47
1.97675	81.19
2.0355	83.53
2.08875	85.36
2.14	87.02
2.19875	89.81
2.25625	93.12
2.30775	94.95
2.36225	95.82
2.4195	100
2.477	101.8
2.524	103.8
2.57675	105
2.63725	108.4
2.69025	110.2
2.7415	112.6
2.7945	114.1
2.84575	115.9
2.90475	119.1
2.95625	121
3.0075	122.4
3.071	124.6
3.1225	127.1
3.17525	128.9
3.22675	130.8
3.2795	133.2
3.30225	133.8
3.3445	123.1
3.34775	112.2
3.369	102.2
3.366	92.15
3.31575	83.35
3.26175	73.3
3.21	69.03
3.192	79.22
3.1935	89.26
3.192	77.52
3.192	67.34
3.159	56.92
3.1075	53.16
3.05475	49.31
3.00325	45.37
2.95025	43.71
2.893	40.5
2.82625	37.2
2.76625	34.04
2.7145	32.25
2.66025	30.27
2.603	27.66
2.5515	25.23
2.4985	23.3
2.44725	22.06
2.39575	19.86
2.3415	17.66
2.29	16.15
2.2385	14.49
2.17975	12.16
2.12825	9.495
2.07675	8.532
2.024	6.101
1.965	4.404
1.91375	2.293
1.86225	0.0459
1.81075	-1.238
1.752	-3.211
1.6975	-5.688
1.646	-7.247
1.59175	-9.312
1.53125	-10.6
1.4785	-13.12
1.427	-14.17
1.3725	-16.42
1.321	-17.89
1.268	-20.23
1.21525	-21.33
1.164	-23.03
1.10325	-25.23
1.052	-27.38
1.00075	-28.62
0.94925	-30.14
0.88725	-32.15
0.82375	-34.49
0.768	-36.1
0.71525	-38.07
0.6635	-39.17
0.60775	-41.1
0.55025	-43.35
0.499	-44.49
0.446	-46.33
0.387	-47.75
0.331	-49.81
0.2675	-52.11
0.21625	-54.13
0.16475	-55.23
0.109	-57.11
0.04675	-59.45
-0.0135	-61.28
-0.065	-63.58
-0.118	-64.54
-0.17225	-66.51
-0.2252	-68.76
-0.27655	-71.19
-0.327875	-72.34
-0.379375	-74.03
-0.439825	-76.47
-0.49115	-78.9
-0.542625	-80.32
-0.595475	-82.52
-0.6544	-84.58
-0.707325	-86.79
-0.7633	-88.07
-0.816175	-90.59
-0.869	-93.12
-0.92195	-94.35
-0.974875	-95.96
-1.029225	-98.25
-1.0807	-100.1
-1.13505	-101.7
-1.186425	-103.9
-1.24835	-106.6
-1.299625	-108.6
-1.35275	-110.1
-1.41	-112
-1.4675	-114
-1.522	-116.6
-1.57325	-118.1
-1.6295	-120
-1.68375	-122.8
-1.7365	-124.7
-1.788	-126.1
-1.83925	-127.9
-1.892	-129.9
-1.94375	-131.6
-1.995	-133.2
-2.0235	-135.1
-2.07525	-134.3
-2.08275	-123.9
-2.08425	-113.8
-2.08575	-103.8
-2.07825	-93.71
-2.02675	-86.69
-1.9755	-79.08
-1.92425	-75.59
-1.88475	-85.69
-1.88475	-75.55
-1.859	-65.41
-1.80175	-60.69
-1.75325	-57.15
-1.7005	-54.03
-1.649	-52.25
-1.5975	-48.99
-1.54475	-46.05
-1.4935	-44.17
-1.43575	-41.79
-1.3845	-39.36
-1.333	-37.25
-1.278625	-35.09
-1.225725	-33.49
-1.171325	-30.46
-1.12	-28.39
-1.06855	-27.43
-1.00805	-25.14
-0.953675	-23.21
-0.90085	-21.01
-0.852375	-20.27
-0.798025	-17.94
-0.745125	-15.87
-0.693725	-14.63
-0.634775	-13.12
-0.5819	-11.56
-0.51995	-8.715
-0.468575	-7.752
-0.414125	-6.101
-0.36125	-4.22
-0.3053	-2.339
-0.253975	-0.9174
-0.198125	1.33
-0.1435	3.073
-0.08775	5
-0.03625	6.284
0.0165	8.027
0.07075	9.312
0.1195	10.96
0.17675	13.07
0.228	15.14
0.28725	18.3
0.3415	19.49
0.393	19.68
0.44725	22.11
0.4985	25.23
0.55175	27.29
0.606	28.71
0.662	29.27
0.721	30.37
0.7735	32.34
0.82825	34.17
0.881	34.91
0.9355	37.15
0.9975	39.68
1.05175	42.8
1.105	43.07
1.16525	44.59
1.23475	46.74
1.28925	49.68
1.339	50.46
1.3905	51.97
1.448	53.67
1.50375	56.28
1.56125	58.39
1.614	58.94
1.67325	61.51
1.7245	63.03
1.78475	66.24
1.8365	67.52
1.88775	68.12
1.942	71.51
2.0025	73.67
2.0585	75.78
2.11	77.2
2.163	78.58
2.208	80.82
2.26425	82.43
2.32	84.58
2.37125	87.29
2.42275	88.85
2.47575	91.46
2.527	93.3
2.583	95.73
2.63725	98.07
2.6905	100.3
2.74025	101.9
2.793	105.2
2.843	107.5
2.8975	108.9
2.95325	112
3.00925	115.2
3.07125	117.6
3.12575	120.1
3.1785	122.1
3.23425	124.9
3.28575	127.8
3.33725	129
3.393	132.2
3.452	135.4
3.508	138.1
3.561	139.8
3.61525	142
3.67725	144.2
3.72575	146.8
3.777	149.4
3.8285	151.1
3.87975	152.9
3.93575	154
3.98725	156.5
4.04	159.6
4.093	159.9
4.152	163.5
4.2025	163.3
4.255	165.6
4.31175	167.1
4.36825	169
4.4185	171.7
4.4735	173.3
4.526	175.2
4.5835	176.8
4.631	178.8
4.646	179.3
4.6985	173.2
4.6985	162.9
4.6985	152.7
4.701	141.6
4.696	132.2
4.641	123.2
4.5885	117.4
4.541	113.9
4.5335	124.2
4.531	134.2
4.4785	136.4
4.461	126.3
4.4585	115.8
4.431	105.6
4.37625	101.1
4.32025	96.92
4.268	92.7
4.2165	89.68
4.1635	87.84
4.10375	85.04
4.0495	82.15
3.99325	79.17
3.9435	76.28
3.8905	73.21
3.8315	69.86
3.76975	66.83
3.71825	63.58
3.66525	62.25
3.608	58.48
3.552	55.69
3.50075	52.89
3.44775	51.24
3.38575	48.62
3.3345	45.59
3.283	43.44
3.2315	41.79
3.17575	39.31
3.11525	36.74
3.067	34.91
3.0095	32.8
2.955	30.78
2.89625	28.62
2.843	26.19
2.79175	24.82
2.7315	23.07
2.67675	20.87
2.615	18.58
2.5635	17.34
2.5075	15.23
2.45625	13.62
2.40475	11.93
2.3535	10.87
2.29775	8.211
2.243	7.339
2.192	5.229
2.13575	3.67
2.0875	2.293
2.024	0.9174
1.974	-0.5504
1.91825	-2.293
1.8715	-4.037
1.82	-5.229
1.767	-6.972
1.7155	-8.348
1.66275	-9.816
1.59775	-11.79
1.55075	-13.16
1.504	-14.27
1.45125	-15.83
1.39825	-17.34
1.34525	-19.08
1.294	-20.6
1.241	-21.56
1.18825	-23.3
1.1335	-24.86
1.08525	-26.15
1.0265	-27.8
0.9735	-29.72
0.92075	-31.83
0.86625	-32.57
0.81175	-33.58
0.7605	-35.32
0.7075	-36.93
0.656	-37.93
0.60175	-40
0.55025	-41.56
0.496	-42.7
0.44	-43.99
0.387	-45.92
0.33425	-47.29
0.28125	-48.76
0.22975	-49.81
0.16325	-51.92
0.11175	-53.62
0.0575	-55.27
0.00625	-56.33
-0.053	-58.21
-0.11475	-60.09
-0.166125	-61.56
-0.221975	-63.71
-0.27505	-65
-0.3309	-66.92
-0.383825	-68.62
-0.436675	-70.36
-0.48815	-71.28
-0.540975	-73.16
-0.605975	-75.09
-0.6649	-77.15
-0.711825	-78.44
-0.77225	-80.27
-0.820625	-82.06
-0.87195	-83.99
-0.92945	-85.27
-0.98235	-87.24
-1.035225	-89.31
-1.0881	-90.96
-1.139575	-92.34
-1.190975	-94.31
-1.254325	-96.97
-1.307375	-98.9
-1.36325	-100.5
-1.416	-103
-1.4735	-105.2
-1.528	-107.7
-1.58075	-108.2
-1.63375	-111
-1.69875	-114.1
-1.74425	-116.3
-1.797	-117.7
-1.90875	-123
-1.96325	-124.9
-2.0175	-126.5
-2.072	-129.6
-2.12925	-132.4
-2.181	-134.7
-2.23225	-136.3
-2.2865	-138.8
-2.341	-141.4
-2.3925	-142.7
-2.45275	-145.5
-2.50575	-148
-2.557	-150.4
-2.60875	-152.2
-2.6675	-153.9
-2.71875	-156.9
-2.77025	-159.5
-2.82175	-160.2
-2.8775	-163.1
-2.9305	-165.6
-2.98175	-166.7
-3.0335	-169
-3.08475	-171.3
-3.139	-173.7
-3.19375	-175.5
-3.248	-177.5
-3.30525	-180.1
-3.32825	-180.6
-3.35825	-170.4
-3.35825	-160.3
-3.35975	-150.2
-3.37025	-140.1
-3.325	-130.1
-3.27375	-124.9
-3.224	-118.8
-3.17525	-128.8
-3.17675	-138.9
-3.18925	-149
-3.2405	-156.1
-3.293	-162
-3.34325	-166.3
-3.396	-167.8
-3.402	-157.7
-3.4035	-147.7
-3.402	-137.3
-3.36575	-126.5
-3.30075	-115
-3.239	-108
-3.1875	-103
-3.136	-100.1
-3.068	-97.84
-3.003	-96.05
-2.94725	-93.53
-2.896	-90.36
-2.84425	-87.34
-2.7855	-83.94
-2.7325	-80.04
-2.67975	-78.48
-2.6225	-73.58
-2.56175	-71.37
-2.515	-68.99
-2.47275	-66.65
-2.406	-63.99
-2.35325	-60.92
-2.29875	-58.62
-2.2445	-57.02
-2.1885	-54.86
-2.14325	-52.34
-2.08575	-50.73
-2.028	-48.94
-1.9755	-46.1
-1.92275	-43.99
-1.8665	-41.83
-1.80625	-40.37
-1.75	-39.04
-1.69125	-36.33
-1.6355	-34.77
-1.578	-32.75
-1.5235	-31.93
-1.4675	-29.72
-1.41625	-27.84
-1.36325	-26.93
-1.30865	-25.55
-1.246875	-23.58
-1.192525	-21.19
-1.1426	-20.41
-1.083675	-18.58
-1.02925	-16.97
-0.982425	-15.5
-0.929475	-14.49
-0.87505	-13.07
-0.82375	-10.69
-0.772325	-9.587
-0.719375	-8.486
-0.668025	-6.697
-0.6106	-5
-0.559225	-3.807
-0.50785	-2.523
-0.482175	-1.56
-0.43375	-11.97
-0.427725	-22.34
-0.374825	-27.43
-0.32335	-28.81
-0.268975	-30.55
-0.220675	-30.73
-0.16925	-31.47
-0.115	-32.89
-0.06225	-35.64
-0.05275	-45.55
-0.1075	-49.4
-0.15875	-52.89
-0.17375	-42.84
-0.17225	-32.8
-0.0955	-12.75
0.31125	7.936
1.03675	28.53
1.809	48.71
2.49825	69.13
3.09975	89.31
3.7	109.9
4.1645	130
4.636	150.1
5.071	170.4
5.561	190.5
6.1435	210.7
6.9785	231.1
7.116	233.8
7.256	212.7
7.2585	193.2
7.191	173.1
7.056	152.6
6.746	132.6
6.346	111.7
5.976	91.88
5.5335	71.83
5.061	51.42
4.496	31.47
3.818	11.56
3.0715	-8.624
2.2265	-28.76
1.32275	-48.99
0.47025	-69.17
-0.279575	-89.35
-0.917325	-109.7
-1.457	-129.9
-1.96475	-150.1
-2.45275	-170.1
-2.9245	-190.4
-3.511	-210.5
-4.129	-230.6
-5.12975	-248.5
-5.844	-268.8
-6.844	-280
-7.1215	-278.9
-7.1415	-258.7
-7.144	-238.6
-6.9815	-218.4
-6.899	-197.7
-6.5715	-177.3
-6.199	-157
-5.8065	-136.4
-5.376	-116.3
-4.894	-95.46
-4.3815	-74.77
-3.82375	-54.4
-3.186	-34.26
-2.388	-13.81
-1.43275	6.651
-0.436825	25.64
0.56525	43.39
1.5675	61.05
2.447	81.28
3.3615	105.3
4.06575	125.7
4.7235	145.8
5.3235	165.6
5.9535	186.1
6.591	206.3
7.1085	218
7.1435	197.9
7.131	177.7
6.9435	156.2
6.6885	136
6.251	115.6
5.8085	95.27
5.301	75.14
4.7685	55.14
4.14775	34.91
3.4115	14.63
2.55775	-5.459
1.557	-24.95
0.555	-41.37
-0.4502	-58.44
-1.457	-78.44
-2.276	-98.62
-2.99825	-118.8
-3.653	-139.6
-4.259	-160.6
-4.815	-180.8
-5.3305	-200.6
-5.8665	-220.7
-6.434	-240.9
-7.0315	-261
-7.1165	-262.3
-7.139	-242.2
-7.114	-222.1
-6.9515	-200.7
-6.604	-180.5
-6.239	-161
-5.8165	-140.3
-5.379	-119.7
-4.91375	-99.03
-4.41025	-78.53
-3.8525	-58.76
-3.2225	-38.48
-2.43025	-18.26
-1.47675	1.835
-0.0545	25.82
0.95825	41.88
1.98	62.02
2.94725	82.75
3.703	102.9
4.386	123.3
5.021	143.8
5.6085	164.1
6.156	184.2
6.7885	204.4
7.116	212.9
7.1285	192.8
7.121	172.4
6.9085	151
6.6985	130.1
6.246	109.6
5.796	89.17
5.2735	69.13
4.671	48.81
4.0085	28.71
3.256	8.669
2.2825	-11.47
1.27875	-29.13
0.27825	-43.48
-0.735925	-60.14
-1.73175	-80.13
-2.5435	-100.8
-3.263	-121
-3.8735	-141.1
-4.44325	-161.6
-5.007	-181.5
-5.5255	-202.2
-6.0515	-222.6
-6.6115	-242.6
-7.114	-259.1
-7.1265	-238.8
-7.099	-219
-6.864	-198.8
-6.6765	-177.7
-6.314	-157
-5.884	-136
-5.44875	-115.5
-4.994	-95.27
-4.4665	-74.95
-3.90425	-54.77
-3.23625	-34.54
-2.37775	-14.08
-1.746	-1.147
-1.586	-21.47
-1.62975	-41.47
-1.867	-21.15
-1.681	-0.2294
-0.660925	19.31
0.3425	33.26
1.34325	47.93
2.34825	67.15
3.2055	87.38
3.9655	108
4.646	128.3
5.2885	149
5.8735	169.3
6.4035	189.4
6.9435	209.9
7.5235	231
8.301	250.8
9.3035	267.5
10.306	276
10.676	275.5
10.706	255.5
10.7085	235.4
10.5485	215.1
10.4085	193.6
9.9885	173.3
9.5485	153.7
9.1035	133
8.6135	112.9
8.0935	92.15
7.5235	71.1
6.9235	50.82
6.2435	30.69
5.4935	10.64
4.5635	-9.77
3.53525	-26.38
2.53325	-41.05
1.528	-54.81
0.52275	-70.41
-0.482375	-89.17
-1.489	-109.5
-2.3835	-130
-3.2435	-149.9
-4.02825	-170.5
-4.71725	-190.7
-5.37325	-210.8
-6.0115	-231.5
-6.6615	-252.2
-7.3215	-272.6
-8.3415	-292.3
-9.3665	-305.4
-10.3615	-311.2
-10.669	-310.5
-10.704	-289.8
-10.709	-269.8
-10.469	-246.9
-10.2665	-226.2
-9.879	-204.9
-9.434	-184.7
-8.994	-164.4
-8.5165	-144.3
-8.019	-123.8
-7.489	-103
-6.9115	-82.89
-6.289	-62.84
-5.55625	-42.43
-4.7205	-22.11
-3.70175	-1.881
-2.698	13.99
-1.19725	33.58
-0.1815	46.6
0.84175	61.19
1.84525	75.64
2.8505	94.03
3.86625	113.9
4.806	134.4
5.731	154.3
6.5585	174.4
7.381	194.7
8.1735	214.7
8.9835	235.3
9.8485	255.7
10.686	265.7
10.691	245
10.686	225.2
10.546	204.3
10.196	183.9
9.701	163.6
9.1985	142.8
8.6835	122.5
8.116	102.2
7.526	82.15
6.871	61.74
6.151	41.37
5.3185	21.1
4.36625	0.9633
3.3555	-15.92
2.3565	-30.41
1.33925	-43.12
0.331	-54.45
-0.68015	-67.8
-1.69125	-83.67
-2.70225	-102.1
-3.703	-122.1
-4.643	-142.4
-5.497	-162.5
-6.3115	-183.3
-7.0665	-203.6
-7.7915	-223.9
-8.479	-244.1
-9.189	-264.4
-9.9565	-284.5
-10.6765	-298.1
-10.7015	-277.9
-10.6915	-257.8
-10.4665	-236.1
-10.0565	-216
-9.614	-196
-9.1465	-175.6
-8.6715	-155.6
-8.1665	-135.3
-7.624	-114.5
-7.0415	-94.03
-6.4265	-73.44
-5.71625	-52.89
-4.906	-32.98
-3.9525	-12.94
-2.92775	3.945
-1.73825	20.09
-0.731675	31.24
0.2855	43.16
1.29525	57.02
2.311	73.62
3.319	89.95
4.2345	110.1
5.1985	130.8
6.156	151.4
6.991	171.8
7.791	192.1
8.561	212.6
9.3185	232.9
10.1835	253
10.676	261
10.686	240.8
10.676	220.5
10.3985	197.6
10.146	176.9
9.626	156
9.1285	136
8.5585	115.2
7.9685	94.63
7.351	74.17
6.651	53.53
5.8685	33.21
4.941	12.84
3.9285	-5.642
2.9235	-21.1
1.91375	-34.08
0.8935	-44.86
-0.11925	-55.92
-1.1305	-69.63
-2.1295	-85.59
-3.16625	-105
-4.141	-125.5
-5.06175	-145.5
-5.889	-165.6
-6.659	-185.7
-7.419	-206.6
-8.134	-226.6
-8.814	-247.3
-9.534	-267.7
-10.3165	-288
-10.679	-294.4
-10.694	-274.4
-10.649	-254.3
-10.434	-234.2
-10.1915	-213
-9.764	-192.4
-9.339	-172.2
-8.8465	-151.8
-8.359	-131.5
-7.819	-110.8
-7.229	-90.41
-6.5415	-70.09
-5.804	-49.63
-4.96675	-29.08
-3.951	-9.174
-2.926	6.376
-1.39525	24.27
-0.3916	34.45
0.6195	46.05
1.62	59.81
2.62825	76.14
3.632	93.39
4.6335	114.1
5.556	134.2
6.451	154.5
7.311	175.1
8.086	195
8.8685	215.3
9.6085	235.5
10.3435	255.9
11.2585	276.6
12.261	288.7
13.256	296.8
14.226	295.9
14.271	275.7
14.2685	255.6
14.111	235.5
13.9185	215
13.426	194.7
12.946	174
12.4385	153.4
11.8785	132.8
11.286	112.5
10.666	92.02
9.986	71.88
9.2735	51.01
8.496	30.82
7.571	10.6
6.5635	-7.431
5.561	-21.6
4.536	-35.09
3.51875	-45.41
2.5015	-55.27
1.495	-66.47
0.4945	-79.36
-0.5183	-94.35
-1.5205	-111
-2.5285	-128.5
-3.54125	-146.2
-4.5385	-166.3
-5.5495	-186
-6.5115	-206.3
-7.449	-226.6
-8.3165	-246.7
-9.2165	-266.8
-10.159	-287.2
-11.169	-302.2
-12.179	-313
-13.1915	-321
-14.1965	-322
-14.2265	-322.2
-14.2515	-301.9
-14.249	-281.5
-14.004	-261.6
-13.809	-240.7
-13.4065	-220.4
-12.954	-200.2
-12.469	-179.9
-11.9565	-159.5
-11.4215	-139.3
-10.849	-118.7
-10.2065	-98.12
-9.519	-78.07
-8.7865	-57.93
-7.9615	-37.89
-6.9915	-17.75
-5.989	-1.605
-4.983	11.56
-3.97625	22.71
-2.97125	31.28
-1.95425	39.86
-0.936925	49.45
0.0725	61.24
1.07775	72.61
2.09825	87.29
3.10475	103.1
4.10725	119.7
5.111	138.1
6.126	154.1
7.141	171.7
8.1335	189.2
9.146	207.7
10.1485	226.5
11.156	244.6
12.1585	262.1
13.166	277.1
14.1685	282.4
14.231	281.9
14.2535	261.7
14.2535	238.8
14.0685	217.2
13.6185	198.4
13.0885	177.3
12.5335	156.6
11.9185	135.6
11.2435	114.4
10.571	94.26
9.856	74.22
9.1035	54.13
8.216	33.99
7.2135	13.62
6.2085	-3.257
5.2035	-17.61
4.19275	-30.14
3.15925	-39.63
2.15725	-47.61
1.137	-55.37
0.12425	-65.04
-0.904975	-77.25
-1.94175	-90.78
-2.95125	-105.8
-3.97625	-122
-4.9585	-138.2
-5.9815	-156.5
-6.9815	-174.6
-7.999	-193.9
-9.0315	-213.9
-10.0315	-234.2
-11.0215	-254.4
-11.999	-274.7
-12.994	-294.8
-13.999	-308.9
-14.2265	-309.5
-14.279	-288.9
-14.2415	-268.6
-13.9465	-247
-13.4965	-226.1
-13.004	-205.9
-12.4915	-185.7
-11.9515	-165.4
-11.3615	-144.5
-10.729	-123.9
-10.1165	-103.3
-9.409	-82.75
-8.6465	-62.75
-7.7715	-42.29
-6.7815	-22.11
-5.76675	-5.871
-4.7515	7.431
-3.7495	17.61
-1.6305	33.67
-0.60875	43.16
0.4115	53.9
1.42275	66.05
2.446	80.55
3.4375	95
4.44575	111.6
5.4585	128.1
6.461	145.4
7.4685	163.2
8.501	182.2
9.491	200.6
10.4935	217.4
11.5035	236.4
12.501	255.5
13.521	272.9
14.226	278.1
14.2385	257.9
14.2335	237.9
13.9585	217.7
13.7885	196.3
13.2035	175.7
12.6585	155.1
12.046	134.5
11.386	113.8
10.6785	93.39
9.9035	72.84
9.0885	52.2
8.201	32.29
7.201	13.12
6.1835	-3.119
5.166	-17.25
4.14975	-28.71
3.12475	-37.52
2.11375	-44.45
1.09025	-51.79
0.07925	-60.69
-0.925975	-71.74
-1.95375	-85.18
-2.989	-100.2
-3.994	-116.2
-4.99	-132.2
-5.9965	-149.5
-6.9965	-167.8
-8.009	-187.1
-9.029	-207.1
-10.0315	-227.4
-11.0415	-248.1
-11.994	-267.7
-12.9565	-287.8
-13.964	-303.6
-14.2315	-305.3
-14.249	-285
-14.194	-265.1
-13.9565	-245
-13.6815	-224.7
-13.234	-204.6
-12.719	-184.3
-12.199	-163.9
-11.629	-143.5
-11.029	-123.3
-10.369	-103.3
-9.644	-82.89
-8.869	-62.93
-7.9815	-42.48
-6.949	-22.11
-5.934	-6.055
-4.92375	6.972
-3.923	17.02
-2.909	24.49
-1.913	29.45
-0.907925	38.71
0.10475	47.2
1.11	57.98
2.6515	78.53
3.6945	93.76
4.7085	109.6
5.706	126.4
6.7385	143.9
7.7235	161.8
8.7285	180.1
9.7335	198.3
10.7535	216
11.761	235.1
12.7885	254.8
13.8035	274.3
14.811	289.8
15.821	299.5
16.846	307.5
17.8735	314
18.891	320.3
19.906	325.5
20.911	327.5
21.3385	324.9
21.351	304.4
21.3485	284.2
21.191	263.9
21.036	242.2
20.626	223
20.0985	202.8
19.556	182.6
19.0085	161.8
18.396	141.5
17.7585	121.1
17.071	100.2
16.3385	80.32
15.566	60.09
14.691	39.86
13.671	19.22
12.661	1.881
11.641	-12.52
10.6285	-24.04
9.6285	-33.99
8.6235	-40.96
7.6085	-46.88
6.6085	-52.93
5.591	-60.55
4.586	-69.54
3.5795	-79.81
2.57	-91.28
1.559	-103.5
0.56425	-115.5
-0.4513	-129.3
-1.4685	-143.4
-2.48725	-157.8
-3.506	-171.9
-4.5095	-186.2
-5.516	-200.9
-6.5265	-215.1
-7.5315	-229.3
-8.5365	-243.8
-9.554	-258.2
-10.554	-272.2
-11.574	-285
-12.599	-296.7
-13.6115	-306.1
-14.6265	-314.3
-15.6465	-322.1
-16.6665	-329.3
-17.6665	-335.7
-18.6765	-342.1
-19.694	-347.6
-20.709	-350.8
-21.3365	-348.5
-21.374	-327.8
-21.374	-307.8
-21.124	-287.6
-20.9565	-267
-20.479	-246.6
-19.9415	-226.2
-19.4115	-206
-18.844	-185.7
-18.2515	-165.6
-17.589	-145.2
-16.8765	-124.1
-16.1565	-104.1
-15.404	-84.31
-14.544	-64.13
-13.5365	-44.26
-12.529	-25.5
-11.5115	-9.862
-10.494	2.385
-9.4765	12.94
-8.4665	21.1
-7.459	26.83
-6.424	31.74
-5.4055	37.29
-4.36875	43.9
-3.36525	51.1
-2.34975	59.54
-1.32945	69.03
-0.31515	79.95
0.68675	90.96
1.704	102.7
2.72125	115
3.743	127.1
4.7335	139.2
5.7485	151.9
6.756	164.5
7.7635	177.3
8.7635	189.6
9.786	201.9
10.8085	212.6
12.1135	227.7
13.1285	239.9
14.1335	251.9
15.136	263.3
16.1485	274.3
17.151	284.8
18.166	294.4
19.1735	302.8
20.196	309.8
21.206	311.3
21.331	310
21.3835	289.3
21.371	269
21.166	248.8
20.8335	228.6
20.2335	208.1
19.656	188
19.0285	167.7
18.351	147
17.6385	127.1
16.8685	106.4
16.046	86.01
15.1685	65.73
14.1585	45.23
13.166	26.97
12.136	10.09
11.1285	-3.761
10.1085	-15.92
9.106	-26.05
8.0935	-33.81
7.0785	-38.62
6.0585	-42.8
5.036	-47.11
4.0505	-52.29
3.04625	-57.98
2.023	-65.27
1.0285	-73.48
0.02475	-82.8
-0.9788	-92.8
-1.99	-103.6
-3.0055	-115.5
-4.009	-127.7
-5.02625	-140.1
-6.0365	-153.2
-7.039	-166.2
-8.0615	-179.4
-9.0865	-192.8
-10.0815	-206
-11.0715	-219
-12.0865	-232.1
-13.094	-245.3
-14.099	-258.3
-15.109	-271.7
-16.1115	-284.3
-17.1215	-297.5
-18.129	-309.9
-19.1415	-321.7
-20.1465	-331.6
-21.1515	-336.1
-21.349	-335.6
-21.384	-315.5
-21.3815	-293.8
-21.104	-273.6
-20.5715	-252.7
-20.009	-232.3
-19.434	-211.7
-18.8265	-191.6
-18.179	-171.4
-17.5015	-151
-16.764	-130.4
-15.994	-109.5
-15.154	-89.17
-14.224	-68.99
-13.2265	-48.81
-12.219	-31.38
28.4135	294.2
28.4135	269.3
28.321	248.1
27.841	229.3
27.161	208.8
26.5085	188.5
25.766	167
24.976	146.1
24.156	125.5
23.2885	105.5
22.361	85.13
21.331	64.81
20.301	46.05
19.291	29.68
18.281	15.18
17.256	2.339
16.5685	22.89
16.731	42.75
16.821	22.43
16.741	1.514
15.6985	-14.36
14.6835	-22.57
13.651	-28.49
12.616	-32.02
11.6035	-33.9
10.556	-35.5
9.536	-37.15
8.516	-38.85
7.486	-40.69
6.456	-42.7
5.4485	-45.14
4.43525	-48.12
3.41175	-51.6
2.3915	-56.01
1.379	-61.14
0.3585	-66.74
-0.690275	-74.17
-1.727	-81.79
-2.75475	-90.27
-3.743	-99.45
-4.7755	-109.3
-5.79425	-119.7
-6.809	-130.3
-7.8165	-141.2
-8.819	-152.2
-9.8615	-163.6
-10.8915	-175.1
-11.929	-187
-12.9565	-198.3
-14.0015	-209.7
-15.009	-220.5
-16.019	-231.7
-17.0215	-242.5
-18.059	-253.4
-19.1165	-264.8
-20.0965	-275.3
-21.1215	-285.7
-22.1365	-296.6
-23.179	-307.3
-24.204	-317.8
-25.219	-328
-26.2515	-337.8
-27.2915	-346.9
-28.3015	-350.5
-28.4765	-349.3
-28.5515	-329.3
-28.5265	-309
-28.234	-287.4
-27.7015	-266.8
-27.1115	-245.6
-26.4815	-225.5
-25.819	-205.4
-25.069	-184.2
-24.2915	-163.9
-23.4865	-143.8
-22.604	-122.4
-21.639	-101.7
-20.5965	-81.33
-19.569	-62.61
-18.5465	-45.73
-17.509	-30.64
-16.4815	-17.52
-15.479	-7.064
-14.4915	1.055
-13.459	7.293
-12.434	10.96
-11.3915	13.53
-10.3415	15.83
-9.349	17.57
-8.329	19.4
-7.3115	21.74
-6.2765	24.13
-5.23975	26.79
-4.24675	30
-3.21125	33.21
-2.1415	37.8
-1.08485	42.93
-0.0615	48.35
1.0115	55.27
2.02725	62.8
3.00975	70.82
4.058	79.81
5.086	89.22
6.101	99.31
7.101	109.5
8.136	120.1
9.166	131.1
10.2035	142.4
11.251	153.4
12.2885	164.5
13.2935	175.3
14.311	186.4
15.351	197.2
16.406	208.4
17.4385	218.9
18.4585	229.5
19.5035	240.5
20.526	250.9
21.556	261.6
22.5735	272.1
23.606	282.6
24.641	293
25.6835	303.5
26.7085	313.4
27.696	320.9
28.4735	321.5
28.576	301
28.551	281
28.3335	261.1
28.026	240.2
27.3135	220.1
26.666	199.8
25.961	179.3
25.2085	158.3
24.416	138.3
23.571	118.4
22.6635	97.84
21.6835	77.66
20.6535	58.03
19.651	40.18
18.6335	24.45
17.621	10.37
16.581	-2.064
15.576	-12.48
14.5635	-20.78
13.5535	-26.74
12.5235	-30.55
11.5335	-32.89
10.481	-34.13
9.4585	-35.69
8.436	-37.25
7.401	-38.44
6.3635	-40.41
5.3585	-42.02
4.3385	-44.22
3.30725	-46.97
2.3235	-50.5
0.5205	-57.93
-0.483275	-63.48
-1.48675	-69.81
-2.52525	-77.2
-3.571	-85.69
-4.61825	-94.95
-5.6375	-104.5
-6.6615	-114.7
-7.714	-125.7
-8.7265	-136.7
-9.7715	-148.2
-10.804	-159.6
-11.8415	-171.7
-12.829	-182.6
-13.874	-194.7
-14.8715	-205.5
-15.8765	-216.9
-16.9165	-228.4
-17.909	-239.5
-18.944	-251.2
-19.9715	-262.7
-20.9965	-273.7
-22.024	-284.5
-23.0465	-296.1
-24.0215	-306.8
-25.089	-318.3
-26.1015	-329.1
-27.134	-339.6
-28.1415	-345.6
-28.4515	-344.9
-28.529	-324.3
-28.5215	-304.6
-28.1865	-284.8
-27.8015	-263.1
-27.1865	-242.8
-26.559	-222.1
-25.854	-200.5
-25.1115	-179.5
-24.294	-158.2
-23.484	-138.6
-22.6015	-117.8
-21.599	-97.02
-20.559	-76.83
-19.5265	-58.53
-18.499	-42.15
-17.4715	-27.8
-16.439	-15.18
-15.4315	-5
-14.409	2.844
-13.424	8.257
-12.3865	11.33
-11.339	13.67
-10.3365	15.46
-9.304	17.25
-8.274	19.22
-7.259	20.82
-6.2715	23.03
-5.2095	25.96
-4.15925	28.71
-3.12975	31.7
-2.0975	35.41
-1.081925	39.82
-0.06475	44.54
0.966	50.41
1.988	57.57
3.02325	65.41
4.0635	73.76
5.096	83.12
6.1135	92.89
7.161	103.3
8.191	113.9
9.211	124.7
10.261	135.8
11.2985	146.9
12.296	157.7
13.3485	169
14.361	180.1
15.3935	191.1
16.406	201.9
17.426	212.8
18.4885	224
19.531	235.4
20.551	246
21.5785	257
22.591	267.6
23.581	277.9
24.616	288.6
25.6735	299.7
26.6785	310
27.6885	319.8
28.6685	328.2
29.686	335.2
30.7185	341.5
31.756	346.8
32.7535	351.4
33.7785	355.6
34.8235	359.3
35.8035	362.6
36.8735	365.8
37.901	368.6
38.9235	371.8
39.916	374.3
40.9385	377.2
41.9535	377.5
42.6885	373.6
42.831	353.1
42.8335	333
42.731	312.7
42.476	290.7
42.291	271.9
41.5735	251.3
40.916	231
40.216	210.8
39.4635	189
38.701	168.8
37.8635	148
37.021	127.6
36.1085	107.1
35.091	86.6
34.081	67.34
33.0635	49.68
32.046	33.21
31.0435	18.49
30.0235	5.367
29.0035	-6.422
27.9685	-16.33
26.9835	-23.81
25.951	-29.13
24.9135	-32.38
23.8835	-34.04
22.8685	-35.55
21.851	-37.25
20.871	-38.48
19.8285	-39.86
18.811	-41.28
17.7835	-43.21
16.736	-45
15.701	-47.29
14.666	-49.54
13.601	-52.29
12.6185	-55.27
11.566	-58.99
10.5385	-62.61
9.5285	-67.7
8.5185	-72.7
7.4685	-78.85
6.441	-85.32
5.4235	-92.66
4.38725	-100.2
3.3465	-108.1
2.31	-116.6
1.26725	-125.3
0.28175	-134
-0.744575	-142.8
-1.76475	-152.1
-2.803	-161
-3.80375	-170
-4.87825	-179.5
-5.9115	-188.6
-6.9415	-197.5
-7.964	-206.8
-8.9765	-215.2
-10.019	-224.2
-11.034	-232.6
-12.044	-241.1
-13.0865	-249.9
-14.1065	-258.6
-15.0915	-266.6
-16.114	-274.8
-17.129	-282.7
-18.154	-291
-19.1915	-299.1
-20.1915	-306.6
-21.2365	-314.3
-22.2515	-321.8
-23.2565	-328.3
-24.2715	-334.1
-25.3115	-340
-26.354	-345.5
-27.4215	-350.8
-28.4715	-355.6
-29.4815	-359.7
-30.5015	-363.9
-31.4765	-367.3
-32.494	-371.2
-33.5015	-374.5
-34.5265	-378.2
-35.5515	-381.4
-36.5865	-384.3
-37.6215	-387.3
-38.664	-390.3
-39.7015	-393.1
-40.739	-395.5
-41.7715	-397.7
-42.6915	-394.3
-42.779	-373.4
-42.7565	-353.4
-42.4465	-333.8
-42.2615	-312.7
-41.7915	-292.1
-41.184	-270.7
-40.5415	-249.8
-39.9065	-229.9
-39.1515	-208.3
-38.409	-188.2
-37.5715	-168
-36.739	-148.1
-35.7865	-127.2
-34.8015	-107.1
-33.8065	-88.07
-32.7615	-70
-31.7665	-54.26
-30.749	-39.08
-29.694	-25.78
-28.6615	-14.08
-27.414	-3.073
-26.399	4.174
-25.3415	9.22
-24.2815	11.74
-23.254	13.58
-22.2565	15.05
-21.234	16.33
-20.189	17.34
-19.1515	18.53
-18.089	19.82
-17.0815	21.38
-16.029	22.75
-15.0165	24.4
-14.0365	25.96
-12.9665	28.03
-11.9415	30.23
-10.9215	32.52
-9.8865	35.14
-8.8665	38.3
-7.8415	41.7
-6.8265	45.46
-5.77275	49.95
-4.76525	54.95
-3.74075	60
-2.69625	65.78
-1.652	72.11
-0.64975	78.44
0.41725	85.73
1.45125	92.93
2.44125	99.9
3.44625	108.2
4.481	116.1
5.501	124.6
6.536	133
7.5735	141.5
8.5985	150
9.621	158.1
10.6185	166.1
11.646	174.6
12.6835	182.9
13.7185	191
14.7435	199.3
15.786	207.2
16.821	215.1
17.826	222.8
18.891	230.4
19.931	238.2
20.9585	245.5
21.9735	252.7
23.0035	259.7
24.031	266.6
25.066	273.5
26.0985	280.4
27.091	286.8
28.0785	293
29.1135	299.4
30.1335	305.6
31.176	311.6
32.221	317.5
33.221	322.8
34.236	327.8
35.221	332.8
36.2385	337
37.301	341.3
38.2985	345.1
39.356	348.8
40.336	352.2
41.346	355.6
42.3585	354.8
42.686	352.9
42.806	332.3
42.8085	312.2
42.7035	288.8
42.341	270.1
41.5485	249.3
40.8185	229.1
40.0535	208.2
39.246	187.5
38.366	167.2
37.476	146.4
36.4735	125.3
35.4485	105
34.456	86.92
33.431	69.13
32.406	52.8
31.3685	37.43
30.3535	23.62
29.321	10.96
28.2835	-0.0917
27.2785	-9.403
26.266	-16.74
25.2135	-22.98
24.1935	-26.6
23.1935	-29.27
22.1985	-31.05
21.1935	-32.93
20.1535	-34.17
19.086	-34.91
18.0635	-36.01
17.026	-37.38
16.0235	-38.3
14.9835	-39.36
13.961	-40.14
12.9085	-41.05
11.901	-42.34
10.886	-43.39
9.8435	-45
8.8035	-46.79
7.7735	-48.81
6.7385	-50.82
5.721	-53.26
4.7135	-55.92
3.691	-59.08
2.6555	-62.34
1.63675	-66.1
0.60175	-70.32
-0.4065	-74.95
-1.422	-80.13
-2.4195	-85.69
-3.43825	-91.83
-4.45375	-98.12
-5.44525	-104.8
-6.504	-112.2
-7.5315	-120
-8.5665	-127.9
-9.5865	-135.9
-10.594	-144.2
-11.6515	-152.8
-12.669	-161.2
-13.6815	-170
-14.699	-178.4
-15.7215	-187.3
-16.744	-196
-17.804	-204.7
-18.8215	-213.6
-19.849	-222.4
-20.869	-230.2
-21.9015	-239
-22.899	-247.1
-23.9415	-255.5
-24.9515	-263.2
-25.9815	-271.2
-26.984	-278.9
-27.989	-287.1
-28.999	-294.6
-30.0315	-302.6
-31.069	-310.8
-32.114	-319
-33.139	-326.5
-34.174	-334
-35.209	-341.4
-36.259	-348.8
-37.3115	-355.8
-38.3215	-361.8
-39.3715	-368.1
-40.4065	-373.6
-41.4115	-377.9
-42.4515	-378.9
-42.7015	-376.8
-42.7565	-355.7
-42.739	-336.2
-42.419	-314.9
-41.8765	-294.7
-41.239	-274.1
-40.5865	-254
-39.8615	-232.5
-39.094	-211.8
-38.2965	-191.6
-37.4565	-171
-36.569	-151
-35.609	-130.5
-34.5765	-109.8
-33.5565	-91.37
-32.5065	-73.25
-31.4915	-57.89
-30.449	-43.44
-29.404	-30.09
-28.3665	-18.67
-27.3265	-9.036
-26.2965	-1.468
-25.2865	3.991
-24.264	7.614
-23.2665	9.679
-22.199	11.19
-21.1965	12.71
-20.1715	13.76
-19.1465	14.86
-18.134	15.78
-17.1165	16.74
-16.0765	17.89
-15.0565	19.04
-14.044	20.27
-13.0415	21.65
-12.0215	22.8
-11.049	24.27
-10.0415	25.69
-9.009	27.16
-7.9865	29.08
-6.9565	31.1
-5.9205	33.71
-4.9405	36.01
-3.9115	38.99
-2.87175	42.06
-1.81075	45.69
-0.792	49.13
0.24625	53.26
1.2725	57.75
2.273	62.75
3.32975	68.44
4.337	74.17
5.351	80.59
6.376	87.52
7.3585	94.17
8.366	101.5
9.3935	109.5
10.4285	117.3
11.4435	125.2
12.451	133.1
13.4885	141.6
14.5185	150.1
15.5485	158.5
16.581	167
17.621	175.4
18.6385	183.9
19.6735	191.7
20.6935	200.3
21.716	208.6
22.976	218.2
23.981	226
24.9835	233.6
26.006	241.2
27.0235	249.2
28.051	256.9
29.086	264.5
30.0985	271.9
31.121	279.5
32.146	286.8
33.1935	294.3
34.231	301.3
35.256	308
36.266	314.4
37.271	320.3
38.256	326.4
39.2835	332.1
40.301	337.1
41.311	342.1
42.316	342.9
42.696	341.1
42.811	320.3
42.8035	300.5
42.646	280.2
42.376	258.3
41.776	237.8
41.006	217.8
40.246	197.2
39.376	175.9
38.5235	155.8
37.546	134.6
36.556	113.8
35.531	95.27
34.5185	77.89
33.4985	61.37
32.4685	45.87
31.4335	31.65
30.4085	19.13
29.4185	7.936
28.3685	-1.927
27.366	-10.27
26.306	-17.11
25.2485	-22.25
24.211	-25.37
23.191	-27.71
22.206	-29.31
21.171	-30.5
20.1435	-31.83
19.116	-32.89
18.0985	-33.58
17.0685	-34.4
16.0635	-35.09
15.0735	-36.05
13.9985	-36.74
12.9435	-37.34
11.946	-38.44
10.941	-39.31
9.891	-40.46
8.9035	-41.97
7.906	-43.48
6.856	-44.77
5.856	-46.37
4.8435	-48.48
3.81275	-50.09
2.82125	-52.66
1.79025	-54.95
0.749	-58.16
-0.2803	-61.51
-1.294275	-65.04
-2.29925	-68.99
-3.32575	-73.35
-4.35475	-78.48
-5.408	-83.99
-6.419	-89.91
-7.444	-96.14
-8.4515	-102.7
-9.4815	-109.8
-10.499	-117.2
-11.5065	-124.8
-12.524	-133.2
-13.5415	-141.1
-14.554	-149.7
-15.579	-158.1
-16.599	-167.2
-17.654	-176
-18.669	-184.8
-19.694	-193.7
-20.7015	-202.1
-21.6865	-210.5
-22.729	-219.6
-23.764	-228.4
-24.7715	-236.6
-25.8065	-245.3
-26.844	-253.9
-27.839	-262.5
-28.8465	-270.5
-29.894	-278.8
-30.9165	-287.8
-31.949	-296.2
-32.974	-304.7
-33.994	-312.8
-35.024	-321.5
-36.0665	-329.8
-37.109	-337.6
-38.124	-344.9
-39.149	-352.4
-40.1615	-359.2
-41.1665	-365.4
-42.199	-368.7
-42.684	-367.2
-42.774	-346.8
-42.7365	-327.2
-42.389	-307
-42.1815	-286.5
-41.5415	-266.1
-40.904	-245.8
-40.224	-225.1
-39.464	-203.9
-38.674	-184
-37.784	-162.7
-36.859	-142
-35.854	-122.1
-34.8165	-101.7
-33.799	-84.13
-32.7815	-67.66
-31.739	-52.29
-30.699	-38.62
-29.679	-26.56
-28.6565	-15.96
-27.654	-7.89
-26.6165	-0.6422
-25.5915	4.725
-24.544	8.302
-23.539	10.18
-22.474	11.7
-21.4665	12.94
-20.439	14.27
-19.419	15.18
-18.4015	16.1
-17.3565	17.2
-16.279	18.12
-15.269	19.36
-14.2465	19.77
-13.2415	21.28
-12.2065	22.34
-11.2065	23.53
-10.1565	24.63
-9.099	26.42
-8.064	27.61
-7.024	29.63
-5.998	31.19
-4.9685	33.71
-3.924	35.6
-2.88725	38.12
-1.86425	40.59
-0.83925	43.39
0.20375	46.56
1.236	49.91
2.3015	53.67
3.3155	58.03
4.33425	62.52
5.3435	67.47
6.3835	73.16
7.4185	79.31
8.481	85.73
9.516	92.43
10.551	99.22
11.576	106.4
12.5835	114
13.576	121.4
14.611	129.2
15.636	137.7
16.681	146.2
18.6935	162.3
19.7085	170.6
20.756	178.8
21.816	187.8
22.8335	195.8
23.871	204.4
24.9185	212.2
25.936	220.5
27.011	228.8
28.031	237.1
29.056	244.9
30.0735	252.6
31.0935	260.8
32.071	268.3
33.096	276
34.121	283.8
35.1385	291.1
36.146	298.2
37.141	304.9
38.1685	311.9
39.181	318.3
40.181	324.8
41.191	330.7
42.2085	335.8
43.2285	340.9
44.2385	345
45.2735	349
46.276	352.3
47.2985	355.9
48.3435	358.8
49.341	361.1
50.316	363.3
51.366	365.7
52.391	367.6
53.391	369.3
54.441	371.4
55.491	373.1
56.491	371.6
56.941	366.8
57.066	346.2
57.066	326.2
56.916	305.9
56.616	283.8
56.241	263.9
55.416	243.6
54.691	223.9
53.891	203.2
53.091	183.3
52.191	162.9
51.241	142.2
50.266	122
49.226	102.7
48.2085	84.72
47.1585	68.07
46.1585	52.8
45.121	38.58
44.1135	26.01
43.1135	15.09
42.0435	4.495
41.0585	-3.807
40.0035	-10.87
38.996	-16.51
37.986	-20.5
36.9135	-23.99
35.866	-26.05
34.8285	-27.84
33.846	-29.68
32.831	-30.41
31.8185	-31.7
30.7935	-32.61
29.756	-33.35
28.6985	-34.22
27.661	-34.86
26.6535	-35.78
25.641	-36.51
24.591	-37.2
23.5535	-38.21
22.5385	-39.17
21.5635	-39.82
20.516	-40.87
19.491	-41.83
18.4685	-43.3
17.3935	-44.45
16.3385	-46.15
15.2935	-47.29
14.286	-49.08
13.276	-50.96
12.2435	-52.84
11.1835	-54.68
10.146	-57.15
9.1185	-59.49
8.081	-62.34
7.046	-65.23
6.0535	-68.39
4.9985	-71.97
3.98225	-75.78
2.95775	-79.63
1.94075	-83.94
0.919	-88.8
-0.1042	-93.71
-1.14095	-99.17
-2.18375	-105.2
-3.19175	-111.1
-4.2075	-117.1
-5.2125	-123.3
-6.259	-129.9
-7.294	-136.7
-8.329	-143.8
-9.3715	-150.9
-10.374	-158.1
-11.3915	-165.5
-12.374	-172.2
-13.4365	-179.9
-14.4515	-187.4
-15.489	-194.9
-16.5215	-202.3
-17.544	-209.9
-18.569	-217.4
-19.5965	-225
-20.619	-231.8
-21.6615	-239.4
-22.674	-246.5
-23.6715	-253.5
-24.6915	-260.3
-25.729	-267.3
-26.7765	-274.9
-27.8215	-282.1
-28.844	-289
-29.854	-295.9
-30.889	-302.7
-31.9415	-309.9
-32.969	-316.8
-34.004	-323.7
-35.049	-330.2
-36.064	-336.5
-37.0865	-342.1
-38.104	-347.8
-39.1565	-353.3
-40.1765	-358.3
-41.1965	-362.9
-42.209	-366.6
-43.2315	-371
-44.254	-374.3
-45.2815	-377.6
-46.3115	-380.5
-47.3215	-383
-48.339	-385.8
-49.364	-387.9
-50.3815	-390
-51.384	-391.9
-52.409	-393.6
-53.409	-395.4
-54.434	-396.9
-55.459	-398.2
-56.509	-396.8
-56.909	-393.1
-57.009	-371.9
-56.984	-352.1
-56.659	-332.5
-56.409	-310.1
-55.759	-289.8
-55.059	-268.2
-54.359	-248.4
-53.609	-227.9
-52.784	-207.2
-51.959	-187.4
-51.0315	-166.9
-50.0615	-146.2
-49.039	-125.6
-48.004	-106.8
-46.9765	-89.26
-45.9515	-73.25
-44.9165	-58.07
-43.874	-44.59
-42.8365	-32.98
-41.824	-22.71
-40.8115	-13.72
-39.799	-6.605
-38.7815	-1.33
-37.724	3.67
-36.699	6.559
-35.6915	8.578
-34.6815	10.27
-33.664	11.61
-32.654	13.12
-31.594	13.67
-30.599	15.14
-29.559	15.6
-28.5215	16.74
-27.4915	17.61
-26.4865	18.53
-25.4365	19.59
-24.419	20.18
-23.4265	21.24
-22.384	22.16
-21.349	23.16
-20.3415	23.99
-19.2915	24.68
-18.2465	26.1
-17.204	27.2
-16.159	28.21
-15.134	29.49
-14.1215	30.78
-13.0915	32.02
-11.769	34.22
-10.764	35.5
-9.759	37.34
-8.7215	39.31
-7.684	41.51
-6.669	43.58
-5.639	46.05
-4.6605	48.39
-3.63	51.19
-2.64	53.71
-1.636525	56.56
-0.5936	59.77
0.44325	63.12
1.49225	66.69
2.514	70.64
3.54325	74.45
4.5185	78.35
5.531	82.89
6.5635	87.93
7.5785	92.93
8.591	97.89
9.5885	103.1
10.6385	108.8
11.681	114.7
12.696	120.3
13.706	126.2
14.741	132.6
15.746	138.8
16.7685	144.9
17.796	151.5
18.841	158.2
19.876	164.8
20.9135	171.1
21.956	177.6
22.9385	183.8
23.9435	190.2
25.001	196.5
26.0385	202.7
27.021	208.9
28.0535	215
29.056	221.3
30.086	227.6
31.1185	233.7
32.161	239.9
33.1985	246
34.2485	252.1
35.2635	257.9
36.296	263.6
37.3485	269.3
38.3785	275.2
39.406	280.8
40.406	286.2
41.426	291.3
42.4835	296.8
43.5135	301.6
44.541	306.8
45.586	311.3
46.631	315.5
47.606	319.9
48.676	323.8
49.716	327.6
50.741	331.3
51.741	334.9
52.766	338.1
53.791	341
54.791	343.9
55.891	346.3
56.866	343.3
56.941	342.6
57.066	322.3
57.066	302.1
56.891	279.6
56.441	258.8
55.591	239.4
54.791	218.9
53.941	198
53.041	177.7
52.091	157.2
51.066	137.2
50.066	118.3
49.041	100.1
47.9935	83.48
46.9485	68.03
45.9135	53.58
44.911	40.73
43.8885	29.22
42.8835	18.62
41.8985	9.495
40.8385	1.238
39.8335	-5.367
38.806	-10.92
37.7935	-15.09
36.761	-18.67
35.766	-21.05
34.726	-23.49
33.711	-25.5
32.6935	-26.56
31.646	-28.26
30.616	-29.27
29.621	-29.95
28.5835	-31.01
27.5735	-31.79
26.5585	-32.02
25.5385	-32.57
24.5435	-33.39
23.5535	-33.81
22.531	-34.59
21.5085	-34.91
20.4635	-35.73
19.4335	-36.56
18.406	-37.48
17.421	-37.84
16.3685	-39.04
15.321	-39.72
14.286	-40.59
13.2335	-41.6
12.2335	-42.34
11.2135	-43.44
10.161	-44.59
9.126	-46.24
8.086	-47.43
7.0485	-48.39
6.0335	-49.91
5.0035	-51.51
3.97	-53.35
2.931	-55.18
1.9215	-56.74
0.89525	-58.71
-0.155125	-60.78
-1.179775	-63.16
-2.2	-65.69
-3.23225	-68.58
-4.2735	-71.42
-5.31675	-74.68
-6.3315	-77.84
-7.349	-81.56
-8.3215	-85.23
-9.3815	-89.22
-10.419	-93.39
-11.4465	-98.3
-12.444	-103.1
-13.449	-107.8
-14.519	-113.6
-15.5565	-119.3
-16.569	-125.1
-17.614	-130.7
-18.629	-137
-19.6715	-143.3
-20.6865	-149.5
-21.7515	-156.2
-22.759	-162.9
-23.7715	-169.4
-24.7765	-176
-25.7865	-182.8
-26.834	-189.4
-27.8765	-197
-28.9015	-203.8
-29.9215	-210.4
-30.9515	-218
-31.9415	-224.9
-32.974	-231.8
-34.004	-239.2
-35.0515	-246.1
-36.084	-253.6
-37.109	-260.5
-38.154	-267.4
-39.154	-274.3
-40.189	-281.6
-41.209	-288.2
-42.2065	-294.8
-43.234	-301.7
-44.279	-308.4
-45.2915	-314.3
-46.3415	-320.9
-47.379	-326.7
-48.4015	-332.5
-49.409	-337.8
-50.429	-343.1
-51.459	-348.1
-52.534	-352.8
-53.534	-356.5
-54.534	-360.9
-55.559	-364.2
-56.534	-364.3
-56.909	-361.6
-56.984	-341
-56.984	-321.2
-56.684	-300.8
-56.084	-279.6
-55.384	-259
-54.634	-238.5
-53.834	-218
-52.934	-196.8
-51.984	-175.7
-51.039	-155.6
-50.014	-135.3
-49.019	-117
-48.0015	-99.86
-46.9615	-83.02
-45.9265	-68.44
-44.9265	-55.09
-43.9015	-43.16
-42.904	-32.57
-41.8365	-22.84
-40.774	-14.49
-39.744	-8.348
-38.7215	-3.486
-37.694	0.688
-36.654	3.44
-35.634	6.055
-34.609	8.073
-33.5865	9.679
-32.5615	11.24
-31.589	12.25
-30.5915	13.39
-29.5265	14.54
-28.4865	15.32
-27.454	16.05
-26.4615	16.88
-25.4115	17.66
-24.359	18.53
-23.3515	19.31
-22.3165	20.05
-21.3165	20.82
-20.2965	21.38
-19.314	22.11
-18.294	22.93
-17.274	23.71
-16.219	24.45
-15.2065	25.23
-14.1765	26.38
-13.1415	27.2
-12.099	28.58
-11.089	29.36
-10.084	30.78
-9.0615	32.11
-8.019	33.81
-6.9965	35.04
-5.998	36.56
-4.97875	38.39
-3.97225	40.14
-2.9235	42.06
-1.90615	43.67
-0.877	45.78
0.1282	47.84
1.1695	49.91
2.18675	52.06
3.225	54.91
4.214	57.48
5.206	60.41
6.246	63.44
7.2635	66.65
8.246	69.72
9.311	73.35
10.3285	77.15
11.3585	80.91
12.401	84.95
13.4385	89.35
14.436	93.76
15.476	98.48
16.5085	103.5
17.516	108.4
18.521	113.5
19.5285	119
20.5585	124.9
21.626	130.5
22.661	136.3
23.696	142.2
24.7235	148.3
25.7685	154.4
26.756	160.3
27.7835	166.6
28.8285	173
29.876	179.4
30.8885	185.8
31.9485	192.2
32.9285	198.5
33.971	204.9
34.9785	211.4
36.0035	217.5
37.0135	223.5
38.0485	229.7
39.056	235.9
40.061	242
41.0835	247.7
42.096	253.9
43.146	259.8
44.151	265.4
45.1585	271.4
46.166	276.6
47.2085	282
48.2185	287.4
49.246	292.4
50.266	297.3
51.316	302.2
52.366	307.3
53.391	311.6
54.391	316
55.391	320.1
56.416	321.2
56.916	318.7
57.066	298.2
57.066	278.3
56.841	257.9
56.616	236
56.216	216.6
55.316	196.7
54.466	176.7
53.516	156.1
52.516	135.5
51.516	116.2
50.516	98.62
49.466	81.74
48.476	67.34
47.416	53.21
46.386	40.46
45.381	29.17
44.4035	19.49
43.381	10.55
42.3535	2.523
41.291	-3.853
40.2735	-8.853
38.251	-15.87
37.2285	-18.16
36.1785	-20.32
35.1785	-22.02
34.1435	-23.39
33.1385	-24.63
32.0735	-25.73
31.051	-27.06
30.0185	-27.89
28.966	-28.81
27.961	-29.54
26.961	-30.23
25.8885	-31.05
24.8585	-31.65
23.856	-32.2
22.7935	-32.89
21.7785	-33.81
20.7285	-34.13
19.701	-34.91
18.6735	-35.82
17.6885	-36.15
16.656	-37.29
15.6035	-37.93
14.571	-38.53
13.531	-39.45
12.521	-40.27
11.506	-41.51
10.4985	-42.06
9.461	-42.98
8.431	-43.85
7.4335	-45.37
6.401	-46.15
5.3785	-47.52
4.35125	-48.85
3.35975	-49.95
2.31075	-51.47
1.27525	-53.16
0.279375	-54.31
-0.76475	-56.14
-1.785075	-58.07
-2.858	-60.23
-3.89775	-62.43
-4.95725	-64.81
-5.9845	-67.25
-7.009	-69.68
-8.019	-72.61
-9.049	-75.09
-10.064	-78.3
-11.049	-81.56
-12.094	-85.36
-13.1115	-89.13
-14.1565	-93.02
-15.194	-97.38
-16.204	-101.9
-17.219	-106.3
-18.2465	-111.2
-19.2815	-116.5
-20.2965	-121.6
-21.339	-127
-22.329	-132.5
-23.349	-138.2
-24.374	-144
-25.394	-150.4
-26.3965	-155.9
-27.4415	-162.4
-28.4415	-168.7
-29.4715	-175.5
-30.479	-182.1
-31.509	-188.6
-32.5565	-195.7
-33.589	-202.9
-34.6215	-209.9
-35.6665	-216.9
-36.6565	-223.7
-37.679	-230.8
-38.689	-237.4
-39.704	-244.7
-40.7165	-251.6
-41.7265	-258.2
-42.719	-264.7
-43.744	-271.8
-44.784	-278.8
-45.794	-285.2
-46.814	-292.2
-47.819	-298.5
-48.834	-304.9
-49.8865	-311.1
-50.919	-316.9
-51.884	-322.1
-52.884	-327.1
-53.909	-331.9
-54.909	-336.6
-55.934	-340.7
-56.934	-338.4
-56.984	-317.9
-56.984	-297.8
-56.584	-277.7
-56.434	-256.6
-55.684	-235.9
-54.934	-214.9
-54.134	-194.4
-53.284	-174.9
-52.284	-154.2
-51.289	-134.2
-50.244	-115.8
-49.2615	-98.9
-48.2365	-82.98
-47.194	-68.16
-46.149	-54.72
-45.129	-43.21
-44.1565	-33.39
-43.1465	-24.13
-42.114	-16.42
-41.094	-10.09
-40.069	-5.137
-39.0465	-1.56
-38.009	1.468
-36.9765	4.128
-35.9415	6.422
-34.8665	8.165
-33.8415	9.724
-32.8265	11.28
-31.8015	12.43
-29.974	14.4
-28.9465	15.27
-27.934	16.33
-26.9115	16.93
-25.9015	17.71
-24.8865	18.16
-23.8865	18.9
-22.884	19.68
-21.859	20.14
-20.8415	20.64
-19.809	21.28
-18.774	22.06
-17.754	23.03
-16.7665	23.53
-15.729	24.13
-14.734	25.05
-13.6915	25.87
-12.669	26.97
-11.624	27.71
-10.5815	29.04
-9.5515	30.09
-8.524	30.96
-7.4765	32.2
-6.4475	33.39
-5.4255	34.77
-4.417	36.28
-3.37725	37.84
-2.34675	39.22
-1.332375	40.82
-0.31675	42.52
0.67925	43.99
1.6965	45.78
2.74075	48.03
3.7825	50
4.8125	52.15
5.8335	54.13
6.846	56.7
7.881	59.36
8.906	61.74
9.976	64.49
11.001	67.34
12.0385	70.64
13.091	73.76
14.1035	76.97
15.151	81.01
16.186	84.54
17.216	88.3
18.2285	92.43
19.2335	97.02
20.2235	101.3
21.2485	105.7
22.261	110.5
23.2935	115.8
24.306	120.6
25.331	125.4
26.361	131.1
27.351	136.6
28.3985	142.2
29.436	148.1
30.481	154
31.5085	159.9
32.5485	166.2
33.5935	172.1
34.631	178.6
35.656	184.5
36.6835	190.5
37.721	197
38.761	203.2
39.7585	209.5
40.7885	215.3
41.806	221.7
42.7935	227.7
43.811	233.7
44.826	239.5
45.876	245.4
46.9285	251.2
47.961	257.1
48.961	262.7
50.016	267.9
51.041	273.4
52.091	279.1
53.091	284
54.116	288.8
55.141	293.5
56.166	297.8
57.191	301.7
58.166	305.5
59.241	308.8
60.266	311.6
61.316	314.5
62.341	317.1
63.341	320
64.366	322.5
65.441	325.1
66.466	327.1
67.466	329.4
68.516	331.3
69.516	332.9
70.541	332.3
71.166	328.9
71.291	308.6
71.316	288.2
71.066	268
70.866	246.8
70.391	227.1
69.441	206.1
68.591	185.9
67.666	166.3
66.691	146.2
65.666	126.1
64.641	108
63.591	91.69
62.566	76.42
61.616	63.07
60.541	49.95
59.516	38.76
58.491	28.44
57.491	19.13
56.466	10.83
55.441	4.404
54.466	-1.238
53.466	-5.78
52.441	-9.679
51.416	-12.8
50.391	-15.6
49.3535	-17.8
48.356	-19.72
47.3385	-21.38
46.331	-23.39
45.2935	-24.72
44.271	-26.15
43.246	-27.16
42.2435	-28.16
41.181	-29.13
40.1985	-29.82
39.131	-30.32
38.101	-31.28
37.076	-31.93
36.061	-32.43
35.0585	-32.8
34.071	-33.12
33.0385	-33.62
31.996	-34.26
30.9685	-34.68
29.9435	-35.5
28.9085	-36.01
27.9285	-36.42
26.9035	-37.06
25.8885	-37.98
24.891	-38.9
23.851	-39.54
22.816	-40.32
21.806	-41.28
20.761	-41.83
19.7235	-43.12
18.701	-43.81
17.656	-45.09
16.6185	-46.19
15.626	-46.97
14.586	-47.84
13.561	-48.85
12.5585	-50.27
11.546	-51.47
10.541	-52.7
9.5035	-53.9
8.471	-55.37
7.461	-56.83
6.451	-58.16
5.436	-59.86
4.405	-61.74
3.36225	-63.53
2.3285	-65.64
1.2885	-67.47
0.2518	-69.58
-0.74125	-71.79
-1.7493	-74.17
-2.76325	-76.47
-3.797	-79.08
-4.85175	-82.06
-5.87575	-84.86
-6.8915	-87.8
-7.909	-90.78
-8.934	-94.13
-9.944	-97.57
-10.9665	-101.3
-11.9665	-105.2
-12.984	-108.7
-14.024	-112.7
-15.009	-116.9
-16.069	-121.6
-17.094	-125.9
-18.1265	-130.5
-19.119	-135.2
-20.1315	-140.2
-21.1715	-144.7
-22.184	-149.5
-23.2015	-154.4
-24.2315	-159.4
-25.259	-164.5
-26.3165	-169.8
-27.324	-174.9
-28.339	-180.3
-29.319	-185.3
-30.3415	-190.8
-31.3815	-196.3
-32.4265	-202
-33.424	-207.7
-34.469	-213.2
-35.524	-219.2
-36.5715	-224.9
-37.604	-230.6
-38.6215	-236.1
-39.6515	-241.9
-40.6715	-247.5
-41.6915	-253.1
-42.749	-258.3
-43.779	-264.2
-44.7865	-269.1
-45.794	-274.9
-46.7965	-279.6
-47.8415	-284.9
-48.879	-289.8
-49.934	-294.9
-50.929	-299.4
-51.934	-303.8
-52.984	-307.9
-53.984	-311.7
-55.034	-315.6
-56.059	-319
-57.084	-322.8
-58.134	-326
-59.134	-328.9
-60.184	-332.1
-61.234	-334.9
-62.234	-336.9
-63.284	-339.1
-64.309	-341.8
-65.359	-344.2
-66.334	-345.9
-67.409	-347.8
-68.459	-348.7
-69.484	-350.5
-70.509	-350.1
-71.134	-345.6
-71.184	-324.7
-71.159	-305.1
-70.809	-284.9
-70.659	-263.4
-69.884	-242.3
-69.059	-220.8
-68.209	-200.5
-67.259	-180
-66.234	-159.5
-65.234	-141.8
-64.209	-124.3
-63.209	-108.6
-62.209	-94.22
-61.159	-81.05
-60.159	-69.08
-59.109	-57.8
-58.084	-47.43
-57.034	-38.35
-55.984	-30.55
-54.959	-23.53
-53.934	-18.07
-52.909	-13.62
-51.909	-9.449
-50.009	-3.486
-49.004	-0.4587
-47.9965	1.927
-46.974	4.174
-45.964	6.238
-44.9415	8.027
-43.919	9.357
-42.9315	10.41
-41.909	11.7
-40.8765	12.8
-39.8665	13.85
-38.854	14.17
-37.824	15.14
-36.784	15.92
-35.759	16.74
-34.739	17.57
-33.714	18.26
-32.659	19.17
-31.6765	19.54
-30.6465	20.6
-29.614	21.33
-28.6115	22.02
-27.564	22.57
-26.5065	23.3
-25.439	24.22
-24.409	24.68
-23.409	25.37
-22.394	25.96
-21.374	26.79
-20.349	27.25
-19.299	28.03
-18.2715	28.62
-17.2465	29.72
-16.204	30.32
-15.199	31.28
-14.1965	32.15
-13.119	33.39
-12.0915	34.72
-11.0765	35.32
-10.064	36.51
-9.074	37.52
-8.044	38.99
-7.0115	40.14
-6.031	41.33
-4.99	42.7
-3.94775	43.81
-2.94125	45.23
-1.93915	46.7
-0.9025	48.48
0.099575	49.91
1.138	51.42
2.17775	52.93
3.21575	55.14
4.2125	56.51
5.241	58.39
6.2535	60.23
7.2585	62.66
8.2585	64.49
9.276	66.42
10.311	68.76
11.3485	71.14
12.351	73.3
13.351	75.59
14.3585	78.58
15.3635	80.91
16.361	83.71
17.381	86.69
18.4085	89.49
19.4185	92.57
20.431	95.78
21.4685	98.94
22.4735	102.2
23.4835	105.4
24.5135	108.5
25.536	111.9
26.541	115.4
27.5935	119.1
28.5985	122.8
29.666	126.9
30.676	130.2
31.716	134.3
32.736	138.1
33.7335	142.4
34.746	146.1
35.7785	150.3
36.826	154.6
37.841	158.5
38.8385	162.7
39.8485	166.7
40.896	171.2
41.9235	175.7
42.9385	179.7
43.966	183.7
44.976	187.7
45.996	191.9
47.006	196
48.0135	200.4
49.0785	204.4
50.116	208.4
51.116	212.9
52.141	216.6
53.141	220.7
54.166	224.8
55.191	228.5
56.191	232.1
57.241	236.2
58.266	239.8
59.266	243.5
60.266	247.1
61.291	250.9
62.291	254.4
63.291	258.1
64.316	261.5
65.341	264.6
66.391	268.1
67.391	271.4
68.441	274.5
69.491	277.6
70.491	278.4
71.166	275.1
71.316	254.6
71.291	234.5
71.041	212.7
70.491	191.8
69.466	171.6
68.466	151.4
67.416	131.8
66.416	114
65.416	97.47
64.391	82.06
63.366	68.9
62.341	56.14
61.316	44.81
60.291	34.77
59.266	26.05
58.191	18.07
57.141	11.01
56.116	5.504
55.091	1.147
54.066	-2.477
53.116	-6.101
52.041	-8.302
50.966	-10.78
49.9485	-13.07
48.8935	-15.27
47.9035	-16.74
46.881	-18.44
45.856	-19.63
44.806	-21.28
43.7685	-22.2
42.7235	-23.81
41.7085	-24.31
40.6835	-25.64
39.6935	-26.42
38.676	-27.11
37.636	-28.12
36.621	-28.58
35.581	-28.99
34.6035	-30.09
33.5935	-30.27
32.5385	-31.01
31.491	-31.38
30.466	-31.7
29.4185	-32.48
28.3935	-33.03
27.416	-33.44
26.3885	-33.85
25.3585	-34.59
24.356	-35.55
23.326	-35.96
22.301	-36.37
21.2785	-37.06
20.236	-37.66
19.1935	-38.21
18.1535	-38.94
17.111	-39.59
16.0685	-40.14
15.066	-40.96
14.0235	-41.19
13.031	-42.02
12.021	-42.7
11.0035	-43.48
9.961	-43.9
8.9635	-44.81
7.926	-45.92
6.891	-46.83
5.856	-47.66
4.82875	-48.9
3.79975	-49.72
2.79075	-50.92
1.745	-51.74
0.71885	-53.07
-0.33325	-54.68
-1.326	-56.01
-2.3477	-57.15
-3.37825	-58.81
-4.37725	-60.18
-5.38	-61.88
-6.4095	-63.94
-7.4315	-65.27
-8.469	-67.02
-9.509	-68.67
-10.564	-70.64
-11.619	-72.7
-12.594	-74.68
-13.614	-76.6
-14.614	-78.8
-15.624	-81.47
-16.654	-83.99
-17.679	-86.56
-18.6865	-88.94
-19.6915	-92.02
-20.7315	-94.77
-21.7365	-97.57
-22.754	-100.4
-23.794	-103.2
-24.8415	-106.6
-25.889	-109.9
-26.8615	-112.6
-27.8715	-116.1
-28.9065	-119.7
-29.954	-123.2
-30.979	-127.1
-31.9715	-130.9
-32.989	-134.7
-33.999	-138.6
-35.0165	-142.7
-36.064	-147
-37.1065	-151.2
-38.139	-155.8
-39.1615	-160.5
-40.189	-165.1
-41.219	-170
-42.264	-174.7
-43.2915	-179.3
-44.294	-183.9
-45.349	-188.9
-46.394	-193.9
-47.364	-198.7
-48.404	-203.8
-49.399	-208.8
-50.439	-213.8
-51.484	-218.6
-52.534	-223.8
-53.509	-228.6
-54.584	-233.5
-55.584	-238.1
-56.609	-242.7
-57.609	-247.2
-58.659	-251.9
-59.659	-256.3
-60.709	-261.5
-61.784	-265.8
-62.784	-269.5
-63.809	-273.1
-64.859	-277.7
-65.859	-281.8
-66.909	-285.2
-67.934	-289.4
-68.934	-292.7
-69.984	-295.8
-70.984	-294.6
-71.134	-293.7
-71.209	-272.7
-71.184	-252.4
-70.784	-232.2
-69.934	-211.6
-69.034	-191.2
-68.059	-169.9
-67.009	-150.3
-66.034	-133.1
-65.009	-117.6
-64.009	-103.3
-62.984	-89.86
-61.934	-78.62
-60.959	-68.21
-59.934	-59.08
-58.884	-50.46
-57.859	-42.93
-56.859	-36.1
-55.859	-30.18
-54.834	-25.18
-53.784	-20.41
-52.784	-16.79
-51.784	-13.26
-50.754	-9.954
-49.7715	-7.293
-48.754	-4.541
-47.739	-2.293
-46.7115	0.1376
-45.6665	2.064
-44.6215	3.715
-43.609	5.229
-42.6015	6.697
-41.5515	7.798
-40.559	8.624
-39.569	10
-38.539	11.01
-37.5015	11.79
-36.504	12.61
-35.484	13.72
-34.504	14.13
-33.489	15.14
-32.459	15.73
-31.4015	16.56
-30.3665	17.38
-29.3065	18.21
-28.274	18.71
-27.234	19.54
-26.249	20.09
-25.1915	20.73
-24.1515	21.15
-23.1365	21.6
-22.0965	22.29
-21.0865	22.71
-20.094	23.39
-19.0615	23.94
-18.039	24.4
-17.0115	25.18
-15.989	25.73
-14.959	26.05
-13.954	26.93
-12.914	28.07
-11.8815	28.9
-10.8365	29.77
-9.8115	30.46
-8.7715	31.51
-7.7865	32.29
-6.75425	33.16
-5.7155	34.4
-4.6615	35.09
-3.6255	36.24
-2.576375	37.02
-1.55175	38.26
-0.509	39.22
0.5416	40.59
1.52075	41.74
2.56075	43.03
3.56925	44.22
4.56675	45.27
5.5935	46.83
6.616	48.35
7.646	49.49
8.686	51.15
9.681	52.8
10.716	54.4
11.7435	56.28
12.766	57.93
13.7685	59.17
14.781	61.42
15.8135	63.48
16.801	65.46
17.866	67.43
18.901	69.54
19.9135	71.83
20.9535	73.62
21.9385	75.73
22.9485	78.07
23.966	80.41
25.0085	82.66
26.0385	85.32
27.0435	88.16
28.066	90.82
29.0685	93.16
30.101	96.05
31.166	98.8
32.181	101.6
33.206	104.4
34.211	107.4
35.241	110.1
36.231	113
37.2685	116.3
38.3035	119.4
39.3485	122.3
40.3885	125.7
41.441	128.8
42.471	131.8
43.491	135.1
44.526	138.4
45.5435	141.6
46.5785	145.1
47.591	148.6
48.6135	152
49.6285	155.3
50.641	158.7
51.666	161.9
52.741	165.3
53.716	168.9
54.741	172.4
55.816	175.6
56.841	179.3
57.866	182.7
58.866	186
59.891	189.4
60.866	192.2
61.891	196.1
62.941	199.3
63.916	202.6
64.966	206.1
65.991	209.4
66.991	212.5
68.066	215.5
69.116	218.8
70.116	221.4
71.116	219.1
71.166	218.6
71.316	198
71.291	178.5
70.891	158.3
70.516	137.1
69.516	118.7
68.491	102.5
67.466	87.15
66.416	72.57
65.416	59.63
64.391	48.67
63.366	39.49
62.366	31.28
61.366	24.4
60.291	18.53
59.291	13.03
58.266	8.761
57.241	5.183
56.216	1.697
55.191	-1.284
54.141	-3.991
53.091	-6.284
52.041	-8.119
50.991	-10
49.986	-11.88
48.9835	-13.3
47.9235	-14.72
46.856	-16.1
45.8285	-17.29
44.7885	-18.67
43.791	-19.54
42.7435	-20.5
41.691	-21.65
40.686	-22.16
39.696	-23.21
38.666	-23.81
37.646	-24.4
36.626	-25.05
35.6235	-25.78
33.926	-26.65
32.861	-27.11
31.796	-27.84
30.7935	-28.58
29.7785	-28.94
28.7185	-29.63
27.681	-30
26.661	-30.69
25.6335	-31.51
24.5985	-32.06
23.611	-32.57
22.591	-33.16
21.5135	-33.71
20.4785	-34.22
19.426	-35.09
18.3935	-35.5
17.3635	-36.33
16.3185	-36.88
15.276	-37.29
14.231	-37.84
13.2435	-38.21
12.2335	-38.94
11.211	-39.36
10.1735	-40
9.121	-40.73
8.086	-41.33
7.0435	-41.88
6.006	-42.52
4.98825	-43.62
3.95125	-44.45
2.89825	-45.27
1.84525	-46.19
0.817375	-47.25
-0.1785	-48.12
-1.188	-49.26
-2.24605	-50.09
-3.27825	-51.42
-4.288	-52.7
-5.2875	-53.81
-6.31625	-55.18
-7.354	-56.7
-8.384	-58.07
-9.414	-59.49
-10.444	-61.01
-11.494	-62.52
-12.474	-64.13
-13.4965	-65.59
-14.499	-67.43
-15.5665	-69.49
-16.599	-71.37
-17.634	-73.12
-18.6465	-74.86
-19.664	-76.51
-20.6515	-78.48
-21.7015	-80.59
-22.7465	-82.7
-23.749	-84.95
-24.7815	-87.06
-25.8265	-89.31
-26.8265	-91.74
-27.889	-93.94
-28.9265	-96.74
-29.929	-99.26
-30.9765	-101.7
-31.979	-104.3
-33.0065	-106.9
-34.024	-109.5
-35.104	-112.5
-36.1215	-115.4
-37.154	-118
-38.1615	-121.2
-39.1865	-124.2
-40.1915	-127.3
-41.2165	-130.9
-42.214	-134.2
-43.214	-137.9
-44.2115	-141.1
-45.229	-144.7
-46.234	-148.6
-47.259	-152.2
-48.2365	-156
-49.274	-159.9
-50.329	-163.8
-51.3365	-168.1
-52.359	-172.1
-53.409	-176.2
-54.434	-179.7
-55.459	-183.2
-56.459	-186.7
-57.484	-190.5
-58.459	-194.2
-59.484	-198
-60.534	-202
-61.509	-205.2
-62.859	-210.2
-63.909	-213
-64.934	-216.5
-65.984	-220.1
-66.984	-223.6
-68.009	-226.6
-69.034	-229.8
-70.034	-232.6
-71.034	-232.1
-71.134	-231
-71.184	-210.3
-71.134	-189.9
-70.684	-168.8
-69.784	-148.8
-68.784	-129.6
-67.784	-113.2
-66.709	-99.26
-65.684	-87.7
-64.659	-77.89
-63.634	-69.45
-62.584	-61.6
-61.534	-54.59
-60.484	-48.62
-59.459	-43.26
-58.434	-38.21
-57.384	-33.67
-56.384	-29.86
-55.309	-25.5
-54.284	-22.29
-53.234	-18.76
-52.234	-15.78
-51.1865	-12.8
-50.174	-10.32
-49.1665	-7.844
-48.0965	-5.596
-47.069	-3.394
-46.0615	-1.33
-45.019	0.5504
-43.989	2.156
-42.969	3.486
-41.944	5
-40.9365	6.238
-39.944	7.293
-38.959	8.669
-37.9215	9.587
-36.909	10.32
-35.8415	11.28
-34.809	12.34
-33.7765	12.94
-32.7365	13.76
-31.724	14.36
-30.7215	15.6
-29.649	16.38
-28.6165	17.02
-27.584	17.52
-26.5615	18.16
-25.509	19.13
-24.474	19.68
-23.4065	20.09
-22.404	20.41
-21.4015	20.96
-20.359	21.38
-19.3565	21.88
-18.3515	22.34
-17.3115	22.89
-16.2815	23.62
-15.279	23.99
-14.274	24.54
-13.254	25.27
-12.2415	26.24
-11.2315	26.56
-10.1865	27.71
-9.174	28.3
-8.179	28.99
-7.18825	29.68
-6.15675	30.78
-5.117	31.28
-4.0675	32.2
-3.01575	32.8
-1.99545	33.67
-0.99225	34.26
0.00225	32.29
0.013	32.2
0.09625	12.16
-0.05325	-7.936
