"Vu,Priestley,Seible,Benzoni 1998,Specimen nr NH3"	
4600	
0	0.0306
0.0025	5.718
0.03	10.76
0.06	15.96
0.08	21.19
0.1125	26.21
0.1475	31.38
0.2	36.79
0.215	42.05
0.27	46.97
0.29	52.17
0.3375	57.31
0.375	62.38
0.42	67.4
0.44	70
0.455	64.83
0.45	59.69
0.445	54.68
0.41	49.66
0.38	44.62
0.345	39.57
0.315	34.31
0.2975	29.27
0.245	24.13
0.2325	19.05
0.1975	13.98
0.1675	8.96
0.13	3.792
0.0975	-1.437
0.07	-6.33
0.0325	-11.47
0.015	-16.73
-0.0375	-21.9
-0.05	-26.97
-0.105	-31.65
-0.135	-36.79
-0.1725	-41.83
-0.2025	-47.18
-0.255	-51.37
-0.27	-56.45
-0.315	-61.68
-0.3425	-66.76
-0.355	-70
-0.4	-64.83
-0.3625	-59.72
-0.36	-54.31
-0.35	-49.05
-0.3275	-43.97
-0.29	-38.96
-0.28	-34.04
-0.23	-28.81
-0.22	-23.73
-0.19	-18.62
-0.155	-13.46
-0.1175	-7.828
-0.0675	-2.232
-0.0325	2.844
0.0025	7.92
0.035	14.1
0.075	19.72
0.11	25.35
0.1475	30.95
0.1825	36.57
0.2175	42.17
0.2525	47.64
0.29	53.15
0.3225	58.56
0.3775	63.97
0.425	69.39
0.4625	74.71
0.505	79.91
0.5425	85.1
0.585	90.24
0.63	95.29
0.6675	101.2
0.7225	106.1
0.7775	111.8
0.82	117.5
0.87	123.1
0.925	127.6
0.9925	133.8
1.035	139.2
1.0675	140.1
1.0825	135.1
1.0875	129.4
1.0875	123.6
1.0425	117.9
1.015	112.2
0.9725	106.7
0.93	101.3
0.885	95.93
0.8325	90.73
0.81	85.41
0.7575	80.09
0.7375	74.71
0.6825	69.51
0.6425	64.22
0.6125	58.99
0.5775	53.67
0.5325	48.44
0.4975	42.05
0.455	36.76
0.4125	31.41
0.3625	26.08
0.3125	19.72
0.27	14.37
0.235	7.92
0.195	2.599
0.165	-2.752
0.12	-8.043
0.0925	-13.36
0.0575	-18.71
0.0225	-24.1
-0.0175	-29.42
-0.045	-34.77
-0.11	-40.12
-0.1375	-45.47
-0.19	-50.76
-0.22	-55.99
-0.265	-61.13
-0.2925	-66.3
-0.3275	-71.53
-0.355	-76.69
-0.4	-81.77
-0.4425	-86.82
-0.505	-92.78
-0.5625	-97.67
-0.6225	-103.6
-0.6675	-109.4
-0.71	-115.2
-0.7725	-119.8
-0.8325	-125.5
-0.865	-131
-0.9125	-136.4
-0.965	-140.1
-0.98	-135.1
-0.9875	-129.9
-0.9875	-123.8
-0.96	-118
-0.9375	-112.2
-0.8975	-106.4
-0.885	-100.9
-0.8275	-95.59
-0.8075	-90.09
-0.75	-84.68
-0.715	-79.26
-0.6725	-74.06
-0.625	-68.74
-0.59	-63.42
-0.5425	-58.13
-0.505	-52.9
-0.4425	-47.58
-0.4225	-42.29
-0.37	-38.01
-0.35	-32.69
-0.305	-27.34
-0.2775	-22.02
-0.2225	-16.76
-0.2075	-11.47
-0.16	-6.238
-0.125	-0.9786
-0.075	4.312
-0.01	10.67
0.005	15.99
0.0625	22.42
0.1025	28.75
0.1475	35.04
0.1875	40.34
0.23	46.54
0.275	51.59
0.31	56.66
0.3525	61.8
0.395	66.85
0.4375	71.92
0.4925	76.91
0.53	82.81
0.575	87.73
0.6375	93.54
0.68	99.42
0.7225	105.1
0.78	109.9
0.8225	115.5
0.8725	121.1
0.925	124.7
0.9625	129.3
1.015	134.7
1.07	139.2
1.1175	144.6
1.18	150.7
1.24	154
1.2975	159.1
1.35	162.4
1.3975	167.4
1.45	172.4
1.5025	177.3
1.565	182.3
1.6175	187.1
1.68	191.2
1.7325	196
1.7875	199.2
1.8425	203.2
1.895	207.9
1.9375	210.1
1.955	205.1
2.0025	201.9
2.0625	199.9
2.1125	199.4
2.135	193.1
2.115	187.6
2.0875	182.3
2.0325	177
1.9825	171.9
1.93	166.8
1.885	160.9
1.825	156
1.7825	150.1
1.7225	144.6
1.67	139
1.615	134.5
1.56	130.8
1.5375	125.2
1.48	120.6
1.43	115.1
1.38	109.6
1.325	104.9
1.27	99.35
1.225	93.76
1.17	88.07
1.1125	84.28
1.0725	78.65
1.03	72.81
0.9725	68.93
0.9325	63.12
0.89	58.25
0.8275	52.44
0.8075	46.6
0.75	41.68
0.7	35.75
0.6675	29.82
0.615	25.75
0.5825	19.88
0.535	14.92
0.4975	9.847
0.4575	4.893
0.41	-0.1223
0.355	-6.147
0.31	-12.05
0.2675	-17.06
0.24	-23.06
0.19	-28.1
0.17	-33.09
0.105	-38.07
0.0675	-43.06
0.0225	-49.02
-0.0225	-54.03
-0.065	-59.94
-0.1175	-64.83
-0.1675	-70.76
-0.1875	-76.6
-0.2425	-81.47
-0.2975	-87.31
-0.3175	-93.05
-0.3775	-97.83
-0.4225	-103.6
-0.47	-108.4
-0.5325	-113.1
-0.575	-118.9
-0.6225	-124.5
-0.695	-130.1
-0.73	-135.7
-0.785	-141.3
-0.84	-145.8
-0.8875	-151.2
-0.935	-155.5
-0.985	-160.7
-1.055	-165.9
-1.1025	-170.9
-1.1675	-175.8
-1.22	-178.3
-1.28	-183.9
-1.3275	-188.6
-1.3825	-193.3
-1.4475	-197.9
-1.4925	-201.6
-1.5475	-205.3
-1.6	-209.6
-1.62	-210.1
-1.6375	-205
-1.6475	-200.1
-1.655	-193.6
-1.635	-188
-1.6	-182.7
-1.5525	-177.2
-1.525	-172.1
-1.4725	-166.8
-1.45	-161.8
-1.4	-158.7
-1.3825	-154
-1.3325	-150.1
-1.285	-144.5
-1.2525	-138.9
-1.2	-135.2
-1.18	-130.4
-1.125	-127.6
-1.085	-122.8
-1.03	-118.3
-0.9725	-113.7
-0.935	-108
-0.8775	-102.4
-0.82	-97.83
-0.785	-92.14
-0.73	-87.43
-0.6775	-83.7
-0.645	-77.89
-0.5925	-74.1
-0.565	-68.25
-0.5075	-63.45
-0.4425	-58.65
-0.4125	-52.84
-0.36	-48.99
-0.33	-43.18
-0.28	-39.3
-0.255	-33.42
-0.2125	-28.56
-0.1575	-23.61
-0.1325	-17.83
-0.09	-12.84
-0.04	-7.064
0.015	-1.223
0.07	4.709
0.13	10.52
0.17	16.48
0.21	21.34
0.25	27.19
0.3075	33.09
0.35	39.02
0.4125	44.8
0.4525	50.64
0.5125	56.33
0.5675	62.05
0.62	67.7
0.67	73.33
0.725	78.93
0.7775	84.46
0.825	89.94
0.875	95.35
0.9225	100.8
0.98	106.1
1.05	111.4
1.1125	117.5
1.1625	121
1.2175	127.1
1.2725	131.2
1.34	136.3
1.3875	141.4
1.4375	145.6
1.5	150.6
1.56	155.6
1.6275	160.7
1.6875	166.5
1.7375	171.6
1.785	174.8
1.845	179.1
1.88	184.2
1.9275	186.7
1.9925	191.8
2.0475	196.9
2.1025	201.9
2.15	204.4
2.2075	209.4
2.26	215.1
2.3125	219.9
2.3625	224.6
2.42	229.2
2.49	232.2
2.54	236.8
2.61	240.4
2.675	244.7
2.7225	247.5
2.775	251
2.84	255.1
2.9	259.1
2.9425	261.2
2.9925	264.5
3.0525	268.3
3.11	271.6
3.165	275.3
3.2375	279.7
3.245	279.9
3.29	274.9
3.3	269.9
3.2725	264.9
3.2425	259
3.22	253.6
3.1775	248.6
3.135	243.4
3.08	237.5
3.025	232.7
2.9625	227
2.9125	221.5
2.8575	215.9
2.805	211.3
2.755	206.1
2.7025	200.8
2.6425	197.3
2.5875	192.1
2.5275	187.1
2.47	181.9
2.415	178.5
2.365	174.4
2.31	170.2
2.27	165.1
2.2175	160.9
2.165	155.8
2.1125	151.8
2.0575	147.6
1.98	141.8
1.9325	136
1.8725	132.7
1.8175	127.8
1.7525	122.9
1.69	117.2
1.645	113.9
1.595	110.6
1.545	105.6
1.505	100.6
1.445	96.36
1.3825	91.37
1.3225	86.21
1.285	81.04
1.2275	76.73
1.165	73.27
1.14	68.04
1.095	65.41
1.06	60.15
1	55.75
0.9525	51.28
0.895	45.93
0.8475	40.49
0.8	35.17
0.7425	30.61
0.715	25.2
0.6625	19.75
0.6025	15.2
0.5625	9.724
0.515	4.281
0.45	-1.162
0.39	-6.666
0.365	-11.99
0.3125	-15.63
0.2925	-20.24
0.24	-23.85
0.21	-29.33
0.1575	-34.86
0.105	-39.48
0.06	-44.95
0.0125	-50.43
-0.04	-54.98
-0.0975	-60.43
-0.1475	-65.93
-0.205	-70.46
-0.2375	-75.84
-0.3	-81.22
-0.35	-86.51
-0.395	-91.83
-0.45	-96.3
-0.5125	-101.5
-0.5625	-105.9
-0.615	-111
-0.6675	-114.5
-0.715	-119.5
-0.765	-124.7
-0.8175	-128.1
-0.865	-133.2
-0.9175	-138.3
-0.9675	-142.4
-1.0275	-147.6
-1.0825	-152.6
-1.15	-157.6
-1.205	-162.6
-1.27	-166.8
-1.33	-172.6
-1.3825	-177.7
-1.4425	-182.7
-1.4975	-188.4
-1.5475	-191.7
-1.6025	-197.5
-1.66	-202.3
-1.7275	-207.1
-1.795	-212.5
-1.87	-217.8
-1.925	-222.6
-1.99	-226.2
-2.05	-229.5
-2.1025	-232.9
-2.1625	-237
-2.2325	-241.6
-2.285	-245.4
-2.3425	-248.6
-2.41	-252.4
-2.4625	-254.9
-2.5175	-258
-2.58	-261.6
-2.6425	-265.3
-2.6975	-268.1
-2.75	-271.6
-2.8225	-273.9
-2.88	-277.4
-2.925	-280
-2.9675	-275
-3.0025	-270
-3.0075	-265
-2.9925	-259.9
-2.985	-253.8
-2.9375	-248.9
-2.8725	-243
-2.82	-237.3
-2.78	-233.6
-2.7225	-229.1
-2.6975	-223.8
-2.6475	-221
-2.585	-215.9
-2.5425	-210.4
-2.495	-207.1
-2.435	-202.8
-2.38	-197.3
-2.3325	-191.4
-2.275	-188.2
-2.215	-184.2
-2.17	-178.8
-2.1125	-173.1
-2.0575	-169
-2	-165.1
-1.93	-160.2
-1.8775	-154.5
-1.835	-151.2
-1.78	-147.3
-1.715	-141.6
-1.67	-136.8
-1.61	-132.7
-1.555	-129.5
-1.49	-124
-1.45	-118.3
-1.3975	-114.2
-1.34	-110.2
-1.2825	-105.2
-1.2375	-99.48
-1.195	-96.17
-1.13	-92.02
-1.0825	-87.09
-1.0275	-82.75
-0.975	-79.32
-0.9325	-74.25
-0.885	-69.14
-0.835	-63.97
-0.7775	-59.75
-0.725	-54.52
-0.66	-49.29
-0.605	-44.04
-0.5475	-39.72
-0.5	-34.4
-0.4425	-29.11
-0.3875	-25.56
-0.33	-19.45
-0.29	-14.13
-0.2375	-8.776
-0.19	-3.578
-0.1325	1.651
-0.0775	6.972
-0.0275	12.42
0.03	16.79
0.075	22.11
0.13	27.37
0.18	31.8
0.2275	37.12
0.28	41.56
0.33	46.82
0.385	52.08
0.435	57.28
0.505	62.44
0.5475	67.61
0.615	72.75
0.66	77.86
0.725	82.87
0.77	87.89
0.8275	92.87
0.8925	98.62
0.9475	103.5
1.0075	107.5
1.0525	111.6
1.115	116.3
1.185	121.9
1.235	124.2
1.29	128.9
1.35	133.5
1.3975	135.8
1.465	141.2
1.5225	145.7
1.5775	150.9
1.6375	154.8
1.6825	157.1
1.7475	161.6
1.8025	166.1
1.855	170.7
1.9025	172.9
1.955	176.8
2.0175	181.3
2.075	186
2.125	189
2.19	193.4
2.2475	198.1
2.305	202.8
2.3625	208.1
2.4175	211.8
2.4675	215
2.52	218.7
2.58	222.6
2.645	227.2
2.7	231.1
2.7625	235.6
2.8125	239.6
2.875	244.1
2.94	249.6
2.9925	253.4
3.0475	256.5
3.105	261.8
3.16	265.4
3.2175	270.6
3.2675	274.3
3.3275	277.8
3.3925	281.2
3.45	284.6
3.4975	288
3.5525	290.6
3.62	294.3
3.6875	298.1
3.7475	301.7
3.7975	304.7
3.85	306.5
3.9225	310
3.995	313.4
4.065	316.8
4.14	320.3
4.1925	322.9
4.2325	324.6
4.2825	327.2
4.355	329.8
4.4275	332.9
4.505	336
4.5725	338.9
4.6325	341.8
4.69	344.1
4.745	345.9
4.805	348.2
4.855	349.8
4.9	344.8
4.9075	339.7
4.945	334.8
4.9875	329.8
4.99	323.6
4.9275	317.6
4.9075	312
4.8425	307.4
4.785	302
4.7175	296.6
4.6575	291.3
4.615	287.9
4.5525	282.8
4.485	276.9
4.4275	272.1
4.3525	266.5
4.2925	261.8
4.2475	258
4.1875	254.2
4.13	250.2
4.0725	245.7
4.025	241.8
3.9725	238.8
3.8975	233.4
3.8375	228.9
3.7975	225.9
3.7375	222.1
3.675	217.5
3.6025	212.3
3.5325	207
3.46	201.9
3.39	197.5
3.35	193.6
3.2975	190.8
3.2375	186.9
3.1725	181.7
3.105	176.6
3.05	172.1
2.995	167.7
2.9475	165.5
2.8825	161.1
2.82	156.8
2.7775	153.1
2.7275	148.8
2.67	145.8
2.605	142.2
2.555	137.8
2.5	134.2
2.445	131.3
2.3925	127.7
2.335	123.2
2.285	118.8
2.2325	115.9
2.175	111.6
2.1125	107.1
2.055	102.7
2	98.25
1.9475	94.49
1.885	90.73
1.825	86.3
1.755	80.98
1.6825	75.65
1.6275	71.1
1.5875	68.71
1.525	63.33
1.4725	58.65
1.3925	53.18
1.3275	47.67
1.29	42.87
1.225	39.75
1.18	35.75
1.115	30.09
1.07	26.15
1.005	21.31
0.9475	17.37
0.89	11.71
0.8475	7.706
0.785	2.875
0.735	-2.752
0.6725	-7.553
0.605	-13.18
0.5575	-17.98
0.5025	-22.02
0.45	-26.12
0.3875	-31.04
0.345	-35.04
0.28	-40.7
0.23	-44.8
0.17	-50.49
0.105	-56.21
0.055	-61.04
0	-65.07
-0.0525	-69.05
-0.0975	-73.12
-0.1625	-77.18
-0.2075	-81.95
-0.2525	-86.72
-0.305	-90.7
-0.36	-94.58
-0.415	-99.29
-0.4725	-103.9
-0.525	-107.7
-0.5875	-110.8
-0.64	-115.3
-0.695	-119.9
-0.7475	-123
-0.8025	-126.7
-0.87	-131.8
-0.925	-136.3
-0.97	-140
-1.03	-143
-1.0875	-147.3
-1.1425	-151
-1.1925	-153.9
-1.25	-157.5
-1.3125	-161.9
-1.37	-166.2
-1.4275	-170.5
-1.4725	-173.3
-1.535	-177.6
-1.58	-181.3
-1.6325	-185.6
-1.695	-189.9
-1.755	-193.5
-1.8075	-197
-1.8725	-201.3
-1.94	-206.2
-1.9875	-209.9
-2.045	-212.7
-2.1	-217
-2.155	-220.4
-2.2175	-225.4
-2.265	-229
-2.3325	-233.3
-2.3825	-236.7
-2.4475	-240.9
-2.5125	-245.3
-2.555	-248.6
-2.62	-252.9
-2.67	-257.1
-2.7325	-260.6
-2.795	-264.7
-2.85	-268.9
-2.9175	-272.9
-2.97	-275.6
-3.0275	-278.8
-3.085	-282.7
-3.155	-286.6
-3.21	-290.2
-3.275	-293.8
-3.335	-297.3
-3.39	-299.6
-3.4575	-302.4
-3.52	-305.7
-3.6075	-309.4
-3.66	-312.1
-3.7275	-315.3
-3.7775	-317.9
-3.84	-319.3
-3.905	-322.5
-3.9675	-325.5
-4.0325	-328.4
-4.1025	-331.3
-4.1475	-333.7
-4.215	-336.4
-4.26	-337.8
-4.32	-339.6
-4.385	-342.3
-4.455	-344.6
-4.49	-345.8
-4.5425	-347.6
-4.6	-349.7
-4.6125	-349.5
-4.6475	-344.6
-4.6725	-339.7
-4.7075	-334.6
-4.7575	-330.3
-4.76	-325
-4.76	-319.2
-4.7075	-313.6
-4.6775	-308.2
-4.6275	-302.9
-4.5625	-297.8
-4.4925	-292.8
-4.4425	-288.8
-4.3925	-285.5
-4.3225	-280.8
-4.27	-276.3
-4.2175	-272.3
-4.1675	-267.8
-4.1125	-264.2
-4.045	-259.7
-3.995	-255.4
-3.935	-250.4
-3.885	-246
-3.8275	-242.3
-3.7625	-237.9
-3.695	-233.7
-3.635	-229.5
-3.59	-226.6
-3.535	-223.7
-3.485	-219.4
-3.43	-215.2
-3.3725	-212.3
-3.3125	-207.9
-3.2575	-203.8
-3.205	-199.7
-3.1525	-197.7
-3.0875	-193.5
-3.0225	-189.2
-2.9625	-184.5
-2.91	-180.4
-2.85	-177.6
-2.7875	-172.6
-2.735	-169.2
-2.67	-164.5
-2.6125	-160.3
-2.5575	-156.8
-2.505	-153.5
-2.4475	-149.3
-2.3725	-144.6
-2.3225	-141
-2.2625	-137.7
-2.2	-132.2
-2.1325	-128
-2.0725	-124.6
-2.0225	-121.8
-1.95	-116.7
-1.8825	-112.5
-1.835	-108.3
-1.76	-103.2
-1.705	-100.3
-1.65	-96.76
-1.59	-92.41
-1.5375	-87.92
-1.4775	-83.61
-1.4225	-78.47
-1.3725	-75.5
-1.3175	-71.01
-1.24	-66.51
-1.1925	-62.81
-1.1375	-58.99
-1.08	-55.23
-1.0275	-50.67
-0.96	-45.35
-0.905	-40.79
-0.855	-36.88
-0.8	-33
-0.7475	-28.38
-0.6975	-24.56
-0.6375	-20.64
-0.575	-16.05
-0.515	-11.41
-0.4425	-5.902
-0.395	-1.315
-0.35	0.0612
-0.3275	-4.893
-0.1075	17.09
0.1275	38.1
0.4	59.51
0.675	80.61
0.955	100.9
1.2925	122
1.6025	142.5
1.955	162.6
2.2975	184.1
2.6825	205.7
3.0325	227.3
3.3875	249
3.7325	269
4.0975	290.6
4.4675	312
4.79	331.3
5.205	352.2
5.6875	372.5
6.2175	388.1
6.265	388.7
6.3775	368.8
6.2375	347.2
5.99	326.4
5.68	305.6
5.3475	283.8
5.0375	262.4
4.6875	241.5
4.37	221.3
4.015	199.7
3.65	177.9
3.29	156.2
2.945	134.6
2.585	112.9
2.25	92.69
1.945	71.99
1.6275	51.01
1.345	31.31
1.0375	9.541
0.74	-12.11
0.465	-32.2
0.1825	-52.29
-0.125	-74.16
-0.425	-95.41
-0.775	-116.1
-1.1025	-136.1
-1.47	-157.2
-1.825	-177.8
-2.21	-199.5
-2.5975	-220.8
-2.9725	-242.3
-3.355	-263.9
-3.7625	-285.5
-4.125	-307
-4.5175	-328.1
-4.9375	-349.3
-5.43	-370.1
-5.9375	-387
-6.28275	-395.7
-6.418	-376
-6.31725	-353
-6.04375	-333.1
-5.73	-311.5
-5.4025	-291.6
-5.06	-270
-4.7425	-250.4
-4.3825	-229.6
-4.035	-209.2
-3.6975	-188.7
-3.3225	-168.4
-2.9425	-146.8
-2.56	-125.1
-2.19	-102.8
-1.8375	-81.56
-1.5175	-61.31
-1.18	-40.49
-0.875	-19.27
-0.5475	2.11
-0.2525	23.55
0.06	44.89
0.37	65.87
0.69	86.3
1.0025	105.9
1.86	151.7
2.235	172.2
2.66	192.9
3.0525	213.8
3.46	234.3
3.865	254.7
4.2825	275.4
4.6825	296
5.0975	316.6
5.4975	337.4
5.93	357.4
6.2875	372.9
6.26	352.8
5.9775	330.2
5.67	309.5
5.36	290.2
5.0425	269.3
4.695	248.9
4.34	227.5
3.975	206.4
3.605	185.5
3.24	164.4
2.8775	143.6
2.5225	122.7
2.1675	101.5
1.82	79.97
1.5	59.57
1.1725	38.65
0.865	17.4
0.58	-4.006
0.2725	-25.47
-0.0375	-47.12
-0.3475	-68.5
-0.665	-89.45
-0.9975	-109.5
-1.3775	-130.3
-1.745	-151.9
-2.16	-172.6
-2.5775	-193.9
-2.99	-215.1
-3.4125	-236
-3.8575	-257.1
-4.2725	-277.9
-4.7125	-299.2
-5.1275	-320.1
-5.56	-341.4
-5.9925	-362.1
-6.27825	-374.1
-6.2555	-352.2
-5.965	-330.7
-5.645	-309.7
-5.33	-289.7
-4.9775	-268.9
-4.6275	-247.8
-4.2325	-226.2
-3.86	-204.7
-3.46	-183.3
-3.0825	-162.1
-2.685	-141
-2.305	-119.5
-1.9575	-98.68
-1.6325	-79.02
-1.3175	-58.59
-0.98	-37.52
-0.67	-16.09
-0.36	5.566
-0.06	27.22
0.245	48.68
0.5725	69.81
0.8725	90.27
1.2375	111.5
1.9325	148.6
2.3175	169.7
2.745	190.4
3.14	210.8
3.555	231.3
3.9675	251.7
4.3825	271.9
4.785	292.7
5.2	313.4
5.6025	334.2
6.01	355
6.25	366.6
6.265	345.5
6.01	325.1
5.6825	302.4
5.3325	281.3
5.0225	260.6
4.6675	240.6
4.295	219.3
3.925	198.6
3.5625	177.9
3.1925	157.2
2.835	136.7
2.4325	114.7
2.0875	93.73
1.75	72.35
1.4125	52.08
1.1	31.28
0.7875	10.24
0.4875	-10.86
0.175	-32.11
-0.1225	-53.45
-0.4075	-72.66
-0.7325	-93.12
-1.085	-114.2
-1.46	-134.6
-1.855	-155.5
-2.26	-175.7
-2.675	-196.8
-3.1075	-217.2
-3.5375	-238.2
-3.9725	-258.7
-4.3975	-279.5
-4.835	-300.4
-5.26	-321.2
-5.6825	-342.3
-6.10675	-363
-6.26475	-369.1
-6.29975	-347.8
-6.03525	-327.8
-5.7175	-306.1
-5.385	-286.2
-5.0425	-265.6
-4.7175	-246.2
-4.3175	-224.4
-3.955	-203.1
-3.5525	-182.1
-3.17	-161.2
-2.7725	-140.5
-2.385	-119.6
-2.0375	-99.6
-1.6625	-78.65
-1.33	-57.06
-0.9975	-36.48
-0.6875	-15.44
-0.37	5.749
-0.07	27
0.24	48.07
0.57	68.77
0.8675	88.87
1.2375	109.7
1.615	129.8
2.0225	150.7
2.42	171.3
2.83	191.9
3.2675	213.6
3.7125	235
4.1675	256.4
4.6	278.1
5.0125	298.6
5.42	319.3
5.8325	340
6.235	360.5
6.68	381.7
7.18	402.2
7.7025	419.5
8.2075	432.2
8.73	442.4
9.25	451.2
9.3875	452.4
9.505	432.4
9.59	410.6
9.245	389.5
8.9125	368.3
8.5525	346.9
8.205	327.7
7.8	305.6
7.4025	284.3
6.985	263.6
6.585	242.7
6.185	222.7
5.7725	202.4
5.33	181.1
4.8875	160.2
4.445	139.8
3.9875	119.5
3.495	97.49
3.055	76.33
2.6225	54.77
2.2125	34.65
1.83	14.1
1.43	-6.666
1.0525	-27.67
0.66	-48.9
0.2725	-70.21
-0.0975	-91.62
-0.4975	-112.6
-0.9075	-133.3
-1.3475	-154.5
-1.7825	-174.9
-2.2375	-194.7
-2.6925	-215
-3.17	-235.4
-3.6325	-256
-4.1025	-276.6
-4.5775	-297.3
-5.035	-318
-5.5025	-338.7
-5.97075	-359.3
-6.48625	-380.2
-7.02275	-399.8
-7.53725	-415.7
-8.0855	-429.3
-8.6145	-439.4
-9.14325	-447.8
-9.39775	-449.5
-9.523	-430
-5.11	-105.3
0.0775	144.6
4.6525	289.9
5.785	290.8
5.3625	244.7
4.665	206.1
4.04	175
3.52	150.7
2.78	112
2.08	74.25
1.41	38.62
0.9525	18.23
0.5	-2.477
0.4425	-2.171
0.66	22.02
0.9	43.3
1.2025	65.17
1.505	85.78
1.85	106.5
2.2475	128.4
2.6575	149
3.1175	170.6
3.5425	190.1
4.0275	211.2
4.485	231.6
4.955	252.7
5.4275	273.2
5.885	294.2
6.36	314.8
6.865	336.2
7.4	356.3
7.8975	374.2
8.4275	393.1
8.97	411.2
9.39	423.4
9.4225	402.9
9.105	381.5
8.78	361.4
8.415	340.7
8.0325	320.6
7.6225	299.1
6.45	241.5
6.0375	221.4
5.575	199.8
5.1175	178.8
4.66	158
4.185	137.6
3.7075	117.3
3.21	94.86
2.74	73.42
2.295	51.68
1.8925	31.16
1.5025	10.15
1.115	-11.16
0.715	-32.84
0.335	-54.59
-0.0225	-74.03
-0.4275	-95.01
-0.83	-115.3
-1.2975	-136.5
-1.8025	-158
-2.3175	-178.2
-2.8425	-198.9
-3.4075	-219.3
-3.925	-238.2
-4.4675	-258.4
-4.985	-276.9
-5.5	-295.6
-6.00575	-314.1
-6.53675	-332.9
-7.05825	-351.2
-7.591	-370.1
-8.101	-387.2
-8.625	-405.5
-9.15725	-422.4
-9.395	-428.3
-9.4285	-406.6
-9.10425	-385.1
-8.76	-363.5
-8.37	-343.4
-7.97625	-321.8
-7.55575	-300.7
-7.10925	-279.2
-6.66225	-257.9
-6.2105	-236.9
-5.76	-216.3
-5.3175	-195.9
-4.8375	-174.2
-4.3325	-153.3
-3.8325	-132.5
-3.335	-112.1
-2.8775	-92.69
-2.4325	-72.35
-1.97	-51.07
-1.5225	-29.2
-1.13	-8.654
-0.7025	12.11
-0.31	33.12
0.09	54.1
0.485	74.68
0.8775	94.8
1.33	115.9
1.815	136.3
2.3225	157.5
2.8725	178.6
3.3775	198.6
4.575	242.7
5.1	262.1
5.6275	281.6
6.1275	299.2
6.6475	318.6
7.1875	338.2
7.7175	357.6
8.2025	375.4
8.735	394.4
9.2575	412.8
9.41	416.7
9.4825	394
9.22	374.4
8.86	352.2
8.49	331.5
8.115	311.5
7.705	289.9
7.28	269.3
6.8675	249
6.4125	227.3
5.9625	206
5.4975	184.7
5.0325	163.9
4.5225	142.1
4.0625	122.3
3.5675	101.8
3.1125	81.34
2.64	60.24
2.1975	38.81
1.81	18.81
1.405	-1.56
1.01	-22.02
0.605	-42.6
0.2275	-63.21
-0.2075	-85.53
-0.6575	-107.2
-1.1325	-128.2
-1.6425	-149.6
-2.14	-169.8
-2.65	-188.8
-3.15	-207.1
-3.67	-225.8
-4.165	-242.7
-4.67	-261
-5.1875	-279.4
-5.7025	-297.6
-6.2655	-317.4
-6.79	-335.9
-7.28075	-352.9
-7.824	-371.2
-8.324	-388.5
-8.872	-406.3
-9.373	-422.8
-9.65775	-402.9
-9.40925	-379.6
-9.0815	-359.5
-8.6825	-336.8
-8.26325	-315.1
-7.86325	-294.2
-7.449	-273.7
-7.00625	-252.8
-6.54125	-232
-6.10025	-211.7
-5.6325	-191.6
-5.155	-170
-4.655	-149.5
-4.125	-127.7
-3.5725	-105.9
-3.07	-85.2
-2.5725	-63.73
-2.11	-42.84
-1.655	-21.5
-1.225	0.1223
-0.805	20.43
-0.415	40.7
0.0075	60.7
0.4525	82.11
0.89	103
1.3475	123
1.835	142.4
2.355	162.8
2.875	182.5
3.41	201.9
3.9425	220.9
4.47	239.8
4.9925	258.8
5.5275	277.8
6.06	297.1
6.5925	316.1
7.0875	333.6
7.6275	353
8.1575	372.2
8.66	389.5
9.18	407.8
9.7	424.9
10.2275	440.4
10.7325	452.1
11.25	461.3
11.79	468.6
12.34	474.7
12.525	475
12.6525	455.5
12.76	434
12.43	410.6
12.0375	387.7
11.65	366.4
11.2325	345.4
10.795	324.1
10.3475	303.2
9.915	282.4
9.4725	261.7
9.0175	241
8.5025	219.3
7.9875	198.1
7.465	177.3
6.955	157.3
6.4275	137.9
5.89	118.7
5.365	99.72
4.85	80.46
4.3525	62.51
3.825	42.9
3.2925	23.39
2.7725	4.189
2.2675	-14.71
1.7475	-35.17
1.2225	-54.34
0.715	-74.03
0.215	-94.13
-1.01	-142.8
-1.5375	-162.2
-2.0525	-180.3
-2.575	-197.1
-3.095	-214.1
-3.5975	-229.6
-4.1275	-246.4
-4.645	-263.3
-5.175	-280.2
-5.6975	-297.3
-6.1815	-313.1
-6.724	-329.9
-7.2565	-347.4
-7.7595	-363.5
-8.30425	-381.3
-8.81625	-397
-9.34525	-413.6
-9.841	-428.1
-10.3541	-440.8
-10.8777	-451.5
-11.3555	-459.7
-11.8665	-466.5
-12.3875	-472.1
-12.52025	-472.3
-12.6595	-452.3
-12.73975	-431.1
-12.414	-409.7
-12.043	-389.2
-11.64825	-368.6
-11.23725	-348
-10.8626	-327.6
-10.37925	-305.4
-9.91225	-284.9
-9.46	-264.4
-8.97775	-243.9
-8.499	-223.9
-8.05225	-204.7
-7.544	-184.8
-7.0335	-165.6
-6.50625	-147.2
-5.98575	-129.3
-5.4575	-111.4
-4.8925	-92.17
-4.3775	-74.31
-3.8525	-56.05
-3.3325	-37.95
-2.815	-19.82
-2.3	-1.376
-1.0925	41.96
-0.5925	59.57
-0.0825	78.9
0.425	98.22
0.935	117.4
1.4475	135.9
1.955	152.4
2.46	168.5
2.9925	185.4
3.5025	200.9
4.0075	215.9
4.5275	230.8
5.035	245.5
5.545	260.7
6.0975	276.6
6.605	291.5
7.13	306.2
7.64	320.8
8.155	335.5
8.67	350.2
9.1725	364.4
9.6775	378.3
10.205	393.3
10.71	406.7
11.24	420.6
11.7425	433.3
12.26	445.4
12.535	449.4
12.5075	426.9
12.1675	406.7
11.7875	386.3
11.405	365
10.99	345
10.555	323.7
10.1075	302.6
9.635	280.1
9.175	259.7
8.67	237.7
8.195	218
7.6825	196.8
7.17	176.1
6.6425	156.3
6.1175	137
5.61	119.9
5.09	101.1
4.57	81.98
4.0175	62.63
3.4875	43.12
2.9625	23.79
2.4625	4.679
1.9475	-14.16
1.405	-34.4
0.8925	-53.33
0.3825	-72.57
-0.1225	-92.23
-0.6275	-111.9
-1.1325	-129.8
-1.6575	-148.3
-2.185	-165.8
-2.7125	-182.1
-3.235	-197.7
-3.74	-212.1
-4.2475	-226.4
-4.74	-240.6
-5.27	-256.3
-5.775	-270.3
-6.31475	-285.4
-6.8695	-301.2
-7.37825	-315.4
-7.902	-329.8
-8.4175	-344.2
-8.9405	-358.5
-9.49125	-373.8
-9.9915	-387.4
-10.4739	-400.7
-10.99845	-413.9
-11.53625	-428
-12.0295	-439.6
-12.52525	-449.3
-12.51475	-427.6
-12.19225	-407.3
-11.82325	-386.8
-11.414	-366.3
-10.99445	-344.1
-10.52425	-322.9
-10.08625	-302.4
-9.64725	-282.1
-9.1665	-261.9
-8.69075	-241.7
-8.18875	-220.1
-7.67075	-200.1
-7.13825	-178.9
-6.61975	-159.7
-6.092	-141.9
-5.5775	-124
-5.06	-106.5
-4.5275	-88.47
-4.01	-70.09
-3.5	-51.99
-2.9725	-33.49
-2.45	-14.71
-1.935	4.098
-1.4025	23.12
-0.1975	68.35
0.325	87.76
0.8275	107
1.3425	125.7
1.85	142.4
2.3525	158.6
2.875	175.7
3.39	191
3.9025	206
4.455	222.1
4.96	236.7
5.4675	251.8
5.98	266.2
6.4975	280.9
7.0075	295.8
7.535	310.4
8.045	324.8
8.565	339.5
9.0675	353.9
9.5775	367.9
10.1	382.9
10.655	397.4
11.1725	412.1
11.6825	425.1
12.19	437.8
12.515	444.2
12.5825	423
12.31	401.9
11.96	380.7
11.555	359.4
11.135	339.3
10.7025	317.8
10.2475	297.1
9.81	276.7
9.36	256.4
8.8975	236.1
8.385	214.7
7.855	194
7.34	173.5
6.82	153.9
6.2875	134.9
5.7575	116.4
5.2175	98.01
4.6975	79.32
4.195	61.92
3.655	42.75
3.1375	23.64
2.6175	4.862
2.1075	-13.67
1.5975	-32.08
1.0475	-52.02
0.5275	-70.85
0.02	-89.91
-0.47	-107.9
-0.9825	-127.1
-1.515	-145.5
-2.04	-162.9
-2.565	-179
-3.1025	-194.8
-3.6475	-210
-4.1925	-225.3
-4.735	-240.5
-5.2675	-255.6
-5.7725	-269.5
-6.31325	-284.7
-6.82825	-298.9
-7.33325	-312.8
-7.85475	-326.8
-8.3805	-341.2
-8.919	-355.2
-9.448	-370.3
-9.9525	-383.8
-10.45485	-397
-10.97535	-410.1
-11.52125	-424.2
-12.0385	-436.7
-12.51925	-446
-12.6745	-425.1
-12.393	-403.7
-12.00925	-383.3
-11.5985	-362.4
-11.2012	-342.1
-10.78875	-320.7
-10.3396	-300.2
-9.82975	-278.4
-9.37625	-258.2
-8.91325	-238.2
-8.376	-217
-7.872	-196.9
-7.3655	-177.3
-6.859	-158.9
-6.36725	-142.4
-5.8365	-124.8
-5.315	-107.5
-4.795	-90.09
-4.2775	-72.05
-3.7875	-55.59
-3.27	-37.43
-2.7475	-19.14
-2.2225	-0.7339
-1.705	17.89
-1.1825	36.57
-0.6475	55.44
-0.14	74.43
0.3725	93.39
0.885	112
1.365	128.9
1.905	146.3
2.42	162.1
2.955	178.6
3.4675	193.7
3.9775	208.3
5.165	242.2
5.685	256.6
6.2075	270.9
6.755	286.5
7.2775	301.1
7.7875	315.6
8.31	329.8
8.825	343.9
9.3275	358
9.875	372.7
10.4025	387.7
10.945	402
11.45	415.4
11.9975	429.1
12.505	441.7
13.05	454.4
13.5625	464.4
14.0625	472.1
14.5975	478.9
15.1475	484.8
15.6725	489.6
16.17	493.4
16.68	496.9
17.2075	500.4
17.7425	503.2
18.2725	506.1
18.765	507.9
18.9025	488.4
18.8825	465.9
18.5725	444.9
18.2125	424.5
17.795	403.9
17.345	382.7
16.885	362.6
16.455	342.3
15.94	321
15.44	300
14.9425	279.6
14.4575	259.3
13.955	239.3
13.4375	219.5
12.8975	199.3
12.3825	181.2
11.8625	163.9
11.3525	147.1
10.8225	130.6
10.29	114.3
9.7675	98.19
9.25	83.48
8.735	69.05
8.2225	54.89
7.705	41.44
7.2	28.04
6.6675	15.26
6.155	2.997
5.625	-9.143
5.105	-20.76
4.57	-32.35
4.075	-42.66
3.57	-52.84
3.06	-63.85
2.5275	-74.83
2.0075	-85.93
1.5	-97.43
0.9875	-109.3
0.475	-121.9
-0.0325	-135.1
-0.5725	-149.9
-1.1375	-164.8
-1.65	-178.3
-2.1575	-191.2
-2.6625	-203.5
-3.155	-216
-3.675	-228.3
-4.1975	-240.7
-4.705	-253
-5.185	-264.4
-5.69	-276.8
-6.24225	-290
-6.76675	-302.5
-7.28675	-315.1
-7.812	-327.7
-8.3445	-340.5
-8.8825	-353.4
-9.3905	-365.8
-9.9085	-378.2
-10.42765	-390.2
-10.9507	-402.3
-11.48175	-414.8
-12.01025	-426.6
-12.54325	-437.8
-13.074	-448.3
-13.56725	-456.6
-14.09625	-464.8
-14.58125	-471.1
-15.101	-476.8
-15.6165	-481.6
-16.12425	-486.2
-16.63475	-490.7
-17.17125	-494.3
-17.682	-497.6
-18.2505	-501.1
-18.7575	-503.7
-18.782	-502.4
-18.9253	-483
-19.035	-461.1
-18.7445	-440.6
-18.40575	-421
-17.965	-399.3
-17.53925	-378.4
-17.0825	-357.5
-16.63475	-337.6
-16.11475	-315.3
-15.63475	-295.4
-15.10425	-274
-14.59775	-254.2
-14.11	-236.1
-13.5835	-215.7
-13.058	-197.1
-12.5195	-179.1
-11.9845	-162.3
-11.4585	-146.2
-10.9348	-130.3
-10.42325	-115.9
-9.90125	-101.2
-9.38125	-86.94
-8.87925	-73.45
-8.366	-60.4
-7.858	-47.31
-7.30375	-33.97
-6.78625	-21.68
-6.27875	-10
-5.75425	1.376
-5.2475	12.75
-4.15	35.26
-3.615	45.81
-3.0675	56.51
-2.5425	67.25
-1.9975	77.98
-1.47	89.11
-0.95	100.3
-0.425	112
0.085	123.9
0.59	136.1
1.1075	148.2
1.645	160.4
2.17	172.5
2.6925	184.6
3.225	196.6
3.7575	208.2
4.285	219.7
4.7925	230.3
5.3125	242.1
5.8375	253.3
6.3425	263.7
6.875	275.2
7.41	286.4
7.955	297.5
8.4575	307.7
8.9875	318.7
9.47	328.5
10.03	339.9
10.54	350.3
11.0475	360.7
11.5825	370.9
12.1175	380.6
12.6375	390.6
13.15	400.4
13.69	410
14.2	419.1
14.745	428.2
15.2775	437
15.84	446.3
16.4025	454.5
16.915	462.4
17.4175	469.3
17.9225	476.2
18.45	482.3
18.7925	484.7
18.8225	463.7
18.5125	443.1
18.085	421.9
17.665	401.4
17.25	382.1
16.7625	360.8
16.2725	339.6
15.8075	319.7
15.325	299.3
14.8125	279.2
14.3175	259.1
13.81	239.3
13.29	219.8
12.745	199.7
12.24	181.5
11.7275	163.9
11.2	147.2
10.685	130.9
10.1425	115
9.6425	100.2
9.12	85.9
8.615	71.37
8.095	57.22
7.59	43.82
7.075	30.4
6.5475	17.52
6.025	5.26
5.5025	-6.819
4.9675	-18.26
4.4825	-28.75
3.94	-39.85
3.44	-49.66
2.9025	-60.36
2.3975	-70.73
1.875	-81.28
1.345	-91.86
0.78	-103.7
0.2725	-115
-0.24	-126.9
-0.7725	-139.2
-1.3	-151.3
-1.83	-163.5
-2.35	-175.2
-2.8675	-186.7
-3.385	-198.1
-3.8925	-209.1
-4.375	-219.4
-4.9075	-230.4
-5.4275	-241.4
-5.95675	-252.3
-6.47375	-263.1
-7.0165	-274
-7.555	-284.7
-8.10425	-295.6
-8.61625	-306.4
-9.11975	-316.3
-9.63675	-326.3
-10.15525	-336.7
-10.6933	-347.1
-11.2525	-358.1
-11.7585	-367.6
-12.2815	-377.7
-12.8235	-387.8
-13.36075	-397.6
-13.90425	-407.2
-14.418	-416.4
-14.938	-425.3
-15.473	-434.1
-15.962	-442.4
-16.489	-450.8
-17.0285	-459
-17.565	-467
-18.06825	-473.8
-18.59875	-480.9
-18.78	-481.3
-18.7745	-459.8
-18.43775	-438.4
-18.029	-418
-17.59775	-396.7
-17.157	-376
-16.69625	-356
-16.223	-335.4
-15.69825	-313.4
-15.20275	-293.2
-14.70675	-273.6
-14.18675	-253.9
-13.6545	-233.1
-13.128	-213.9
-12.601	-195.6
-12.061	-178.1
-11.531	-161
-11.0214	-144.7
-10.4903	-130.1
-9.98025	-115.7
-9.46175	-101.3
-8.9735	-87.09
-8.446	-73.42
-7.905	-58.96
-7.39275	-46.21
-6.8865	-33.55
-6.368	-21.07
-5.854	-9.174
-4.5925	18.5
-4.07	29.63
-3.545	40.43
-3.0425	50.4
-2.52	61.28
-1.975	72.17
-1.4425	83.18
-0.9175	94.31
-0.3975	105.7
0.16	118.3
0.6725	130.3
1.2275	143.3
1.7675	155.3
2.245	166.4
2.77	178.3
3.31	189.9
3.85	201.5
4.3775	213
4.9125	224.2
5.4375	235.8
5.9425	246
6.4775	257.2
6.9775	267.4
7.515	278.6
8.0525	289.4
8.555	299.4
9.0825	310.4
9.6125	321
10.125	331.3
10.645	341.6
11.1525	352
11.65	361
12.1675	371.1
12.695	381.1
13.2225	390.9
13.75	400.3
14.27	409.6
14.8125	418.6
15.3475	427.6
15.865	436.3
16.3775	444.5
16.8825	452.8
17.3925	460
17.9325	467.9
18.4575	475.1
18.775	477.4
18.875	457.8
18.755	435.8
18.375	414.2
17.905	391.8
17.4675	370.7
17.005	351.1
16.525	329.9
16.025	308.9
15.52	288.3
15.0125	268.3
14.4825	247.2
13.9775	227.7
13.4575	208.5
12.91	188.8
12.395	171.1
11.865	154.2
11.3575	137.9
10.8125	122.1
10.2725	106.4
9.7375	91.01
9.215	77
8.7	62.93
8.1875	49.23
7.6275	34.92
7.1125	22.38
6.5825	9.694
6.0575	-2.202
5.525	-13.58
5.005	-25.01
4.46	-35.81
3.9125	-46.63
3.3675	-57.09
2.8375	-67.25
2.33	-77.49
1.79	-87.52
1.27	-97.98
0.7475	-108.6
0.2375	-119.8
-0.275	-131.4
-0.8	-143.3
-1.34	-155.2
-1.8775	-167
-2.39	-178.2
-2.8675	-188.6
-3.3825	-199.6
-3.9375	-211.5
-4.47	-222.4
-5.0075	-233.3
-5.5175	-244.3
-6.0415	-254.9
-6.575	-265.4
-7.1095	-275.9
-7.64775	-286.4
-8.16025	-296.4
-8.67475	-307.1
-9.23	-317.8
-9.72625	-327
-10.2674	-337.2
-10.79945	-347.2
-11.36075	-358.6
-11.89825	-368.4
-12.4395	-378.3
-12.9805	-388.2
-13.515	-397.7
-14.038	-407
-14.5285	-415
-15.059	-424
-15.58775	-432.8
-16.12175	-441.5
-16.64225	-450
-17.16175	-457.3
-17.691	-465.3
-18.228	-472.7
-18.7515	-479.6
-18.771	-478.5
-18.8752	-459.2
-18.7565	-437
-18.41475	-416.3
-17.978	-394.8
-17.55125	-374.2
-17.0995	-353.9
-16.6055	-332.3
-16.12625	-312
-15.5985	-290.6
-15.06525	-269.4
-14.55425	-250.2
-14.04975	-230.9
-13.522	-211.8
-13.00675	-193.9
-12.47575	-176.4
-11.94625	-159.3
-11.4435	-144.9
-10.9214	-129.4
-10.4063	-115.4
-9.86775	-100.9
-9.34925	-87.03
-8.82875	-73.91
-8.3255	-60.64
-7.8125	-47.86
-7.312	-35.53
-6.792	-23.18
-6.2775	-11.56
-5.754	0
-5.24	11.31
-3.98	36.76
-3.4525	47.37
-2.95	57.03
-2.4675	66.66
-1.9625	76.3
-1.43	86.88
-0.8925	97.64
-0.375	108.6
0.1425	119.8
0.7025	132.2
1.255	144.8
1.8	156.4
2.2875	166.9
2.8225	178.3
3.36	189.7
3.9	200.9
4.43	212
4.98	222.8
5.505	234
6.01	243.9
6.51	253.9
7.055	264.7
7.5925	275.3
8.1275	286
8.635	295.6
9.1625	306.4
9.705	316.4
10.205	326.6
10.72	336.7
11.2525	346.9
11.775	357.1
12.325	367
12.8775	376.7
13.405	386.3
13.935	395.7
14.4625	404.8
14.9875	413.6
15.5275	422.5
16.0525	431.2
16.5825	439.8
17.125	448.1
17.62	455.9
18.165	463.9
18.685	471.1
19.1825	478.2
19.7275	485.4
20.2875	491.5
20.79	496.5
21.2975	501.1
21.84	505.4
22.3925	509.3
22.9525	512.9
23.515	515.9
24.0875	519.2
24.635	522
25.0475	521
25.1875	501.8
25.265	478.7
24.9475	457.5
24.54	435.5
24.1025	415.4
23.6175	393.5
23.0975	371.4
22.55	348.4
22.0225	326.6
21.49	305.4
20.8925	282.1
20.3825	263
19.8275	241.3
19.245	219.6
18.715	202.2
18.1925	185.4
17.6825	169.2
17.1475	153.8
16.615	138.8
16.09	124.5
15.545	110.4
14.99	96.54
14.4525	82.72
13.905	69.42
13.445	58.38
12.91	45.93
12.375	34.04
11.805	22.54
11.255	11.53
10.69	0.8868
10.115	-9.419
9.54	-19.42
8.9625	-28.99
8.365	-38.1
7.7775	-47.03
7.1875	-55.78
6.5825	-64.34
5.9875	-72.78
5.49	-79.97
4.885	-88.22
4.2825	-96.33
3.68	-104.5
3.1925	-111.4
2.6025	-119.4
2.1275	-126.4
1.5575	-134.8
0.97	-143.5
0.3825	-152.5
-0.1025	-160.4
-0.68	-170
-1.2625	-179.9
-1.8525	-190
-2.325	-198.5
-2.8875	-208.6
-3.4625	-218.7
-4.03	-229
-4.5725	-238.6
-5.035	-246.8
-5.5625	-256.4
-6.091	-265.9
-6.636	-275.4
-7.18075	-285
-7.7315	-294.5
-8.28	-304.2
-8.83525	-314
-9.351	-323.1
-9.908	-332.7
-10.49095	-342.8
-11.0688	-352.9
-11.6365	-362.9
-12.22425	-372.8
-12.80175	-382.5
-13.389	-391.9
-13.97425	-401.3
-14.533	-410.6
-15.10275	-419.5
-15.683	-428.1
-16.2475	-437
-16.831	-445.7
-17.322	-452.5
-17.89	-460.7
-18.468	-468.6
-19.0239	-475.8
-19.6014	-482.6
-20.1935	-489.1
-20.69525	-493.9
-21.19725	-498.5
-21.70175	-502.9
-22.2165	-506.8
-22.719	-510.1
-23.22525	-513.3
-23.73925	-516.5
-24.2445	-519.3
-24.7475	-521.8
-25.045	-522.1
-25.215	-502.1
-25.295	-482.2
-25.0625	-460.5
-24.635	-437.6
-24.198	-416.7
-23.75625	-396.5
-23.306	-377
-22.789	-354.5
-22.2545	-333
-21.7145	-311.8
-21.18825	-290.7
-20.63575	-270.6
-20.09475	-250.9
-19.49065	-229.1
-18.92615	-210.2
-18.361	-192.2
-17.786	-174.7
-17.215	-158.4
-16.73325	-145.3
-16.15825	-130.3
-15.65425	-117.5
-15.1485	-104.6
-14.54075	-90.46
-14.038	-78.35
-13.5055	-66.42
-12.9795	-54.86
-12.46025	-43.82
-11.929	-33.12
-11.389	-22.72
-10.859	-12.42
-10.3013	-2.691
-9.75575	6.514
-9.21	15.29
-8.74325	22.54
-8.22075	30.86
-7.67725	38.99
-7.1215	46.91
-6.56525	54.55
-6.0115	62.2
-5.46	69.69
-4.905	77.18
-4.37	84.49
-3.7875	91.77
-3.3325	97.98
-2.7575	105.3
-2.1975	112.9
-1.645	120.3
-1.0975	128.1
-0.54	135.9
-0.0025	143.9
0.5325	152.3
1.0725	160.8
1.62	169.6
2.1825	178.6
2.7225	187.8
3.2825	197
3.83	206.4
6.2175	246.7
6.775	255.6
7.33	264.9
7.8775	274
8.4325	283.2
8.9875	292.3
9.625	302.3
10.1375	311
10.6775	319.5
11.205	327.8
11.735	336.3
12.29	344.7
12.8125	352.7
13.3525	360.8
13.9	369
14.4275	377
14.9625	384.6
15.515	392.2
16.0475	399.7
16.5925	407.1
17.145	414.4
17.6825	421.6
18.2375	428.9
18.7925	436
19.34	442.8
19.915	449.4
20.4525	456.2
21.0125	463
21.5675	469.2
22.1075	475.2
22.675	481.1
23.23	487.2
23.795	492.6
24.37	497.6
24.9375	502.6
25.0575	501.1
25.185	481.9
24.9425	458.3
24.505	434.8
24.05	413.5
23.585	393.3
23.0325	370.5
22.565	351.5
22.0125	329.4
21.46	307.8
20.8925	286.5
20.36	266.1
19.835	245.5
19.2775	226
18.785	209.7
18.225	190.9
17.6725	173.5
17.17	158.8
16.585	142.2
16.0925	128.9
15.5875	115.7
15.06	102.8
14.5525	90.06
14.0425	77.46
13.5325	65.2
13.035	53.42
12.5225	42.02
12.02	30.95
11.5075	20.15
10.97	9.633
10.44	-0.4587
9.9075	-10.15
9.365	-19.36
8.82	-28.19
8.2675	-36.76
7.715	-44.95
7.25	-52.05
6.7	-60.03
6.1375	-67.73
5.5725	-75.38
5.1125	-81.89
4.5475	-89.42
3.97	-96.79
3.4125	-104
2.8525	-111.3
2.32	-118.7
1.7675	-126
1.2325	-133.3
0.68	-141.1
0.1425	-148.9
-0.4075	-157.1
-0.955	-165.4
-1.515	-174
-2.065	-182.6
-2.6125	-191.3
-3.1275	-200.1
-3.6775	-208.9
-4.225	-217.8
-4.7475	-226.6
-5.3	-235.4
-5.83225	-244.3
-6.37025	-253.3
-6.921	-262.2
-7.47125	-270.9
-8.031	-279.7
-8.57625	-288.4
-9.14	-297.4
-9.71	-306.1
-10.2533	-314.6
-10.80095	-323
-11.339	-331.3
-11.88975	-339.5
-12.35075	-346.3
-12.8975	-354.6
-13.4475	-362.5
-14.00975	-370.3
-14.53475	-378.2
-15.077	-385.9
-15.61525	-393.4
-16.15075	-400.9
-16.68575	-408.2
-17.25375	-415.8
-17.87975	-424
-18.42425	-431.2
-18.9462	-438.3
-19.5658	-446.2
-20.10925	-453
-20.66625	-459.5
-21.21575	-465.8
-21.76825	-472.4
-22.32975	-478.7
-22.87775	-484.4
-23.43375	-490.1
-23.9855	-495.8
-24.5275	-501
-25.0475	-503.7
-25.0675	-478.1
-24.7275	-457.5
-24.294	-435.9
-23.83875	-415.8
-23.3175	-392.3
-22.7875	-370.5
-22.263	-349.1
-21.7155	-327.5
-21.184	-306.7
-20.64225	-286.5
-20.10225	-266.2
-19.56575	-247
-19.0198	-228.2
-18.44875	-209.5
-17.88075	-191.6
-17.32175	-174.2
-16.75875	-158.4
-16.19025	-142.8
-15.68125	-129.9
-15.17575	-117
-14.65125	-104.3
-14.14625	-91.95
-13.62075	-79.69
-13.101	-67.64
-12.5815	-56.14
-12.056	-44.92
-11.521	-34.04
-10.9939	-23.39
-10.44825	-13.15
-9.898	-3.364
-9.3415	6.147
-8.79525	15.14
-8.18225	25.05
-7.6395	33.27
-7.09175	41.59
-6.5315	49.57
-5.97475	57.43
-3.5775	89.87
-3.0075	97.34
-2.4475	104.7
-1.89	112.2
-1.3375	119.7
-0.7775	127.3
-0.2375	135
0.305	143.1
0.855	151.2
1.395	159.7
1.9375	168.4
2.5	177.4
3.0575	186.4
3.525	193.9
4.075	203.1
4.6375	211.9
5.1775	221.2
5.72	230.4
6.29	239.2
6.8475	248.2
7.4	257.6
7.945	266.6
8.505	275.5
9.065	284.2
9.6075	292.7
10.1325	301.2
10.67	309.6
11.2025	317.9
11.73	326.1
12.295	334.3
12.8175	342.5
13.2725	349.4
13.8125	357.4
14.3425	365.2
14.885	372.9
15.4375	380.1
15.975	387.7
16.5125	395.2
17.065	402.4
17.6075	409.6
18.155	417
18.7175	424.2
19.2675	431.3
19.8375	437.8
20.3825	444.8
20.94	451.6
21.4925	458.4
22.0325	464.8
22.5975	470.8
23.15	476.8
23.72	483.1
24.1975	487.6
24.755	493.1
25.0275	494.9
25.1875	474.9
25.12	453.4
24.6875	428.7
24.2375	407.4
23.7675	386.5
23.2075	364.2
22.675	342
22.1125	320.1
21.565	298.8
21.01	277.8
20.4475	257.4
19.92	237.4
19.37	217.5
18.795	199.1
18.2375	180.6
17.68	163.7
17.095	146.7
16.5925	133.1
16.09	120.1
15.4975	105.3
14.8925	90.46
14.385	78.1
13.795	63.51
13.2775	51.8
12.765	40.61
12.1775	28.07
11.6475	17.37
11.13	7.064
10.6	-2.66
10.0625	-12.2
9.5175	-21.34
8.9775	-30
8.515	-37.12
7.965	-45.35
7.4175	-53.39
6.855	-61.22
6.2875	-68.77
5.7275	-76.3
5.1675	-83.79
4.6075	-91.28
4.0325	-98.68
3.4725	-105.7
3.005	-111.8
2.465	-118.9
1.9125	-126
1.38	-133.4
0.835	-140.8
0.2775	-148.5
-0.2725	-156.4
-0.815	-164.6
-1.375	-172.9
-1.93	-181.4
-2.475	-189.9
-3.0025	-198.6
-3.54	-207.2
-4.085	-215.9
-4.6175	-224.6
-5.1725	-233.5
-5.706	-242.3
-6.24425	-251
-6.79575	-259.8
-7.343	-268.5
-7.89625	-277.2
-8.4525	-285.9
-9.02825	-294.6
-9.6725	-304.7
-10.21915	-313
-10.7643	-321.2
-11.307	-329.3
-11.862	-337.3
-12.40925	-345.2
-12.95925	-353.4
-13.517	-361.4
-13.98175	-367.6
-14.5165	-375.5
-15.0545	-383.1
-15.59725	-390.4
-16.13625	-397.7
-16.67275	-405
-17.23925	-412.5
-17.77425	-419.7
-18.323	-426.5
-18.8435	-433.1
-19.37545	-440.1
-19.9275	-447
-20.484	-453.4
-21.0255	-459.6
-21.584	-466.2
-22.14175	-472.6
-22.69175	-478.5
-23.25175	-484.1
-23.80125	-490
-24.35575	-495.5
-24.9	-500.6
-25.045	-499.9
-25.1875	-480.9
-25.1425	-454.8
-24.7975	-434.5
-24.36375	-413.7
-23.83775	-390.3
-23.3155	-367.7
-22.786	-346.3
-22.2595	-324.7
-21.79125	-306.9
-21.25475	-286.3
-20.71425	-266.6
-20.16875	-247
-19.5552	-225.6
-19.00825	-207.2
-18.42775	-189.4
-17.85575	-172.1
-17.29475	-156
-16.72125	-140.9
-16.15375	-126.3
-15.64075	-113.8
-15.12875	-101.3
-14.609	-89.05
-14.099	-77.09
-13.57025	-65.44
-13.04325	-54.13
-12.52375	-43.18
-11.99025	-32.57
-11.45575	-22.26
-10.9246	-12.26
-10.3603	-2.538
-9.82475	6.85
-9.2645	15.63
-8.71875	24.16
-8.09775	33.49
-7.547	41.62
-6.98225	49.39
-6.4395	56.94
-5.88025	64.37
-5.3375	71.74
-4.77	78.99
-4.225	86.11
-3.6625	93.27
-3.0925	100.5
-0.7675	130.9
-0.225	138.4
0.32	146.1
0.8675	154.1
1.4125	162.2
1.96	170.7
2.5225	179.2
3.08	187.9
3.6475	196.6
4.18	205.5
4.745	214.2
5.295	222.9
5.8475	231.9
6.405	240.9
6.9725	249.5
7.52	258.2
8.075	266.9
8.635	275.6
9.1875	284.2
9.73	292.7
10.2525	301
10.7925	309
11.34	317
11.8725	325
12.41	332.9
12.94	340.7
13.4775	348.6
14.02	356.5
14.57	363.8
15.2	372.6
15.8375	381
16.295	387.2
16.9175	395.2
17.465	402.7
18.0175	409.8
18.48	415.5
19.05	422.5
19.58	429.6
20.1475	436.3
20.7075	443
21.26	449.5
21.795	455.9
22.345	462.6
22.9075	468.8
23.465	474.8
24.035	480.5
24.6	486.1
25.1625	491.9
25.72	497
26.2975	501.6
26.78	505.8
27.375	510
27.93	514
28.42	517.4
29.025	520.8
29.54	523.8
30.1325	526.6
30.6425	528.9
31.2125	531.4
31.7125	533.6
32.235	535.3
32.8325	537.8
33.315	539.3
33.91	541.3
34.485	543.2
34.99	544.3
35.5125	545.6
36.025	547.2
36.54	548.3
37.1525	550
37.52	550.2
37.68	530.1
37.81	510.2
37.705	487
37.355	466
36.8725	444.8
36.415	424.5
35.855	402.2
35.275	380.4
34.7225	358.3
34.165	337.2
33.6125	315.9
33.055	295.8
32.4925	275.5
31.99	258.6
31.4775	241.6
30.965	225.1
30.4475	209.2
29.92	194
29.3325	177.7
28.8225	164
28.31	150.8
27.73	135.7
27.2225	123.6
26.6925	111.8
26.1525	100.2
25.63	88.96
25.085	77.95
24.5525	67.37
24.015	56.97
23.4675	46.97
22.935	37.4
22.3925	28.19
21.7625	17.55
21.2325	9.113
20.69	1.131
20.15	-6.391
19.6575	-13.64
19.12	-20.61
18.5525	-27.37
18.0025	-33.91
17.4625	-40.37
16.8975	-46.6
16.3575	-52.75
15.78	-58.62
15.205	-64.34
14.6575	-70.03
14.0975	-75.59
13.55	-81.07
12.9925	-86.36
12.4475	-91.46
11.885	-96.57
11.325	-101.7
10.7475	-106.7
10.2625	-111
9.6925	-115.9
9.215	-120
8.65	-125
8.0575	-129.8
7.4875	-134.8
6.9125	-139.6
6.3275	-144.7
5.75	-149.7
5.165	-154.7
4.585	-159.7
3.9975	-164.7
3.4325	-169.8
2.86	-174.8
2.305	-180
1.735	-185.1
1.185	-190.5
0.62	-196
0.0525	-201.7
-0.42	-206.6
-0.9875	-212.6
-1.56	-218.6
-2.13	-224.8
-2.69	-231
-3.2275	-237.5
-3.7925	-244.1
-4.3575	-250.7
-4.9075	-257.5
-5.4575	-264.4
-6.0115	-271.4
-6.56725	-278.2
-7.132	-285.2
-7.70775	-292.1
-8.28525	-299.2
-8.8405	-306.4
-9.30825	-312.7
-9.882	-319.7
-10.4426	-326.7
-11.0039	-333.7
-11.5375	-340.7
-12.09625	-347.5
-12.6655	-354.5
-13.221	-361.4
-13.79375	-368.1
-14.3275	-374.8
-14.8825	-381.4
-15.43875	-387.9
-15.98075	-394.5
-16.52325	-400.8
-17.08625	-407.1
-17.63125	-413.3
-18.19175	-419.4
-18.809	-426.5
-19.3443	-432.4
-19.8983	-438.5
-20.46025	-444.6
-21.00825	-450.2
-21.57075	-455.8
-22.13325	-461.6
-22.68975	-467.3
-23.25125	-472.6
-23.79825	-477.7
-24.35775	-482.7
-24.9125	-487.8
-25.46	-492.7
-26.04	-497.1
-26.62	-501.8
-27.1975	-506.1
-27.78	-509.8
-28.36	-513.7
-28.93	-517.3
-29.505	-520.3
-30.0775	-523.1
-30.6475	-526.1
-31.225	-528.8
-31.8	-531.1
-32.385	-533.8
-32.88	-535.5
-33.4775	-537.9
-34.065	-540
-34.6525	-541.7
-35.145	-543.5
-35.7325	-545
-36.325	-547
-36.83	-548.2
-37.345	-549.7
-37.5325	-548.5
-37.6975	-528.5
-37.845	-508.5
-37.6175	-482.9
-37.225	-463.2
-36.755	-442.7
-36.23	-420
-35.6925	-398.4
-35.1525	-377.1
-34.6	-356.4
-34.0475	-336.2
-33.4875	-316.2
-32.9375	-296.6
-32.385	-278.1
-31.84	-259.9
-31.265	-241.5
-30.6775	-224
-30.1075	-206.5
-29.5975	-192.1
-29.0975	-178.2
-28.595	-164.9
-28.0825	-152.3
-27.575	-140.2
-26.9825	-126.5
-26.475	-115.4
-25.97	-104.4
-25.4575	-93.64
-24.9525	-83.12
-24.43675	-72.99
-23.89575	-63.15
-23.37125	-53.7
-22.845	-44.62
-22.3045	-35.84
-21.6935	-26.02
-21.169	-18.04
-20.54225	-9.113
-19.99585	-1.743
-19.4619	5.474
-17.13175	33.06
-16.58675	39.02
-16.01925	44.86
-15.4555	50.49
-14.88125	56.18
-14.2975	61.5
-13.73525	66.76
-13.168	71.77
-12.59875	76.85
-12.00775	81.98
-11.504	86.14
-10.94015	91.13
-10.34515	95.93
-9.77825	100.7
-9.2035	105.4
-8.614	110.1
-8.05325	114.9
-7.4735	119.6
-6.895	124.3
-6.31825	129.2
-5.751	133.9
-5.18	138.7
-4.5925	143.6
-4.02	148.5
-3.4425	153.4
-2.8625	158.4
-2.2875	163.5
-1.715	168.4
-1.2375	172.7
-0.6725	177.7
-0.205	182
0.36	187.4
0.935	192.8
1.5025	198.2
1.9775	202.9
2.5575	208.8
3.0425	213.7
3.6225	219.6
4.1875	225.6
4.7625	231.7
5.3325	238
5.91	244.3
6.4825	250.7
7.0625	257.1
7.6225	263.7
8.2025	270
8.7775	276.7
9.3375	283.1
9.8025	288.4
10.3375	294.7
10.89	300.9
11.455	306.9
12	313.1
12.5375	319.4
13.0875	325.7
13.645	331.8
14.1925	337.7
14.7625	343.5
15.3025	349.4
15.8625	355.1
16.42	360.8
16.97	366.4
17.5325	371.9
18.0825	377.4
18.66	382.9
19.125	387.2
19.69	392.6
20.255	397.8
20.8225	403
21.3875	408.4
21.9425	413.6
22.5	418.6
23.065	423.7
23.6425	428.3
24.2175	433.2
24.785	438.1
25.3575	442.7
25.9375	447.7
26.4925	452.2
27.085	456.6
27.65	461.1
28.2275	465.6
28.8125	470.4
29.4225	474.9
30.0025	479.2
30.5125	482.6
31.1125	486.6
31.68	490.8
32.2625	494.8
32.8575	498.4
33.4375	502.2
34.03	505.9
34.595	509.2
35.185	512.8
35.7925	516
36.3025	518.4
36.9	521.6
37.49	524.4
37.5875	521.4
37.625	497
37.285	476.7
36.82	455.5
36.3325	435.5
35.7525	412.9
35.195	391.7
34.6375	369.9
34.0775	349.2
33.53	328.3
32.965	308.3
32.375	288.7
31.8725	272
31.36	255.3
30.775	235.6
30.2375	219.7
29.6575	202.5
29.15	188
28.645	173.9
28.0575	157.9
27.555	145.3
27.0325	133
26.4925	121
25.9775	109.3
25.44	97.86
24.895	86.69
24.37	75.75
23.835	65.07
23.29	54.65
22.7575	44.74
22.225	35.26
21.6825	25.93
21.1575	16.97
20.605	8.501
20.08	0.6116
19.49	-7.859
18.955	-15.17
18.3975	-22.32
17.935	-27.74
17.31	-35.47
16.7425	-41.8
16.1975	-47.7
15.6175	-53.55
15.045	-59.33
14.495	-64.83
13.9425	-70.4
13.3775	-75.47
12.83	-80.46
12.285	-85.35
11.695	-90.27
11.135	-95.26
10.56	-100.1
9.9825	-105
9.515	-109.1
8.9375	-113.9
8.3625	-118.9
7.7775	-123.7
7.1975	-128.6
6.62	-133.5
6.035	-138.4
5.4475	-143.3
4.87	-148.3
4.2825	-153.1
3.7075	-158
3.1375	-162.8
2.57	-167.7
2.015	-172.5
1.4625	-177.4
0.8875	-182.5
0.31	-187.6
-0.2675	-192.8
-0.8275	-198.2
-1.41	-203.6
-1.99	-209
-2.555	-214.5
-3.005	-219.1
-3.575	-224.8
-4.14	-230.5
-4.6925	-236.4
-5.2725	-242.3
-5.826	-248.4
-6.38575	-254.4
-6.956	-260.5
-7.5285	-266.8
-8.10575	-273.2
-8.67	-279.7
-9.249	-286
-9.82925	-292.3
-10.3995	-298.3
-10.96575	-304.3
-11.51	-310.4
-12.07975	-316.4
-12.6535	-322.5
-13.22175	-328.5
-13.8	-334.5
-14.35475	-340.4
-14.91125	-346.2
-15.472	-351.9
-16.0215	-357.6
-16.567	-363.4
-17.13575	-369.1
-17.60625	-373.5
-18.16775	-379.1
-18.70875	-384.5
-19.2436	-389.8
-19.7059	-394.1
-20.2685	-399.5
-20.824	-404.8
-21.3925	-410
-21.9535	-415.1
-22.5185	-420
-23.0935	-425.2
-23.6585	-430.3
-24.2095	-435.3
-24.765	-440
-25.3075	-444.8
-25.8825	-449.7
-26.45	-454.8
-27.0275	-459.5
-27.605	-464.2
-28.185	-468.7
-28.7575	-473.5
-29.3225	-477.9
-29.89	-482.1
-30.46	-486.2
-31.02	-490.4
-31.58	-494.6
-32.1425	-498.5
-32.72	-502.4
-33.3	-506.4
-33.8875	-510.1
-34.46	-513.5
-35.04	-517.1
-35.6125	-520.7
-36.1925	-523.8
-36.6775	-526.6
-37.185	-529.2
-37.5575	-528.8
-37.62	-504.6
-37.245	-483.7
-36.685	-458.8
-36.145	-435.9
-35.61	-414.3
-35.0675	-393.4
-34.525	-373.2
-34.04	-355.4
-33.485	-335.7
-32.935	-316
-32.3825	-297.4
-31.835	-279.2
-31.265	-260.5
-30.685	-242.9
-30.1275	-224.8
-29.62	-210.1
-29.1125	-195.7
-28.5275	-179.4
-28.0225	-166
-27.5175	-153.6
-27.0025	-141.7
-26.4975	-130.3
-25.9975	-119
-25.485	-107.8
-24.9775	-96.85
-24.46075	-86.11
-23.93075	-75.78
-23.4075	-65.75
-22.8825	-56.27
-20.323	-14.34
-19.78045	-6.789
-19.24405	0.7339
-18.6925	8.012
-18.1405	14.74
-17.5945	21.22
-16.962	28.5
-16.41	34.59
-15.84	40.55
-15.2725	46.15
-14.7	51.68
-14.136	57.03
-13.54775	62.35
-12.971	67.52
-12.40025	72.47
-11.80225	77.76
-11.22475	82.78
-10.64445	87.73
-10.0595	92.66
-9.47275	97.46
-8.90575	102.3
-8.342	107
-7.77425	111.8
-7.19225	116.6
-6.6135	121.5
-6.0355	126.4
-5.4625	131.2
-4.8875	135.9
-4.3225	140.9
-3.825	145
-3.2425	150
-2.66	154.9
-2.0875	159.9
-1.5125	164.8
-0.945	169.8
-0.3775	174.9
0.1925	179.9
0.7525	185.2
1.3175	190.5
1.8925	195.9
2.48	201.6
3.065	207.1
3.6475	213
4.215	218.6
4.795	224.6
5.36	230.5
5.94	236.7
6.5125	242.7
7.095	249
7.66	255.4
8.235	261.6
8.815	268.1
9.3825	274.2
9.93	280.3
10.485	286.7
11.115	293.5
11.655	299.8
12.2375	305.8
12.7725	311.5
13.33	317.4
13.895	323.3
14.4425	329.2
14.985	335.1
15.545	340.9
16.0975	346.5
16.655	352
17.2175	357.4
17.765	362.8
18.345	368.2
18.9075	373.6
19.475	378.9
19.96	383.2
20.51	388.3
21.0825	393.4
21.64	398.5
22.1975	403.7
22.76	408.9
23.3275	413.7
23.9	418.6
24.475	423.5
25.05	427.8
25.625	432.7
26.195	437.3
26.7775	441.9
27.3575	446.6
27.9075	451.1
28.4	454.6
28.98	459.5
29.4975	463
30.09	467.4
30.68	471.9
31.265	476.2
31.7675	479.1
32.35	483.4
32.9125	487.5
33.4925	491.4
34.09	494.7
34.6525	498.5
35.245	501.9
35.7775	504.6
36.285	507.8
36.855	510.8
37.355	513.4
37.5775	511.7
37.7075	491.7
37.655	467
37.2875	446.7
36.82	426.1
36.33	406.6
35.745	385.4
35.1925	364
34.63	343.5
34.1375	325.8
33.58	305.4
33.015	286.1
32.4575	266.8
31.95	250.6
31.405	234.3
30.8225	215.3
30.19	198.1
29.615	180.8
29.105	167.1
28.6025	153.8
28.095	141.2
27.5825	129.1
27.0625	117.4
26.5125	106.1
25.99	94.83
25.45	83.94
24.905	73.15
24.3775	62.66
23.8425	52.48
23.2925	42.6
22.7575	33.09
22.2225	24.04
21.6775	15.26
21.1525	6.758
20.6	-1.009
19.995	-9.572
19.3825	-17.74
18.8275	-24.56
18.2875	-31.1
17.7375	-37.4
17.1775	-43.58
16.62	-49.54
16.06	-55.2
15.4925	-60.55
14.91	-65.81
14.37	-70.92
13.8125	-75.99
13.25	-80.76
12.69	-85.38
12.125	-90.15
11.56	-94.83
10.99	-99.54
10.42	-104.3
9.8425	-109.1
9.2675	-113.8
8.79	-117.7
8.2075	-122.4
7.6275	-127.3
7.055	-132
6.47	-136.8
5.8875	-141.6
5.3	-146.4
4.72	-151.2
4.1275	-155.9
3.5625	-160.7
2.985	-165.3
2.4225	-170.1
1.865	-174.8
1.31	-179.6
0.74	-184.6
0.165	-189.6
-0.41	-194.7
-0.98	-199.9
-1.56	-205.2
-2.0475	-209.6
-2.6125	-214.9
-3.16	-220.3
-3.7275	-225.9
-4.3075	-231.4
-4.8575	-237.1
-5.4225	-242.9
-5.9815	-248.7
-6.54425	-254.7
-7.121	-260.6
-7.7	-266.7
-8.28125	-272.8
-8.8435	-279.2
-9.31825	-284.3
-9.90175	-290.2
-10.48145	-296.4
-11.03975	-302.3
-11.592	-308.2
-12.15725	-314
-12.735	-319.8
-13.30325	-325.6
-13.877	-331.3
-14.44325	-337.1
-14.98825	-342.5
-15.5535	-348.2
-16.1	-353.7
-16.73775	-360.1
-17.31675	-365.5
-17.87825	-370.8
-18.43275	-376.1
-18.9715	-381.4
-19.50755	-386.6
-20.0705	-391.9
-20.6415	-397.1
-21.1965	-402
-21.756	-407
-22.32	-411.9
-22.8905	-417.1
-23.4525	-422.2
-24.0105	-427
-24.565	-431.7
-25.025	-435.6
-25.58	-440.5
-26.145	-445.2
-26.7225	-449.7
-27.3025	-454.7
-27.885	-459.5
-28.455	-464
-29.0175	-468.4
-29.5975	-472.5
-30.165	-476.9
-30.7275	-481.2
-31.29	-485.1
-31.8475	-488.9
-32.32	-492.5
-32.9	-496.2
-33.4875	-500.2
-34.0725	-504.1
-34.65	-507.7
-35.22	-511
-35.795	-514.6
-36.37	-518.1
-36.965	-521.3
-37.475	-524
-37.6975	-503.9
-37.69	-477.8
-37.2975	-456.5
-36.83	-436.4
-36.2925	-413.7
-35.75	-392.7
-35.2125	-372.3
-34.665	-352.2
-34.0975	-331.8
-33.6175	-315.2
-33.0625	-296.2
-32.5175	-278.1
-31.9575	-259.8
-31.3875	-242.4
-30.8025	-224.5
-30.225	-207.7
-29.7175	-193.4
-29.1275	-176.7
-28.6225	-163.5
-28.1125	-150.9
-27.6	-139
-27.0925	-127.7
-26.5775	-116.7
-26.0675	-106
-25.5575	-95.35
-25.0475	-84.83
-24.53	-74.71
-24.001	-64.89
-23.4665	-55.32
-22.939	-45.9
-22.404	-36.97
-21.87225	-28.41
-21.35325	-20.21
-20.80775	-12.48
-20.27175	-5.015
-19.73285	2.202
-19.1889	9.205
-18.632	15.9
-18.0845	22.2
-17.5325	28.13
-16.9795	33.97
-16.4315	39.78
-15.8615	45.29
-15.29225	50.67
-14.7135	55.81
-14.14875	60.95
-13.55875	65.84
-13.0835	69.91
-12.50625	74.77
-11.912	79.72
-11.3225	84.71
-10.73355	89.51
-10.15865	94.22
-9.57575	98.96
-9.0075	103.5
-8.515	107.5
-7.95075	112.1
-7.379	116.9
-6.8035	121.5
-6.22625	126.2
-5.65175	131
-5.08	135.6
-4.4975	140.3
-3.91	145.1
-3.3325	149.8
-2.7475	154.7
-2.1675	159.4
-1.59	164.3
-1.0175	169
-0.4425	173.8
0.0725	176.3
0.6225	178.3
1.1575	187.8
1.7225	194.2
2.2975	199.8
2.78	204.2
3.3725	209.8
3.95	215.6
4.535	220.9
5.105	226.8
5.6725	232.8
6.26	238.5
6.8425	244.5
7.42	250.3
7.9875	256.7
8.5775	262.5
9.1525	268.6
9.715	274.7
10.3425	281.6
10.9	287.2
11.375	292.3
11.925	297.9
12.47	303.5
13.0275	309.2
13.5875	315.1
14.1375	320.9
14.7125	326.3
15.2575	331.8
15.8225	337
16.3825	342.4
16.935	347.7
17.495	352.9
18.055	358.1
18.625	363.4
19.1925	368.8
19.7625	374.1
20.325	379.2
20.8925	384.1
21.465	389.1
22.015	393.8
22.5875	398.6
23.1475	403.6
23.73	408.5
24.305	413.1
24.8725	417.7
25.4525	422.3
25.9375	426
26.4975	430.5
27.0875	435.2
27.655	439.5
28.2325	444
28.8125	448.8
29.315	452.2
29.8225	456.2
30.3325	459.4
30.915	463.8
31.4825	468.1
32.0725	472
32.57	475.1
33.1275	479.3
33.73	483.2
34.235	486.1
34.79	489.8
35.385	493.4
35.8925	496.1
36.4025	499.1
37.0175	502.2
37.59	505.2
38.175	508.3
38.7425	511.3
39.335	513.9
39.9275	516.6
40.5025	518.7
41.0775	520.9
41.6775	523
42.2275	525.2
42.8275	527.5
43.4275	529.3
43.9275	530.7
44.4525	532.3
44.9275	533.4
45.4525	534.8
45.9775	536.3
46.4775	537.2
47.0525	538.5
47.6525	540
48.2525	541.1
48.7525	541.9
49.3275	543
49.9025	544.3
50.0525	542
50.1775	522.8
50.3275	502.9
50.2025	477.8
49.7775	455.4
49.3025	435.2
48.7525	413.3
48.2025	393.3
47.6525	372.3
47.0775	352.4
46.5775	335
46.0025	315.1
45.4525	296.1
44.8275	277.6
44.2775	259.3
43.7025	241.9
43.1275	224.9
42.6275	210.7
42.1275	196.8
41.6025	183.1
41.1025	169.9
40.6025	157.2
39.9775	143.1
39.4775	131.2
38.93	119.7
38.4125	108.6
37.8675	97.95
37.3525	87.49
36.785	77.34
36.325	69.42
35.7775	59.72
35.225	50.43
34.6775	41.62
34.1525	33.03
33.5975	24.62
33.0425	16.45
32.4775	8.624
31.89	1.162
31.3175	-5.963
30.7575	-12.69
30.205	-18.99
29.6625	-24.92
29.1	-30.64
28.54	-36.21
27.975	-41.53
27.4275	-46.57
26.83	-51.59
26.2425	-56.51
25.665	-61.22
22.86	-81.98
22.2775	-85.87
21.69	-89.66
21.14	-93.39
20.57	-97.12
20.015	-100.6
19.4725	-104.2
18.91	-107.8
18.32	-111.3
17.75	-114.8
17.1775	-118.5
16.5975	-122
16.0175	-125.6
15.445	-129.2
14.94	-132.1
14.395	-135.7
13.825	-139.2
13.2475	-142.8
12.69	-146.5
12.1075	-150
11.5275	-153.6
10.945	-157.4
10.365	-160.9
9.7825	-164.6
9.2125	-168.3
8.72	-171.2
8.1325	-174.9
7.5425	-178.6
6.9625	-182.3
6.3675	-185.9
5.775	-189.7
5.2775	-192.9
4.695	-196.7
4.0975	-200.4
3.53	-204.2
2.945	-208
2.3775	-211.8
1.805	-215.7
1.2425	-219.6
0.655	-223.6
0.0775	-227.7
-0.5025	-231.9
-1.085	-236.2
-1.675	-240.5
-2.2475	-244.7
-2.8125	-249.1
-3.38	-253.6
-3.9525	-258
-4.5275	-262.7
-5.11	-267.2
-5.68225	-271.9
-6.24575	-276.6
-6.8295	-281.4
-7.413	-286.2
-7.89775	-290.3
-8.48475	-295.2
-9.092	-300.1
-9.6595	-305.1
-10.23925	-310
-10.8131	-314.8
-11.381	-319.6
-11.8635	-323.7
-12.442	-328.6
-13.01725	-333.5
-13.5955	-338.4
-14.16925	-343.2
-14.727	-347.9
-15.29525	-352.5
-15.863	-357.2
-16.409	-362
-16.9885	-366.8
-17.554	-371.6
-18.1185	-376.3
-18.6745	-380.8
-19.2105	-385.4
-19.76845	-390
-20.24375	-393.8
-20.80375	-398.2
-21.37625	-402.5
-21.94775	-406.9
-22.51825	-411.5
-23.095	-415.8
-23.6705	-420.2
-24.22175	-424.3
-24.79	-428.3
-25.3325	-432.4
-25.8125	-436.1
-26.3825	-440.4
-26.965	-444.4
-27.5575	-448.9
-28.14	-453.2
-28.7125	-457.1
-29.2875	-461
-29.865	-464.9
-30.4325	-469
-31	-472.7
-31.5625	-476.3
-32.1225	-480
-32.7025	-483.9
-33.2875	-487.7
-33.8775	-491.1
-34.4525	-494.5
-35.0375	-498.1
-35.605	-501.6
-36.18	-504.7
-36.77	-507.8
-37.275	-510.6
-37.7925	-513.4
-38.315	-515.7
-38.825	-517.8
-39.33	-520.3
-39.9175	-522.6
-40.405	-525
-40.985	-527
-41.565	-529.6
-42.135	-531.8
-42.6975	-533.7
-43.275	-535.5
-43.86	-537.7
-44.4575	-539.5
-45.05	-541.1
-45.56	-542.7
-46.075	-544.2
-46.6825	-545.5
-47.2925	-546.8
-47.8875	-548.3
-48.48	-549.5
-49.0675	-550.5
-49.57	-551.6
-50.0725	-549.1
-50.2175	-530.2
-50.3225	-510.1
-50.1525	-485.6
-49.7075	-464.1
-49.18	-441.2
-48.635	-420.7
-48.0925	-400.4
-47.6175	-383.6
-47.0475	-363.4
-46.5375	-346.5
-45.99	-327.1
-45.4275	-308.4
-44.875	-290.7
-44.325	-273.4
-43.76	-255.9
-43.1825	-239.1
-42.615	-222.8
-42.0375	-206.5
-41.535	-193.2
-40.9225	-177.8
-40.4	-164.9
-39.8675	-152.7
-39.32	-141.1
-38.7725	-130.1
-38.225	-119.5
-37.6975	-109.3
-37.165	-99.35
-36.6325	-89.54
-36.1	-79.91
-35.5625	-70.61
-35.04	-61.77
-34.51	-53.36
-33.98	-45.29
-31.4925	-11.77
-30.9225	-4.893
-30.3475	1.682
-29.78	7.981
-29.215	13.85
-28.6575	19.39
-28.1125	24.62
-27.565	29.69
-26.9975	34.46
-26.425	39.3
-25.97	43.06
-25.3975	47.37
-24.845	51.71
-24.2705	55.75
-23.7	59.63
-23.1255	63.45
-22.548	67.28
-21.9835	70.92
-21.426	74.58
-20.84575	78.32
-20.27475	81.98
-19.70135	85.59
-19.14035	89.17
-18.56175	92.69
-18.087	95.62
-17.516	99.14
-17.0365	102.3
-16.46125	105.8
-15.883	109.4
-15.30275	113.1
-14.71025	116.6
-14.136	120.2
-13.543	123.8
-12.94875	127.3
-12.36425	130.9
-11.8475	134
-11.257	137.6
-10.66855	141.2
-10.083	144.6
-9.49075	148.1
-8.91025	151.5
-8.3345	154.9
-7.765	158.3
-7.17225	161.9
-6.572	165.2
-5.98625	168.7
-5.405	172.2
-4.82	175.5
-4.245	179.3
-3.7425	182.2
-3.145	185.8
-2.5675	189.3
-1.9725	193
-1.3975	196.5
-0.8175	200.1
-0.25	203.8
0.3325	207.4
0.9125	211.3
1.4975	215.1
2.0775	219.1
2.575	222.4
3.07	225.9
3.655	230.2
4.2325	234.3
4.825	238.6
5.4075	242.8
5.9975	247.3
6.585	251.6
7.085	255.4
7.665	259.9
8.2575	264.4
8.8425	269.1
9.42	273.4
9.98	278.1
10.5475	282.3
11.1	287
11.655	291.3
12.235	295.8
12.785	300.4
13.35	304.7
13.9325	309.2
14.485	313.8
15.04	317.9
15.525	321.7
16.085	325.9
16.6525	330
17.2225	334.2
17.7775	338.5
18.3575	342.8
18.9275	347.2
19.4075	350.4
19.995	354.5
20.5525	358.8
21.1325	363.1
21.69	367.3
22.26	371.3
22.8325	375.2
23.405	379.1
23.985	383
24.575	386.8
25.1525	390.5
25.7375	394.2
26.3175	397.8
26.9	401.4
27.4975	405.1
28.055	408.7
28.6375	412.5
29.135	415.2
29.6425	418.2
30.2375	421.8
30.745	425
31.3425	428.5
31.935	432
32.53	435.2
33.095	438.4
33.6625	442
34.2775	445.3
34.8575	448.8
35.455	451.9
35.96	454.4
36.4625	457.3
36.9575	460
37.5275	462.9
38.1175	466
38.715	468.6
39.3075	471.5
39.8775	474.3
40.4775	477.1
41.0525	480
41.6275	482.5
42.2025	485.1
42.8025	487.3
43.3775	489.9
43.8775	492.1
44.4775	494.4
45.0775	496.5
45.7025	498.8
46.2025	501
46.8025	502.7
47.3775	504.7
47.9775	506.5
48.5775	508.2
49.1525	510.3
49.6525	511.6
50.0525	509.8
50.1775	487.8
49.8775	467.5
49.3775	447.4
48.8525	425.3
48.2775	405.5
47.7275	385.2
47.2525	368.3
46.7275	351.4
46.1525	332.4
45.5775	313.3
45.0025	295.5
44.4275	277.2
43.9025	262.3
43.3525	245.7
42.8525	231.5
42.3525	217.5
41.8275	203.7
41.3275	190.2
40.8025	177
40.3025	164.2
39.8025	151.8
39.2575	139.9
38.73	128.1
38.19	117
37.675	106.3
37.13	95.84
36.56	85.62
36.0375	75.56
35.485	65.9
34.9375	56.57
34.34	47.46
33.785	38.65
33.2575	30.12
32.6975	21.71
32.11	13.82
31.54	6.391
30.9775	-0.7645
30.4175	-7.462
29.91	-13.82
29.3675	-19.88
28.8	-25.6
28.2375	-31.31
27.6775	-36.73
27.1175	-41.89
26.5375	-47.06
25.955	-52.05
25.3675	-56.57
24.7825	-60.98
24.2025	-65.04
23.61	-68.93
23.03	-72.87
22.45	-76.73
21.8825	-80.21
21.31	-83.7
20.7325	-87.15
20.1625	-90.49
19.6325	-93.85
19.07	-97.21
18.4775	-100.5
17.905	-103.9
17.435	-106.7
16.8425	-110.1
16.2825	-113.5
15.6875	-117
15.1	-120.3
14.53	-123.8
13.9625	-127.2
13.3825	-130.5
12.8275	-134
12.2675	-137.4
11.6625	-140.9
11.0875	-144.4
10.5075	-147.9
9.925	-151.4
9.34	-154.8
8.7575	-158.3
8.17	-161.8
7.5725	-165.2
7.0875	-168.1
6.4975	-171.6
5.9025	-175.1
5.3025	-178.7
4.715	-182.2
4.12	-185.6
3.5525	-189
2.9575	-192.6
2.39	-196.1
1.8125	-199.6
1.2475	-203.1
0.6625	-206.8
0.08	-210.5
-0.5	-214.3
-1.0925	-218.1
-1.6875	-221.9
-2.26	-225.6
-2.8275	-229.5
-3.4	-233.4
-3.985	-237.4
-4.5625	-241.3
-5.1525	-245.3
-5.72875	-249.4
-6.299	-253.5
-6.78925	-256.9
-7.37675	-261.1
-7.96575	-265.3
-8.557	-269.6
-9.069	-273.2
-9.647	-277.4
-10.13675	-281
-10.7106	-285.1
-11.284	-289.2
-11.87225	-293.5
-12.3595	-296.9
-12.93125	-301.2
-13.52025	-305.5
-14.1165	-309.8
-14.67725	-313.8
-15.247	-317.9
-15.816	-321.9
-16.3695	-326
-16.9385	-330.3
-17.5165	-334.5
-18.0895	-338.7
-18.6535	-342.9
-19.1949	-347
-19.7544	-351.2
-20.3335	-355.3
-20.8955	-359.3
-21.4655	-363.4
-22.041	-367.4
-22.6125	-371.5
-23.1965	-375.4
-23.7655	-379.2
-24.326	-383
-24.8925	-386.9
-25.4375	-390.6
-25.92	-394.1
-26.4975	-398
-27.0775	-401.8
-27.665	-405.7
-28.2475	-409.4
-28.83	-413.2
-29.4125	-417.1
-29.985	-420.8
-30.565	-424.5
-31.0375	-427.3
-31.6025	-431
-32.1675	-434.6
-32.7375	-438.1
-33.3225	-441.6
-33.75	-413.7
-34.215	-417.3
-34.8	-421.2
-35.3725	-424.6
-35.95	-427.8
-36.5325	-431
-37.1275	-434.2
-37.6375	-436.8
-38.1525	-439.3
-38.67	-441.9
-39.19	-444.2
-39.7875	-446.9
-40.2875	-449.2
-40.87	-451.8
-41.455	-454.2
-42.0225	-456.6
-42.5925	-459
-43.165	-461.1
-43.75	-463.3
-44.3325	-465.4
-44.915	-467.4
-45.4125	-469.1
-45.925	-470.6
-46.4375	-472.1
-46.96	-473.5
-47.46	-474.8
-47.965	-475.9
-48.4625	-477
-49.0475	-478.5
-49.6425	-479.8
-50.0575	-477.6
-50.2	-458.5
-50.2775	-436.7
-49.8725	-413.3
-49.3125	-392.4
-48.76	-373.6
-48.195	-355.3
-47.625	-337
-47.0525	-318.7
-46.525	-303.4
-45.965	-286.4
-45.3925	-269.9
-44.8275	-253.8
-44.2525	-238
-43.6625	-222.8
-43.165	-209.8
-42.6625	-197.4
-42.0675	-183
-41.4675	-169.3
-40.925	-157.6
-40.385	-146.2
-39.8375	-135.5
-39.2825	-125.4
-38.72	-115.8
-38.17	-106.6
-37.63	-97.52
-37.0825	-88.74
-36.5425	-80.12
-35.9925	-71.71
-35.455	-63.7
-34.9225	-56.08
-34.395	-48.81
-33.845	-41.8
-33.2875	-34.92
-32.7225	-28.32
-32.2575	-22.9
-31.6875	-16.57
-31.11	-10.43
-30.535	-4.587
-27.995	18.68
-27.445	23.33
-26.9675	27.06
-26.3975	31.44
-25.835	35.66
-25.2625	39.78
-24.7075	43.88
-24.1425	47.86
-23.5675	51.62
-22.99	55.32
-22.4175	59.05
-21.8475	62.63
-21.295	66.48
-20.7185	70.3
-20.1415	74.16
-19.5806	78.04
-19.0135	81.89
-18.4295	85.62
-17.8715	89.32
-17.39325	92.44
-16.82375	96.24
-16.25275	99.97
-15.66675	103.6
-15.07925	107.3
-14.49225	110.8
-13.91325	114.3
-13.3105	117.8
-12.73	121.4
-12.1295	124.9
-11.52275	128.3
-10.9462	131.7
-10.3411	135.1
-9.76225	138.3
-9.183	141.5
-8.579	144.8
-8.00775	148.1
-7.42175	151.3
-6.83175	154.5
-6.24075	157.7
-5.6665	161.1
-5.085	164.3
-4.5775	167
-3.995	170.5
-3.5	173.3
-2.9075	176.7
-2.3125	180.1
-1.7375	183.6
-1.1625	187.2
-0.575	190.6
-0.0025	194.3
0.565	198
1.15	201.7
1.7375	205.7
2.2275	209
2.81	213.1
3.315	216.6
3.9025	220.7
4.4875	224.9
5.0725	229.1
5.6525	233.5
6.2425	237.9
6.8375	242.2
7.3325	245.9
7.9075	250.5
8.5025	254.9
9.0925	259.4
9.67	263.8
10.215	268.3
10.7825	272.5
11.3625	277.1
11.9175	281.2
12.47	285.6
13.0325	290.1
13.6075	294.3
14.1675	298.5
14.745	302.9
15.3025	307.1
15.87	311.2
16.4325	315.3
17.0075	319.5
17.5725	323.6
18.1375	327.8
18.7075	332
19.1925	335.2
19.7775	339.3
20.3475	343.4
20.92	347.4
21.49	351.4
22.05	355.4
22.6225	359.3
23.2	363.1
23.7875	366.9
24.27	370.1
24.845	373.8
25.4325	377.5
26.02	381
26.6	384.2
27.175	387.8
27.755	391.4
28.315	394.8
28.915	398.3
29.4325	401.3
30.02	404.7
30.5225	407.8
31.03	410.4
31.63	413.9
32.125	416.4
32.7125	419.6
33.3075	422.9
33.8825	426.2
34.385	428.6
34.95	431.8
35.47	434.3
35.95	436.8
36.4525	439.1
37.0775	442.2
37.64	445.1
38.2375	447.5
38.8325	450.3
39.4275	453
40.0025	455.6
40.6025	457.9
41.1775	460.3
41.7525	462.5
42.3275	465
42.9275	467.2
43.5025	469.3
44.0275	471.1
44.6025	473.2
45.1025	474.8
45.7275	476.9
46.2275	478.3
46.8275	480.1
47.4275	481.9
48.0525	483.5
48.6025	484.9
49.2025	486.5
49.8025	487.9
50.1025	485.7
50.2025	466.6
49.9025	442.7
49.3275	420.3
48.7525	399.7
48.2025	380.6
47.6525	361.2
47.0775	342.4
46.5525	326.3
46.0025	307.8
45.4025	290.2
44.8025	272.6
44.2275	255.8
43.6525	239.2
43.1525	225.5
42.6525	212
42.0525	196.6
41.5525	183.6
41.0025	170.8
40.5025	158.4
39.9775	146.4
39.4525	134.8
38.9225	123.6
38.3725	112.8
37.8575	102.4
37.315	92.41
36.77	82.57
36.22	72.93
35.6625	63.58
35.0925	54.59
34.5675	45.93
34.015	37.37
33.4625	29.05
32.8975	20.98
32.335	13.18
31.8425	7.125
31.2725	0.2141
30.7125	-6.299
30.1475	-12.69
29.605	-18.62
29.055	-24.31
28.495	-29.94
27.9275	-35.35
27.39	-40.46
26.79	-45.2
26.1925	-49.91
25.615	-54.13
25.015	-58.41
24.4375	-62.51
23.8575	-66.33
23.2675	-69.94
22.6975	-73.42
22.105	-76.91
21.535	-80.12
20.9575	-83.15
20.39	-86.3
19.845	-89.2
19.2875	-92.17
18.7875	-94.65
18.23	-97.58
17.6475	-100.5
17.065	-103.5
16.4725	-106.4
15.89	-109.4
15.3	-112.4
14.7225	-115.4
14.1475	-118.3
13.5775	-121.3
13.0025	-124.4
12.4275	-127.5
11.855	-130.5
11.2725	-133.6
10.78	-136.2
10.1875	-139.3
9.61	-142.3
9.02	-145.4
8.525	-148
7.9325	-151.1
7.345	-154.1
6.7525	-157.2
6.2475	-159.7
5.6475	-162.8
5.055	-165.8
4.465	-168.9
3.96	-171.4
3.3775	-174.3
2.8925	-176.9
2.315	-179.9
1.735	-183
1.17	-186
0.575	-189.2
-0.0075	-192.4
-0.595	-195.6
-1.19	-198.8
-1.7925	-202
-2.365	-205.2
-2.94	-208.4
-3.52	-211.7
-4.105	-215.1
-4.6825	-218.4
-5.28	-221.7
-5.8565	-225
-6.43675	-228.4
-7.03075	-231.8
-7.62875	-235.2
-8.22425	-238.7
-8.80175	-242.3
-9.311	-245.3
-9.827	-248.4
-10.41135	-251.8
-10.99675	-255.3
-11.5645	-259
-12.05625	-261.9
-12.64825	-265.6
-13.2335	-269
-13.8255	-272.6
-14.39675	-276.1
-14.984	-279.7
-15.571	-283.1
-16.03425	-285.9
-16.59375	-289.5
-17.17575	-291.4
-17.72875	-287.5
-18.30875	-291.2
-18.86425	-294.7
-19.41475	-298
-19.9823	-301.5
-20.57375	-304.9
-21.14225	-308.2
-21.721	-311.5
-22.297	-314.8
-22.8755	-318
-23.458	-321.3
-24.0305	-324.6
-24.6	-327.8
-25.1675	-330.8
-25.7325	-333.9
-26.3	-336.9
-26.79	-339.7
-27.3825	-342.9
-27.98	-346
-28.5625	-349.1
-29.15	-352.2
-29.74	-355.1
-30.325	-345.8
-30.9	-348.8
-31.3825	-351.4
-31.95	-354.3
-32.515	-357.1
-33.0975	-359.9
-33.69	-362.7
-34.285	-365.5
-34.8775	-368.2
-35.4525	-370.9
-36.03	-373.5
-36.6025	-376.2
-37.1975	-378.8
-37.7025	-381
-38.215	-383.3
-38.735	-385.4
-39.26	-387.6
-39.7625	-389.6
-40.2675	-391.5
-40.8575	-393.9
-41.4475	-396.2
-42.02	-398.4
-42.585	-400.6
-43.1625	-402.6
-43.75	-404.8
-44.3175	-406.7
-44.905	-408.7
-45.49	-410.7
-46	-412.4
-46.51	-413.9
-47.04	-415.4
-47.54	-416.7
-48.045	-418
-48.63	-419.6
-49.235	-421.1
-49.815	-422.6
-50.0375	-421
-50.1625	-398.9
-49.7275	-378
-49.1425	-359.5
-48.5725	-342.8
-47.9975	-326.5
-47.4875	-312.7
-46.9725	-299
-46.4475	-285.6
-45.865	-270.8
-45.285	-256.4
-44.7875	-244.4
-44.2825	-232.8
-43.7725	-221
-43.25	-209.8
-42.7275	-198.6
-42.205	-187.8
-41.68	-177.4
-41.1475	-166.9
-40.595	-156.7
-40.14	-148.4
-39.5825	-139
-39.1075	-131.5
-38.535	-122.8
-37.985	-114.7
-37.43	-106.8
-36.8825	-98.9
-36.3325	-91.19
-35.785	-83.76
-35.24	-76.63
-34.6025	-68.56
-34.0625	-62.05
-33.4975	-55.72
-32.9525	-49.45
-32.38	-43.45
-31.8125	-37.46
-31.2375	-31.56
-30.66	-25.96
-30.175	-21.47
-29.6	-16.21
-29.0275	-11.16
-28.4575	-6.33
-27.91	-1.804
-27.3525	2.66
-26.78	6.911
-26.2075	11.1
-25.6425	15.11
-25.0825	19.08
-24.51875	22.9
-23.94275	26.7
-23.469	29.72
-22.89125	33.39
-22.31325	36.85
-21.74775	40.21
-21.18625	43.48
-20.60425	46.63
-20.118	49.11
-19.5475	52.2
-18.969	55.04
-18.381	58.04
-17.8165	60.85
-17.331	63.3
-16.762	66.3
-16.1775	69.32
-15.5875	72.29
-14.99325	75.29
-14.399	78.28
-13.8155	81.28
-13.2275	84.16
-12.63975	87.18
-12.13125	89.69
-11.6235	92.26
-11.032	95.23
-10.4334	98.19
-9.931	100.7
-9.3355	103.8
-8.75325	106.9
-8.17625	110.2
-7.596	113.4
-6.997	116.7
-6.4105	120
-5.8295	123.4
-5.3375	126.2
-4.7525	129.6
-4.1725	133.1
-3.5775	136.7
-2.98	140.4
-2.3875	143.9
-1.815	147.6
-1.225	151.3
-0.65	155
-0.0725	158.7
0.075	158
