"Vu,Priestley,Seible,Benzoni 1998,Specimen nr NH4"	
4376	
0	1.422
0.01505	-9.174
0.01205	-18.12
0.01055	-27.52
0.007525	-37.66
0.002975	-26.88
0.002975	-15.87
0.002975	-5.596
-0.003	4.404
0.016575	-5.825
0.039075	-15.78
0.0421	-18.39
0.039325	-18.94
0.037825	-19.59
0.0318	-14.45
0.027275	-4.312
0.018	-2.477
-0.003025	-9.77
-0.003025	-19.59
-0.00755	-9.633
-5.00E-05 	-19.08
-5.00E-05 	-7.798
0.0017	1.881
-0.010525	11.93
0.0333	22.2
0.102675	32.52
0.169275	42.43
0.246425	52.29
0.3264	62.89
0.41265	73.35
0.4944	83.53
0.56815	93.76
0.6349	103.9
0.7059	113.8
0.7134	116.1
0.75115	105.2
0.74965	95.73
0.83765	84.26
0.83765	73.48
0.82715	62.2
0.7604	50.23
0.71515	39.95
0.6454	28.76
0.5474	18.85
0.47315	8.394
0.3979	-1.835
0.319175	-11.93
0.25105	-22.25
0.1802	-31.83
0.112075	-42.75
0.03645	-52.43
-0.034425	-63.07
-0.125325	-73.07
-0.1917	-83.07
-0.26885	-93.3
-0.341225	-103.8
-0.41235	-113.3
-0.465425	-103.3
-0.465425	-93.25
-0.469925	-82.61
-0.47145	-71.51
-0.4549	-61.14
-0.417075	-50.59
-0.370225	-39.31
-0.2991	-28.81
-0.20845	-18.35
-0.123825	-8.119
-0.049675	2.018
0.0017	12.06
0.074075	21.88
0.136175	32.38
0.2253	42.52
0.291925	52.93
0.37815	62.8
0.4519	72.84
0.52615	82.57
0.60765	92.93
0.6909	103.2
0.7589	113.3
0.83765	123.6
0.9084	133.9
0.98865	144.4
1.09165	154.4
1.1654	164.6
1.26215	174.8
1.37865	185
1.46915	195
1.59765	205.2
1.70515	215.5
1.8214	225.8
1.8819	230.8
1.91965	220.1
1.91815	209.9
1.92265	200.2
1.92865	190.1
1.91965	179.9
1.90315	169.9
1.8549	159.9
1.83215	169.8
1.83215	157
1.8049	148.2
1.7779	138
1.7054	127.5
1.6114	117.2
1.53115	106.9
1.44515	96.92
1.3649	86.6
1.29115	76.47
1.20165	66.42
1.10215	56.37
1.0174	45.69
0.92215	35.27
0.83615	25.14
0.7454	14.95
0.65765	4.174
0.5414	-6.009
0.47315	-15.92
0.3949	-25.5
0.31465	-36.01
0.2345	-46.79
0.13785	-56.97
0.03945	-67.47
-0.0392	-77.61
-0.1221	-87.93
-0.193225	-98.35
-0.283875	-108.4
-0.37455	-118.7
-0.47445	-129.6
-0.548325	-140.2
-0.64985	-150.3
-0.74935	-161.1
-0.8371	-171.1
-0.93535	-181.5
-1.0351	-191.7
-1.1516	-201.9
-1.26635	-212
-1.37085	-221.8
-1.4446	-227.4
-1.47335	-217.9
-1.47935	-207.6
-1.48535	-197.7
-1.5006	-186.6
-1.4916	-175.3
-1.47035	-164.5
-1.4101	-153.2
-1.3601	-142.7
-1.2951	-132.6
-1.18185	-122.6
-1.09135	-112.5
-1.00335	-102
-0.9371	-91.92
-0.86285	-81.74
-0.7811	-70.55
-0.6891	-60.64
-0.6074	-49.95
-0.52425	-39.86
-0.423075	-29.63
-0.34595	-19.17
-0.2688	-8.486
-0.161625	1.972
-0.049675	13.12
0.0212	23.53
0.105875	34.36
0.202775	44.72
0.317675	54.81
0.4084	65.46
0.50665	75.82
0.61215	86.14
0.70315	96.83
0.8074	107.3
0.9129	117.8
1.00065	128.4
1.11565	138.5
1.20615	148.8
1.30765	158.9
1.3969	169.8
1.4934	179.9
1.58265	190.5
1.6809	200.7
1.78215	210.9
1.8849	221.2
1.9879	231.6
2.0964	241.7
2.2189	251.7
2.3354	262.1
2.4654	272.7
2.63015	282.8
2.78715	293.1
2.9419	303.3
3.1104	313.2
3.27315	323.9
3.4424	333.9
3.60415	344.3
3.65165	345.9
3.7359	335.4
3.7399	325
3.7489	315.2
3.7524	305
3.7194	295.1
3.67565	284.9
3.63865	274.9
3.58915	284.9
3.58915	295
3.59065	281.8
3.58915	268.8
3.58865	259.4
3.5139	248.6
3.4489	238.6
3.36915	228.6
3.28365	218
3.1629	207.6
3.06215	197.1
2.9504	186.2
2.8514	175.9
2.73115	165.9
2.63015	155.7
2.50465	144.9
2.38515	134.9
2.29165	124.5
2.16765	114.2
2.04215	103.8
1.91515	92.84
1.8139	83.16
1.69765	71.97
1.5994	62.2
1.4829	51.47
1.37565	40.23
1.2669	30.78
1.17765	20.69
1.04465	10.6
0.96615	0.4587
0.83615	-10.5
0.7394	-21.56
0.6154	-30.92
0.52315	-41.24
0.42965	-52.34
0.308625	-63.07
0.186175	-73.99
0.07745	-84.49
-0.046475	-94.91
-0.13415	-105.1
-0.2611	-116.2
-0.3563	-126.1
-0.477225	-136.6
-0.573925	-147.5
-0.69185	-157.9
-0.7856	-168.2
-0.89585	-179.3
-0.9986	-189.2
-1.1076	-199.7
-1.2121	-210.3
-1.3281	-220.9
-1.4326	-231.5
-1.55185	-241.2
-1.67885	-252.8
-1.802825	-263
-1.94045	-273.2
-2.09005	-283.6
-2.229125	-294
-2.384725	-304.7
-2.531325	-314.6
-2.6991	-325.4
-2.86535	-334.9
-2.99535	-342.1
-3.0786	-331.7
-3.0906	-321.2
-3.0966	-311.6
-3.1041	-301.5
-3.0906	-291.2
-3.0151	-281.3
-2.95935	-271.2
-2.92735	-280.8
-2.92885	-271.4
-2.92885	-260.7
-2.8926	-250.7
-2.82485	-240
-2.72785	-229.8
-2.628	-219.3
-2.53905	-208.7
-2.45435	-198.9
-2.3303	-188.4
-2.23985	-178.1
-2.13395	-167.1
-2.022075	-156.7
-1.9147	-146.2
-1.81055	-135.7
-1.7076	-125.5
-1.59585	-114.9
-1.50235	-104.9
-1.38135	-93.99
-1.26935	-83.9
-1.1576	-72.8
-1.0501	-62.84
-0.93085	-51.51
-0.80685	-40.41
-0.6936	-29.95
-0.584625	-19.49
-0.47145	-8.991
-0.37775	1.238
-0.234	13.12
-0.131325	22.29
-0.016375	32.71
0.1151	43.58
0.240325	53.48
0.3629	63.48
0.49115	74.36
0.61965	85.18
0.72865	95.09
0.85415	105.5
0.98565	115.9
1.12015	125.8
1.25015	136
1.36815	146.2
1.4964	156.3
1.6294	166.4
1.76565	177.1
1.8834	187.5
2.01965	198
2.1434	208.1
2.27965	218.5
2.37315	228.6
2.50465	238.4
2.64065	249
2.76765	259
2.8934	269.7
3.02065	280.4
3.1554	290.5
3.26365	300.8
3.3969	311.3
3.5254	321.3
3.66415	331.6
3.7989	341.8
3.93815	352.2
4.0869	362.6
4.23365	372.8
4.39315	383.3
4.5684	393.7
4.74165	404.1
4.93515	414.1
5.12265	424.6
5.31015	434.6
5.52515	444.7
5.73015	455
5.84515	460.9
5.96015	449.9
5.96015	438.8
5.96265	429
5.96265	419
5.94265	408.9
5.89265	398.8
5.81515	388.7
5.78265	398.8
5.77515	383.7
5.77765	375.2
5.75265	364.4
5.66015	354.1
5.59515	344
5.48015	333.9
5.37515	323.8
5.27765	313.9
5.15765	303.3
5.04015	293.3
4.9189	282.7
4.79265	272.4
4.6714	262.3
4.5539	252
4.42965	241.4
4.2824	230.7
4.16715	220.2
4.0489	209.9
3.92615	199.4
3.7944	188.9
3.65665	178.8
3.5134	167.8
3.37565	157.4
3.23965	148.2
3.10815	137.8
2.9649	127.2
2.82565	116.4
2.69065	106.4
2.5424	95.36
2.3959	84.81
2.26465	74.03
2.11765	63.58
1.97115	53.21
1.8384	42.11
1.7159	31.74
1.5799	20.5
1.4424	9.357
1.3124	-1.33
1.16715	-11.93
1.02065	-22.8
0.8784	-32.98
0.7454	-43.16
0.63665	-53.07
0.48415	-64.13
0.352675	-74.22
0.213425	-85
0.0654	-95.59
-0.0826	-106.4
-0.22485	-117.3
-0.363825	-127.2
-0.50605	-137.5
-0.6481	-148
-0.7916	-158.4
-0.92785	-168.1
-1.06685	-178.4
-1.2166	-189
-1.3676	-199.4
-1.4961	-210.2
-1.61385	-220.8
-1.7301	-230.7
-1.86625	-241
-2.00085	-251.6
-2.12475	-262.2
-2.2593	-273.4
-2.38925	-283.8
-2.5193	-294.2
-2.658375	-305.6
-2.79885	-315.6
-2.92135	-326
-3.06635	-336.7
-3.2041	-347
-3.3581	-357
-3.51985	-367.8
-3.6921	-378.7
-3.87485	-389.3
-4.05935	-400.4
-4.2756	-411.1
-4.4856	-421.1
-4.6986	-431.5
-4.9056	-442
-5.10835	-452.2
-5.23385	-458.8
-5.40535	-447.7
-5.42685	-437.4
-5.4326	-427.8
-5.4341	-418.2
-5.41335	-407.5
-5.3441	-397.3
-5.2601	-387.3
-5.2616	-375.7
-5.22485	-366.2
-5.15535	-355.4
-5.05535	-344.7
-4.9391	-333.8
-4.84085	-323.8
-4.72135	-312.4
-4.60035	-301.5
-4.4781	-290.8
-4.36335	-280.4
-4.23185	-269.1
-4.1261	-259.4
-3.9901	-248.7
-3.8676	-238.5
-3.7481	-227.4
-3.6151	-217.3
-3.4791	-206
-3.34135	-195.7
-3.20535	-184.6
-3.07235	-173.8
-2.9501	-163.2
-2.81135	-152.2
-2.65545	-142
-2.514875	-131.5
-2.3668	-120.9
-2.221675	-110.3
-2.081125	-99.58
-1.963275	-89.4
-1.8273	-78.9
-1.6776	-68.3
-1.5446	-58.12
-1.34185	-46.56
-1.19535	-37.2
-1.0486	-26.24
-0.9081	-15.96
-0.7691	-6.101
-0.62245	4.679
-0.47445	14.72
-0.34595	25.46
-0.188675	36.1
-0.02715	47.15
0.125625	57.48
0.282675	68.81
0.45665	79.4
0.62115	90.23
0.7574	100.3
0.9114	110.7
1.07765	121.1
1.23665	131.5
1.4044	141.8
1.56465	152.2
1.7339	162.5
1.8804	172.8
2.06015	183.5
2.23715	194
2.3824	204.4
2.54415	214.9
2.70565	225.4
2.8714	235.5
3.01365	245.7
3.1634	255.7
3.30965	265.8
3.4649	276.3
3.61715	286.4
3.7789	297.1
3.92215	307.1
4.0829	317.8
4.21015	328
4.3844	338.9
4.52415	349.4
4.6459	359
4.79265	369.6
4.96015	380.3
5.08765	390.6
5.23015	400.9
5.38015	411.4
5.55015	421.6
5.70015	431.7
5.86765	443
6.02015	453.1
6.17015	462.9
6.36765	473.7
6.52515	483.8
6.68265	494
6.88015	504.4
7.05265	514.7
7.26515	525.3
7.46765	536.3
7.68015	546.8
7.88515	557.6
8.11265	568
8.17765	570.8
8.32515	560.3
8.33515	550.1
8.33765	540
8.33515	529.8
8.33515	519.7
8.30265	509.8
8.21265	499.8
8.13765	509.9
8.16765	499.9
8.16515	483.8
8.16515	474.1
8.14265	463.3
8.06515	452.9
7.95015	442.2
7.85015	431.7
7.73515	421.8
7.59765	411.4
7.46515	400.5
7.35015	391.1
7.21265	379.8
7.06765	369.1
6.92265	358.9
6.77265	348
6.63265	337
6.49015	326.4
6.35515	316.1
6.21015	305.7
6.06015	295
5.92765	285.2
5.76765	274
5.62265	263.7
5.48515	253.4
5.33515	242.7
5.18765	232.2
5.05765	222.5
4.8914	211.3
4.73515	201
4.5984	190.8
4.44765	180.6
4.2899	169.8
4.12115	158.6
3.94515	148.5
3.7724	137.1
3.60915	127
3.4409	116.2
3.28065	105.6
3.1294	95.59
2.9614	85.09
2.78315	74.49
2.6059	64.86
2.4639	53.81
2.3159	43.85
2.1589	33.53
1.96365	23.07
1.8034	12.38
1.6359	1.514
1.48615	-8.624
1.3229	-18.9
1.16715	-28.81
1.00865	-40.09
0.82715	-50.32
0.66665	-60.69
0.51565	-70.46
0.358675	-81.24
0.1999	-91.28
0.009325	-101.7
-0.141675	-112
-0.327525	-122.8
-0.506075	-133.7
-0.69035	-144.2
-0.8671	-154.8
-1.0471	-165
-1.22835	-175.4
-1.40985	-186
-1.5866	-196.6
-1.7331	-206.6
-1.8843	-217.2
-2.065875	-227.3
-2.238125	-238.3
-2.410375	-248.9
-2.56	-258.9
-2.717125	-269.5
-2.89085	-280.4
-3.04985	-290.8
-3.2101	-301.5
-3.3626	-311.6
-3.51535	-322.3
-3.6831	-332.7
-3.8356	-343.8
-3.98535	-354.5
-4.13035	-364.7
-4.2846	-376.1
-4.45385	-387.1
-4.6141	-398.3
-4.7546	-407.8
-4.9011	-417.8
-5.0646	-428.8
-5.22135	-439.4
-5.3871	-449.7
-5.5461	-460
-5.7336	-470.7
-5.9116	-481.5
-6.09685	-491.4
-6.27635	-501.7
-6.4831	-512.9
-6.69635	-523.8
-6.9141	-534.2
-7.13885	-544.7
-7.34985	-555.2
-7.56485	-565.5
-7.63235	-568.3
-7.81235	-557.6
-7.81735	-547.7
-7.81985	-537.4
-7.81735	-527.3
-7.80235	-517.4
-7.72985	-507
-7.65485	-517.4
-7.65985	-506.9
-7.64985	-497
-7.68735	-485.8
-7.68485	-474.8
-7.62735	-464.4
-7.53485	-453.3
-7.41735	-442.5
-7.33735	-432.2
-7.21235	-421.9
-7.0921	-410.9
-6.9746	-400.7
-6.8301	-389.7
-6.69135	-379.5
-6.5641	-368.7
-6.43685	-357.4
-6.3166	-347.2
-6.17135	-335.9
-6.01785	-325.2
-5.8756	-314.2
-5.73835	-303.6
-5.5971	-293.2
-5.4541	-282.9
-5.30035	-272.7
-5.1551	-262.6
-4.9906	-251.5
-4.83635	-240.7
-4.6746	-229.8
-4.52035	-219.7
-4.35585	-209
-4.20735	-198.6
-4.0381	-188.1
-3.8916	-178.3
-3.7436	-167.5
-3.5606	-156.9
-3.39585	-146.7
-3.24185	-136.3
-3.0876	-125.8
-2.92285	-115.4
-2.73685	-104.8
-2.557075	-93.99
-2.37125	-83.44
-2.210875	-73.07
-2.008425	-62.47
-1.8136	-50.46
-1.6306	-39.45
-1.46885	-29.27
-1.28285	-18.3
-1.1016	-6.789
-0.90035	5
-0.7131	15.78
-0.5273	26.74
-0.342975	38.67
-0.158625	49.95
0.039475	61.05
0.227025	71.42
0.4144	81.51
0.58965	91.24
0.79365	103.5
0.9904	113.8
1.18065	124
1.3649	134.3
1.55265	144.1
1.7354	154.5
1.92115	164.8
2.1164	175.5
2.30515	185.8
2.51065	198.3
2.70265	208.6
2.8969	219.1
3.08615	229.9
3.26465	240.5
3.4424	251.1
3.63365	262
3.8084	272.5
3.9944	283.4
4.17615	294
4.3394	305
4.51765	315.9
4.68965	326.7
4.8659	337.8
5.07515	351.2
5.25015	362.5
5.44015	373.7
5.58765	382.8
5.77015	394.3
5.95265	405.4
6.13265	417.2
6.30515	428.7
6.49515	440.3
6.66515	451.7
6.84515	463.2
6.99015	472.9
7.16765	484.2
7.33765	495.8
7.52265	507.5
7.69515	519.6
7.87515	530.9
8.06265	542.9
8.25265	554
8.42765	565.4
8.61765	576.1
8.81265	586.9
8.99015	597
9.20015	607.6
9.45015	619.2
9.66515	629.7
9.91765	639.9
10.16265	648.4
10.42015	655.4
10.67515	662.6
10.71765	663.3
10.78765	653
10.79265	642.9
10.82265	632.6
10.82515	622.6
10.82265	612.3
10.80015	602.3
10.72765	592.1
10.64765	582
10.65015	592.1
10.67015	582
10.66765	592.1
10.66765	574.8
10.67015	567.2
10.66015	557.2
10.58515	544
10.47515	531.8
10.36015	519.7
10.23515	509.1
10.07015	498.1
9.91265	486.9
9.72515	475.4
9.58015	463.7
9.45015	454.5
9.28265	443.4
9.12265	432.3
8.94515	420.9
8.78515	409.7
8.63015	398.2
8.46265	387.3
8.27265	373.8
8.13515	365
7.97515	353.8
7.80515	342.6
7.63265	331.7
7.47765	320.7
7.32015	310
7.16015	299.2
6.99515	288.6
6.82765	278
6.67265	267.6
6.51515	257.2
6.34265	247.1
6.15015	235.2
5.98015	224.6
5.78015	213.8
5.58515	200.4
5.38015	190.3
5.18515	178.7
5.02015	168.1
4.8259	157.8
4.6424	146.6
4.43365	135.1
4.20565	123.8
4.0399	112.1
3.84015	100.5
3.62265	89.31
3.4169	76.97
3.2129	65.59
3.01815	54.54
2.80915	42.84
2.60315	31.97
2.4064	21.42
2.21915	10.87
2.00915	0.688
1.7974	-11.05
1.5919	-21.74
1.3834	-33.49
1.1944	-45
0.9784	-56.19
0.76215	-67.47
0.5459	-78.8
0.3662	-88.02
0.153075	-98.9
-0.067575	-110
-0.2792	-120.6
-0.501325	-131.2
-0.71585	-141.8
-0.9231	-152.5
-1.1406	-163.3
-1.35385	-174
-1.56535	-184.7
-1.771075	-195.7
-1.97195	-206.9
-2.18065	-217.6
-2.399675	-228.9
-2.6099	-240.1
-2.81985	-251.5
-2.9906	-261.1
-3.16585	-271.3
-3.3731	-283
-3.57385	-294.7
-3.7796	-306.2
-3.9836	-318.1
-4.15135	-328.3
-4.3511	-339.9
-4.55185	-351.7
-4.7486	-364
-4.91785	-374.5
-5.0871	-384.6
-5.27835	-397.3
-5.44985	-407.3
-5.61735	-417.6
-5.78035	-427.9
-5.94185	-438.5
-6.1106	-448
-6.2731	-458.3
-6.4396	-468.3
-6.6016	-479.1
-6.7866	-490.7
-6.9531	-501.3
-7.15585	-512.8
-7.34235	-524.7
-7.53735	-536.2
-7.73485	-547.7
-7.91985	-559
-8.08985	-568.3
-8.28735	-579.3
-8.48735	-590.3
-8.69235	-600.7
-8.89735	-611
-9.13235	-621.8
-9.36985	-632.7
-9.61985	-643.1
-9.87735	-653
-10.14985	-662.2
-10.39235	-670.8
-10.64485	-677.3
-10.71485	-679.2
-10.79735	-668.8
-10.81735	-658.5
-10.82485	-648.7
-10.82485	-638.2
-10.77985	-628
-10.69985	-617.9
-10.61735	-608
-10.61235	-617.9
-10.61735	-628.1
-10.68985	-638.1
-10.79985	-648.2
-10.86735	-638
-10.86985	-628
-10.91235	-617.9
-10.90235	-604.9
-10.84235	-590.8
-10.74985	-580.2
-10.59485	-568.9
-10.44235	-557.7
-10.30235	-547.1
-10.14735	-534.4
-9.99235	-522.6
-9.86485	-512.7
-9.71235	-500.8
-9.56235	-488.8
-9.41735	-477.5
-9.26735	-465.9
-9.10235	-453.9
-8.93735	-442.7
-8.80985	-433
-8.64235	-421.6
-8.48235	-410.4
-8.32735	-399.7
-8.16985	-388.4
-7.99735	-377.6
-7.83985	-366.2
-7.68485	-355.3
-7.52985	-344.8
-7.37735	-334.5
-7.21235	-323.3
-7.02035	-311.1
-6.82385	-298.3
-6.6271	-286
-6.4601	-275
-6.26185	-262.6
-6.0991	-252.4
-5.89035	-240.4
-5.72735	-230.5
-5.56235	-219.8
-5.38285	-209.5
-5.1856	-198
-4.9801	-186
-4.77285	-174.1
-4.56435	-162
-4.3526	-150.5
-4.18785	-141.2
-3.9886	-129.9
-3.79035	-118.2
-3.58035	-106.8
-3.3686	-95.91
-3.1526	-83.9
-2.93785	-73.03
-2.7656	-63.58
-2.558775	-52.48
-2.338025	-41.19
-2.122025	-30.32
-1.90575	-19.49
-1.698825	-8.807
-1.4976	1.651
-1.2771	12.11
-1.07285	22.02
-0.86135	33.26
-0.6392	44.63
-0.41555	55.59
-0.1904	65.78
0.02275	76.37
0.24635	86.56
0.50815	98.57
0.7059	108.7
0.92365	118.9
1.1519	129.5
1.39815	141.2
1.6569	153.3
1.8729	163.6
2.09365	174
2.31565	184.5
2.52115	195
2.73565	205.4
2.96465	215.8
3.1719	226.6
3.3954	237.3
3.61665	248
3.82015	258.7
4.0319	269.6
4.2424	280.3
4.44815	291.3
4.65515	302.3
4.8704	313.4
5.07765	324.3
5.28265	335.6
5.50765	347.3
5.69265	356.7
5.90015	368.1
6.11265	379.5
6.31515	391
6.53765	402.7
6.72765	414.3
6.94265	425.7
7.14265	437.3
7.32015	447.1
7.52265	458.8
7.71765	470.7
7.89515	480.7
8.10765	493
8.29015	503.1
8.50265	515.4
8.71765	527.1
8.92265	539.2
9.11765	549.8
9.30765	560.1
9.51015	569.8
9.68015	580.4
9.87265	589.6
10.07515	601
10.28515	611.1
10.53265	621.1
10.71515	627.2
10.74765	617.2
10.75265	607
10.75515	596.6
10.75515	586.3
10.75765	576
10.71765	563.1
10.61265	547.9
10.47015	533.2
10.34765	520.3
10.21765	509
10.06515	496.7
9.88765	484.2
9.69015	472.2
9.53265	460.6
9.36765	449.1
9.19765	437.9
9.01015	426.7
8.86015	415.3
8.69015	404.3
8.51765	393.5
8.36265	382.4
8.18515	371.4
8.02015	360.2
7.85765	349.3
7.68515	338.2
7.52015	327.3
7.36265	316.7
7.20765	306
7.03765	296.1
6.87265	286.3
6.67515	274.4
6.49015	262.7
6.30265	252
6.15265	241.8
5.94765	229.8
5.75015	217.8
5.55265	206.5
5.37015	196.1
5.20265	185.8
4.99015	174.5
4.77915	162.6
4.5814	151.4
4.38115	139.2
4.17065	127.7
3.9579	116.3
3.7504	105.4
2.8789	59.45
2.66465	48.67
2.4684	38.3
2.26915	27.61
2.0574	17.38
1.8519	6.88
1.62965	-4.541
1.41665	-15.41
1.2154	-25.64
1.0174	-36.6
0.78165	-48.35
0.55815	-59.08
0.308625	-71.69
0.084975	-82.34
-0.14015	-92.89
-0.37005	-103.5
-0.6012	-113.9
-0.81285	-124.2
-1.06835	-135.3
-1.3341	-147
-1.5806	-158.7
-1.798325	-168
-2.052275	-179.7
-2.271325	-190.3
-2.492025	-200.5
-2.706525	-211.1
-2.92885	-221.1
-3.14335	-232.4
-3.3671	-242.7
-3.5741	-253.1
-3.79185	-264.3
-4.00185	-274.7
-4.2166	-286
-4.46435	-298.2
-4.67135	-309.3
-4.88135	-320.1
-5.0931	-331.6
-5.2931	-342.7
-5.4716	-352.1
-5.68585	-363.9
-5.8901	-375.1
-6.10435	-387
-6.30685	-398.3
-6.4781	-407.8
-6.6816	-419.5
-6.88935	-430.6
-7.0961	-442
-7.30485	-453.7
-7.49985	-464.9
-7.69485	-476
-7.89235	-487.2
-8.04485	-497
-8.25235	-508.6
-8.44985	-519.6
-8.64235	-531.3
-8.84735	-542.8
-9.04485	-553.7
-9.21735	-564.3
-9.41985	-575
-9.62735	-586.4
-9.81985	-597.4
-10.00235	-607.3
-10.19485	-617.6
-10.40235	-627.9
-10.61485	-637.8
-10.71735	-642.8
-10.78235	-632.5
-10.78485	-622
-10.78235	-611.5
-10.76985	-598.2
-10.70735	-586.9
-10.64735	-578.7
-10.45235	-564.8
-10.30985	-553.8
-10.15985	-541.8
-9.99735	-529.9
-9.86985	-519.8
-9.71985	-508.2
-9.58985	-498.5
-9.44235	-487
-9.29485	-475.8
-9.14735	-464.5
-9.01235	-455.1
-8.85485	-443.9
-8.68985	-432.1
-8.52485	-420.7
-8.36485	-409.4
-8.20235	-398.5
-8.04235	-387
-7.88235	-376.7
-7.71985	-365.4
-7.55485	-354.9
-7.39735	-343.6
-7.24235	-332.7
-7.0421	-320.4
-6.8886	-310.2
-6.7216	-299.8
-6.5481	-288.9
-6.3836	-279.1
-6.17985	-266
-5.99985	-255.5
-5.80585	-243.6
-5.6001	-231.2
-5.39185	-218.8
-5.1871	-207.7
-4.9846	-195.7
-4.77435	-184.3
-3.92335	-136.4
-3.7166	-124.7
-3.50485	-113.6
-3.29185	-102.4
-3.0771	-91.01
-2.8566	-80.27
-2.637175	-68.71
-2.427225	-58.21
-2.211	-47.25
-1.9905	-36.51
-1.7818	-25.37
-1.57785	-15.41
-1.3646	-4.312
-1.1591	5.688
-0.92335	16.38
-0.72685	27.16
-0.519725	37.75
-0.27205	49.08
-0.0499	59.95
0.1785	70.32
0.4309	81.88
0.66365	93.53
0.87815	103.8
1.1004	114.1
1.31665	124.5
1.53415	134.9
1.7519	144.9
1.96815	155.4
2.19915	166
2.4064	176.4
2.6284	187
2.8509	197.3
3.06115	207.9
3.28665	218.9
3.4979	229.5
3.7194	240.3
3.9299	250.9
4.14415	261.9
4.3139	271
4.5194	282
4.73465	292.9
4.95515	303.9
5.15765	315
5.37515	326.4
5.58765	337.8
5.79765	349.2
6.01265	360.3
6.23015	371.9
6.42765	383.2
6.64515	395
6.85265	406.6
7.05765	418.2
7.22765	428
7.42515	439.8
7.62765	451.6
7.84015	463.6
8.00765	473.7
8.19515	483.7
8.37265	494.1
8.55765	504.4
8.74015	514.3
8.93765	525.9
9.13515	537.1
9.35765	548.6
9.56015	560.2
9.73015	569.8
9.93515	581.2
10.12265	590.9
10.34265	601.5
10.57265	611.9
10.72265	617.7
10.78765	607.6
10.79015	597.5
10.78765	587.3
10.78515	577.1
10.76265	567
10.69015	556.8
10.58015	546.8
10.56515	556.8
10.56515	541.2
10.54765	533.3
10.47015	521.5
10.37515	509.5
10.29265	500.6
10.17515	488.7
10.01265	475.7
9.85515	465
9.67265	453.7
9.51765	442.8
9.34015	431.8
9.17015	420.6
9.00765	409.6
8.83765	398.3
8.67765	387.4
8.51265	376.7
8.34515	365.6
8.17265	354.6
8.01265	343.8
7.84015	333
7.67015	322.3
7.51265	311.7
7.35265	301.3
7.18515	290.8
7.02265	280.2
6.86515	270.1
6.69765	260
6.50765	247.6
6.29515	235.6
6.09265	224.2
5.89765	213.6
5.68765	202.5
5.51515	192.5
5.32015	180.7
5.10765	169.1
4.89765	157.5
4.68465	146.2
4.47865	135.6
4.2639	124.6
4.0769	113.2
3.86415	102.5
3.64615	91.24
3.4319	80.73
3.2279	68.85
3.02265	58.3
2.81665	47.57
2.6074	37.2
2.3929	27.06
2.1979	17.02
1.9514	5.367
1.7264	-5.459
1.51465	-16.28
1.31365	-25.92
1.1019	-37.15
0.8649	-48.53
0.6424	-59.03
0.4099	-69.54
0.186175	-79.77
-0.037475	-89.86
-0.261125	-99.9
-0.5258	-111.5
-0.7796	-122.7
-1.0426	-134.1
-1.29485	-145.5
-1.55935	-156.8
-1.77575	-166.3
-1.987175	-176.5
-2.236575	-188.6
-2.46185	-198.3
-2.676375	-209.1
-2.8926	-219.3
-3.1101	-229.9
-3.33385	-240.4
-3.54535	-251.3
-3.79335	-263.7
-4.00635	-274.2
-4.2196	-284.9
-4.4281	-295.7
-4.64585	-306.2
-4.85285	-317.8
-5.0676	-328.4
-5.26285	-339.4
-5.4781	-350.8
-5.69685	-362
-5.8896	-373.5
-6.10385	-385
-6.30835	-396.7
-6.5106	-407.8
-6.71585	-419.3
-6.9336	-430.6
-7.14035	-441.7
-7.32985	-452.6
-7.53485	-464
-7.69735	-473.4
-7.92735	-486.3
-8.11985	-497.8
-8.32735	-508.8
-8.51485	-520.2
-8.71235	-531.2
-8.91235	-542.6
-9.10485	-553.5
-9.31235	-564.9
-9.49985	-575.1
-9.68235	-586
-9.89985	-597.3
-10.09485	-607.9
-10.27985	-617.7
-10.48235	-627.6
-10.69985	-637.6
-10.70985	-638.6
-10.77735	-628.2
-10.77985	-617.5
-10.78235	-607.4
-10.75485	-597.2
-10.68735	-586.9
-10.59235	-577.2
-10.59235	-565
-10.52985	-552.7
-10.42235	-542.6
-10.26235	-530.2
-10.10485	-519.5
-9.95735	-508
-9.80735	-495.9
-9.65735	-484.7
-9.50985	-473
-9.36485	-461.2
-9.21735	-450.2
-9.05735	-438.6
-8.90735	-427.1
-8.72735	-414.8
-8.56485	-403.5
-8.40985	-392.7
-8.25235	-381.4
-8.08485	-370.5
-7.91485	-359.3
-7.75735	-348.1
-7.60235	-337.9
-7.44235	-327.8
-7.27985	-317.4
-7.11135	-307.2
-6.92385	-294.9
-6.74935	-284.6
-6.59035	-274.9
-6.3826	-262.1
-6.22485	-252
-6.04785	-242.1
-5.8416	-230.2
-5.6726	-220
-5.4986	-210.1
-5.28585	-198.5
-5.1176	-188.8
-4.90885	-177.6
-4.70785	-165.6
-4.4916	-154.8
-4.29385	-143.3
-4.0851	-132.6
-3.8736	-121.2
-3.65735	-110.2
-3.45035	-99.54
-3.2326	-88.25
-3.0151	-77.8
-2.84135	-68.62
-2.5829	-56.47
-2.369725	-45.96
-2.1492	-35.5
-1.936025	-24.95
-1.72305	-14.77
-1.51585	-4.541
-1.2576	6.88
-1.0066	9.22
-0.97635	-1.101
-0.96735	-10.87
-0.95985	-21.01
-0.99585	-31.19
-1.0546	-41.05
-1.0381	9.495
-0.149575	60.87
0.86915	106.4
1.8909	152.4
2.9214	199.9
3.9329	249.1
4.91765	299.9
5.91265	351.6
6.85515	403
7.73765	453.4
8.63765	504.2
9.53765	554.8
10.40015	604.9
11.31765	655.9
12.32015	703
13.34765	737.3
14.36765	760.6
15.40265	774
16.06515	773.2
16.12265	723.4
16.00515	667.2
15.67265	615.3
14.95515	564.4
14.15015	512.8
13.35015	461.9
12.55765	411.5
11.71515	361.4
10.82015	309
9.91265	258.8
8.89515	206.6
7.90015	156.2
6.87515	107.5
5.84765	60.55
4.8074	15.96
3.7884	-25.5
2.78565	-66.05
1.74765	-104.9
0.7289	-141.7
-0.27165	-174.9
-1.28885	-209.8
-2.28635	-246.8
-3.32335	-287.5
-4.3526	-330.7
-5.3806	-375.9
-6.39885	-423.6
-7.45485	-474.2
-8.45985	-522.8
-9.48985	-574.2
-10.50985	-623.6
-11.53485	-671.4
-12.58985	-714.2
-13.63985	-745
-14.63735	-768.9
-15.62235	-780.9
-16.06985	-781.4
-16.21985	-731.8
-16.07235	-681.4
-15.50235	-627.7
-14.80735	-577.2
-14.09735	-527
-13.33235	-476.5
-12.49735	-424.9
-11.66735	-373.9
-10.81235	-323.7
-9.90985	-273.4
-8.98235	-223.5
-7.52235	-151.1
-6.49785	-102.8
-5.4676	-58.35
-4.46735	-17.11
-3.47735	21.33
-2.4497	60.41
-1.4281	97.29
-0.38355	132.8
0.65165	166.1
1.65665	199.1
2.69665	235.2
3.7339	271
4.72465	307.5
5.75265	345.1
6.77265	385
7.79015	424.9
8.80265	465.3
9.81515	505.1
10.84265	546.2
11.86765	588.6
12.87515	627.7
13.91265	667.9
14.91765	703.6
15.91265	729.1
16.06015	732
16.12765	677.9
15.71015	625
14.97265	574.3
14.22015	525
13.40015	473.1
12.58765	421.8
11.75265	371.4
10.88015	321.6
9.95015	270.4
8.94515	218.6
7.94265	167.9
6.91265	118.1
5.90765	74.22
4.91515	32.29
3.90665	-8.945
2.8579	-49.17
1.8534	-87.06
0.8574	-122.2
-0.193025	-155.7
-1.21785	-189.2
-2.206375	-221.8
-3.2401	-257.5
-4.2451	-293.2
-5.28085	-331.3
-6.2806	-369.2
-7.31485	-409.4
-8.33985	-450.3
-9.36235	-490.9
-10.37735	-532.4
-11.37235	-573.4
-12.39485	-614.2
-13.42985	-654.1
-14.45985	-692.5
-15.46235	-726.7
-16.08485	-741.8
-16.12235	-691.6
-15.52735	-640.7
-14.79735	-589.1
-14.02985	-538
-13.25235	-487.5
-12.41735	-435.6
-11.61485	-386.7
-10.71235	-335
-9.79735	-283.6
-8.87235	-233.8
-7.86485	-183.5
-6.86485	-136.2
-5.83085	-90.73
-4.64435	-41.42
-3.6256	-0.7339
-2.5993	37.75
-1.5656	75.14
-0.554575	110.3
0.46565	142.6
1.51015	177.7
2.51065	212
3.54265	248
4.5534	284.2
5.57265	321.1
6.57515	359
7.60015	398.7
8.60015	437.8
9.63015	477.8
10.67015	519
11.70265	560.4
12.72015	600.9
13.74265	641.6
14.76265	679.7
15.76765	709.9
16.06015	716.2
16.13015	666.2
15.86515	614.3
15.12765	564
14.35015	511.1
13.58015	460.9
12.77515	410.4
11.90265	358.6
11.02765	309
10.08515	258.1
9.05015	207.4
8.05015	158.3
7.04015	112.2
6.04015	68.53
5.02265	26.7
3.9959	-12.75
2.9759	-50.78
1.9469	-86.37
0.9584	-120.5
-0.09935	-153.5
-1.08935	-185
-2.1065	-219.2
-3.13885	-254.1
-4.19535	-290.9
-5.2256	-328.1
-6.2661	-367.1
-7.29985	-407
-8.29235	-445.1
-9.31735	-485.5
-10.33735	-526.1
-11.34235	-565.8
-12.36985	-606.4
-13.39985	-646
-14.41735	-683.6
-15.43485	-717.7
-16.08485	-734.2
-16.11985	-684.2
-15.78735	-631.9
-15.05485	-580
-14.30485	-529.6
-13.50985	-477.5
-12.67985	-425.9
-11.83485	-375.3
-10.94235	-323.2
-10.02735	-274.2
-9.05735	-223.5
-8.03985	-174.1
-7.01085	-126.2
-6.00685	-84.54
-4.96635	-42.57
-3.9416	-2.982
-2.91835	33.9
-1.899625	69.45
-0.86885	103.7
0.1484	135.4
1.1549	167.7
2.9544	227.6
3.9734	262.7
5.02765	299.5
6.04765	336.2
7.04765	373.2
8.07265	411.9
9.05015	449.6
10.11265	489.8
11.13265	530.2
12.15265	569.8
13.16515	609.2
14.20265	649.3
15.25265	689
16.26765	725.1
17.31765	757.3
18.34265	778.6
19.32265	794.9
20.35015	806.5
21.34015	808.1
21.43265	806.9
21.52265	756.9
21.38265	702.2
20.83015	651.1
20.10765	601
19.34015	550
18.51765	499
17.70265	448.2
16.84765	397.9
15.90515	345.1
14.95515	294.9
13.92765	243.2
12.91765	196.6
11.88265	151.3
10.86765	109.2
9.83515	67.57
8.80765	29.95
7.78515	-6.055
6.77515	-40.64
5.71765	-72.57
4.6974	-100.6
3.66815	-127.2
2.64465	-153
1.6299	-179.2
0.59765	-206.5
-0.4361	-233.5
-1.46235	-260.6
-2.4644	-288
-3.4831	-316.3
-4.5231	-347
-5.52885	-377.7
-6.5631	-410.6
-7.54485	-441.7
-8.57485	-475.1
-9.60235	-510.5
-10.61485	-545
-11.63235	-581.5
-12.62485	-615.7
-13.64235	-650.4
-14.69485	-686
-15.72735	-720.9
-16.72985	-753.4
-17.73485	-777.6
-18.78485	-795.4
-19.81485	-809.7
-20.82735	-817.7
-21.42485	-818.1
-21.58735	-767.8
-21.41985	-716.8
-20.75735	-666.5
-19.99235	-615.2
-19.21485	-566.3
-18.37485	-514.3
-17.50235	-462.6
-16.63485	-411.1
-15.72985	-360.4
-14.81235	-310.4
-13.80985	-259.2
-12.80485	-212.2
-11.76735	-165.5
-10.18235	-100.5
-9.17235	-63.03
-8.15235	-26.51
-7.13135	7.706
-6.13635	39.68
-5.10085	69.95
-4.06785	97.43
-3.06135	122.3
-2.010925	147.8
-0.9576	173.9
0.06425	199.3
1.10715	226
2.1169	251.6
3.14165	278.6
4.1774	305.4
5.20265	332.5
6.20265	359.3
7.23015	387.2
8.27515	417.1
9.30515	445.4
10.32765	475.1
11.33265	504.6
12.33015	533.6
13.35265	564
14.36265	593.7
15.39015	624
16.37265	652.5
17.38765	681.8
18.40265	709.7
19.41265	736.3
20.41015	759.1
21.41765	772.4
21.42765	772.4
21.49515	722.1
21.10265	671.3
20.36265	621
19.58265	569.4
18.79015	519.5
17.94015	467.9
17.08015	417.3
16.18265	365.6
15.22265	314.5
14.19265	263
13.21265	215.9
12.20765	170.7
11.16265	126.5
10.13015	85.46
9.11265	47.89
8.10765	12.48
7.09265	-20.6
6.05015	-53.99
5.0284	-83.16
3.99965	-109.5
2.9914	-133.5
1.96115	-158.3
0.93165	-184.4
-0.07475	-209.9
-1.1086	-236
-2.11225	-262.1
-3.1566	-289.2
-4.1841	-316.4
-5.21135	-344
-6.23785	-372.7
-7.2226	-399.9
-8.26485	-428.7
-9.28735	-458.4
-10.26985	-486.6
-11.26735	-516
-12.28985	-546.3
-13.34735	-577.6
-14.37235	-606.6
-15.38985	-636.2
-16.41235	-665.3
-17.42485	-694.4
-18.47235	-723.3
-19.48485	-752
-20.49235	-775.3
-21.43985	-789.3
-21.53485	-739.1
-21.02485	-688.9
-20.22985	-637.3
-19.42235	-586.3
-18.56735	-534.5
-17.71985	-484.4
-16.85735	-433.1
-15.98235	-383.8
-15.02735	-332.8
-14.04485	-281.6
-13.04485	-233.7
-12.03485	-188
-11.02235	-144.5
-9.96985	-102.7
-8.93235	-63.3
-7.90235	-26.42
-6.91385	5.596
-5.87485	38.9
-4.4456	78.76
-3.4331	103.6
-2.390275	129.1
-1.3716	154
-0.3545	179.7
0.65515	205.5
1.66165	231.5
2.6954	258.4
3.68815	284.5
4.7169	311.6
5.73015	337.9
6.76515	365.5
7.77515	393.6
8.77265	421.2
9.82265	450
10.85015	479.2
11.84015	507.6
12.88265	537.5
13.89765	567.2
14.91265	596.5
15.94515	626.5
16.97515	655.6
17.99015	684.5
19.02765	713.2
20.03015	739.5
21.02265	759.7
21.42015	763
21.49015	712.8
21.22765	660.9
20.50015	610.3
19.73515	558.9
18.94265	509.1
18.09515	457.8
17.25265	408.1
16.30515	355.2
15.34765	304.8
14.31265	253.8
13.29015	206.7
12.25765	160.7
11.20265	118.2
10.20265	79.08
9.19015	42.84
8.18265	8.624
7.18015	-22.98
6.13515	-54.95
5.11015	-82.43
4.1004	-106.3
3.0634	-130.9
2.0384	-156
1.0149	-181.8
0.011375	-207.1
-0.9816	-232.4
-1.980675	-258
-2.99485	-283.7
-4.0211	-311
-5.04235	-338.3
-6.06935	-366.7
-7.1006	-394.9
-8.09735	-422.6
-9.12985	-450.9
-10.11235	-478.9
-11.11735	-507.7
-12.13235	-536.8
-13.16735	-566.4
-14.19485	-595.8
-15.18235	-623.4
-16.20485	-651.7
-17.22735	-680.1
-18.26235	-709
-19.31235	-737.4
-20.31985	-763.5
-21.30735	-780.4
-21.44235	-780.6
-21.53485	-730.6
-21.21735	-679.3
-20.45985	-628.1
-19.67985	-577.5
-18.86985	-528
-17.98735	-476.2
-17.13235	-426
-16.21235	-374.5
-15.26235	-323.7
-14.24235	-271.8
-13.20735	-222.7
-12.19235	-177.4
-11.18485	-135.4
-10.20235	-98.16
-9.15735	-59.95
-8.12235	-24.13
-7.1206	7.339
-6.1306	38.71
-5.12335	66.24
-4.0801	92.02
-3.06735	115.6
-2.05155	139.6
-1.02835	164.8
-0.018925	189.9
0.9909	215.8
1.9974	241.6
3.0259	268.2
4.7369	312.4
5.74265	338.2
6.78015	365
7.79015	392.3
8.80015	419.2
9.80515	446.3
10.80015	473.5
11.83265	502
12.87515	531.4
13.89265	560.5
14.91265	589.2
15.95015	618
16.97765	647.2
17.95765	675.3
18.98765	703.6
19.98765	730.9
21.01765	757.3
22.04265	782.5
23.06265	801.5
24.09265	816.8
25.09265	829.5
26.13765	841.4
27.15515	851.4
28.19765	861.9
29.21515	870.3
30.24265	878.7
31.23265	883.1
32.14015	876.4
32.24765	826.2
32.08515	768.2
31.58515	717.8
30.80515	666.7
29.97765	614.9
29.13265	563.8
28.28265	513.7
27.38515	462.5
26.45765	411.1
25.51015	360.9
24.49765	310.5
23.49515	262.3
22.48765	216.9
21.46265	174.9
20.40265	132.2
19.38765	93.85
18.38015	59.08
17.35515	26.01
16.38015	-3.67
15.35765	-31.74
14.34015	-57.98
13.33015	-81.83
12.30015	-103.7
11.28265	-122.6
10.23515	-141.6
9.19015	-159.9
8.19265	-178.3
7.16765	-197.2
6.13765	-216.6
5.10015	-235.8
4.06615	-255.2
3.0414	-274.3
1.99765	-293.6
0.97115	-312.8
-0.027925	-331.5
-1.0891	-350.9
-2.1439	-371.1
-3.19885	-390.9
-4.1886	-410
-5.19085	-428.9
-6.22335	-449.2
-7.25385	-469.3
-8.25485	-489.6
-9.24985	-510.6
-10.24735	-531.5
-11.29985	-554.2
-12.33235	-576.8
-13.36235	-599.8
-14.38985	-622.1
-15.42235	-645.1
-16.44485	-668
-17.46485	-691.2
-18.50235	-714.5
-19.51485	-736.6
-20.54485	-759
-21.55985	-778.2
-22.61485	-794.9
-23.63985	-809.2
-24.65485	-821.6
-25.65735	-832.7
-26.66235	-843
-27.71735	-852.9
-28.73235	-861.9
-29.74735	-870.3
-30.73985	-877.8
-31.75235	-881
-32.15735	-878.4
-32.31985	-828.4
-32.08485	-778.6
-31.48735	-726.1
-30.72485	-675.8
-29.89735	-625
-29.00735	-574
-28.13235	-523.1
-27.17985	-471.7
-26.21235	-420.4
-25.18985	-370.1
-24.14235	-319.2
-23.10485	-271.6
-21.94735	-222
-20.93985	-180.7
-19.89235	-142.1
-18.84985	-106.8
-17.83235	-73.21
-16.80485	-40.78
-15.80735	-11.38
-14.78735	14.68
-13.79735	40.14
-12.76735	63.53
-11.77985	82.52
-10.75985	100.4
-9.75735	118.1
-8.74735	136.1
-7.70735	155.2
-6.6756	174.4
-5.63435	193.9
-4.6161	212.8
-3.57485	231.8
-2.521325	250.7
-1.49985	269.2
-0.4796	287.1
0.540675	304.9
1.6004	323.3
2.64565	341.8
3.6819	359.9
4.68865	377.5
5.67015	394.3
6.68765	411.7
7.71765	429.6
8.75015	447.3
9.75515	464.3
10.76265	481.8
11.77515	499.6
12.83515	518.3
13.84015	536.2
14.85515	554
15.87515	572.2
16.88015	590.8
17.92515	609.4
18.96765	628.4
19.96265	647.4
20.97765	665
22.00515	684.5
23.02015	702.6
24.05015	720.1
25.06015	737.7
26.10515	755.7
27.11515	773
28.11015	788.9
29.13515	805.1
30.15015	820
31.14015	831.2
32.13015	832.1
32.20765	781.6
31.83265	730.1
31.04515	679.4
30.24265	629.1
29.37265	577.5
28.51765	527.2
27.56265	474.3
26.62015	423.4
25.65015	373.3
24.64765	323.2
23.63265	276.8
22.62015	231.2
21.59265	187.7
20.56265	146.1
19.52765	107.9
18.52015	72.84
17.47265	39.13
16.45015	8.257
15.44015	-18.94
14.42265	-44.68
13.43015	-66.74
12.39015	-87.15
11.36015	-104.9
10.34515	-121.1
9.32265	-137.4
8.30015	-155.2
7.23015	-174.5
6.20765	-193.8
5.16265	-212.8
4.12315	-231.7
3.0954	-250.5
2.09115	-268.8
1.0619	-288
0.050675	-305.9
-0.96335	-324.1
-1.98815	-342.2
-3.01135	-360.5
-4.01335	-377.7
-5.06735	-396.3
-6.07935	-413.7
-7.0801	-431.2
-8.11235	-449.3
-9.13235	-467.3
-10.15985	-485.2
-11.17235	-502.8
-12.19235	-521.4
-13.21985	-539.8
-14.20735	-557.1
-15.22985	-575.1
-16.25235	-593.4
-17.26985	-611.6
-18.29985	-629.7
-19.33735	-647.9
-20.35985	-665.6
-21.39235	-683.8
-22.41735	-701.8
-23.42235	-719.7
-24.44485	-737.8
-25.46235	-755.9
-26.47235	-773.4
-27.50985	-790.6
-28.52735	-806.5
-29.52985	-821.5
-30.57735	-836.3
-31.59485	-846.1
-32.16485	-846.6
-32.27485	-796.3
-31.69985	-746
-30.90485	-693.4
-30.06985	-643
-29.18485	-592.5
-28.27985	-542.1
-27.35235	-491.4
-26.39235	-440.6
-25.34985	-389.7
-24.32485	-341
-23.28735	-292.3
-22.28735	-248.3
-21.25985	-205.9
-20.23485	-166.1
-19.19985	-129.4
-17.51985	-73.85
-16.47485	-41.6
-15.42735	-11.93
-14.42985	13.3
-13.40235	38.21
-12.38735	59.68
-11.37235	78.07
-10.32985	95.59
-9.30485	113
-8.30235	130.6
-7.29485	148.9
-6.26435	168.1
-5.21735	188.1
-4.2021	206.9
-3.16385	226.3
-2.0981	245.5
-1.10985	263.3
-0.054625	282.3
1.00465	301.3
2.0219	319
3.02165	336.8
4.06415	354.9
5.0709	372.3
6.10265	389.7
7.11515	407.1
8.16265	425.2
9.16765	442.1
10.19265	459.6
11.24515	477.4
12.27265	494.7
13.29515	512.4
14.31515	530
15.33265	547.2
16.34765	564.6
17.40265	583.3
18.41765	600.9
19.45515	619.6
20.43515	637
21.46765	655.8
22.52015	674.2
23.54515	692.3
24.55765	709.7
25.57265	728
26.57265	745.4
27.63015	763.1
28.67015	781
29.68765	797.4
30.71265	812.6
31.70265	822.4
32.14265	819.9
32.20015	770
31.95765	718.3
31.25015	667.5
30.41765	615.5
29.58515	565.9
28.68515	514.3
27.74515	462.2
26.80015	412.2
25.80265	361
24.79265	311.8
23.78015	265.2
22.73015	221
21.70015	178.6
20.65765	139.1
19.64015	101
18.62515	67.2
17.60265	35.92
16.57265	6.192
15.56515	-19.63
14.52265	-43.71
13.48515	-64.86
12.43265	-83.35
11.39765	-99.9
10.37265	-115.8
9.35515	-132.1
8.34015	-149.4
7.31015	-168
6.28265	-186.6
5.24765	-205.5
4.2074	-224.4
3.22265	-243
2.21965	-261.4
1.1859	-280.5
0.150575	-299
-0.8591	-317.2
-1.8806	-335.5
-2.9071	-353.4
-3.9681	-371.5
-4.9641	-389.4
-5.9816	-407
-6.9921	-423.9
-8.02235	-441.5
-9.08485	-459.9
-10.10735	-477.4
-11.12485	-495.2
-12.14235	-513
-13.17985	-531.2
-14.15485	-548
-15.19235	-565.7
-16.21985	-583.4
-17.19985	-600.5
-18.21985	-618.1
-19.22735	-635.3
-20.28985	-653
-21.33235	-670.7
-22.36485	-688
-23.41235	-706.2
-24.43235	-723.7
-25.45735	-741.3
-26.51235	-759
-27.54735	-776.8
-28.56235	-793.4
-29.57235	-808.5
-30.56735	-823
-31.60235	-833.7
-32.13985	-835.1
-32.27235	-785.5
-31.93485	-733.4
-31.12485	-681
-30.32485	-631.6
-29.44985	-581.1
-28.52485	-529.2
-27.56985	-477.3
-26.58485	-427.2
-25.55735	-377.8
-24.56985	-330.9
-23.53235	-283.1
-22.48485	-238.7
-21.48235	-197.2
-20.47235	-160.4
-19.45235	-124.6
-18.41735	-90.96
-17.39235	-59.91
-16.37235	-29.36
-15.35485	-2.523
-13.93485	31.15
-12.90485	52.06
-11.91985	69.54
-10.88985	86.83
-9.88235	102.8
-8.86985	119.8
-7.81735	138
-6.77985	156.9
-5.74235	176.2
-4.72185	195.1
-3.7261	213.6
-2.71485	231.7
-1.66135	250.9
-0.6276	269.2
0.380625	287.3
1.40365	305.2
2.39665	322.7
3.4419	340.9
4.44965	358
5.46515	375.4
6.47515	392.6
7.49265	409.6
8.50515	426.5
9.55515	443.7
10.58765	460.8
11.59265	477.5
12.62265	494.6
13.64515	511.9
14.67515	529.2
15.70765	546.4
16.70265	562.4
17.75015	580.5
18.76765	597.8
19.80265	615.6
20.82515	633.2
21.82765	650.8
22.85765	668.2
23.87265	686.1
24.88015	703.5
25.93265	721.6
26.97265	740.3
28.02015	757.9
29.02765	774.7
30.03515	791.3
31.04265	807.2
32.08015	822.7
33.06265	836.3
34.12515	848.6
35.15515	859.7
36.13515	869.4
37.17515	878.6
38.20765	887.9
39.25015	896.3
40.29015	904.3
41.29765	911.2
42.29515	911.4
42.86015	906.3
42.96265	856.1
42.77265	806.3
42.47515	755.6
41.61765	704.2
40.75765	652.1
39.87515	600.5
38.93015	549.3
37.96515	498
36.96515	447.5
35.94515	396.5
34.92765	347.7
33.87265	299.9
32.85765	256.7
31.81015	215.5
30.76015	174.3
29.72515	137.3
28.69515	101.1
27.69265	68.99
26.65015	38.48
25.60265	9.357
24.60015	-15.92
23.58515	-39.22
22.55515	-60.92
21.52015	-79.81
20.48765	-96.79
19.46515	-111.7
18.45765	-125.7
17.43015	-139.9
16.40515	-154.4
15.37265	-168.2
14.35015	-183.4
13.31265	-198.2
12.27765	-213.5
11.28765	-227.7
10.26265	-243
9.23265	-258.2
8.21265	-273.3
7.20765	-287.9
6.19015	-302.6
5.16265	-317.6
4.09765	-333
3.0839	-348.5
2.0459	-362.6
1.03765	-377.4
0.008575	-391.4
-1.0511	-405.8
-2.063775	-419.3
-3.1006	-432.9
-4.08885	-446.2
-5.12935	-460.1
-6.16985	-474.3
-7.19435	-487.8
-8.20485	-502
-9.21735	-515.5
-10.21485	-529.4
-11.24485	-543.8
-12.25985	-558.3
-13.27735	-572.5
-14.33235	-587
-15.33985	-600.8
-16.34985	-614.7
-17.35735	-629
-18.36235	-642.8
-19.38985	-657.5
-20.38735	-671.2
-21.41235	-685.6
-22.41735	-700.1
-23.39985	-714
-24.43985	-729.6
-25.49235	-744.9
-26.51735	-759.4
-27.52235	-774.6
-28.50485	-787.8
-29.52235	-801.2
-30.58235	-814.7
-31.61235	-827.2
-32.59985	-838.3
-33.59985	-848.9
-34.60485	-858.8
-35.65985	-868.7
-36.69485	-877.5
-37.73985	-886.2
-38.74485	-894.3
-39.76235	-901.8
-40.79235	-909.3
-41.81485	-914.6
-42.82985	-913.1
-42.85485	-912.6
-43.04485	-862.4
-42.80985	-810.8
-42.13985	-759.8
-41.32735	-708.7
-40.43235	-657.5
-39.50235	-605.7
-38.53235	-554.9
-37.55235	-503.2
-36.54485	-453.4
-35.52235	-403.8
-34.50735	-357
-33.49985	-312.7
-32.46735	-269.3
-31.39985	-227.5
-30.36485	-189.3
-29.33735	-153.2
-28.30735	-119.8
-26.86985	-76.37
-25.80735	-47.98
-24.76485	-21.15
-23.76235	2.752
-22.76485	23.58
-21.72235	44.26
-20.69985	61.42
-19.67235	77.02
-18.63485	91.1
-17.59735	104.9
-16.61735	118
-15.60235	132
-14.59235	145.6
-13.56235	160.4
-12.53735	175.4
-11.52235	190.2
-10.54735	205.2
-9.50485	220.6
-8.49485	235.8
-7.4786	251.1
-6.4486	266.3
-5.46535	280.6
-4.43135	295.1
-3.3661	309.9
-2.32145	324.2
-1.30435	337.6
-0.266125	351.3
0.7299	364.6
1.77115	377.9
2.79865	391.5
3.7854	404.6
4.79215	417.6
5.80265	430.2
6.85015	443.2
7.87765	456.5
8.91015	469.2
9.92265	481.9
10.96765	494.9
11.96765	507.6
13.04015	520.9
14.06515	533.6
15.08765	546
16.09265	558.6
17.08015	571.2
18.08515	583.6
19.11015	596.9
20.14015	609.7
21.15765	622.6
22.19515	635.8
23.19015	648.5
24.21015	661.3
25.24515	674.7
26.29015	688.2
27.31265	701.6
28.34015	714.8
29.37015	728.8
30.40015	741.7
31.43015	755
32.44265	767.7
33.45265	780.5
34.49015	793.1
35.51015	805.6
36.57265	817.8
37.59265	829.5
38.60765	841
39.61765	852.4
40.64015	863.2
41.62515	871.2
42.62765	872.9
42.84765	870.1
42.92515	819.8
42.63765	766.6
41.83765	715.9
40.96265	664.2
40.09015	614.2
39.16265	563.4
38.16765	512.6
37.17765	462.5
36.17515	413.6
35.16015	365.1
34.14265	319.9
33.11015	277
32.09265	236.1
31.08015	196.1
30.08765	160
29.04765	123.4
28.01515	90.5
27.04515	60.92
26.04515	32.43
25.02515	6.101
23.99015	-18.35
22.96765	-39.72
21.92515	-59.54
20.92015	-75.82
19.93265	-89.4
18.87765	-102.7
17.85515	-115.3
16.81015	-128.2
15.81265	-140.6
14.77515	-154.6
13.74015	-169.3
12.69265	-184.2
11.65515	-199
10.62765	-213.8
9.59515	-229.7
8.61765	-243.6
7.60765	-258.2
6.54515	-274.1
5.53015	-289.2
4.5154	-303.6
3.50065	-318.5
2.50715	-332.9
1.4884	-347
0.45455	-361.2
-0.5931	-375.3
-1.6011	-389
-2.612225	-402.6
-3.6506	-416.2
-4.6811	-429.5
-5.69035	-442.5
-6.72135	-455.9
-7.74735	-469.1
-8.75985	-482.1
-9.77985	-495.4
-10.83985	-508.7
-11.87985	-522.3
-12.90735	-535.2
-13.89235	-548.1
-14.95485	-561.3
-15.98985	-574.2
-16.99235	-587
-18.01735	-599.6
-19.05235	-612.3
-20.06235	-624.5
-21.05985	-636.8
-22.10235	-649
-23.12485	-661.8
-24.17235	-674.5
-25.19485	-687.2
-26.20985	-699.7
-27.23985	-712.6
-28.28235	-726.2
-29.31985	-739.1
-30.34985	-752.5
-31.37735	-766.5
-32.36485	-778.6
-33.39485	-791.1
-34.42485	-803.4
-35.44235	-815.7
-36.42985	-827.4
-37.44485	-839.1
-38.45735	-850.6
-39.47985	-861.5
-40.45735	-871.6
-41.48485	-881.3
-42.50235	-885.9
-42.86235	-884.4
-43.00235	-834.1
-42.44735	-783.7
-41.67485	-733.4
-40.81485	-683.1
-39.86485	-631.2
-38.87735	-579.5
-37.91985	-529.6
-36.92735	-480
-35.88735	-430.3
-34.86485	-383.6
-33.87235	-338.9
-32.86235	-295.9
-31.84985	-254.4
-30.35485	-199.1
-29.31735	-162.6
-28.32735	-129.9
-27.27735	-98.07
-26.25235	-69.36
-25.23485	-41.83
-24.21235	-16.93
-23.18735	4.954
-22.19735	25.23
-21.19735	43.76
-20.16735	59.26
-19.12985	73.48
-18.10485	86.56
-17.09735	99.4
-16.10735	112.1
-15.07735	125.5
-14.03235	139.7
-12.99485	154
-11.97485	168.8
-10.95235	183.7
-9.95485	198.5
-8.89485	214.7
-7.86485	230.3
-6.85935	245.5
-5.8716	260.4
-4.86635	274.8
-3.8526	289.7
-2.8112	304.2
-1.8061	318.2
-0.77085	332
0.24025	345.5
1.23765	358.8
2.26715	372.4
3.29915	386
4.3424	399.4
5.35015	412.5
6.35265	425.2
7.40515	438.3
8.44265	451.3
9.48265	464.2
10.49515	476.7
11.53515	489.7
12.54015	502.3
13.55515	515
14.60515	527.6
15.61015	540.1
16.61515	552.2
17.64515	565
18.61765	576.6
19.64765	589.5
20.69515	602.7
21.73765	615.3
22.73515	628.2
23.75515	640.5
24.75015	652.9
25.79765	666.1
26.83015	679.1
27.86265	692.6
28.90265	705.6
29.92515	719
30.96015	732
32.00515	745.5
33.02015	758
34.03015	770.2
35.02515	782.5
36.03765	794.9
37.05265	807.1
38.07765	819
39.09515	830.9
40.11015	842.1
41.10765	853.2
42.08515	860
42.85015	857.7
42.93765	807.5
42.59765	754.1
41.79015	704
40.91015	653.1
39.99515	601.5
39.02265	549.7
38.03265	499.5
37.01765	450
35.99015	400.2
34.95515	352.7
33.90015	306.1
32.85765	264.9
31.83515	224.6
30.81015	185.5
29.76265	148.1
28.72765	113.6
27.71265	81.74
26.71015	52.38
25.66765	25.09
24.63015	-0.4587
23.61015	-22.61
22.59515	-43.26
21.57265	-60.5
20.55265	-75.36
19.52015	-87.98
18.49015	-99.81
17.45765	-112
16.41515	-124.5
15.40515	-136.4
14.41515	-149.1
13.37265	-163.6
12.33265	-178.2
11.30015	-192.7
10.26765	-207.5
9.27265	-222
8.20765	-237.5
7.20265	-252.6
6.19515	-267.4
5.16515	-282.4
4.14515	-297.6
3.1289	-311.8
2.10065	-327.4
1.07715	-341.2
0.04355	-355.2
-0.9661	-369
-1.981775	-382.4
-3.02485	-396.3
-4.06135	-410.2
-5.09935	-423.7
-6.0971	-436.6
-7.1256	-450.1
-8.15735	-463.2
-9.21485	-476.8
-10.27985	-490.5
-11.32235	-504
-12.29985	-516.6
-13.32735	-529.2
-14.34235	-542.4
-15.36735	-555.2
-16.38985	-567.6
-17.40235	-580.7
-18.42985	-593
-19.43235	-605.2
-20.44735	-617
-21.49985	-629.7
-22.53235	-641.7
-23.56235	-654.4
-24.57485	-666.4
-25.59735	-678.5
-26.60985	-690.6
-27.63985	-703.4
-28.65235	-715.9
-29.68235	-728.7
-30.73235	-741.9
-31.78235	-756.7
-32.82485	-768.9
-33.86485	-781.5
-34.91485	-794.2
-35.95485	-806.6
-36.94485	-817.8
-37.98485	-830.1
-39.02235	-841.8
-40.04985	-852.6
-41.05735	-863.4
-42.07985	-870.8
-42.87235	-870.8
-43.01735	-820.4
-42.52235	-768
-41.69735	-717.1
-40.78485	-665.8
-39.84985	-614.6
-38.85485	-563.9
-37.86735	-513
-36.81985	-462.4
-35.81485	-415.2
-34.79235	-369.4
-33.79485	-325.7
-32.78235	-283.3
-31.74235	-243.2
-30.73985	-206
-29.72985	-170.5
-28.71735	-136.8
-27.70735	-106.2
-26.67735	-77.02
-25.68735	-51.28
-24.64985	-25.5
-23.61735	-2.477
-22.63985	16.65
-21.59485	36.65
-20.55485	52.38
-19.51485	65.87
-18.47235	78.85
-17.47485	90.59
-16.43485	103.3
-15.40735	116.4
-14.38735	129
-13.35485	142.9
-12.32735	157.3
-11.30985	172
-10.28485	187
-9.27985	201.9
-8.23985	217.8
-7.23535	232.3
-6.1946	248.4
-4.3331	275.5
-3.3116	290.2
-2.303425	304.1
-1.2951	317.9
-0.2539	331.9
0.79215	345.9
1.7864	359.1
2.81015	372.7
3.8434	386.1
4.84115	399
5.85765	411.9
6.91265	424.9
7.94015	437.9
8.96265	450.9
9.94515	462.6
10.98765	475.6
12.03765	488.5
13.10015	501.7
14.10015	513.8
15.12265	526.1
16.13265	538.3
17.16015	551
18.17765	563.1
19.20515	575.8
20.24015	588.4
21.25265	600.7
22.28515	613.4
23.30265	625.7
24.36015	638.7
25.40015	651.9
26.39515	664.1
27.42265	677
28.45515	690.2
29.44265	702.8
30.47015	715.6
31.47265	728.2
32.47515	740.8
33.49515	753
34.53265	766.2
35.54765	778.6
36.56765	790.8
37.58765	802.7
38.58515	814.5
39.59765	826
40.62015	837.5
41.62515	848.9
42.66515	860.3
43.68515	870.2
44.71765	880
45.71515	888
46.74515	896.6
47.79015	904.6
48.86515	912
49.88015	919.3
50.87015	925.7
51.92015	932.2
52.97015	938.2
53.99515	944.3
55.04515	950.2
56.07015	955.2
57.07015	960.2
58.09515	964.8
59.12015	969.4
60.14515	974.1
61.19515	978.9
62.19515	983.2
63.19515	984.6
64.22015	977.6
64.27015	976.3
64.42015	926
64.22015	876.1
64.07015	824.7
63.24515	774.6
62.37015	722.9
61.42015	671.7
60.52015	621.5
59.54515	570.7
58.57015	519.7
57.59515	471.5
56.54515	422.7
55.57015	379.3
54.52015	333.1
53.54515	291.9
52.49515	251.2
51.49515	214.1
50.44515	178.6
49.42015	144.9
48.41515	113.5
47.39515	84.08
46.38265	56.92
45.35265	31.42
44.33765	7.569
43.34015	-14.59
42.33265	-32.89
41.27265	-53.3
40.23515	-70.27
39.26015	-84.26
38.23765	-96.79
37.20015	-108.2
36.17015	-118.7
35.16015	-128.9
34.13515	-139.3
33.10515	-149
32.08515	-159
31.09265	-169.4
30.05265	-180.4
29.00515	-191.5
27.96765	-202.8
26.94265	-214.3
25.92765	-225.8
24.92765	-236.2
23.89015	-247.9
22.89015	-259
21.87265	-270.4
20.84515	-281.6
19.86265	-292.1
18.83015	-304.2
17.81765	-314.8
16.77515	-326.1
15.72765	-337.9
14.70265	-348.1
13.72015	-358.3
12.66015	-369
11.60015	-380.2
10.57765	-390.3
9.56015	-400.4
8.55015	-410.3
7.54515	-419.7
6.53015	-429.8
5.52765	-439.4
4.4834	-449.1
3.4664	-459
2.43615	-468.5
1.4444	-478
0.382125	-488
-0.6231	-497.5
-1.6206	-506.1
-2.646775	-515.7
-3.66535	-525.1
-4.69785	-534.7
-5.6816	-543.7
-6.7371	-552.9
-7.74735	-562.2
-8.75485	-571.5
-9.74485	-580.6
-10.78235	-590.2
-11.81735	-599.8
-12.82485	-609.2
-13.86735	-618.6
-14.91485	-628.1
-15.91485	-637
-16.92235	-646.3
-17.95485	-655.7
-18.97235	-664.9
-19.99985	-673.9
-21.02485	-683.3
-22.02735	-692.1
-23.08735	-702
-24.11485	-711.8
-25.10985	-720.8
-26.13985	-729.9
-27.14985	-739.7
-28.17485	-749.8
-29.22985	-759.7
-30.24235	-769.6
-31.25485	-778.6
-32.25985	-787.7
-33.28485	-796.4
-34.29235	-805.5
-35.33235	-814.7
-36.35235	-823.6
-37.36235	-832.1
-38.38735	-840.8
-39.43235	-849.1
-40.48485	-857.1
-41.51735	-865
-42.49485	-871.9
-43.51485	-879.1
-44.54985	-886.3
-45.57735	-892.9
-46.59235	-899.4
-47.65485	-906.2
-48.67235	-912.4
-49.68485	-918.3
-50.69	-924.1
-51.6775	-929.6
-52.73	-935.2
-53.755	-940.3
-54.78	-945.9
-55.78	-950.7
-56.805	-955.7
-57.78	-960.2
-58.83	-965.1
-59.88	-969.7
-60.88	-974.1
-61.905	-978.1
-62.905	-981.6
-63.905	-980.7
-64.28	-977.6
-64.58	-927.2
-64.38	-877.2
-64.105	-824.8
-63.23	-772.5
-62.355	-721.7
-61.405	-670.4
-60.355	-620.6
-59.355	-570.4
-58.355	-522.4
-57.355	-475.7
-56.33	-430.6
-55.28	-385.6
-54.28	-344.3
-53.255	-302.6
-52.24	-264.1
-51.1975	-227.1
-50.1575	-192.3
-49.14735	-160
-48.12485	-130.1
-47.10735	-102.8
-46.08485	-76.42
-45.05235	-50.87
-44.00735	-27.52
-42.99235	-6.697
-41.97235	12.84
-40.98235	30.14
-39.92735	45.69
-38.95235	59.4
-37.90235	72.75
-36.90235	82.61
-35.89485	92.57
-34.85735	102.2
-33.80735	111.5
-32.76985	120.5
-31.73735	129.9
-30.68735	139.6
-29.69985	149.1
-28.66485	159.1
-27.61235	169.7
-26.57235	180.4
-25.57985	190.8
-24.55735	201.5
-23.53485	212.1
-22.46985	223.5
-21.44985	234.5
-20.43235	245.3
-19.40485	256.2
-18.38235	267.1
-17.36735	277.8
-16.33485	288.8
-15.29235	299.6
-14.29485	310.1
-13.25235	320.8
-12.21235	331.4
-11.18485	341.9
-10.12235	352.5
-9.11235	362.4
-8.07485	372.6
-7.05785	382.3
-6.04085	392.1
-5.02485	401.7
-3.97135	411.3
-2.9286	420.6
-1.8931	429.6
-0.85485	438.8
0.1789	448
1.21115	456.5
2.2419	465.5
3.2594	474.4
4.29165	483.4
5.32765	492.3
6.33015	500.6
7.35515	509
8.39515	517.8
9.40265	525.7
10.43765	534.2
11.45765	542.7
12.44515	551.1
13.49765	559.2
14.51515	568.1
15.55015	576.4
16.57765	584.8
17.59765	593.1
18.59015	600.9
19.64265	609.7
20.69265	618
21.70515	626.2
22.74765	634.3
23.77265	642.9
24.75515	650.6
25.79015	658.9
26.81265	667.2
27.82265	675.3
28.85015	684.1
29.86265	692.3
30.87765	700.4
31.90515	708.6
32.95265	717.1
33.94015	724.9
34.97015	733.4
36.00515	741.8
37.01765	749.2
38.06515	757.5
39.08765	765.6
40.13765	774.1
41.17015	782.1
42.18765	789.8
43.23015	797.6
44.24765	805.7
45.22765	813.7
46.23765	820.9
47.27015	829
48.29515	836.7
49.29765	843.9
50.32015	851.3
51.34515	859
52.37015	866.6
53.39515	873.9
54.39515	880.7
55.44515	888.3
56.49515	895
57.52015	901.8
58.89515	910.9
59.89515	917.5
60.89515	923.6
61.97015	929.6
62.99515	934.2
63.97015	931.7
64.27015	927.3
64.39515	877.4
64.02015	824.8
63.12015	773.5
62.24515	723.4
61.29515	673.1
60.27015	622
59.27015	570.9
58.27015	521.3
57.27015	474
56.24515	428.5
55.19515	382.8
54.14515	339.2
53.12015	299.7
52.09515	260.7
51.09515	224.2
50.10515	190.7
49.06265	157.3
48.03515	126.9
47.04765	99.22
46.06015	73.39
45.01765	47.75
43.97765	24.4
42.98015	3.073
41.94765	-17.06
40.93015	-34.82
39.92265	-51.7
38.87515	-66.19
37.84015	-78.25
36.83265	-87.24
35.79265	-95.36
34.81015	-102.6
33.79015	-110.1
32.75265	-117.9
31.76515	-125.3
30.70015	-134.6
29.68265	-143.3
28.68265	-152.2
27.64515	-162.7
26.64015	-172.2
25.62015	-183.1
24.61015	-193.1
23.58015	-204.4
22.56265	-215
21.50765	-226.5
20.47765	-237.9
19.45265	-249.5
18.44765	-260.4
17.44765	-271.3
16.40515	-282.1
15.35015	-293.7
14.32765	-304.7
13.29515	-315.4
12.28765	-325.9
11.26015	-335.9
10.24265	-346.7
9.22265	-357.1
8.21515	-366.9
7.20515	-377.2
6.20015	-387.2
5.1799	-397.1
4.14065	-407
3.11915	-416.6
2.09765	-425.7
1.0989	-435.1
0.066475	-444.4
-0.93285	-453.3
-1.9786	-462.6
-3.001675	-471.7
-4.03685	-480.5
-5.0711	-489.6
-6.1006	-498.4
-7.10685	-507.2
-8.16985	-516.3
-9.17485	-525.1
-10.17485	-533.9
-11.21735	-542.6
-12.22735	-551.6
-13.24235	-560
-14.28735	-569
-15.29485	-577.5
-16.29985	-586.1
-17.30985	-594.6
-18.31985	-603
-19.36235	-611.2
-20.40485	-619.7
-21.40485	-627.6
-22.42485	-635.5
-23.43485	-643.6
-24.48735	-652.2
-25.48985	-660.1
-26.53235	-668.2
-27.55235	-676.3
-28.59485	-684.7
-29.61235	-693
-30.64235	-701.3
-31.70235	-710
-32.73485	-718.3
-33.76485	-726.5
-34.77485	-734.8
-35.79985	-743.1
-36.81985	-751.4
-37.82235	-759.6
-38.88235	-769.1
-39.87985	-776.3
-40.92235	-784.5
-41.95985	-792.5
-42.97735	-800
-44.04235	-808.5
-45.07485	-816.3
-46.09485	-824
-47.09985	-831.7
-48.09985	-839.3
-49.09485	-846.9
-50.1475	-854.6
-51.145	-861.7
-52.1525	-869.1
-53.18	-876.3
-54.205	-883.1
-55.205	-890.4
-56.255	-897.2
-57.255	-903.7
-58.28	-910.2
-59.305	-916.8
-60.33	-923.2
-61.33	-929.1
-62.405	-935.1
-63.355	-938.4
-64.305	-935
-64.53	-884.8
-64.105	-832.7
-63.23	-782.7
-62.38	-731.5
-61.38	-682
-60.38	-632.2
-59.38	-584.8
-58.33	-537.7
-57.33	-491.5
-56.305	-447
-55.305	-404.5
-54.28	-363.1
-53.255	-321.8
-52.2625	-284.5
-51.2225	-247.1
-50.18	-212
-49.16485	-178.9
-48.13985	-148.3
-47.11985	-120.4
-46.09735	-94.31
-44.16485	-48.16
-43.15235	-26.51
-42.11735	-6.789
-41.08985	11.24
-40.07985	27.84
-39.06735	42.34
-38.04735	54.95
-37.04735	65.46
-36.02985	74.63
-34.96235	83.58
-33.94985	91.37
-32.94735	98.21
-31.90485	106.1
-30.89985	114.1
-29.87485	122.1
-28.83235	131.2
-27.81985	140.3
-26.79235	149.6
-25.77735	159.1
-24.74985	168.9
-23.77235	178.7
-22.73735	189.1
-21.71235	199.8
-20.68735	210.5
-19.67735	220.9
-18.68485	231.6
-17.62985	243
-16.62235	253.5
-15.64235	264.3
-14.63985	275.4
-13.63485	286
-12.59735	296.7
-11.58235	307.3
-10.51485	318.4
-9.49985	328.5
-8.46235	339
-7.45035	348.9
-6.4346	359.1
-5.38185	369.4
-4.37485	378.9
-3.36535	388.3
-2.361725	397.5
-1.3296	406.6
-0.3396	415.5
0.697275	424.9
1.73565	434.1
2.7539	443
3.76515	452
4.7669	460.4
5.79265	469.4
6.82265	478.2
7.84765	487
8.86515	495.4
9.87515	503.7
10.89265	512.2
11.92765	520.8
12.95765	529.5
13.99765	538
15.04015	546.2
16.07515	554.7
17.09265	563.2
18.12015	571.8
19.18765	580.3
20.20515	588.3
21.20765	596.7
22.22265	604.6
23.20515	612.5
24.24515	621
25.27265	629
26.26515	636.9
27.26515	645.3
28.29515	653.6
29.30765	661.5
30.33265	669.7
31.35015	678.1
32.38265	686.6
33.39015	694.4
34.42265	702.5
35.44015	710.7
36.49515	718.9
37.50515	726.9
38.51265	735
39.57515	743.6
40.58515	751.6
41.60265	759.5
42.62515	767.6
43.65515	775.2
44.65015	783
45.69265	791.1
46.71765	799
47.72015	806.6
48.77765	814.7
49.78265	822.4
50.82015	829.9
51.79515	837.8
52.79515	845.2
53.84515	852.2
54.87015	859.9
55.92015	867.5
56.97015	874.5
57.94515	881.7
58.97015	888.7
59.97015	895.5
61.02015	902.2
62.07015	909.1
63.07015	913.4
64.07015	910.2
64.27015	906.3
64.39515	856.3
64.07015	804.6
63.27015	755.4
62.29515	702.5
61.32015	651.2
60.32015	601.1
59.29515	551.2
58.27015	502.5
57.22015	454.3
56.22015	410.1
55.19515	367.1
54.19515	326.3
53.19515	290
52.17015	251.8
51.17015	216
50.13265	183.5
49.13265	152.2
48.12765	122.7
47.07015	95.09
46.08515	70
45.04015	45.18
44.04015	23.62
43.03765	2.936
41.98765	-16.28
41.00265	-32.93
39.95515	-49.49
38.90765	-63.03
37.87265	-73.76
36.85015	-82.24
35.80265	-88.94
34.79515	-95.64
33.79015	-101.6
32.78015	-107.7
31.78015	-114
30.74765	-121.1
29.72765	-128.4
28.71515	-136.7
27.71015	-145
26.69515	-153.7
25.67515	-163.3
24.65515	-173.1
23.61765	-183.4
22.60765	-193.9
21.59265	-204.2
20.59515	-214.8
19.56265	-225.6
18.52515	-237
17.51265	-247.4
16.47015	-258.4
15.46765	-269.5
14.44515	-280
13.42015	-290.4
12.36515	-301.2
11.34015	-311.7
10.31265	-322.2
9.28765	-332.1
8.28765	-343
7.23515	-353
6.22765	-363.2
5.2089	-373.1
4.20365	-382.6
3.1899	-392.2
2.1644	-402.2
1.1154	-411.8
0.093725	-421
-0.9086	-430.2
-1.9481	-439
-2.932125	-448
-3.96135	-457
-4.9946	-466.2
-5.98435	-474.6
-6.9956	-483.2
-8.00235	-491.9
-9.01235	-500.9
-10.05985	-509.6
-11.08735	-518.7
-12.09735	-527.6
-13.12235	-536.4
-14.13235	-544.9
-15.12735	-553.3
-16.14985	-561.6
-17.19985	-570.8
-18.20985	-579.1
-19.19485	-587
-20.19735	-594.8
-21.22485	-603.4
-22.25235	-611.1
-23.26735	-619.6
-24.30985	-627.8
-25.32735	-635.6
-26.32735	-643.3
-27.34235	-651.1
-28.38235	-659.6
-29.41235	-667.6
-30.43235	-675.4
-31.46235	-683.6
-32.47735	-691.4
-33.46985	-699.5
-34.49235	-707.3
-35.49735	-715.7
-36.52235	-723.7
-37.52735	-731.9
-38.53985	-740.3
-39.53985	-747.7
-40.58485	-756.8
-41.61735	-765.7
-42.65235	-773.6
-43.66485	-781.3
-44.69985	-788.9
-45.66985	-796.4
-46.72985	-804.2
-47.77735	-812.4
-48.80735	-820.2
-49.82485	-827.6
-50.825	-834.8
-51.8775	-842.5
-52.905	-849.8
-53.905	-856.9
-54.93	-863.8
-55.98	-871
-56.98	-877.5
-58.03	-883.8
-59.055	-890.3
-60.08	-896.8
-61.105	-902.6
-62.13	-908
-63.13	-912.1
-64.105	-910.4
-64.305	-908.2
-64.53	-858.2
-64.28	-808.3
-63.88	-756.9
-62.98	-705.3
-61.98	-653.6
-60.955	-603.9
-59.955	-556.6
-58.955	-510.7
-57.955	-466.6
-56.905	-422.6
-55.93	-380.4
-54.905	-341.8
-53.905	-302.7
-52.88	-265.7
-51.8775	-230.5
-50.8675	-197.7
-49.85235	-166.9
-48.80735	-137
-47.80985	-110.1
-46.78485	-85.23
-45.78235	-61.47
-44.76735	-39.36
-43.78235	-19.82
-42.75235	-1.147
-41.75985	14.59
-40.73985	30.73
-39.73485	43.99
-38.71985	55.59
-37.69235	65.27
-36.66735	73.76
-35.68235	80.36
-34.63485	87.61
-33.62485	94.4
-32.56235	101.1
-31.50735	107.9
-30.50235	114.9
-29.48485	121.9
-28.49735	130.1
-27.48485	138.4
-26.41985	147.3
-25.38235	156.4
-24.33485	165.8
-23.30735	175.1
-22.27985	185.3
-21.29985	194.7
-20.27235	204.7
-19.23985	215.2
-18.21735	225.8
-17.20485	236.3
-16.15735	247.4
-15.17735	257.9
-14.13235	269.2
-13.07235	279.9
-12.04485	290.4
-11.01985	301.1
-9.99985	311.5
-8.99485	321.5
-7.94985	331.8
-6.94185	341.8
-5.92185	351.7
-4.9066	361.1
-3.90635	370.5
-2.92535	379.8
-1.8841	389.1
-0.86385	398.1
0.180575	407.3
1.2129	416.5
2.24665	425.4
3.26215	434.3
4.32415	443.5
5.3704	452.7
6.41515	461.4
7.43515	470.2
8.46015	478.9
9.47765	487.2
10.52515	495.8
11.53765	504.2
12.56765	512.9
13.57515	521.1
14.60015	529.4
15.63515	537.9
16.65265	546.2
17.63765	554.2
18.68265	562.6
19.69015	570.8
20.72265	579.2
21.75015	587
22.78015	595.5
23.80765	603.8
24.84765	611.6
25.87015	620.3
26.85265	627.9
27.90765	636.3
28.93265	644.7
29.94515	652.8
30.96515	660.8
31.95015	668.9
32.99515	677
34.03515	685
35.06265	693.3
36.09765	701.7
37.11015	709.1
39.13765	725
40.18765	733.2
41.22515	741.5
42.21015	749.1
43.24265	756.8
44.25765	764.8
45.29765	772.8
46.35265	781.1
47.36265	788.5
48.37515	796.3
49.39765	803.7
50.42015	811.4
51.44515	819
52.47015	827
53.49515	834.6
54.54515	842.1
55.52015	849.1
56.57015	856.7
57.57015	863.6
58.59515	870.4
59.62015	877.8
60.64515	884.6
61.69515	891
62.72015	897.4
63.72015	903.8
64.74515	910.2
65.74515	915.6
66.79515	921.5
67.79515	926.4
68.79515	931.4
69.84515	936.2
70.87015	941.4
71.87015	945.3
72.92015	949.8
73.92015	953.1
74.92015	956.9
75.97015	960.7
77.02015	964.6
78.07015	967.9
79.12015	971.4
80.12015	974.7
81.17015	977.8
82.12015	980.3
83.12015	982.7
84.17015	985.1
85.19515	979.9
85.72015	971.3
85.82015	921.1
85.64515	871.3
85.47015	819.5
84.52015	769.3
83.54515	717.9
82.52015	665.8
81.52015	618.1
80.47015	568.3
79.49515	523.1
78.44515	476.9
77.39515	433.7
76.42015	393.8
75.42015	354.2
74.39515	314.6
73.37015	277.3
72.37015	244.1
71.37015	211.5
70.32015	178.9
69.32015	149.1
68.32015	120
67.27015	93.76
66.29515	68.81
65.27015	45.27
64.22015	23.21
63.19515	2.018
62.17015	-16.65
61.17015	-33.35
60.12015	-49.31
59.09515	-63.44
58.04515	-76.28
57.04515	-86.51
56.02015	-95.5
54.97015	-103.1
53.92015	-110.1
52.97015	-116.2
51.89515	-122.7
50.89515	-128.8
49.83765	-135
48.80015	-142
47.75765	-147.8
46.75515	-154.9
45.70015	-162.2
44.66515	-169.3
43.67765	-176.4
42.65515	-183.6
41.61015	-191.4
40.60515	-198.9
39.53265	-207.4
38.51765	-215.5
37.49765	-222.7
36.50265	-231.1
35.47265	-238.5
34.44015	-247.7
33.40515	-255.8
32.36515	-264.3
31.34015	-272.9
30.32515	-281.4
29.31265	-289.7
28.31015	-298
27.30015	-306.8
26.26265	-315.6
25.25765	-323.4
24.24265	-331.3
23.22015	-340.4
22.22265	-348.2
21.17765	-356.5
20.16515	-364.5
19.14265	-372.6
18.12265	-381.5
17.10015	-388.4
16.12265	-396
15.07765	-403.7
14.07765	-411.1
13.04265	-418.6
12.00765	-426
11.00765	-432.9
9.96265	-440.7
8.93265	-447.9
7.90015	-454.8
6.88265	-462.3
5.85015	-469.6
4.82365	-476.6
3.7854	-483.7
2.74565	-491
1.71415	-498
0.69215	-504.9
-0.3296	-511.8
-1.34535	-518.6
-2.385025	-525.3
-3.3916	-531.9
-4.44335	-539
-5.45885	-545.6
-6.4766	-552.1
-7.51485	-558.7
-8.54735	-565.3
-9.55735	-571.8
-10.55985	-578.7
-11.58985	-585.8
-12.60735	-592.1
-13.63485	-598.8
-14.63985	-605.3
-15.67235	-611.4
-16.68485	-618.2
-17.69985	-624.4
-18.73485	-631.2
-19.74735	-637.4
-20.79235	-643.4
-21.83485	-650
-22.85735	-656
-23.85735	-662.2
-24.89235	-668.5
-25.90985	-674.7
-26.94485	-680.8
-27.98485	-687.2
-28.99735	-693.3
-30.03735	-699.6
-31.07985	-705.9
-32.11735	-712
-33.11735	-717.8
-34.11735	-723.4
-35.14485	-729.8
-36.14985	-735.8
-37.18735	-741.9
-38.20735	-747.5
-39.26735	-755
-40.28985	-759.3
-41.29735	-765.7
-42.30985	-770.6
-43.35735	-775.6
-44.36485	-780.1
-45.42235	-784.8
-46.46485	-789.1
-47.50235	-793.4
-48.50235	-797.2
-49.53735	-800.9
-50.5775	-804.1
-51.625	-807
-52.655	-809.1
-53.655	-808.1
-54.68	-807.9
-55.73	-809.7
-56.705	-810.7
-57.755	-811.4
-58.805	-812
-59.855	-813.2
-60.88	-814.4
-61.905	-815.1
-62.93	-815.4
-63.98	-816.1
-65.03	-816.6
-66.03	-816.9
-67.055	-816.9
-68.08	-817.6
-69.08	-818.1
-70.105	-818.7
-71.18	-818.7
-72.18	-819.4
-73.205	-820
-74.23	-821.1
-75.205	-821.3
-76.23	-822
-77.23	-822.4
-78.28	-822.9
-79.305	-823.5
-80.33	-824.1
-81.305	-824.9
-82.305	-825.7
-83.355	-826.1
-84.355	-825.5
-85.38	-819.2
-85.705	-813.6
-85.905	-763.5
-85.68	-713.4
-85.305	-660.4
-84.33	-609.7
-83.33	-559.4
-82.33	-514.7
-81.33	-472
-80.28	-429.8
-79.23	-389.2
-78.18	-350
-77.105	-312.5
-76.055	-278.8
-75.055	-246.4
-74.08	-215.5
-73.105	-187.8
-72.03	-159.4
-70.98	-132.5
-69.98	-108.5
-68.88	-84.63
-67.88	-63.39
-66.855	-43.48
-65.83	-24.45
-64.78	-6.514
-63.73	9.862
-62.705	24.27
-61.63	39.4
-60.555	52.15
-59.455	63.44
-58.455	72.11
-57.43	79.58
-56.43	86.33
-55.43	93.48
-54.38	100.4
-53.28	107.9
-52.28	115.4
-51.25	121.6
-50.2275	128
-49.21735	133.6
-48.20235	139.4
-47.16985	144.6
-46.12485	149.9
-45.00485	155.7
-43.97985	161.2
-42.94485	167
-41.90985	171.8
-40.88235	177.4
-39.84985	183.3
-38.79735	189
-37.77485	194.8
-36.74235	200.9
-35.72235	206.4
-34.68485	212.9
-33.64985	219
-32.61735	225.2
-29.52985	243.5
-28.41485	249.9
-27.39485	256.5
-26.34235	263
-25.30235	268.8
-24.27235	275
-23.23235	281.8
-22.20735	288.2
-21.17485	294.4
-20.15735	300.8
-19.11735	307.4
-17.98485	314.9
-16.97485	321
-15.88735	328.4
-14.88485	334.9
-13.87985	341
-12.87985	347.9
-11.87235	354.6
-10.84735	360.7
-9.81735	367.4
-8.81485	373.6
-7.80735	380.4
-6.6936	387.3
-5.5771	394.5
-4.4621	401.8
-3.4451	408.3
-2.409725	414.7
-1.3761	421.2
-0.3436	427.2
0.681075	434
1.7164	440.5
2.73615	446.9
3.7364	453.1
4.76715	459.5
5.78765	465.8
6.90765	472.7
8.03765	480
9.09015	486.5
10.12765	492.8
11.14265	499.2
12.16015	505.2
13.18265	512
14.20265	518
15.26515	508.6
16.36015	517.6
17.45515	524.9
18.48265	531.1
19.49765	537.1
20.51265	543
21.64265	550.1
22.66015	555
23.68765	561
24.71265	566.1
25.73515	572
26.76015	577.1
27.76515	582.7
28.78265	587.9
29.79765	592.9
30.81765	598.4
31.82515	603.9
32.96765	609.4
34.11265	614.7
35.14765	619.9
36.18265	624.9
37.23515	629.7
38.18515	634.3
39.31515	639.5
40.35765	644.3
41.39765	649
42.41765	653.4
43.49515	658.2
44.52015	662.8
45.55265	666.9
46.60515	671.6
47.65765	675.9
48.81265	680.3
49.86265	684.7
50.92015	688.6
51.94515	692.6
52.99515	696.4
53.69515	638.9
54.74515	650.8
55.74515	657
56.77015	662
57.79515	666.3
58.74515	669.7
59.79515	673
60.84515	676.4
61.99515	679.7
62.99515	683.6
64.07015	686.7
65.09515	689.8
66.14515	693.1
67.09515	695.7
68.12015	698.6
69.14515	701.4
70.22015	704.2
71.27015	707.2
72.32015	710.1
73.42015	713.3
74.52015	716.2
75.62015	718.7
76.69515	720.8
77.77015	723.3
78.84515	725.8
79.92015	728.1
81.04515	730.6
82.09515	733.1
84.02015	624.8
84.32015	635.1
85.52015	626.8
86.49515	613.8
87.52015	594.6
87.99515	544
87.89515	522.2
87.17015	528.7
86.19515	528.2
84.14515	531.1
84.04515	532.2
84.07015	542.6
84.34515	560.4
84.32015	557.3
84.27015	553.5
84.22015	554.8
84.14515	556.1
84.09515	556.6
84.04515	556.6
83.99515	558.2
84.44515	608.7
85.47015	645.4
85.72015	650.9
85.79515	598
85.24515	548.5
84.17015	502.8
83.14515	458.3
82.07015	416.5
81.02015	376.8
80.04515	341.5
78.99515	305.3
77.92015	272.6
76.92015	243
75.89515	214.5
74.82015	185.1
73.77015	158.9
72.79515	138
71.72015	110.3
70.69515	86.88
69.64515	65.18
68.62015	45
67.57015	26.79
66.57015	9.724
65.52015	-5.825
64.44515	-20.96
63.44515	-34.17
62.34515	-46.56
61.32015	-57.29
60.29515	-66.69
59.27015	-75.27
58.27015	-82.52
57.19515	-88.71
56.14515	-94.13
55.09515	-99.54
54.12015	-104.1
53.04515	-108.8
51.99515	-113.5
50.92015	-117.9
49.84765	-122.3
48.85765	-125.6
47.80265	-129.7
46.72015	-133.8
45.63265	-137.6
44.57015	-141.6
43.60265	-145.5
42.50765	-149.4
41.42265	-153.2
40.38765	-158.1
39.31265	-161.8
38.22265	-166.2
37.21765	-170
36.14015	-174.5
35.07515	-179.1
34.00015	-182.7
32.92515	-187.3
31.85515	-191.9
30.79765	-196.2
29.75015	-201.3
28.70015	-205.3
27.66515	-209.7
26.60515	-214.6
25.54015	-219.1
24.49015	-223.4
23.44265	-228.3
22.37265	-232.8
21.31765	-237.1
20.28765	-241.7
19.25015	-246
18.20765	-251
17.15015	-255.3
16.10265	-259.6
15.03515	-264
13.96765	-268.8
12.90015	-273.5
11.93765	-276.9
10.86515	-281.6
9.79765	-285.9
8.74265	-290.5
7.69015	-294.9
6.65015	-299.5
5.59515	-304
4.54015	-308.7
3.4939	-313.1
2.4314	-317.6
1.38165	-322.3
0.316225	-326.5
-0.75535	-331.4
-1.8376	-335.8
-2.91045	-340.3
-3.9791	-344.5
-5.0391	-348.8
-6.10785	-353.8
-7.1661	-358.2
-8.23235	-362.6
-9.25485	-366.8
-10.29985	-371.2
-11.32735	-375.1
-12.36235	-380.1
-13.39985	-384.6
-14.54235	-389.3
-15.59485	-393.8
-16.71735	-398.5
-17.74735	-403
-18.81485	-407.7
-19.88485	-412
-20.94735	-416.6
-22.00485	-420.8
-23.08235	-425.6
-24.14985	-429.9
-25.22235	-434.1
-26.19485	-438.3
-27.27485	-442.5
-28.35735	-446.9
-29.40985	-451.4
-30.48985	-455.5
-31.54235	-459.8
-32.59735	-464.5
-33.65985	-468.7
-34.71485	-473
-35.77485	-477.7
-36.81235	-482
-37.85235	-486.6
-38.92235	-490.9
-39.91235	-495.1
-40.96485	-499.2
-42.03235	-504
-43.08985	-508.4
-44.15735	-513.1
-45.23485	-517
-46.19235	-521.4
-47.32235	-526.4
-48.36485	-530.9
-49.38485	-535.3
-50.425	-539.4
-51.4675	-544.6
-52.5175	-548.9
-53.555	-553.6
-54.605	-558.2
-55.655	-562.4
-56.705	-567.2
-57.68	-571.1
-58.755	-575.6
-59.805	-580.2
-60.88	-584.5
-61.93	-589.4
-63.005	-594.2
-64.08	-598.6
-65.155	-603.2
-66.23	-607.9
-67.255	-612.8
-68.355	-617.6
-69.405	-622
-70.455	-626.8
-71.53	-631.5
-72.48	-636.1
-73.555	-641
-74.58	-645.8
-75.63	-650.6
-76.68	-655.6
-77.755	-660.6
-78.78	-665.2
-79.88	-669.9
-80.905	-674.9
-81.955	-679.8
-83.03	-684.7
-84.08	-689.5
-85.155	-691.4
-85.705	-689.1
-86.205	-638.5
-85.905	-588.4
-85.555	-535.2
-84.58	-483.9
-83.53	-434.2
-82.48	-391.1
-81.53	-353.6
-80.455	-314.9
-79.355	-277.4
-78.28	-242.1
-77.205	-210.8
-76.18	-181.3
-75.13	-153.1
-74.03	-126.3
-73.005	-102.7
-71.98	-81.42
-71.005	-62.06
-69.955	-41.88
-68.93	-23.49
-67.88	-6.147
-66.805	9.128
-65.73	23.62
-64.63	36.83
-63.58	47.2
-62.555	56.19
-61.505	63.48
-60.48	70.64
-59.43	77.38
-58.38	84.35
-57.33	91.56
-56.305	98.8
-55.23	106
-54.18	113.1
-53.155	119.7
-52.11	126.6
-51.07	133.2
-50.015	138.8
-48.96735	144.7
-47.92235	150.6
-46.95485	156.4
-45.87985	161.2
-44.74735	166.8
-43.68235	171.8
-42.61735	176.4
-41.53235	180.7
-40.45985	184.9
-39.37985	188.9
-38.29735	193
-37.21735	196.7
-36.24985	200.5
-35.18235	204.4
-34.18235	207.6
-33.11485	211.1
-32.01235	215.2
-30.91985	218.7
-29.90985	222.1
-28.83985	225.4
-27.76485	229.2
-26.67485	232.3
-25.57485	235.5
-24.48985	238.5
-23.39485	242.1
-22.41485	244.8
-21.32485	247.8
-20.24485	250.7
-19.15735	254.1
-18.06735	256.8
-16.99235	259.9
-15.93735	263.2
-14.88985	265.9
-13.83235	269.2
-12.76485	272
-11.70235	274.8
-10.61985	277.3
-9.61485	277.3
-8.54985	279.7
-7.4781	282.3
-6.4106	285.1
-5.33535	288.2
-4.2476	290.4
-3.1596	293.5
-2.1576	293.2
-1.1556	295.7
-0.062625	297.9
1.01465	300.5
2.05765	297.5
3.1104	301.7
4.1909	304.9
5.25915	307.5
6.35015	309.7
7.43015	312.4
8.50515	314.6
9.59765	308.2
10.64515	314.6
11.72515	317.9
12.79265	321
13.87515	323.3
14.96515	325.9
15.95265	327.8
17.00015	330.7
18.09265	333.1
19.16765	335.4
20.24015	338.1
21.29765	340.3
22.35765	343.2
23.35765	345.6
24.43265	347.9
25.50015	350.3
26.58015	353
27.65015	355.4
28.71515	358
29.77015	360.3
30.82765	363.1
31.89765	366
32.97265	368.9
34.05265	371.9
35.14015	374.4
36.24015	377.1
37.33515	379.4
38.41015	382.5
39.47765	385.4
40.47515	376.4
41.44015	380.8
42.50765	384.5
43.62015	387.6
44.70265	390.7
45.76765	393.9
46.86765	390.7
47.98015	394.3
49.04515	397.4
50.12765	400.8
51.12015	403.3
52.22015	406.4
53.27015	409.5
54.22015	412.2
55.29515	415.7
56.39515	419.3
57.44515	422.6
58.49515	425.6
59.59515	429.1
60.64515	432.6
61.77015	422.9
62.74515	428.3
63.79515	433
64.87015	436.3
65.82015	439.6
66.89515	442.9
67.94515	447
69.02015	450.1
70.09515	453.7
71.14515	457.2
73.62015	318
74.14515	300.1
73.19515	220.1
72.12015	195.3
71.07015	171.9
70.04515	155.7
68.99515	136.4
67.92015	118.2
66.82015	102
65.72015	85.18
64.54515	69.91
63.47015	61.47
62.42015	50.55
61.32015	42.66
60.29515	33.44
59.29515	26.65
58.27015	13.3
57.27015	5.55
56.92015	65.82
57.94515	45.96
56.92015	2.431
