"Vu,Priestley,Seible,Benzoni 1998,Specimen nr NH6"	
4153	
0	-0.4128
-0.25225	6.697
-0.272	6.651
-0.2885	5.229
-0.32	4.037
-0.363925	2.477
-0.3823	1.651
-0.406475	0.2752
-0.413975	-1.927
-0.4412	-5.55
-0.468425	-7.018
-0.468375	-11.28
-0.466875	-20.87
-0.495625	-9.22
-0.495625	0.8257
-0.482125	10.41
-0.40645	21.15
-0.339975	31.28
-0.2765	41.83
-0.23125	51.51
-0.17075	61.65
-0.11475	72.11
-0.04525	82.38
-0.03925	81.19
-0.01375	70.09
-0.0105	60.55
-0.01375	50.64
-0.02725	40.14
-0.06475	30.27
-0.0995	19.59
-0.1435	9.724
-0.21	0.2294
-0.24175	-6.33
-0.26	3.624
-0.266	14.04
-0.269	2.156
-0.2675	-8.578
-0.31275	-18.35
-0.35655	-28.39
-0.427675	-38.67
-0.492625	-48.81
-0.556275	-58.99
-0.601475	-69.36
-0.675625	-79.63
-0.748075	-90.73
-0.78435	-95.78
-0.823525	-85.96
-0.822025	-76.19
-0.820525	-85.04
-0.822025	-73.25
-0.820525	-62.84
-0.80555	-52.66
-0.74975	-40.14
-0.68915	-29.59
-0.619725	-19.4
-0.54705	-9.036
-0.48065	-0.0917
-0.424625	11.65
-0.36725	21.38
-0.3144	31.65
-0.25375	41.83
-0.192	51.56
-0.12075	61.92
-0.0635	72.47
0.00425	82.61
0.068	92.84
0.13	103.3
0.192	114.1
0.278	123.7
0.35675	134
0.42625	143.9
0.49725	154.5
0.57725	164.4
0.6485	172.6
0.68025	162.1
0.6785	151.8
0.677	141.8
0.671	131.7
0.67425	121.6
0.6305	111.3
0.60775	101
0.53225	91.01
0.467	81.01
0.39775	69.72
0.3235	59.31
0.2525	49.59
0.171	39.26
0.11025	28.94
0.0425	18.03
-0.00625	8.348
-0.083	-1.881
-0.1315	-12.02
-0.201	-22.16
-0.269	-32.29
-0.34005	-42.57
-0.40345	-52.61
-0.4731	-63.12
-0.52135	-73.25
-0.604625	-83.71
-0.65435	-94.17
-0.72855	-104.4
-0.80705	-114.3
-0.873675	-124.4
-0.947625	-134.7
-1.023275	-144.8
-1.08965	-155.2
-1.169875	-165.3
-1.245325	-175.3
-1.34075	-185.5
-1.35125	-186.4
-1.386	-176
-1.386	-166.1
-1.3875	-175.8
-1.3965	-166.4
-1.3965	-156.1
-1.3905	-145.5
-1.359	-133.9
-1.284875	-123.8
-1.22885	-112.3
-1.163975	-102.2
-1.073175	-92.15
-1.00505	-81.74
-0.94315	-71.69
-0.8859	-61.47
-0.81925	-51.33
-0.75435	-41.05
-0.678625	-31.19
-0.619775	-20.55
-0.56225	-10.69
-0.4913	-0.2752
-0.440025	9.724
-0.368875	20.18
-0.31905	30.09
-0.248	40.64
-0.18	50.55
-0.10575	60.92
-0.03025	71.01
0.03025	80.91
0.09975	91.37
0.171	101.8
0.23875	112.2
0.3055	121.9
0.4065	132.6
0.47925	143
0.55925	153.1
0.62275	163.1
0.68775	173.2
0.76025	183.6
0.83275	193.8
0.9295	204.2
1.02925	214.4
1.105	224.7
1.188	234.8
1.268	244.9
1.36175	255.1
1.4555	263.1
1.47525	252.4
1.47975	242.4
1.48575	232.6
1.48275	222.5
1.4675	212.4
1.463	222.4
1.47975	208.9
1.47825	199.8
1.463	189.1
1.433	178.5
1.34075	167.8
1.26975	157.5
1.1835	148.1
1.114	137.5
1.037	127.2
0.96425	116.8
0.907	106.9
0.8375	96.05
0.7695	86.14
0.69225	75.55
0.62875	65.36
0.55325	55.18
0.48075	45.09
0.41125	35.09
0.34175	24.72
0.2675	13.94
0.183	3.486
0.11325	-6.284
0.04375	-16.15
-0.02125	-26.42
-0.10275	-36.15
-0.1755	-46.83
-0.24625	-57.75
-0.311425	-67.8
-0.374775	-78.02
-0.4671	-88.39
-0.5214	-98.62
-0.597125	-108.7
-0.672525	-119.1
-0.75125	-128.9
-0.8251	-139.4
-0.920525	-149.7
-0.999175	-160.1
-1.06855	-170.5
-1.1533	-181
-1.233275	-190.9
-1.318	-201.1
-1.41	-211.4
-1.49475	-221.8
-1.578	-231.4
-1.6475	-242.2
-1.73975	-251.9
-1.83175	-262.1
-1.9255	-272.1
-1.9603	-275.9
-1.9966	-265.4
-1.998125	-255.4
-2.002625	-245.6
-2.001125	-255.3
-2.00565	-265.5
-2.004125	-255.5
-2.002625	-245.4
-2.004125	-234.8
-1.987575	-224.6
-1.936225	-213.9
-1.872875	-202.6
-1.81075	-192.4
-1.7215	-181.7
-1.64	-171.7
-1.572	-161.2
-1.4995	-150.9
-1.41775	-140.7
-1.35	-130.4
-1.255975	-119.8
-1.19415	-110
-1.12605	-99.54
-1.05055	-89.54
-0.999025	-79.49
-0.9266	-68.62
-0.84185	-57.89
-0.778525	-48.12
-0.70435	-37.71
-0.6289	-27.61
-0.565275	-17.57
-0.480725	-7.523
-0.418675	-18.03
-0.4202	-28.07
-0.4217	-38.12
-0.4277	-28.03
-0.39585	-17.98
-0.39435	-6.926
-0.3506	3.853
-0.30975	13.39
-0.23575	23.21
-0.17825	33.76
-0.11175	46.19
-0.02875	56.6
0.08325	67.38
0.15275	77.61
0.2285	88.3
0.31	98.53
0.3915	108.7
0.4625	118.9
0.53225	129.1
0.6105	139.6
0.68775	150.2
0.774	160.7
0.8645	171.3
0.94325	181.6
1.02175	192.2
1.1005	202.5
1.20175	213
1.291	223.2
1.371	233.6
1.448	243.7
1.53275	254
1.64925	264.7
1.73375	274.7
1.8245	285
1.932	295
2.20375	322.5
2.302	332.7
2.423	343.2
2.535	353.3
2.618	343.1
2.618	332.9
2.618	322.8
2.6075	312.8
2.60775	302.7
2.541	292.5
2.48225	302.7
2.4805	292.7
2.48675	282.7
2.48525	292.7
2.48975	278.2
2.4805	269.3
2.42025	259.1
2.3505	248.7
2.278	239.1
2.1995	228.8
2.1195	218.5
2.03475	208.3
1.94225	197.8
1.85925	187.1
1.77625	176.5
1.681	165
1.60525	156.5
1.5115	145.6
1.4315	134.9
1.3225	123.9
1.244	113.2
1.1715	102.5
1.078	91.69
1.00075	81.1
0.919	70.5
0.824	59.36
0.74675	49.08
0.67425	39.08
0.59725	28.62
0.51575	17.52
0.4445	7.018
0.36125	-2.66
0.254	-13.12
0.17075	-22.98
0.106	-34.22
0.02425	-44.59
-0.05725	-55.55
-0.1555	-65.64
-0.237	-75.87
-0.29775	-85.64
-0.38975	-95.87
-0.46845	-106.2
-0.545625	-116.2
-0.643725	-127.4
-0.7269	-137.6
-0.825275	-148.1
-0.905225	-158.9
-0.9884	-168.8
-1.07905	-178.9
-1.174225	-189.7
-1.242375	-200
-1.339	-210.1
-1.42825	-220.6
-1.51725	-230.6
-1.6005	-241.4
-1.69725	-251.6
-1.78475	-261.6
-1.883225	-272.6
-1.967625	-283
-2.0813	-294.3
-2.15825	-305.1
-2.283675	-315.2
-2.37435	-325.9
-2.4998	-336.3
-2.613225	-346
-2.715925	-356.2
-2.8431	-366.1
-2.9425	-355.8
-2.9455	-345.5
-2.9455	-335.7
-2.95	-345.6
-2.99875	-336
-3.00325	-326.1
-2.99725	-315.6
-2.956	-305.8
-2.938	-294.4
-2.86575	-282.4
-2.796075	-271.6
-2.712925	-261.3
-2.616275	-251.6
-2.528375	-241.7
-2.446725	-231
-2.366825	-220.3
-2.2912	-210.2
-2.21255	-199.5
-2.13265	-188.7
-2.019225	-177.7
-1.9526	-166.8
-1.86795	-155.9
-1.78475	-144.7
-1.69575	-134.1
-1.61125	-123.1
-1.5295	-113
-1.43575	-101.8
-1.3435	-90.04
-1.263575	-80.41
-1.17125	-69.95
-0.918775	-38.67
-0.835825	-28.12
-0.7586	-17.98
-0.666325	-7.293
-0.583325	2.798
-0.4986	12.57
-0.426175	22.75
-0.31125	32.98
-0.24475	44.31
-0.142	57.2
-0.06325	66.6
0.05475	77.34
0.1255	87.7
0.21775	97.61
0.3085	108.9
0.41875	120.1
0.5035	131
0.60475	142.4
0.7015	152.6
0.78925	163.5
0.86175	173.3
0.98275	184.2
1.0735	194.9
1.1625	205.3
1.2775	216
1.3605	226.8
1.48	237.4
1.5735	248
1.69325	258.8
1.78525	269.6
1.8955	280.5
2.0045	291.2
2.0995	301.6
2.201	312.1
2.293	322.4
2.405	333
2.50475	344.8
2.62125	354.9
2.74675	366.1
2.87175	376.9
2.99175	387
3.12575	397.6
3.2595	408.2
3.40675	418.7
3.55825	429.5
3.71	440.3
3.874	450.6
4.0505	461.9
4.20775	471.9
4.25275	473.4
4.42025	462.6
4.42275	452.4
4.42275	442.6
4.42025	432.5
4.39525	422.4
4.32775	412.4
4.25025	402.3
4.25525	412.4
4.25275	394.9
4.24275	386.4
4.18025	376.2
4.08025	365.3
3.9655	354.3
3.8655	343.2
3.7615	332.1
3.65725	321.4
3.54725	310.7
3.46425	300.5
3.347	289.8
3.25	279
3.14125	268.6
3.05075	257.9
2.95175	247.8
2.845	237.5
2.74675	227.3
2.63775	216.4
2.52575	204.9
2.42475	194.7
2.32025	184.2
2.2175	173.8
2.098	162.9
1.99075	152.6
1.8835	142.2
1.78825	131.2
1.678	121.1
1.59025	110.4
1.48	99.58
1.377	89.17
1.276	78.67
1.17	68.48
1.07025	57.06
0.97075	45.32
0.87075	35.55
0.78325	25.96
0.685	15.64
0.57775	4.908
0.496	-5.137
0.4055	-15.73
0.2875	-25.78
0.20725	-36.6
0.12875	-47.15
0.00925	-57.8
-0.08	-68.81
-0.1885	-79.91
-0.284	-90.5
-0.376	-101.4
-0.496925	-112.2
-0.5786	-122.9
-0.678375	-133.3
-0.793375	-143.8
-0.8748	-154
-0.988275	-164.4
-1.08505	-174.7
-1.170975	-185.6
-1.301075	-196.7
-1.4085	-207.9
-1.51875	-219.2
-1.6335	-229.9
-1.74375	-240.7
-1.846725	-251
-1.95265	-261.5
-2.040075	-271.8
-2.168775	-282.7
-2.281975	-293.5
-2.3864	-304.9
-2.478575	-314.8
-2.5905	-324.9
-2.6947	-336
-2.8051	-346.2
-2.88825	-356.6
-3.01975	-367.1
-3.1225	-378
-3.24175	-388.3
-3.3825	-400.2
-3.529	-411.3
-3.653	-420.9
-3.7905	-430.8
-3.94925	-441.6
-4.09725	-452.1
-4.25	-462.5
-4.3995	-472.8
-4.58575	-483.3
-4.62175	-486.4
-4.81225	-475.7
-4.80775	-465.2
-4.81525	-455.4
-4.80775	-445.5
-4.7595	-435.2
-4.67625	-425
-4.66275	-434.9
-4.67475	-425
-4.67475	-415.2
-4.67625	-403.4
-4.62475	-391.4
-4.54625	-379.5
-4.442	-368.7
-4.34675	-358.7
-4.244	-346.4
-4.155	-335.6
-4.0445	-325.4
-3.95525	-314.9
-3.842	-303.7
-3.74675	-293.7
-3.6635	-283.4
-3.54125	-272.1
-3.4415	-260.7
-3.328	-249.8
-3.24175	-239.7
-3.121	-228.7
-3.02725	-217.3
-2.90325	-206.2
-2.806625	-194.9
-2.714425	-185.3
-2.592	-174.3
-2.498325	-164.7
-2.380375	-153.9
-2.279175	-143
-2.155225	-132.2
-2.044775	-121.3
-1.930075	-110.2
-1.83315	-99.4
-1.71075	-88.39
-1.605	-77.57
-1.49	-66.74
-1.3905	-55.5
-1.275575	-44.22
-1.17575	-33.76
-1.0608	-22.84
-0.961275	-10.83
-0.8478	-0.6422
-0.738925	8.394
-0.599825	20.55
-0.5214	31.79
-0.4019	43.58
-0.302	53.94
-0.213	65.92
-0.086	76.97
0.0425	87.93
0.13475	99.22
0.24375	108.9
0.34775	119.7
0.47025	130.4
0.555	139.9
0.6835	150.5
0.7785	161.5
0.8875	170.9
1.0145	182.8
1.12925	193.1
1.23525	202.4
1.362	214.3
1.4785	224.8
1.6175	235.2
1.743	246
1.8595	256.5
1.9865	267.5
2.11025	277.8
2.23425	287.9
2.35225	298.2
2.46725	308.8
2.59125	319.3
2.73175	331.1
2.86425	341.5
2.9865	351.6
3.10575	362.7
3.2235	373.3
3.3445	383.6
3.46925	394
3.5935	404.3
3.71375	414.7
3.82725	424.8
3.9475	435.2
4.10275	446.9
4.23525	456.9
4.34275	466.9
4.48775	477.9
4.62775	488.2
4.79025	499.6
4.96025	510.6
5.13025	520.9
5.24025	526
5.38775	515.4
5.38775	505
5.39025	495
5.38775	484.9
5.36775	474.7
5.32775	464.6
5.26025	454.6
5.26525	464.6
5.26275	475.3
5.30275	485.7
5.34275	496.2
5.42025	506.4
5.47025	496.1
5.47275	486.1
5.47525	475.6
5.47025	465.2
5.43775	454
5.35525	441.5
5.24775	430.3
5.14525	419.8
5.01775	409.3
4.93275	398.2
4.81025	386.5
4.69525	375.8
4.58525	364.7
4.45275	353.4
4.34025	342.3
4.24275	333
4.11025	319.8
3.9825	307.5
3.87725	297.1
3.7605	287
3.61625	276.7
3.5135	263.9
3.399	252.2
3.11925	229.3
2.986	216.9
2.86175	206.5
2.74525	197.2
2.61225	186
2.49275	175.9
2.34925	166.7
2.316	177.2
2.3145	187.4
2.319	198.1
2.35675	208.9
2.402	219.8
2.49575	229.9
2.60175	241.1
2.67725	253.3
2.7785	264.8
2.898	277.1
3.01475	288.5
3.12725	299.7
3.2295	310.2
3.35775	319.9
3.4725	330.3
3.573	340.5
3.68125	351
3.79375	361.2
3.9035	372.1
4.00525	382.6
4.12275	393.4
4.24775	404.3
4.36025	414.5
4.48025	425.3
4.61775	435
4.71025	444.7
4.84525	455.6
4.97025	465.1
5.07275	475.5
5.18775	465.4
5.18775	455.2
5.18525	444.5
5.16275	433.5
5.09775	423.5
5.01275	412.9
4.87775	402.7
4.78775	392.1
4.68025	381.9
4.58775	371
4.47525	360.8
4.36525	350.9
4.25025	340.3
4.15525	329.6
4.02775	319.6
3.9205	309.5
3.8175	299.4
3.7255	289.1
3.5975	278.7
3.51475	268.7
3.39175	258.4
3.27475	248.2
3.166	237.8
3.04075	227.7
2.94925	217.3
2.81775	206.9
2.70575	196
2.59575	185.4
2.46425	175.3
2.378	165.2
2.266	154.4
2.165	144.2
2.0545	133.5
1.94575	124
1.82025	114
1.72525	102.9
1.61025	92.43
1.48775	81.6
1.37125	70.27
1.261	58.94
1.14625	47.66
1.03275	37.8
0.924	27.34
0.8105	16.83
0.6925	6.468
0.593	-3.715
0.48875	-14.17
0.37825	-23.76
0.25125	-34.86
0.16525	-45.59
0.03225	-56.6
-0.078	-66.6
-0.1915	-76.74
-0.29425	-87.06
-0.43475	-75.23
-0.436275	-66.19
-0.4015	-55.37
-0.33675	-45.55
-0.2535	-35.37
-0.2415	-49.22
-0.24	-58.12
-0.249	-68.58
-0.3035	-78.62
-0.3985	-88.99
-0.4408	-78.3
-0.4408	-68.35
-0.4408	-61.42
-0.434775	-55.14
-0.4135	-48.03
-0.4015	-39.26
-0.338	-32.71
-0.3155	-23.81
-0.2475	-17.38
-0.2325	-12.25
-0.15375	-7.293
-0.0645	-17.11
-0.0765	-25
-0.12025	-30.14
-0.18225	-30.27
-0.16575	-20.32
-0.14475	-10.55
-0.1385	-12.48
-0.15675	-15.96
-0.19125	-17.89
-0.25325	-21.93
-0.29725	-26.1
-0.34425	-30.92
-0.36225	-36.28
-0.415	-42.84
-0.43025	-48.53
-0.45005	-38.21
-0.412	-27.8
-0.33075	-17.48
-0.246	-28.71
-0.246	-39.45
-0.258	-49.91
-0.32775	-60.09
-0.403	-72.06
-0.487725	-82.98
-0.61485	-72.2
-0.61635	-62.2
-0.581375	-52.06
-0.527175	-42.06
-0.44845	-31.01
-0.3925	-41.88
-0.3925	-51.65
-0.406	-61.6
-0.447025	-72.06
-0.528575	-81.65
-0.56165	-71.92
-0.563175	-61.79
-0.5572	-51.28
-0.512	-41.05
-0.440825	-30.78
-0.3985	-40.96
-0.3955	-51.65
-0.4015	-61.28
-0.4332	-71.47
-0.5089	-81.56
-0.61185	-71.37
-0.045	-53.3
-0.29275	-35.87
-0.332	-24.72
-0.3335	-11.47
-0.4045	-1.147
-0.924475	6.605
-1.455	-0.2294
-1.8191	-10.37
-2.278425	-20.14
-1.5395	-20.64
-0.676575	-19.91
-1.157275	-20.09
-1.6695	-20.46
-2.177475	-20.55
-1.772425	-10.5
-1.272175	-8.991
-0.765925	-2.064
-0.2415	-0.367
0.0805	-1.147
0.06375	-2.385
0.03975	-7.247
-0.02225	-11.33
-0.07225	-16.88
-0.0845	-27.16
-0.0935	-37.2
-0.14175	-42.2
-0.1615	-47.48
-0.3805	-58.03
-0.435	-68.16
-0.501675	-78.21
-0.580075	-88.8
-0.70415	-98.57
-0.790375	-108.9
-0.8718	-118.8
-0.974675	-129.2
-1.0743	-139.5
-1.163475	-150.2
-1.24515	-160.9
-1.3374	-171.5
-1.45525	-181.6
-1.558	-192
-1.6775	-202.4
-1.8014	-212.9
-1.893575	-223.4
-2.016	-233.5
-2.12345	-243.2
-2.23665	-253.8
-2.3516	-264.1
-2.4603	-274.5
-2.592	-284.5
-2.7007	-294.8
-2.82025	-305.4
-2.947	-315.3
-3.04525	-325.4
-3.17675	-335.7
-3.31	-345.8
-3.41575	-356.2
-3.54125	-366.5
-3.6695	-377.2
-3.783	-388.2
-3.91275	-399
-4.0445	-409.9
-4.1685	-419.8
-4.2985	-430.5
-4.40725	-441.1
-4.54175	-451.4
-4.673	-461.8
-4.8105	-472.6
-4.927	-482.2
-5.066	-492.8
-5.21425	-503.3
-5.35625	-513.7
-5.54075	-523.9
-5.689	-533.7
-5.81475	-541
-5.9315	-530.3
-5.9405	-519.8
-5.937	-509.9
-5.937	-499.8
-5.9135	-489.6
-5.78475	-438.7
-5.32175	-388.4
-4.80325	-338.4
-4.27425	-286.6
-3.7075	-235.6
-3.13775	-185.7
-2.555875	-134.5
-1.96935	-83.35
-1.41925	-32.48
-0.8525	19.36
-0.31725	69.03
0.245	119.4
0.836	169.4
1.4785	219.8
2.1195	269.8
2.774	320.8
3.5365	379.4
4.18025	429.5
4.81775	479.8
5.49275	530.1
6.29525	580.2
7.35525	631.3
8.21775	667.4
8.44275	617
8.30025	565.2
7.80525	515
7.22525	464.8
6.63525	414.2
6.00525	363.2
5.36775	312.1
4.71275	261.8
4.01425	210.2
3.31275	160
2.63325	110.1
1.9775	58.76
1.329	8.761
0.69275	-41.65
0.05625	-92.15
-0.5906	-143.5
-1.26175	-194.4
-1.9509	-244.9
-2.638825	-295.8
-3.3205	-347.3
-4.00675	-396.9
-4.6915	-447.8
-5.37425	-498.1
-6.1235	-547.7
-7.016	-598.5
-8.12975	-649.2
-9.03725	-685.3
-9.28225	-634.9
-9.20975	-583.9
-8.70975	-533.4
-8.17975	-483
-7.59725	-432.3
-6.94425	-380.9
-6.28225	-330.7
-5.6255	-280.3
-4.924	-229.2
-4.232	-178.5
-3.5125	-127.6
-2.79005	-76.88
-2.105325	-25.92
-1.40575	24.82
-0.707325	75.27
0.047	126.4
0.824	178.7
1.62975	229.9
2.4385	281
3.2445	331.2
4.08525	381.9
4.91025	432
5.71775	482.8
6.53525	533.4
7.38525	583.4
8.20775	630.3
8.36525	577.2
7.87275	527
7.25275	476.2
6.63275	425.7
5.97775	374.6
5.31525	323.8
4.62525	273.5
3.897	222.4
3.15125	172.4
2.42475	121.6
1.69925	70.73
0.9935	20.6
0.2755	-30.64
-0.398725	-81.14
-1.10605	-131.2
-1.863275	-182.2
-2.598025	-232.3
-3.38225	-283.5
-4.1745	-333.8
-4.98	-384.5
-5.7765	-434.6
-6.58375	-485.8
-7.38975	-536.6
-8.19475	-586.5
-9.00475	-636.7
-9.07725	-584.3
-8.54225	-535.1
-7.95725	-483
-7.3685	-433.1
-6.751	-383.2
-6.05575	-331.4
-5.3655	-280.8
-4.66425	-230.7
-3.94025	-178.4
-3.21475	-127.7
-2.505825	-76.74
-1.81975	-26.33
-1.12305	23.9
-0.43225	74.54
0.3115	126.1
1.06875	176.5
1.861	227.4
2.6665	278.6
3.49175	329.5
4.32775	380.5
5.14275	430.6
5.94275	480.6
6.75525	531.1
7.57275	581.5
8.20525	618.7
8.32525	568.4
7.94025	516.5
7.35275	466.5
6.71275	415
6.03525	364.7
5.38525	314
4.67275	263.3
3.9575	213.1
3.1875	162.2
2.42175	111.7
1.69925	61.51
0.98425	11.28
0.277	-39.13
-0.4365	-89.68
-1.1725	-140.9
-1.9419	-191.1
-2.679425	-241.3
-3.50025	-292.3
-4.312	-342.1
-5.1145	-392.7
-5.924	-443.2
-6.7135	-492.7
-7.50475	-543.6
-8.32225	-593.9
-9.03975	-638.9
-9.12225	-588.5
-8.75225	-537.6
-8.17475	-486.3
-7.61975	-436.2
-6.99425	-386.1
-6.272	-335.1
-5.5985	-284.4
-4.87	-233.6
-4.14125	-182.8
-3.40825	-131.7
-2.660025	-81.65
-1.943775	-30.82
-1.218125	19.45
-0.49865	70.04
0.236	119.9
1.00525	170.3
1.83975	222
2.6545	272.3
3.63725	332.1
4.49775	383.1
5.32025	432.8
6.14525	483.8
6.96025	534.7
7.78275	585
8.61275	635.3
9.58025	686
10.79525	736.2
12.07275	777.9
12.51525	790.3
12.76275	740.2
12.60275	683.1
12.19775	634.6
11.54525	583.7
10.87025	532.7
10.15025	482
9.42775	431.3
8.68025	380.7
7.90275	329.4
7.12025	279.1
6.31025	228.3
5.49275	178.3
4.60525	128.1
3.7395	77.8
2.88525	27.52
2.0515	-22.25
1.19875	-73.67
0.33875	-124.6
-0.51075	-174.6
-1.425	-225.7
-2.30325	-275.8
-3.1815	-326.1
-4.11725	-377.4
-5.0405	-428.1
-5.954	-478.7
-6.87325	-528.9
-7.79225	-579.2
-8.72225	-629.8
-9.73475	-680.1
-10.89475	-730.4
-12.13725	-776.3
-13.33725	-807.1
-13.65225	-756.8
-13.48975	-706.6
-13.10225	-655.3
-12.49975	-604.8
-11.87475	-553.9
-11.20725	-503.9
-10.50725	-453.5
-9.74975	-401.5
-8.99475	-351.5
-8.21225	-300.8
-7.39225	-249.8
-6.556	-199
-5.67525	-148.8
-4.78825	-98.25
-3.86625	-47.61
-2.99575	2.982
-2.105325	52.84
-1.1306	103.8
-0.181	153.4
0.82575	203.8
1.8655	254.7
2.924	305.3
3.99225	355.7
5.09525	405.8
6.17525	456.3
7.26525	506.7
8.36025	557
9.45275	607.5
10.55275	657.5
11.73775	708.2
12.49275	738.2
12.67775	686.9
12.19025	636.1
11.52025	584.8
10.84525	534.7
10.09275	484
9.33525	432.6
8.59275	383
7.81025	332.4
7.00025	282.3
6.16525	231.6
5.26525	181
4.38275	130.5
3.48825	80.27
2.57725	29.4
1.693	-20.23
0.79375	-71.05
-0.13425	-121.3
-1.08805	-171.6
-2.034075	-221.7
-3.03025	-272.1
-4.07625	-322.6
-5.12075	-372.9
-6.175	-423.4
-7.23975	-474.1
-8.30725	-525.3
-9.36475	-576.2
-10.44475	-626.3
-11.53475	-676.4
-12.61975	-726.4
-13.33975	-758.1
-13.50975	-705.2
-12.92725	-655.2
-12.31475	-604.5
-11.64475	-553.5
-10.94725	-502.7
-10.24475	-452.4
-9.51725	-401.7
-8.75225	-351
-7.93225	-299.7
-7.1145	-249.8
-6.255	-198.6
-5.376	-147.7
-4.45575	-97.02
-3.5745	-47.11
-2.7114	3.486
-1.8195	54.13
-0.869	105.2
0.13325	155.5
1.131	206.1
2.15725	256.1
3.226	307.3
4.30775	357.3
5.41775	408.1
6.51525	458.7
7.63025	509.2
8.72275	559.3
9.82025	610.2
10.95275	660.9
12.10275	711.6
12.49025	727
12.67275	676.7
12.31775	624.9
11.67775	574.9
10.97775	524.2
10.23275	473.5
9.47775	422.6
8.70525	372.1
7.90025	322
7.05775	270.5
6.20775	220.2
5.30775	169.3
4.37775	119.5
3.44075	68.58
2.5485	18.03
1.613	-33.16
0.65775	-83.67
-0.284	-134.6
-1.25425	-184.9
-2.263975	-235.2
-3.28875	-285.4
-4.34825	-336
-5.423	-387
-6.513	-438.1
-7.60975	-488.6
-8.64975	-538.4
-9.74975	-588.8
-10.85475	-639.7
-11.94225	-689.8
-13.06225	-740.5
-13.33725	-752.1
-13.53975	-702.5
-13.11725	-649.6
-12.47975	-598.5
-11.84725	-548
-11.14225	-497
-10.40475	-445.7
-9.63225	-394.1
-8.84975	-343
-8.03975	-292.2
-7.19825	-241.6
-6.29575	-189.6
-5.34875	-137.4
-4.3935	-85.55
-3.48525	-34.45
-2.58745	15.37
-1.64725	67.2
-0.66045	118.8
0.33125	169.3
1.36225	220.7
2.43075	270.8
3.53525	322.5
4.67775	372.9
5.81025	424.1
6.95775	475.7
8.08275	526.2
9.19775	576.5
10.33025	628
11.44525	677.6
12.65275	729.7
13.91775	780.2
15.17275	817.3
16.43025	841.6
16.79025	849
16.99525	798.6
16.80025	742.5
16.41275	695.8
15.73775	644.1
15.02525	593.2
14.26775	541.7
13.51275	491.3
12.69275	440.9
11.83525	389
10.96275	338.8
10.05025	287.2
9.13775	237.2
8.12525	186.2
7.08025	135.4
6.04025	85.23
5.03525	34.68
3.98275	-15.6
2.866	-67.06
1.731	-118.3
0.54	-168.8
-0.640725	-219.9
-1.899575	-272.2
-3.0985	-322.8
-4.327	-373.4
-5.5135	-423.1
-6.782	-474.8
-8.00225	-526.4
-9.20225	-576.3
-10.42475	-627.4
-11.64225	-677.8
-12.84225	-728
-14.11975	-778.6
-15.40975	-821.6
-16.70725	-856.3
-17.64725	-876.1
-18.29475	-825.7
-18.09725	-775.1
-17.74225	-724
-17.05475	-672.5
-16.38725	-622.3
-15.66475	-571.7
-14.88225	-519.9
-14.07725	-468.7
-13.24475	-417.1
-12.41475	-364.9
-11.54475	-314.4
-10.63975	-262.9
-9.66475	-211.2
-8.65475	-160.7
-7.61475	-109.6
-6.53875	-57.84
-5.48775	-8.532
-4.36475	42.61
-3.15575	93.94
-1.950925	144.7
-0.672175	195
0.6005	244.7
1.852	291.1
3.1455	338.6
4.40775	383.7
5.67775	429.3
6.95275	475.3
8.21025	520.7
9.50525	567
10.78275	611.5
12.06275	656.6
13.34525	702.3
14.63775	747.5
15.91025	789.7
16.82525	817.8
17.15775	765.5
16.70775	713.6
16.03025	662.5
15.34775	613.3
14.59025	562
13.82775	511.5
13.02275	460.5
12.14775	408.5
11.25775	357
10.31025	305.6
9.37775	254.9
8.40775	203.7
7.39025	152.8
6.30775	101.7
5.26525	51.74
4.21025	1.651
3.0845	-50.37
1.879	-102.8
0.6365	-153.5
-0.61335	-204.2
-1.86175	-252
-3.1315	-301.6
-4.392	-349
-5.657	-395.8
-6.95475	-444
-8.22475	-490.4
-9.46725	-537
-10.73975	-583.1
-12.00225	-628.8
-13.26475	-673.6
-14.53975	-719.5
-15.79975	-766.9
-17.04475	-808.9
-17.64975	-828
-18.14975	-775.5
-17.47975	-724.2
-16.80975	-672.3
-16.09225	-620.8
-15.35225	-570.3
-14.57475	-520.1
-13.78975	-469.8
-12.98725	-419.6
-12.14475	-369.1
-11.30975	-319.1
-10.41975	-268.6
-9.48225	-217.7
-8.48225	-166.2
-7.40975	-114.7
-6.35475	-63.76
-5.28375	-13.26
-4.1685	38.39
-3	89.77
-1.789375	140.3
-0.5105	190.3
0.77425	240.7
2.07125	288.8
3.3155	334.9
4.60025	380.4
5.88525	425.4
7.15775	470.2
8.42025	515.3
9.68275	560.1
11.43775	621
12.70025	664.8
13.95775	708.9
15.24525	753.8
16.50775	796
16.83525	805.8
17.16025	755.8
16.94275	702.2
16.30025	650.5
15.59275	599.1
14.83025	547.6
14.07025	497.2
13.26525	446.7
12.39775	395.7
11.51275	345
10.58775	293.5
9.64775	242.9
8.58775	191.1
7.49025	139.3
6.37775	87.66
5.29775	36.93
4.20025	-13.58
3.0145	-65.59
1.811	-115.9
0.56725	-165.3
-0.72065	-215.8
-2.014525	-264.5
-3.29475	-312.4
-4.54625	-358.6
-5.85	-407
-7.10275	-452
-8.37725	-498.1
-9.62475	-543.5
-10.89725	-588.8
-12.17475	-634.3
-13.42225	-677.5
-14.70725	-722.2
-15.97975	-767.8
-17.24475	-809.8
-17.65725	-822.8
-18.15475	-771.7
-17.88975	-719.3
-17.19725	-667.5
-16.47725	-614.8
-15.75225	-563.8
-14.97975	-512.3
-14.15725	-461.7
-13.32975	-410.4
-12.49475	-359.3
-11.58975	-307.4
-10.68475	-257.1
-9.74725	-207.7
-8.68475	-155.7
-7.59225	-104
-6.5255	-54.13
-5.42425	-3.853
-4.294	46.7
-3.0845	96.74
-1.833225	147.8
-0.5799	194.9
0.71075	243.6
1.982	288.3
3.239	333
4.48275	375.4
5.77275	419.6
7.04775	462.8
8.33025	506.6
9.59025	549.8
10.87275	593
12.15275	636.5
13.42025	679.7
14.66525	722.7
15.93025	765.3
17.20775	806.3
18.48525	842.4
19.72775	871.8
21.00775	894.1
22.30275	912.5
23.55025	926.4
24.81025	938.5
25.46025	944.1
25.84275	893.9
25.69025	844
25.64775	790.8
25.03775	739.7
24.28025	688.4
23.49275	636.4
22.71775	586.9
21.85525	534.6
21.01275	484.1
20.12275	432.8
19.17775	381.1
18.20775	330.1
17.17775	279.3
16.08275	227.5
14.88775	177.6
13.67025	127.2
12.39275	77.7
11.10275	29.95
9.83275	-13.76
8.55775	-56.05
7.31025	-94.95
6.02275	-132.5
4.75775	-168.4
3.449	-203.9
2.17825	-237.9
0.9025	-271.9
-0.36705	-305.6
-1.6275	-339.9
-2.89725	-376.5
-4.1805	-413.7
-5.4515	-450.4
-6.702	-486.6
-7.98225	-525.2
-9.26975	-564.3
-10.56225	-603
-11.82225	-641.4
-13.08475	-679.2
-14.36975	-718.1
-15.64975	-758.8
-16.92475	-796.5
-18.22475	-832.6
-19.50975	-864.7
-20.78975	-891.5
-22.04225	-912.1
-23.33975	-929.5
-24.63725	-943.7
-25.90725	-956.5
-26.27475	-959.4
-27.05475	-909.2
-26.87975	-859.2
-26.72475	-807.9
-26.04975	-757.2
-25.34725	-705.4
-24.56975	-654.6
-23.73225	-602.5
-22.90475	-552.5
-22.06225	-503
-21.15475	-450.9
-20.21975	-399.6
-19.26725	-347.6
-18.26225	-296.4
-17.18725	-244.4
-16.07225	-194.5
-14.88475	-144.2
-13.60225	-92.52
-12.33975	-43.85
-11.05475	2.523
-9.81225	44.81
-8.53975	84.91
-7.241	123.1
-5.94575	159
-4.68775	192.7
-2.939	237.5
-1.68	269.2
-0.41825	299.8
0.865	331.4
2.13025	361.6
3.392	391.7
4.66275	422.2
5.92775	452.9
7.18775	483.1
8.46025	514.1
9.72025	544.2
10.99775	573.8
12.25525	603.6
13.50775	633.4
14.76025	663.7
16.02525	693.5
17.28525	723
18.55275	752.8
19.83525	783.5
21.11275	812.1
22.39525	840.5
23.66025	866.3
24.93775	891.4
25.43275	899.9
25.81775	849.5
25.53275	798.4
24.93275	746.7
24.16775	695.7
23.36025	643.7
22.54025	592.7
21.67525	541
20.83775	491
19.89025	438.2
18.94025	386.3
17.96525	334.9
16.91525	285.1
15.80025	232.7
14.67025	182.9
13.44025	133.1
12.16275	82.7
10.86775	34.26
9.60525	-9.908
8.31025	-54.17
7.01025	-94.31
5.73775	-132
4.45525	-168.4
3.17125	-202.6
1.9075	-235.4
0.65325	-267.4
-0.628475	-299.8
-1.914825	-331.9
-3.16475	-364.3
-4.4405	-396.5
-5.719	-428.7
-6.9905	-460.3
-8.24475	-491.8
-9.54725	-525
-10.80225	-555.9
-12.09225	-587.8
-13.32475	-618.1
-14.60475	-648.3
-15.87975	-679.2
-17.15225	-709.8
-18.40225	-741.1
-19.70225	-774.1
-20.96975	-803.5
-22.22225	-831.4
-23.47475	-858.7
-24.74225	-885.1
-26.01725	-910
-26.27475	-914.5
-26.96225	-863.9
-26.59975	-812.9
-25.92975	-762.4
-25.22475	-711.3
-24.45225	-660.5
-23.59225	-608.8
-22.76225	-559.2
-21.55475	-488.6
-20.62975	-437.1
-19.69475	-386.4
-18.73225	-335.8
-17.75475	-285.9
-16.67725	-234.7
-15.51725	-183
-14.26975	-131.6
-13.02975	-82.34
-11.72725	-32.11
-10.48475	12.02
-9.20475	56.05
-7.93975	96.1
-6.67	133.8
-5.41475	168.6
-4.14975	202
-2.89075	234.2
-1.6015	266.1
-0.3455	296.5
0.95125	328.3
2.2165	358.1
3.49175	388
4.76775	417.9
6.02525	447.9
7.29525	477.4
8.57025	507.2
9.84275	536.7
11.12525	566.4
12.39025	595.7
13.69775	625.6
14.95775	655.5
16.21775	684.7
17.48525	713.9
18.75775	743.1
20.05025	773.3
21.33275	802
22.61275	830.9
23.86525	857.9
25.16025	883.9
25.45525	888.9
25.80775	838.8
25.54275	786.1
24.99025	735.3
24.24025	684.7
23.43025	633.2
22.60525	582.2
21.74275	530.9
20.89025	481.5
19.97775	431.1
19.02775	379.5
18.02275	327
16.98025	276.4
15.86025	225.7
14.69275	175.7
13.41525	124.6
12.13525	75.64
10.84775	28.3
9.59275	-14.82
8.31025	-57.48
7.06025	-96.24
5.78525	-133
4.50275	-168.6
3.2165	-202.7
1.94525	-235
0.685	-266.2
-0.556025	-297
-1.848225	-328.7
-3.09825	-360
-4.37975	-392.4
-5.6615	-423.4
-6.93825	-454.3
-8.22475	-486.3
-9.53475	-518.9
-10.79475	-549.4
-12.09225	-580.3
-13.36975	-610.9
-14.64475	-640.3
-15.89225	-670.3
-17.17475	-700.1
-18.43225	-730.4
-19.69225	-761.9
-20.96725	-791.2
-22.26225	-819.9
-23.51475	-847.3
-24.78975	-873.8
-26.04975	-899.1
-26.25725	-902.8
-26.90225	-852.6
-26.51975	-799.4
-25.82975	-748.3
-25.11975	-698.2
-24.32725	-648.2
-23.50475	-599.1
-22.62475	-547.3
-21.74725	-496.5
-20.82975	-445.3
-19.89975	-394.2
-18.97725	-345
-17.95725	-293.2
-16.88725	-242.2
-15.73225	-190.5
-14.48225	-139.2
-13.19725	-88.62
-11.92975	-39.49
-11.10225	-8.807
-10.84975	-59.49
-10.75475	-7.798
-9.77225	41.79
-8.51225	84.49
-7.26725	122.1
-5.96875	158.7
-4.7135	192.2
-3.40775	225.8
-2.1229	257.5
-0.8519	287.5
0.40125	317.1
1.67075	347.1
2.9265	375.9
4.21025	405.2
5.49775	434.9
6.80525	465.4
8.09275	494.8
9.36025	524.1
10.65525	553.1
11.88025	580.6
13.15525	609.4
14.41025	638.8
15.69275	667.6
16.97275	696.4
18.24525	725.3
19.53775	755.1
20.82525	783.7
22.09525	812.6
23.35025	839.6
24.64275	866.8
25.92775	892.6
27.23025	916
28.50775	935.3
29.78025	951.5
31.04525	965
32.31275	976.8
33.57525	987.2
34.05525	990.7
34.48275	940.4
34.28275	890.2
34.29025	836.4
33.71525	785.5
32.92775	735
32.09275	683
31.25525	631.6
30.38025	581.2
29.48025	529.8
28.57025	479.4
27.64775	430.1
26.66775	379
25.61275	326.5
24.51775	275.8
23.29775	224.9
22.04275	175.9
20.77275	127.7
19.47775	82.61
18.22025	40.5
16.93775	2.248
15.66025	-33.71
14.37275	-68.58
13.10525	-100.7
11.83025	-130.4
10.55525	-157.7
9.28025	-184.7
7.99275	-210.9
6.71025	-235.5
5.43025	-260.3
4.18275	-283.7
2.8795	-308
1.6295	-331.7
0.34925	-355.4
-0.929275	-379.9
-2.2201	-405.1
-3.523	-431.6
-4.7775	-457
-6.05875	-483
-7.3175	-509.2
-8.60725	-536.6
-9.86975	-563.1
-11.10975	-589
-12.39475	-616.5
-13.66475	-643
-14.90975	-668.7
-16.17975	-696.3
-17.43975	-723.5
-18.70725	-753
-19.99475	-781
-21.28975	-807.8
-22.60475	-834.4
-23.88225	-859.7
-25.14725	-883.6
-26.38225	-906
-27.69475	-927.3
-28.94975	-945.3
-30.18225	-961.3
-31.44975	-975.2
-32.76475	-987.2
-34.04475	-997.5
-34.90225	-1004
-35.73725	-953.8
-35.55225	-903.9
-35.44225	-851.7
-34.72725	-800.2
-34.00725	-748.6
-33.23225	-697
-32.39475	-647
-31.52225	-594.8
-30.60725	-543.4
-29.73975	-494.2
-28.76725	-442.5
-27.77975	-391.5
-26.78225	-342.5
-25.68475	-292
-24.51725	-241
-23.28225	-190.5
-22.02475	-144.4
-20.72975	-98.25
-18.71975	-30.73
-17.43975	8.073
-16.13725	45.55
-14.85975	78.99
-13.56725	110.2
-12.30725	139.3
-11.00225	168.3
-9.73225	194.6
-8.47975	219.9
-7.21225	244.3
-5.924	268.1
-4.64525	290.8
-3.394	313
-2.13925	335
-0.845625	356.5
0.415	378.4
1.66625	400
2.919	421.7
4.17275	443.1
5.48025	466.5
6.74775	488.7
8.03275	511.7
9.29775	534.3
10.58275	556.5
11.83525	578.7
13.08275	599.9
14.37775	622.6
15.65275	645.2
16.96775	668.6
18.23525	690.9
19.52025	714.3
20.80525	736.5
22.06525	758.9
23.34775	781.4
24.63275	803.8
25.88275	825.8
27.14525	847.6
28.42025	868.9
29.69275	889.7
30.96275	910.1
32.23525	929
33.49275	946.9
34.09525	953.6
34.44275	903.5
34.16525	850.3
33.60525	798.7
32.80525	748.6
31.95025	696.8
31.09775	646
30.18775	594.1
29.27275	543.3
28.35775	493.2
27.43275	443.9
26.45775	392.8
25.41025	341.4
24.29275	291
23.12025	240.5
21.87525	189
20.60275	141.6
19.35025	96.83
18.08275	54.31
16.79775	14.49
15.52775	-22.93
14.27525	-57.89
13.00525	-90.36
11.73025	-120.1
10.45525	-148.6
9.18025	-175.6
7.89275	-202.5
6.61775	-227.9
5.33525	-252.5
4.03875	-276.9
2.76875	-300
1.47075	-323.5
0.1875	-346.4
-1.05775	-369.6
-2.316775	-392.5
-3.5925	-416.4
-4.86975	-440.4
-6.1325	-463.1
-7.40475	-487
-8.68225	-510.7
-9.97725	-534.8
-11.23975	-558.3
-12.50225	-581.4
-13.76975	-604.3
-15.05225	-626.9
-16.31725	-650
-17.60475	-672.8
-18.86725	-696
-20.14475	-720
-21.39475	-743.3
-22.65225	-767.1
-23.90975	-789.5
-25.17725	-811.6
-26.47475	-834
-27.73975	-855.5
-29.00225	-876.2
-30.23725	-896.6
-31.54975	-917.5
-32.80225	-936.7
-34.06475	-954.8
-34.87725	-966.1
-35.62225	-915.8
-35.27725	-863.1
-34.56225	-811.6
-33.84975	-761.3
-33.06725	-709.5
-32.23475	-658.9
-31.37225	-609.2
-30.48725	-559.2
-29.54475	-506.6
-28.55475	-454.3
-27.57725	-404
-26.54475	-352.8
-25.45225	-301.5
-24.30475	-251.6
-23.02475	-199.4
-21.78475	-152.9
-20.53475	-107.2
-19.24475	-63.35
-17.93225	-20.27
-16.67475	16.24
-15.40975	53.3
-13.80475	94.95
-12.50725	126.1
-11.23725	155.2
-9.98975	181.5
-8.68975	208.3
-7.42975	233.5
-6.13975	257.9
-4.8945	280.7
-3.61	303.5
-2.308525	326.4
-1.031475	348.2
0.24575	370.3
1.4985	391.9
2.79375	413.8
4.09025	435.9
5.33275	457.3
6.59275	479
7.88275	501
9.16025	523.6
10.43275	545.3
11.74025	567.8
12.99775	589
14.30025	611.2
15.57525	633.4
16.80275	654.5
18.07775	676.4
19.38275	699
20.66275	721.6
21.92275	743.1
23.20775	765.4
24.45275	786.6
25.74775	809.2
27.01775	831.2
28.30025	852.6
29.56525	873.8
30.84025	894.2
32.11525	914.2
33.35275	932.9
34.09025	942.4
34.45025	892
34.18525	842.1
33.89025	790.6
33.11525	738.7
32.26025	686.8
31.41275	635.9
30.51025	584.3
29.60525	533.4
28.66025	482
27.68275	431.3
26.69275	380.8
25.66775	330.5
24.56275	279.5
23.34775	229.2
22.09525	180.5
20.81275	133.1
19.56025	89.81
18.29275	47.8
17.00775	9.174
15.73525	-26.51
14.46775	-61.51
13.20275	-93.71
11.97275	-122.4
10.66275	-151
9.38275	-177.9
8.08525	-203.8
6.80275	-228.4
5.53275	-252.7
4.26275	-276.1
2.9685	-299.4
1.7005	-322.1
0.41575	-344.7
-0.835725	-366.9
-2.094625	-389.7
-3.37775	-413.2
-4.6535	-436.3
-5.96275	-459.7
-7.2485	-483.1
-8.51975	-506.3
-9.80475	-529.8
-11.08475	-553.2
-12.35225	-575.5
-13.64725	-598.6
-14.94225	-620.9
-16.20475	-643.1
-17.50975	-665.8
-18.77475	-688.1
-20.04225	-711.3
-21.30475	-733.9
-22.61225	-758.1
-23.86225	-780.4
-25.13975	-802.1
-26.38975	-823.5
-27.69975	-845.4
-29.00725	-866.4
-30.29225	-887.4
-31.56225	-907.4
-32.81475	-926.6
-34.11725	-945.4
-34.88975	-956.2
-35.63975	-905.8
-35.41225	-855.9
-35.13975	-804.7
-34.41225	-752.9
-33.70725	-703.8
-32.88225	-653.4
-32.03225	-603
-31.14725	-552.5
-30.23725	-500.4
-29.32725	-451.1
-28.31725	-398.8
-27.27725	-348.7
-26.18225	-298.3
-25.03975	-247.7
-23.75975	-196.3
-22.48975	-149.4
-21.20725	-104.5
-19.92225	-61.33
-18.64725	-19.95
-18.24975	-9.036
-18.01725	-59.13
-17.88725	-7.11
-16.62475	40.23
-15.36725	73.99
-14.08475	105.8
-12.81725	135.2
-11.53975	163.6
-10.23975	190.6
-8.96975	215.8
-7.69975	240
-6.45375	262.9
-5.168	285.9
-3.9105	307.6
-2.64875	329
-1.367125	350.2
-0.0975	371.5
1.16625	392.6
2.43125	413.2
3.72225	434.1
4.97525	455.4
6.25775	476.3
7.50775	497
8.78775	518.7
10.06525	540.1
11.36525	561.4
12.64025	582.1
13.91775	603.6
15.18275	625
16.47025	646
17.75775	667.2
19.01275	688.8
20.29025	710.1
21.56525	731.4
22.85025	753.3
24.10025	774.1
25.37025	795.2
26.63275	816.9
27.92525	837.8
29.18275	858.9
30.42275	879.3
31.69275	899.6
32.96275	918.8
34.23525	937.4
35.49025	953.7
36.79025	969.6
38.06525	982.8
39.32275	994.7
40.64025	1005
41.92775	1015
43.16775	1023
44.44275	1031
45.75025	1038
47.05025	1045
48.31775	1051
49.58275	1057
50.85775	1063
51.28275	1065
51.70775	1015
51.55775	964.8
51.53275	912.1
51.03275	859.7
50.20775	808.5
49.33275	756.7
48.45025	706.9
47.52525	655.9
46.60525	605.3
45.63275	554.6
44.62775	503.4
43.58775	452.6
42.51025	402.4
41.38775	352
40.19775	301.8
38.89775	252.3
37.62275	206
36.38025	163.1
35.11275	123.2
33.85025	85.73
32.59275	50.18
31.30775	17.02
30.03775	-13.49
28.76025	-42.34
27.46525	-70.04
26.14775	-96.24
24.87275	-120.1
23.61275	-141.9
22.36025	-162.6
21.06025	-182.9
19.77025	-202.3
18.49275	-221
17.24525	-238.5
15.97025	-255.4
14.72525	-271.8
13.42525	-288.9
12.14525	-304.6
10.88025	-317.5
9.59275	-337
8.30775	-352.6
7.04525	-369
5.72525	-384.9
4.45025	-401
3.1875	-415.7
1.914	-431.1
0.62325	-446.4
-0.6812	-462.6
-1.94325	-478.3
-3.2355	-495
-4.481	-511.6
-5.78675	-529
-7.03675	-545.9
-8.31225	-563.5
-9.58725	-580.7
-10.86975	-598.3
-12.13225	-616.1
-13.41725	-634.2
-14.66475	-651.5
-15.92225	-669.7
-17.20725	-688.4
-18.46975	-707.1
-19.70975	-726.4
-20.98975	-746.4
-22.27225	-766.8
-23.54475	-785.9
-24.83475	-805.5
-26.10225	-824.5
-27.37725	-843.6
-28.67225	-862.4
-29.97225	-880.9
-31.23975	-899.1
-32.52975	-917.3
-33.79475	-934.2
-35.04975	-950.7
-36.35475	-966.5
-37.64225	-981.1
-38.86975	-993.5
-40.16225	-1006
-41.42475	-1016
-42.72475	-1026
-43.96725	-1035
-45.24475	-1044
-46.54725	-1052
-47.79225	-1059
-49.05475	-1066
-50.3075	-1072
-51.605	-1078
-52.11	-1080
-53.1175	-1030
-52.9425	-980.1
-52.9175	-928.5
-52.2525	-878
-51.515	-826.4
-50.725	-775.4
-49.88475	-723.7
-49.00475	-673.6
-48.08725	-623.1
-47.13725	-572.9
-46.17725	-521.7
-45.19475	-471.6
-44.13225	-420.8
-43.08725	-371.3
-41.91475	-319.7
-40.62725	-267.6
-39.35225	-220
-38.08975	-176
-36.79725	-134.1
-35.53975	-95.32
-34.27975	-59.03
-33.00975	-24.04
-31.69475	7.752
-30.41975	37.98
-29.14475	65.23
-27.91225	90.04
-26.60975	114.8
-25.36725	136.7
-24.08725	157.9
-22.79975	178.6
-21.53225	197.6
-20.25475	216.6
-18.97225	234.3
-17.69225	251.5
-16.43975	267.7
-15.11975	284.7
-13.82225	300.3
-12.53475	316
-11.28225	331.1
-9.99225	346.4
-8.70975	361.6
-7.44475	376.2
-6.2205	390.4
-4.962	404.2
-3.6775	419
-2.389825	433.3
-1.13535	446.6
0.134	461.4
1.42025	475.6
2.711	490.3
3.96775	504.4
5.26275	519.1
6.57275	534.5
7.81775	548.7
9.09775	563.7
10.38025	578.4
11.64525	593.3
12.89275	607.3
14.16025	621.6
15.44275	636.9
16.70775	652
17.98275	666.7
19.25275	681.8
20.56775	697.3
22.74525	723
24.04275	738
25.35025	753.6
26.60525	768.6
27.88275	783.6
29.14775	798.6
30.41775	813.5
31.72525	829.2
32.99025	843.5
34.22525	858.3
35.48525	871.9
36.76025	886.4
38.02275	900.5
39.31025	914.4
40.61025	928.2
41.86525	941.7
43.13525	954.4
44.42025	966.9
45.69775	979.1
46.96775	990.9
48.27025	1002
49.60775	1013
50.88275	1023
51.23275	1026
51.65775	975.6
51.30775	920.4
50.58275	870.7
49.75775	819.6
48.85775	768.4
47.97525	719.1
47.05525	668
46.12025	618
45.14275	567.9
44.10775	516.4
43.04275	465.9
41.93525	414
40.78775	363.2
39.52025	312.2
38.27525	263.6
37.00775	216.4
35.75025	173.2
34.48775	133.5
33.22525	94.95
31.93525	58.16
30.67775	25.09
29.37525	-6.238
28.10025	-36.19
26.80025	-64.63
25.53775	-90.18
24.26025	-114.4
22.98775	-136.3
21.68275	-158.7
20.42525	-179
19.14025	-198.6
17.87275	-217
16.59275	-234.6
15.30025	-252.4
14.00775	-269.3
12.73275	-285.8
11.44775	-301.5
10.13025	-317.7
8.83525	-333.3
7.56525	-348.6
6.30775	-363.8
5.02775	-379.9
3.7605	-395.1
2.47175	-410
1.22925	-424.5
-0.0405	-439.1
-1.359775	-455.1
-2.63245	-469.9
-3.8855	-485.3
-5.14725	-500.5
-6.423	-515.9
-7.71225	-531.5
-9.01225	-547.6
-10.27225	-562.9
-11.51475	-577.5
-12.80475	-593.4
-14.08475	-608.8
-15.38725	-623.8
-16.62475	-638.4
-17.88725	-653.6
-19.15725	-668.8
-20.45475	-684.7
-21.73725	-700.1
-23.00975	-715.5
-24.32725	-731.9
-25.60475	-747.7
-26.87475	-763.8
-28.15225	-779.1
-29.37725	-793.9
-30.66725	-809.2
-31.92975	-824.6
-33.19225	-839.5
-34.48975	-854.6
-35.77475	-869.8
-37.04225	-884.1
-38.32975	-898.5
-39.58475	-912.5
-40.84975	-926.7
-42.14475	-941
-43.40725	-954.6
-44.66475	-968.2
-45.90975	-980.8
-47.19975	-994.1
-48.46975	-1006
-49.73975	-1017
-51.0075	-1028
-52.1175	-1038
-52.9675	-986.8
-52.4925	-936.8
-51.735	-883.7
-50.9325	-833.2
-50.0925	-782.6
-49.26725	-731.9
-48.38225	-680.7
-47.42475	-629.1
-46.46725	-578.6
-45.46725	-528
-44.44225	-477.2
-43.38475	-425.8
-42.28225	-375.5
-41.13475	-325.3
-39.88725	-274.8
-38.60475	-227
-37.30475	-182.1
-36.01975	-139.6
-34.73725	-99.77
-33.49225	-63.03
-31.93225	-21.24
-30.67225	9.449
-29.40225	40.09
-28.08725	68.39
-26.80725	94.22
-25.56225	117.7
-24.29225	139.7
-23.01975	161.8
-21.75725	181.1
-20.47475	200.6
-19.20225	219.5
-17.93225	237.1
-16.62225	254.3
-15.36225	271.2
-14.08475	287.4
-12.80475	303
-11.55975	318.8
-10.25975	334.6
-8.97475	349.9
-7.72475	364.8
-6.4635	379.5
-5.1465	394.3
-3.8665	408.7
-2.585	423.2
-1.328925	437
-0.05625	451.4
1.242	465.7
2.52675	479.5
3.82775	494.3
5.12775	508.4
6.39525	522.8
7.65025	537.4
8.93775	552
10.17525	565.8
11.44275	580
12.75025	594.4
14.01775	608.9
15.30275	623.4
16.57525	638.1
17.85275	652.5
19.12025	666.9
20.38525	681.7
21.67275	696.3
22.94775	710.8
24.21275	725.1
25.47525	739.5
26.74025	754.7
28.01775	768.9
29.28275	783.3
30.55025	798.2
31.82275	812.5
33.08525	827.3
34.37275	842
35.63275	856.1
36.91525	870.1
38.17775	884
39.43525	897.8
40.71775	911.6
42.02275	925.4
43.28525	938.6
44.58025	951.8
45.85775	964.2
47.12275	976.1
48.41775	988.3
49.70775	999.3
50.95775	1010
51.28275	1012
51.70775	962.2
51.40775	909.5
50.73275	860.8
49.85775	808.5
48.95775	757.9
48.03525	707.1
47.09275	656.8
46.12025	605.5
45.09025	554.4
44.06025	503.5
42.96025	452.2
41.83025	401.1
40.65025	349.8
39.36275	300
38.10275	250.8
36.85275	206
35.57525	163.8
34.28775	123.6
33.04775	87.2
31.75025	50.87
30.46275	17.71
29.18525	-12.48
27.90525	-42.02
26.64775	-68.39
25.38775	-93.76
24.09775	-117.7
22.83275	-139.8
21.57275	-161.1
20.30275	-181.3
19.03025	-200
17.74525	-218.6
16.46025	-235.6
15.17275	-252.7
13.92525	-269.7
12.65025	-285.4
11.36775	-300.9
10.08525	-316.6
8.84025	-331.8
7.53025	-347.1
6.25775	-362.4
4.98775	-377.9
3.71225	-393.2
2.47175	-407.2
1.184	-422
-0.09775	-436.5
-1.370325	-450.9
-2.642975	-465.6
-3.8975	-480.5
-5.161	-495.3
-6.44175	-510.6
-7.69975	-525.6
-8.95475	-540.7
-10.25975	-555.9
-11.50975	-570.5
-12.79725	-585.7
-14.07975	-600.6
-15.38725	-615.4
-16.67475	-630.4
-17.94475	-644.9
-19.21975	-659.8
-20.48725	-675
-21.76725	-689.9
-23.03725	-705
-24.31725	-720
-25.59975	-735.5
-26.91975	-752.1
-28.19225	-767.5
-29.48225	-782.3
-30.73225	-796.8
-31.98225	-811.4
-33.26475	-826.3
-34.55475	-841
-35.81225	-855.7
-37.08475	-869.8
-38.30975	-883.3
-39.61725	-898
-40.88975	-911.9
-42.15225	-925.4
-43.41225	-939.1
-44.72725	-953.1
-46.00725	-966.3
-47.29225	-979.6
-48.57975	-992
-49.80225	-1003
-51.11	-1015
-52.1225	-1023
-52.9675	-972.7
-52.6175	-922.6
-51.89	-871.4
-51.0775	-819.3
-50.225	-768
-49.36975	-716.9
-48.48225	-667.6
-47.47725	-614.9
-46.51975	-564.8
-45.52475	-514.7
-44.49225	-464.6
-43.42225	-414.3
-42.30725	-364.7
-41.13225	-313.6
-39.87225	-263.8
-38.62225	-218.2
-37.36475	-175.7
-36.07725	-133.9
-34.82975	-95.55
-33.53725	-58.44
-32.25725	-24.08
-31.68475	-9.77
-31.38225	-60.27
-31.10975	-9.082
-29.86475	41.24
-28.60975	69.4
-27.33975	95.68
-26.05975	120.3
-24.77475	143.3
-23.50475	164.6
-22.24975	184.6
-20.93225	204.1
-19.68225	222.2
-18.38725	239.7
-17.12475	256.5
-15.85975	272.8
-14.56975	289
-13.32975	304.2
-12.04475	320
-10.77475	335.1
-9.53475	349.8
-8.28225	364.5
-6.9675	379.3
-5.70125	393.5
-4.42425	407.7
-3.16525	421.5
-1.889725	435.6
-0.61255	449.4
0.645	463.5
1.9055	476.6
3.15625	490.6
4.42025	504.6
5.70775	518.4
6.99775	532.8
8.25275	546.4
9.49025	560.2
10.75025	573.7
12.02025	587.5
13.30275	601.4
14.57275	616
15.85775	629.7
17.11025	643.6
18.38775	657.9
19.64525	672.2
20.90025	686
22.21025	700.6
23.47025	714.4
24.76025	728.7
26.01775	742.8
27.29525	757.5
28.58525	771.5
29.84775	785.8
31.12775	800.5
32.40525	814.1
33.71275	829.7
34.98025	843.5
36.23775	857
37.51525	870.9
38.74525	883.8
40.04525	897.6
41.29525	910.7
42.54525	923.9
43.81775	936.7
45.06525	949.2
46.34525	961.7
47.61275	973.6
48.88275	984.9
50.13275	996.3
51.40775	1007
52.73275	1017
53.98275	1026
55.25775	1035
56.55775	1043
57.80775	1050
59.08275	1057
60.35775	1064
61.60775	1071
62.88275	1076
64.15775	1082
65.45775	1087
66.75775	1093
68.00775	1098
68.50775	1100
68.90775	1050
68.73275	999.8
68.78275	946.1
68.35775	894.6
67.50775	842.6
66.60775	791.7
65.70775	740.2
64.80775	689.3
63.80775	638.1
62.83275	587.9
61.80775	536.2
60.70775	485.3
59.65775	436.1
58.43275	384.5
57.15775	333.7
55.95775	285.7
54.68275	241.1
53.35775	199.3
52.08275	159.1
50.80775	122.3
49.55775	87.61
48.26025	55.27
47.01775	26.01
44.87025	-20.14
43.56525	-46.05
42.28275	-69.26
41.01275	-91.42
39.75525	-111.6
38.44275	-131.4
37.15525	-149.6
35.90025	-166.5
34.63025	-183
33.38775	-198.2
32.11775	-212.9
30.82275	-227.8
29.58275	-241.7
28.34025	-254.8
27.02775	-268.7
25.76275	-282
24.49275	-294.5
23.25775	-306.7
21.97775	-319
20.69525	-331.5
19.41275	-343.7
18.12775	-356.5
16.86525	-367.9
15.62775	-379.5
14.33525	-391.5
13.04025	-403.4
11.77525	-414.3
10.50775	-425.6
9.23275	-436.5
7.93775	-448
6.64525	-460
5.38525	-471.3
4.15275	-482.1
2.83775	-493.7
1.542	-505.4
0.28025	-516.4
-0.997	-528
-2.25155	-539.2
-3.54075	-551.1
-4.82375	-563.1
-6.0785	-574.6
-7.35225	-585.9
-8.63225	-598.1
-9.91975	-610.3
-11.18975	-622.2
-12.44975	-634.7
-13.70225	-646.1
-14.97975	-657.8
-16.24225	-670.4
-17.51725	-683.1
-18.80475	-695.8
-20.06975	-709.2
-21.35475	-722.2
-22.64725	-735.5
-23.87725	-749
-25.17475	-762.5
-26.45725	-775.3
-27.75225	-788.5
-28.99975	-801.2
-30.27475	-813.6
-31.54225	-826.7
-32.82225	-839.8
-34.11225	-852.4
-35.35475	-865.2
-36.62475	-878
-37.92725	-890.4
-39.19475	-902.9
-40.46475	-915.4
-41.74225	-927.7
-42.98725	-939.6
-44.30475	-952.1
-45.56475	-963.7
-46.82225	-975
-48.09725	-986.5
-49.37475	-997.2
-50.64	-1008
-51.9025	-1017
-53.1925	-1027
-54.4425	-1035
-55.7425	-1044
-57.0175	-1053
-58.2675	-1059
-59.5175	-1066
-60.8175	-1073
-62.0925	-1080
-63.3925	-1085
-64.6425	-1091
-65.9675	-1096
-67.2425	-1101
-68.5425	-1106
-69.3175	-1109
-70.4425	-1059
-70.3175	-1009
-70.1175	-956.8
-69.3675	-907
-68.5425	-854.5
-67.6675	-803.5
-66.7925	-751.4
-65.8425	-700.8
-64.8425	-650.8
-63.8675	-601.4
-62.8175	-550.8
-61.7425	-500.3
-60.5925	-449.7
-59.4175	-397.7
-58.1925	-346.6
-56.9175	-298.2
-55.6425	-252.3
-54.3675	-208.3
-53.0675	-168.5
-51.81	-130.5
-50.5325	-94.63
-49.22475	-60.04
-47.95975	-28.85
-46.72225	-0.5046
-45.45725	25.64
-44.16225	52.38
-42.86475	76.51
-41.60475	98.02
-40.31725	119.1
-39.07225	137.8
-37.79975	156.1
-36.50225	174.1
-35.24225	190.1
-34.00225	205.4
-32.71225	220.5
-31.41475	234.8
-30.15475	248.2
-28.84225	261.8
-27.57475	274.4
-26.29725	286.8
-25.00475	299.3
-23.73975	311.5
-22.48225	323.3
-21.21975	335
-19.89975	346.9
-18.61975	358.3
-17.37475	369.3
-16.11975	380.7
-14.84475	391.9
-13.58475	402.6
-12.29225	413.7
-11.00725	425
-9.76975	435.3
-8.47225	446.9
-7.18975	457.7
-5.94125	468.1
-4.68825	478.3
-3.41275	488.7
-2.10545	499.6
-0.856975	509.8
0.3885	519.8
1.64725	530
2.9305	540.8
4.18275	551.2
5.43775	561.3
6.70025	571.7
7.93025	581.9
9.23025	592.7
10.51525	602.7
11.80025	613.4
13.07775	623.6
14.31525	633.9
15.62775	644.5
16.89775	655.5
18.14775	665.9
19.40025	676.3
20.70025	687.1
21.99525	698.1
23.28275	708.7
24.55275	719.2
25.79275	729.4
27.09025	740.5
28.35525	751
29.64025	761.8
30.94775	773.2
32.19775	783.7
33.49025	794.4
34.78275	805.5
36.00275	815.8
37.25775	826.6
38.54025	836.7
39.81775	847.1
41.09025	857.6
42.36775	868.5
43.66525	878.9
44.92525	889.3
46.19775	899.5
47.48275	909.9
48.75775	920
50.03275	930.4
51.30775	940.4
52.55775	950.5
53.85775	960.4
55.10775	969.8
56.40775	979.5
57.70775	989.3
58.95775	998.4
60.23275	1007
61.53275	1016
62.83275	1024
64.10775	1033
65.38275	1041
66.63275	1048
67.90775	1057
68.48275	1060
68.88275	1010
68.68275	960.2
68.23275	908.2
67.40775	857.5
66.48275	805.1
65.55775	754.7
64.60775	704.3
63.63275	653.4
62.60775	602.3
61.55775	551.3
60.45775	501
59.30775	449.3
58.13275	399.3
56.88275	348.5
55.60775	299.3
54.30775	255.2
53.08275	212.7
51.78275	174
50.55775	137.4
49.28275	102
48.00775	68.25
46.74775	38.35
45.48775	9.587
44.23025	-16.83
42.95275	-41.42
41.68775	-65.18
40.40025	-87.24
39.14775	-106.6
37.88525	-126
36.59275	-144.6
35.33275	-161.2
34.05275	-177.2
32.76275	-193.1
31.45275	-208.2
30.18525	-222.2
28.90775	-236.1
27.67025	-249.3
26.36525	-263.3
25.09025	-276
23.81775	-289.2
22.53775	-301.7
21.30025	-313.8
20.01025	-326.1
18.74275	-338.4
17.47775	-350.4
16.23275	-362.1
14.94275	-374.3
13.65275	-386
12.39025	-397.5
11.13775	-408.8
9.85275	-419.9
8.58775	-430.9
7.29525	-442
6.04525	-453.6
4.74025	-464.8
3.499	-475.3
2.18325	-486.5
0.921	-497
-0.338	-507.9
-1.576	-518.6
-2.83325	-529.6
-4.1225	-540.3
-5.377	-551.4
-6.6395	-562
-7.92225	-572.8
-9.15975	-583.5
-10.45475	-594.7
-11.72225	-605.8
-13.01975	-616.9
-14.27725	-627.3
-15.56225	-638.4
-16.83975	-649.2
-18.13475	-660
-19.39475	-670.6
-20.62725	-681.8
-21.89725	-692.9
-23.19225	-704.1
-24.43975	-715.1
-25.71475	-726.7
-26.96725	-737.8
-28.23725	-749.7
-29.50475	-761.3
-30.78725	-771.9
-32.03225	-782.7
-33.33725	-794.3
-34.63225	-805.1
-35.92225	-816.3
-37.21725	-827.2
-38.48225	-837.8
-39.76725	-849
-41.05725	-859.9
-42.31975	-870.2
-43.57225	-881
-44.81975	-891.6
-46.09225	-902.1
-47.38975	-913
-48.64475	-923.5
-49.92475	-934.2
-51.25	-944.7
-52.5175	-955.1
-53.7425	-964.8
-55.0175	-974.5
-56.3175	-984.4
-57.6175	-994
-58.9175	-1003
-60.1675	-1012
-61.4675	-1020
-62.6925	-1029
-63.9925	-1037
-65.2675	-1045
-66.5175	-1052
-67.7925	-1060
-69.0675	-1067
-69.3175	-1069
-70.2675	-1018
-70.0175	-967.1
-69.2675	-915.2
-68.4675	-865.5
-67.5675	-812.8
-66.6425	-760.8
-65.7175	-710.2
-64.6925	-658.3
-63.6675	-608.5
-62.5675	-556.9
-61.4425	-506.1
-60.2925	-455.7
-59.1675	-405.6
-57.9175	-355
-56.6425	-305.6
-55.3925	-259.7
-54.0925	-215.7
-52.7675	-175.4
-51.525	-137.8
-50.2525	-101.4
-49.02475	-68.58
-47.72475	-36.15
-46.44225	-5.963
-45.17225	20.23
-43.93225	46.83
-42.62975	71.01
-41.37225	92.93
-40.11225	113.8
-38.82475	133.5
-37.56725	151.9
-36.25475	169.4
-34.99475	185.4
-33.70725	201.1
-32.46475	215.5
-31.16725	229.7
-29.91725	243
-28.63225	256.1
-27.37975	268.8
-26.10225	281
-24.80975	293.8
-23.54225	306
-22.23975	318.4
-20.96475	330.4
-19.67725	341.8
-18.40975	353.3
-17.14725	364.9
-15.90475	376
-14.63475	387.3
-13.33725	398.2
-12.08475	409.3
-10.80475	420.6
-9.52225	431.8
-8.26975	442.5
-6.97975	453.1
-5.73275	463.3
-4.47075	474.1
-3.195	484.3
-1.93145	494.2
-0.6695	504.6
0.6015	514.9
1.87725	525.1
3.1635	535.5
4.42275	545.1
5.72025	555.8
6.98525	566
8.26775	576.3
9.52275	586.4
10.80275	596.6
12.06025	606.3
13.32025	616.4
14.57525	626.8
15.84525	636.8
17.11775	647.1
18.38025	657.3
19.65775	667.5
20.93275	677.6
22.19275	688
23.47275	698.1
24.74025	708.4
25.99025	718.4
27.28775	729.1
28.60025	740.1
29.89775	750.4
31.15775	761.1
32.40775	771.5
33.70525	781.8
35.00025	792.4
36.27775	803
37.52775	813
38.78775	823
40.06025	833.2
41.37775	843.7
42.65525	854.2
43.94025	864.4
45.21525	874.6
46.50025	884.6
47.78275	894.9
49.05775	904.7
50.33275	914.9
51.58275	925.2
52.93275	935.1
54.15775	944.8
55.43275	954
56.70775	963.1
57.95775	972.9
59.25775	982.3
60.50775	991.1
61.78275	999.8
63.08275	1009
64.38275	1017
65.68275	1025
66.95775	1033
68.25775	1042
68.48275	1044
68.88275	993.5
68.65775	941.9
68.10775	891.9
67.25775	842
66.30775	790.2
65.35775	738.7
64.35775	686.7
63.33275	636.4
62.35775	586.2
61.28275	535.9
60.18275	486.5
59.00775	435.5
57.78275	384.4
56.53275	334.3
55.25775	288.1
53.93275	243.2
52.68275	201.5
51.40775	164.2
50.15775	127.7
48.88275	93.16
47.61775	61.42
46.37025	31.79
45.10525	3.715
43.84275	-22.02
42.56275	-46.42
41.27275	-69.45
40.02275	-90.36
38.73775	-109.8
37.46775	-128.4
36.20775	-146.1
34.94025	-162.3
33.65275	-178.8
31.70025	-201.7
30.39025	-215.8
29.11025	-229.7
27.86275	-242.8
26.55025	-255.9
25.23775	-269.6
23.96025	-282
22.72525	-294.4
21.43525	-306.7
20.15025	-318.9
18.88025	-331.1
17.58025	-343.2
16.28525	-355.4
14.99525	-367.3
13.69775	-379.7
12.43525	-390.9
11.19025	-402
9.95025	-413
8.67525	-423.8
7.38275	-435
6.12525	-445.9
4.87525	-456.4
3.62175	-467.6
2.3145	-478.6
1.033	-488.7
-0.2155	-499.2
-1.50325	-509.9
-2.76525	-520.3
-4.062	-531.2
-5.3195	-541.8
-6.588	-552.3
-7.82225	-562.6
-9.11975	-573.5
-10.40725	-583.7
-11.68225	-594.7
-12.97225	-605.5
-14.24975	-615.5
-15.52725	-626
-16.80725	-636.5
-18.06475	-646.5
-19.33225	-657
-20.61475	-668.2
-21.88975	-678.7
-23.13975	-689.2
-24.43475	-700.2
-25.71225	-711
-26.97225	-721.7
-28.24475	-733
-29.51475	-743.8
-30.77225	-753.7
-32.05475	-766.1
-33.35975	-777.1
-34.61975	-787.3
-35.90725	-798
-37.21725	-808.6
-38.48225	-819
-39.76725	-829.5
-41.06225	-840.6
-42.32975	-850.9
-43.57975	-861.2
-44.86975	-871.7
-46.15975	-882.2
-47.40975	-892.6
-48.66225	-902.6
-49.90475	-912.6
-51.1925	-922.5
-52.4675	-932.8
-53.7175	-943
-55.0175	-952.5
-56.3175	-962.4
-57.5925	-971.8
-58.8425	-980.7
-60.1175	-989.9
-61.4175	-998.7
-62.7425	-1007
-63.9925	-1016
-65.2925	-1024
-66.5425	-1031
-67.8175	-1039
-69.0675	-1046
-69.3175	-1047
-70.2175	-996.8
-70.0175	-947
-69.9425	-894.7
-69.1925	-844.2
-68.3175	-791.9
-67.4675	-740.6
-66.5425	-690
-65.5175	-639.5
-64.4675	-589.3
-63.3925	-537.4
-62.2925	-487.6
-61.1425	-437.2
-59.9675	-387.4
-58.7425	-337.1
-57.4675	-288.2
-56.1675	-242.7
-54.8925	-199.7
-53.6425	-162.2
-52.3675	-125.8
-51.1225	-90.5
-49.85475	-57.52
-48.58975	-26.6
-47.79725	-9.128
-47.53225	-59.4
-47.15975	-7.018
-45.92725	33.21
-44.63725	60.09
-43.36975	83.9
-42.07975	105.8
-40.83225	126
-39.54475	145.3
-38.24975	162.9
-36.99225	179
-35.73225	194.4
-34.47475	209
-33.18975	223.2
-31.92975	236.8
-30.66975	249.4
-29.41225	261.6
-28.10475	274.2
-26.84475	286.5
-25.57475	298.2
-24.27725	310.7
-23.01725	322.4
-21.74725	333.8
-20.47475	345.3
-19.23475	356.3
-17.97975	367.3
-16.68725	378.9
-15.41225	389.9
-14.14725	400.9
-12.85475	411.8
-11.59725	422.4
-10.31225	433.6
-9.02225	444
-7.73475	455
-6.44	465
-5.20225	475.3
-3.9235	485.2
-2.66	495.4
-1.372175	505.8
-0.11475	515.5
1.167	525.6
2.44275	535.8
3.73775	546.1
5.02025	556.2
6.27025	566
7.50775	576
8.82025	586.1
10.10025	596.2
11.35275	606
12.62775	616
13.92775	626.2
15.20025	636
16.48025	645.8
17.73525	655.8
18.98525	665.9
20.29025	676.1
21.53775	685.8
22.81025	695.8
24.06525	705.6
25.30775	715.2
26.59025	725.9
27.86775	735.7
29.12275	745.7
30.42275	756.6
31.68025	766.1
32.93775	776.6
34.21025	786.4
35.49525	796.3
36.77525	806.3
38.04275	815.8
39.33525	825.8
40.56525	835.7
41.83775	846
43.12275	855.5
44.41275	865.7
45.68275	875.3
46.96775	885.5
48.22525	894.5
49.48275	904.1
50.75775	914.1
52.03275	923.5
53.25775	932.5
54.50775	941.9
55.83275	951.3
57.10775	960.5
58.38275	969.7
59.63275	978.3
60.90775	986.8
62.18275	995.7
63.45775	1004
64.70775	1012
65.95775	1020
67.25775	1027
68.55775	1035
69.85775	1042
71.13275	1048
72.38275	1054
73.60775	1059
74.88275	1065
76.10775	1070
77.35775	1075
78.65775	1079
79.90775	1083
81.18275	1087
82.48275	1091
83.73275	1095
85.03275	1098
85.68275	1099
86.08275	1049
85.95775	998.9
85.60775	946.9
84.75775	896.9
83.83275	845.2
82.85775	795.1
81.75775	742.7
80.73275	691.9
79.65775	641.9
78.53275	591.6
77.38275	540
76.15775	488.5
74.95775	437.6
73.68275	387.4
72.40775	339.4
71.13275	296.9
69.85775	254.1
68.60775	213.3
67.35775	177.7
66.03275	141.1
64.78275	106.4
63.50775	74.22
62.25775	45.73
60.95775	18.26
59.70775	-7.385
58.43275	-29.36
57.18275	-52.48
55.90775	-73.35
54.63275	-92.75
53.35775	-111
52.10775	-128.1
50.80775	-144.4
49.53275	-160.6
48.25025	-175.4
46.96775	-189.5
45.72275	-202.4
44.43275	-214.9
43.16775	-227.4
41.92025	-239
40.65525	-250.1
39.39525	-260.9
38.10025	-272.4
36.83525	-283.1
35.58025	-293.2
34.28775	-303.8
33.01525	-313.9
31.76275	-324.2
30.50775	-333.7
29.22775	-344
27.97775	-353.7
26.68525	-363.8
25.40025	-374.1
24.11025	-384.2
22.83775	-393.7
21.54025	-403.7
20.24025	-413.4
18.98025	-422.9
17.71275	-432
16.45275	-440.9
15.18525	-450.1
13.91775	-459.3
12.64525	-467.8
11.32775	-477.3
10.02525	-486.4
8.70775	-495.5
7.44525	-504.4
6.16525	-513.7
4.89775	-522.1
3.646	-530.9
2.35475	-539.6
1.079	-548.1
-0.19825	-556.9
-1.4633	-565.3
-2.72975	-573.8
-4.03575	-582.2
-5.32325	-590.9
-6.59375	-599.3
-7.84475	-607.9
-9.15975	-617.1
-10.45475	-625.5
-11.74225	-634.4
-12.99475	-643.2
-14.27725	-651.6
-15.55725	-660.2
-16.86225	-669.6
-18.11725	-678.2
-19.38975	-687.5
-20.64225	-696.6
-21.93225	-706.1
-23.19725	-714.8
-24.46725	-724.4
-25.75725	-734.3
-27.02975	-743.3
-28.31475	-753.6
-29.60475	-762.8
-30.86225	-771.3
-32.11475	-780.7
-33.39475	-789.9
-34.65475	-798.8
-35.92225	-807.9
-37.18975	-816.9
-38.43225	-825.8
-39.72225	-835.2
-40.98225	-844.5
-42.25225	-853.4
-43.52475	-862.9
-44.77475	-872.2
-46.06475	-881.2
-47.33225	-890.6
-48.59725	-899.9
-49.89975	-909.1
-51.21	-918.2
-52.5175	-927.5
-53.7925	-936.7
-55.0925	-945.5
-56.3675	-954.1
-57.6175	-962.5
-58.8925	-970.8
-60.1675	-979
-61.4175	-987
-62.7175	-994.6
-64.0175	-1002
-65.2675	-1010
-66.5425	-1017
-67.8175	-1024
-69.1175	-1032
-70.3675	-1038
-71.6675	-1044
-72.9675	-1050
-74.2175	-1055
-75.4675	-1061
-76.7925	-1066
-78.0175	-1071
-79.2925	-1075
-80.5925	-1080
-81.8425	-1084
-83.1425	-1088
-84.3925	-1092
-85.6925	-1095
-86.4675	-1096
-87.4675	-1046
-87.3425	-996
-87.0925	-945.2
-86.2425	-893.6
-85.3425	-842.3
-84.4175	-790.8
-83.4925	-739.1
-82.4675	-687.7
-81.4175	-638.2
-80.3425	-586.8
-79.2675	-536.7
-78.0925	-485.6
-76.9175	-434.9
-75.6425	-384.6
-74.4175	-337.1
-73.1425	-291.3
-71.8175	-247.3
-70.5425	-207.2
-69.2425	-169.4
-67.9925	-134.9
-66.7425	-101.1
-65.4675	-69.54
-64.1675	-39.68
-62.8925	-11.7
-61.6175	12.29
-59.4675	52.34
-58.1675	74.31
-56.9175	94.77
-55.6675	113.9
-54.3675	131.7
-53.1175	148
-51.865	163.8
-50.6	178.8
-49.28475	193.8
-48.00225	207.4
-46.71475	220.4
-45.47975	232.4
-44.21975	244
-42.92225	255.1
-41.66225	266
-40.39975	276.6
-39.10725	286.9
-37.86225	297
-36.57975	307.3
-35.28225	317.5
-34.00725	327.3
-32.71475	337.4
-31.43475	346.9
-30.14975	356.5
-28.88725	365.8
-27.65225	375
-26.36475	384.1
-25.08475	393.5
-23.80975	403
-22.52975	412
-21.23725	421
-19.97225	429.9
-18.69225	438.3
-17.43225	446.9
-16.15975	455.6
-14.86725	464.8
-13.60975	473.2
-12.33225	482
-11.06725	490.9
-9.81225	499
-8.51975	507.6
-7.19475	516.9
-5.92675	525.3
-4.6495	533.7
-3.41175	541.8
-2.124025	550.2
-0.81825	558.7
0.43775	566.9
1.71925	575.1
2.97525	583.2
4.22525	591.2
5.54775	599.8
6.83025	608.1
8.11525	616.5
9.39775	624.5
10.68525	632.8
12.00525	640.9
13.27775	649.3
14.56275	657.8
15.83025	665.8
17.13775	674.1
18.39025	682.2
19.66025	690.6
20.92025	698.5
22.20775	706.8
23.50525	715.3
24.78275	723.6
26.03775	731.7
27.31275	740.1
28.54275	748.2
29.84275	756.7
31.11775	765.3
32.38775	773.5
33.66025	781.5
34.91275	789.7
36.20025	797.8
37.49025	806.1
38.79775	814.1
40.08525	822.4
41.32275	830.2
42.61525	838.3
43.91775	846.6
45.16775	854.3
46.41525	862.2
47.72275	870.2
48.98275	878
50.23275	885.6
51.48275	893.4
52.78275	901.2
54.08275	909
55.35775	916.5
56.60775	924
57.88275	931.6
59.15775	939.3
60.43275	946.5
61.68275	953.5
62.95775	960.6
64.23275	966.9
65.48275	974.3
66.73275	981
68.00775	987.7
69.23275	993.8
70.50775	999.9
71.78275	1006
73.05775	1012
74.33275	1018
75.60775	1023
76.90775	1028
78.23275	1033
79.55775	1038
80.78275	1043
82.08275	1046
83.33275	1051
84.63275	1055
85.70775	1057
86.10775	1005
85.60775	952.5
84.78275	903
83.83275	852.5
82.88275	802.6
81.85775	751.6
80.80775	700.8
79.65775	649
78.50775	597.4
77.35775	546.1
76.10775	495
74.90775	444
73.65775	395.5
72.35775	347.7
71.10775	305.2
69.83275	261.6
68.55775	220.8
67.28275	183.7
66.00775	148.6
64.70775	113.4
63.43275	81.51
62.15775	51.42
60.85775	23.35
59.58275	-2.431
58.33275	-24.68
57.03275	-48.39
55.80775	-68.48
54.50775	-88.16
53.23275	-106.4
51.93275	-123.8
50.63275	-140.3
49.35775	-156
48.06275	-170.5
46.82025	-183.3
45.51275	-196.7
44.27025	-208.4
42.99775	-220.5
41.74275	-231.4
40.42525	-242.7
39.15775	-253.1
37.87275	-264.5
36.59525	-274.6
35.33275	-285.2
34.05275	-295.4
32.77775	-305.1
31.47775	-315.5
30.21525	-325.5
28.94775	-335.5
27.65525	-345.9
26.35525	-355.9
25.06775	-366
23.77025	-375.8
22.45525	-386.1
21.19025	-395.4
19.89525	-405
18.63775	-414.7
17.36775	-423.6
16.06275	-432.9
14.78775	-442.1
13.53025	-450.8
12.25025	-459.7
10.96525	-468.9
9.66525	-477.4
8.39525	-486.5
7.13275	-495.2
5.84275	-503.8
4.58275	-512.1
3.33075	-520.8
2.03475	-529.5
0.753	-537.4
-0.52425	-545.8
-1.845325	-554.9
-3.11175	-563.1
-4.3845	-571.3
-5.6615	-579.4
-6.896	-587.2
-8.19975	-595.6
-9.46725	-604.1
-10.72475	-611.9
-12.00725	-620.2
-13.27475	-628.8
-14.59725	-637.4
-15.89225	-645.1
-17.15975	-653.6
-18.41475	-661.5
-19.69475	-669.8
-20.96225	-678.4
-22.22225	-686.5
-23.48975	-695
-24.76725	-703.5
-26.05975	-711.9
-27.35475	-720.4
-28.62725	-728.9
-29.92475	-737.5
-31.15725	-745.4
-32.46475	-754.4
-33.74725	-763.4
-35.01475	-771.5
-36.29975	-779.7
-37.58225	-787.9
-38.87475	-795.7
-40.12475	-803.9
-41.36475	-811.6
-42.65225	-819.8
-43.96975	-828.4
-45.28225	-836.6
-46.54475	-844.6
-47.83225	-852.9
-49.10225	-860.8
-50.4225	-868.9
-51.715	-876.9
-53.0175	-884.8
-54.2925	-892.5
-55.5425	-899.7
-56.8175	-907.2
-58.0675	-914.3
-59.3175	-921.3
-60.5925	-928.3
-61.8925	-935.4
-63.2175	-942.2
-64.4925	-949.1
-65.7925	-956.2
-67.0925	-962.5
-68.3425	-969.1
-69.6675	-975.5
-70.9675	-981.5
-72.2175	-986.9
-73.4925	-993.1
-74.8175	-998.6
-76.0675	-1004
-77.3425	-1008
-78.6425	-1013
-79.8675	-1017
-81.1675	-1022
-82.4175	-1026
-83.6675	-1030
-84.9175	-1034
-86.1925	-1037
-86.5175	-1038
-87.3675	-986.5
-86.8425	-936.2
-85.9675	-884.5
-85.0675	-834
-84.1425	-782.6
-83.1675	-731
-82.1175	-679.8
-80.9925	-628.4
-79.8175	-575.9
-78.6925	-525.4
-77.5175	-474.7
-76.2675	-424.3
-75.0175	-374.4
-73.7425	-326.6
-72.4425	-281.8
-70.8675	-231
-69.5925	-191.5
-68.2925	-155
-67.0175	-120.8
-65.7425	-88.12
-64.4675	-56.97
-63.1925	-28.62
-61.9425	-2.615
-60.6675	20.78
-59.4175	44.63
-58.1175	67.06
-56.8425	87.8
-55.5675	107
-54.3175	125.2
-53.0425	142
-51.8125	158.3
-50.525	173.3
-49.29725	186.9
-48.02725	200.5
-46.74225	213.3
-45.45225	225.6
-44.18725	236.7
-42.93475	247.5
-41.66225	258.1
-40.40225	268.4
-39.15475	278.7
-37.90225	288.6
-36.61225	298.7
-35.32225	308.9
-34.04725	318.5
-32.75475	328.5
-31.52725	337.5
-30.23975	347.1
-28.97975	356.4
-27.72975	365.5
-26.44225	367.7
-25.17475	377.7
-23.93225	386.6
-22.61475	395.9
-21.32725	404.6
-20.06725	413.4
-18.76725	421.7
-17.46225	430.5
-16.18975	439.1
-14.94975	447
-13.68475	455.3
-12.39975	464
-11.13975	472
-9.87975	480.3
-8.59475	488.4
-7.30475	496.6
-6.65175	446.6
-6.047	497.6
-4.7865	516.3
-3.50625	525.2
-2.208	532.5
-0.941575	540.4
0.32825	548.4
1.5645	556.2
2.87775	564.3
4.11025	571.4
5.39025	579.5
6.68775	587.2
7.99525	595.1
9.27025	602.4
10.53275	609.8
11.81025	618
13.08525	625.5
14.33275	633.1
15.62525	640.9
16.88525	648.4
18.14275	656.3
19.43025	663.7
20.69525	671.5
21.98525	679.2
23.24275	686.9
24.49275	693.8
25.76025	701.8
27.05025	709.6
28.33025	717.3
29.59025	725
30.86525	732.9
32.14775	740.5
33.43275	748.5
34.68275	755.7
35.97775	763.6
37.24275	770.5
38.48025	777.5
39.73525	784.7
41.03525	792.2
42.30025	799.3
43.58775	806.9
44.81775	813.7
46.11275	820.8
47.38025	828
48.66275	834.8
49.93275	841.9
51.18275	849.4
52.48275	856.3
53.78275	863.1
55.18275	815.5
56.38275	827.4
57.63275	835
58.90775	841.6
60.18275	848.2
61.48275	854.7
62.73275	861
63.98275	867.5
65.28275	872.8
66.53275	878.7
67.83275	884.1
69.08275	889.6
70.35775	894.8
71.63275	899.7
72.93275	904.5
74.18275	908.8
75.45775	913.2
76.73275	917.4
78.03275	920.9
79.30775	924.7
80.55775	928.2
81.85775	931.6
83.08275	934.3
84.40775	937.6
85.63275	939.8
85.73275	939.5
86.13275	889.5
85.68275	837.6
84.78275	786.8
83.70775	736
82.58275	684.6
81.43275	634.1
80.15775	581.7
78.88275	531.4
77.60775	481.5
76.30775	434.8
75.08275	390.4
73.80775	345.9
72.53275	305.9
71.30775	267.6
70.00775	229.2
68.75775	194.6
67.45775	162.3
66.20775	131.9
64.95775	102.5
63.70775	75.18
62.38275	48.44
61.13275	24.49
59.85775	2.11
58.63275	-18.53
57.33275	-38.21
56.08275	-56.01
54.80775	-73.25
53.55775	-89.54
52.25775	-104.7
51.00775	-119
49.70775	-133.1
48.45775	-145.5
47.16025	-158.1
45.91025	-169.7
44.64275	-181
43.36775	-191.6
42.09525	-202.1
40.82775	-212.3
39.55775	-222.2
38.30775	-232.4
37.02775	-242.7
35.76275	-252.3
34.49775	-262.6
33.20025	-272.8
31.94275	-282.4
30.68775	-292.4
29.36525	-302.7
28.09025	-309.5
26.83525	-318.8
25.54025	-328.6
24.29275	-338.2
22.98025	-347.5
21.70275	-355.2
20.43275	-364.3
19.14025	-373.5
17.87025	-382.1
16.54775	-391.6
15.28525	-400.3
14.00525	-409.3
12.73025	-417.6
11.45275	-426.2
10.19775	-434
8.90025	-442.5
7.63525	-450.9
6.35775	-459
5.07525	-467.1
3.82525	-475
2.53375	-483.2
1.2505	-491.2
-0.0025	-486.7
-1.27215	-495.7
-2.55075	-503.8
-3.8265	-511.6
-5.1005	-520.1
-6.39325	-527.6
-7.69725	-535.8
-8.96475	-543.3
-10.24475	-550.9
-11.54475	-558.9
-12.80225	-566.5
-14.08975	-574.1
-15.36975	-581.4
-16.66975	-589
-17.90225	-596.3
-19.19975	-603.9
-20.45725	-611.4
-21.71225	-619
-22.99725	-626.2
-24.22725	-633.6
-25.52975	-641
-26.79975	-647.9
-28.07225	-655.5
-29.36725	-663
-30.63225	-670.2
-31.89725	-678
-33.17725	-685.5
-34.45725	-693.5
-35.69975	-700.8
-37.01725	-709
-38.32975	-716.7
-39.60225	-724.4
-40.82725	-732
-42.12725	-739.7
-43.38475	-748.4
-44.64725	-755.4
-45.91975	-763.5
-47.19475	-770.7
-48.45225	-778
-49.77225	-785.5
-51.07	-766.3
-52.3425	-774.9
-53.6175	-782.4
-54.8425	-789
-56.1175	-795.6
-57.4175	-801.9
-58.6675	-808
-59.9675	-814.1
-61.2175	-819.5
-62.5175	-797.4
-63.7925	-804.5
-65.0675	-810.2
-66.2925	-815.8
-67.5925	-820.9
-68.8675	-825.8
-70.1175	-830.8
-71.4175	-835.2
-72.6925	-839.5
-73.9675	-843.4
-75.2175	-847.7
-76.4925	-851.2
-77.7675	-854.7
-79.0175	-858.2
-80.3175	-861.5
-81.8175	-832.9
-83.1675	-812.6
-84.4175	-814.5
-85.7175	-818.2
-86.5175	-820.1
-87.2175	-769.7
-86.7425	-717.9
-85.6675	-668.1
-84.5425	-617.1
-83.2675	-566.4
-82.0175	-518.1
-80.7425	-471.1
-79.4425	-426.9
-78.2175	-384.3
-76.9425	-343
-75.6925	-304.9
-74.4425	-268.6
-73.1425	-233.1
-71.9175	-200.9
-70.6175	-170
-69.3925	-142.8
-68.0925	-115
-66.8425	-88.8
-65.5675	-64.72
-64.2675	-41.37
-63.0175	-20
-61.7175	0.9174
-60.4425	20.78
-59.1425	40.64
-57.8425	59.13
-56.5675	76.1
-55.2925	92.06
-53.9925	106.9
-52.7675	120.5
-51.49	134.4
-50.185	147
-48.91475	158.9
-47.64975	169.7
-46.40725	180.2
-45.10475	190.9
-43.83475	201.4
-42.56475	211
-41.28225	220.8
-40.01475	230
-38.76225	238.7
-37.49725	247.4
-36.24475	256.3
-34.99225	264.9
-33.72725	273.6
-32.45225	282.2
-31.17475	290.9
-29.88725	299.4
-28.61225	307.7
-27.32225	316
-26.06975	323.8
-24.77975	332.1
-23.49225	340.4
-22.20975	348.4
-20.91975	356.4
-19.65475	364.1
-18.36725	371.7
-17.09725	379.4
-15.86725	386.8
-14.58225	394.1
-13.32225	401.5
-12.04225	409.3
-10.77975	416.6
-9.53475	424.1
-8.19975	420.8
-6.926	429.5
-5.65075	436.9
-4.366	444.3
-3.062	451.5
-1.79825	458.5
-0.54825	465.6
-0.34275	465.8
0.005	415.8
