"Watson and Park 89, Specimen 8"	
413	
0	0
0.060051	14.798
0.1201	23.502
0.48039	35.398
0.78064	44.68
1.0809	60.64
1.3812	73.405
1.5013	82.982
1.6214	90.815
1.6814	98.359
1.8616	107.94
1.9216	115.19
2.1017	123.02
2.2819	130.86
2.4621	134.34
2.9426	129.69
2.9426	120.41
2.9426	108.51
2.8224	100.68
2.7023	94.008
2.5221	87.043
2.342	78.921
2.1618	71.666
1.9817	64.411
1.8616	57.45
1.6814	51.935
1.5613	45.263
1.4412	38.589
1.3211	32.206
1.2611	26.113
1.141	19.44
1.0209	10.155
0.90076	-0.29014
0.54046	-11.896
0.3603	-24.952
0.30025	-33.367
0.2402	-44.974
0.060051	-52.518
-0.1201	-60.64
-0.30025	-67.312
-0.60051	-75.438
-0.78064	-79.788
-0.96081	-87.332
-1.0809	-91.398
-1.2611	-98.07
-1.4412	-103
-1.7414	-109.39
-2.1017	-115.77
-2.4621	-122.44
-2.7023	-127.37
-2.8224	-131.43
-2.8824	-120.41
-3.0025	-112.57
-3.0025	-103
-3.0625	-92.848
-3.0625	-83.56
-2.9426	-72.244
-2.7023	-53.096
-2.5221	-40.62
-2.2819	-29.014
-1.9817	-19.44
-1.7414	-8.7043
-1.5013	0.87043
-1.141	11.606
-0.90076	23.792
-0.78064	31.626
-0.60051	41.2
-0.18015	55.129
-0.060051	62.672
1.0209	87.332
1.141	95.748
1.3812	105.61
1.6814	132.59
1.7414	145.94
1.9817	157.84
2.2819	169.74
2.7023	183.08
3.2428	195.85
3.9634	212.97
4.5639	228.34
5.2845	242.27
6.065	255.91
6.6055	267.22
7.206	277.96
7.5062	282.89
7.9868	262
8.0467	251.56
8.1669	239.37
8.1669	227.18
7.9266	205.71
7.206	173.8
6.2454	134.04
5.8849	117.8
5.4046	103.87
4.8039	88.787
4.4437	76.016
4.0833	62.383
3.6632	47.296
3.2428	34.527
2.8824	18.86
2.402	4.6424
1.8015	-12.476
1.5013	-22.341
1.0809	-37.719
0.54046	-50.774
0.18015	-62.672
0.1201	-70.794
0.1201	-79.788
0.18015	-89.076
0.060051	-99.809
-0.30025	-110.55
-0.84071	-120.99
-2.2219	-141.88
-2.5822	-152.9
-2.9426	-163.93
-3.3028	-174.09
-3.603	-183.66
-4.0234	-194.98
-4.3838	-203.1
-4.8039	-212.09
-5.5248	-219.64
-6.2454	-226.31
-6.966	-230.95
-7.6263	-234.15
-8.2268	-221.96
-8.6472	-209.19
-8.7673	-196.72
-8.8875	-180.76
-8.9474	-165.38
-8.8275	-150
-8.5872	-136.95
-8.4671	-128.53
-7.2662	-91.104
-6.7856	-77.177
-6.5456	-69.344
-5.6446	-43.231
-5.1643	-27.854
-4.744	-14.217
-4.1435	-0.29014
-3.7831	10.155
-3.3028	22.631
-2.8824	32.206
-2.5221	41.2
-2.2219	49.907
-1.6814	65.862
-1.0209	78.921
-0.30025	97.487
0.18015	111.12
0.54046	123.89
0.96081	136.66
1.2611	148.27
1.6814	158.13
2.1017	167.99
2.6421	179.6
3.1826	189.46
3.7231	198.75
4.2034	208.32
4.5639	215.87
5.2243	229.8
5.7048	241.98
6.1852	252.42
6.7856	259.39
7.8064	271.87
7.9868	258.23
8.0467	248.07
8.1069	235.31
8.1669	225.15
7.9868	213.55
7.9266	206
6.4854	152.33
5.7048	127.37
5.0442	108.51
4.3838	92.848
3.6632	76.599
2.8824	58.318
2.2819	43.231
1.8616	31.046
0.90076	9.5748
0.84071	-2.031
0.54046	-15.958
0.2402	-30.465
0	-46.713
-0.30025	-60.64
-0.90076	-72.827
-1.3211	-80.66
-2.7622	-103.58
-3.3028	-114.32
-4.0234	-126.5
-4.5639	-138.69
-4.9842	-149.43
-5.825	-161.9
-7.2662	-176.12
-8.3469	-185.11
-8.9474	-189.76
-8.6472	-168.57
-8.5872	-155.23
-8.4071	-138.11
-8.2268	-125.92
-7.0858	-92.558
-6.4254	-71.083
-5.0442	-26.983
-4.3838	-11.896
-4.0234	0.87043
-3.4828	14.798
-2.8224	29.885
-1.9216	49.613
-1.4412	65.283
-0.78064	80.66
0.42034	115.48
1.0809	133.47
1.5613	148.55
1.9817	163.64
2.6421	177.57
4.4437	214.13
5.1044	235.02
5.7048	247.2
6.6055	260.84
7.6865	273.03
8.6472	282.89
9.5481	291.01
10.389	295.37
11.47	295.37
11.83	291.89
12.31	283.76
12.431	275.93
12.55	266.36
12.611	257.07
12.611	244.01
12.31	215.58
12.07	202.23
11.83	188.31
11.41	174.37
10.929	157.55
9.7881	130.86
9.0076	112.57
8.287	97.198
7.6263	79.21
6.5456	56.868
5.8849	40.62
4.6238	8.9943
4.0833	-3.4818
3.0625	-28.434
2.2819	-47.585
1.4412	-67.022
0.54046	-84.143
-1.7414	-131.43
-2.1017	-142.17
-2.5822	-156.39
-4.8039	-185.69
-5.5847	-194.98
-6.2454	-202.23
-7.0259	-210.07
-8.4671	-221.09
-9.9083	-230.38
-11.049	-234.44
-11.65	-235.02
-12.01	-235.02
-12.37	-228.93
-12.671	-220.51
-12.911	-205.13
-13.451	-187.15
-13.511	-171.47
-13.151	-155.81
-12.791	-138.11
-12.37	-126.21
-10.989	-92.848
-9.9682	-67.605
-9.0675	-51.357
-8.1669	-35.978
-7.3261	-22.051
-6.7257	-11.896
-4.9842	19.15
-3.9634	45.552
-3.1227	62.383
-2.402	76.888
-1.5013	93.715
-0.96081	106.19
-0.060051	133.76
2.342	162.19
3.6632	185.69
4.6238	202.52
5.3444	213.84
6.966	241.11
8.1069	254.75
9.3078	266.64
10.329	274.48
11.53	282.31
12.611	287.24
12.911	262.87
12.671	245.17
12.731	232.99
12.37	212.39
11.83	193.82
11.29	176.41
10.689	159.29
9.9083	143.04
9.1877	124.18
8.3469	108.8
7.8064	94.876
7.0858	77.76
6.3652	62.383
5.8849	51.357
3.7831	13.637
2.9426	2.031
2.2819	-10.735
1.6814	-20.6
0.30025	-51.357
-0.48039	-68.473
-1.2611	-85.882
-1.9817	-102.42
-4.2636	-142.17
-5.1044	-156.1
-5.8849	-168.86
-6.7856	-180.76
-7.6865	-190.92
-9.0076	-202.52
-10.269	-212.09
-12.25	-222.25
-13.091	-222.25
-13.451	-200.2
-13.391	-181.05
-13.091	-163.06
-12.791	-144.2
-12.37	-130.27
-11.169	-95.748
-10.389	-81.821
-9.4879	-62.09
-8.527	-42.361
-7.4463	-22.921
-6.2454	-4.3522
-5.4646	9.5748
-4.1435	37.719
-3.603	57.157
-2.6421	76.888
-1.6214	94.587
-0.78064	109.96
0.18015	136.66
0.90076	150.88
2.0417	169.15
3.1826	185.4
4.3236	198.75
5.5248	214.13
6.6055	225.73
7.5664	235.02
9.9682	250.68
11.349	258.52
13.391	259.97
14.592	258.52
15.613	255.62
16.033	250.68
16.574	240.24
16.934	226.03
17.174	209.78
17.475	193.82
17.715	176.7
17.535	150
17.234	131.14
16.514	111.71
15.553	92.848
14.172	69.055
11.349	15.668
9.668	-11.896
7.6263	-43.812
4.0234	-98.648
2.342	-120.7
0.7206	-143.62
-0.54046	-159.29
-2.0417	-177.28
-3.0025	-190.05
-3.603	-197.3
-4.924	-208.03
-6.1852	-216.74
-7.7465	-224.57
-9.1277	-228.05
-10.749	-230.09
-12.55	-230.38
-14.772	-229.21
-16.814	-227.76
-17.655	-224.86
-18.255	-213.25
-18.616	-201.65
-18.856	-166.84
-18.255	-145.94
-17.595	-128.53
-16.814	-112.57
-15.793	-93.426
-14.832	-74.277
-13.691	-54.839
-11.59	-21.18
-10.028	3.1916
-8.3469	26.983
-6.8458	48.163
-5.7648	64.122
-4.5037	78.627
-3.0025	97.487
-1.5613	119.25
0	137.24
2.0417	169.15
3.4828	177.86
4.684	181.05
5.5248	180.76
6.4854	179.02
6.9058	173.8
7.5664	161.61
7.9266	150
8.1069	138.4
8.287	125.34
8.527	108.22
8.6472	87.915
8.7673	68.766
9.1877	40.33
9.2476	23.792
9.668	0.58029
