"Wehbe et al. 1998,Specimen B1"	
3445	
0	0
0	0
0	0
0.2794	-2.69467
0.2794	-2.69467
0.2794	-2.69467
0.2794	-2.69467
0.1397	-3.67455
0.2794	-3.42958
0.2794	-3.67455
0.1397	-4.65443
0.2794	-4.8994
0.2794	-4.8994
0.1397	-4.65443
0.9779	9.06389
0.9779	12.73844
1.2573	16.41299
1.6764	23.51712
2.095499898	30.62125
2.374900076	36.50053
2.9337	46.5443
3.4925	53.8934
3.7719	60.50759
4.190999746	65.89693
4.3307	70.30639
4.749800254	77.16555
5.4483	86.47441
5.7277	87.20932
6.007099746	92.10872
6.565900254	97.74303
7.124699746	104.11225
7.543799746	108.76668
7.962899746	113.17614
8.381999492	116.85069
8.5217	116.85069
8.9408	121.99506
9.359899746	126.15955
9.499600254	126.40452
9.6393	129.58913
9.778999746	129.58913
9.778999746	121.26015
9.6393	121.01518
9.778999746	121.01518
9.778999746	121.01518
9.778999746	121.01518
10.19809975	129.34416
10.19809975	130.81398
10.47749975	132.77374
10.7569	136.44829
11.03630025	140.12284
11.73480025	147.47194
12.573	156.04589
12.85239949	157.51571
13.27149949	160.70032
13.55090051	163.63996
13.83029975	166.33463
14.38910025	171.479
14.52880076	172.45888
14.66849975	173.9287
15.08759949	178.09319
15.6464	183.23756
16.06549975	186.1772
16.48459975	189.60678
16.90369975	195.73103
17.18310051	195.976
17.4625	198.18073
17.4625	197.93576
18.02130025	202.59019
18.02130025	201.85528
18.02130025	201.12037
18.30069975	195.73103
18.30069975	195.73103
18.30069975	195.48606
18.30069975	195.48606
17.60220051	182.99259
17.0434	173.19379
16.48459975	165.10978
15.6464	153.35122
14.8082	140.12284
14.38910025	133.50865
13.69059924	124.9347
12.85239949	115.38087
11.8745	103.37734
10.61719949	88.1892
9.778999746	78.14543
9.080499746	68.5916
8.381999492	61.97741
7.683500254	52.91352
6.845299746	43.60466
6.426199746	38.95023
5.867400254	30.37628
4.6101	17.1479
3.7719	6.12425
3.2131	-2.93964
2.2352	-12.2485
1.397	-24.25203
0.6985	-30.62125
0	-38.95023
-0.6985	-45.56442
-1.816100076	-58.30286
-2.9337	-68.34663
-3.632200254	-76.43064
-4.4704	-84.02471
-5.7277	-96.27321
-6.426199746	-101.66255
-6.7056	-104.84716
-7.264400254	-109.50159
-7.8232	-114.89093
-8.5217	-121.99506
-9.080499746	-125.17967
-9.220200254	-125.91458
-9.359899746	-127.87434
-9.6393	-130.81398
-9.778999746	-131.30392
-9.918700254	-133.26368
-10.0584	-134.24356
-10.19809975	-134.24356
-10.33780025	-135.46841
-10.47749975	-136.93823
-10.61719949	-137.91811
-10.7569	-130.32404
-10.89659975	-130.32404
-10.7569	-130.07907
-10.7569	-130.32404
-11.03630025	-132.2838
-11.176	-134.97847
-11.31569975	-138.16308
-11.73480025	-142.0826
-11.8745	-143.30745
-12.01419975	-145.02224
-12.15390025	-146.00212
-12.2936	-147.71691
-12.43329975	-150.41158
-12.9921	-155.06601
-13.27149949	-158.74056
-13.55090051	-162.17014
-13.83029975	-164.37487
-14.24939975	-168.04942
-14.52880076	-171.23403
-15.08759949	-175.39852
-15.50669949	-179.56301
-16.06549975	-184.46241
-16.62430025	-188.87187
-16.90369975	-191.0766
-18.16099924	-202.10025
-18.58009924	-204.30498
-18.85950025	-207.48959
-19.13889949	-209.20438
-19.41830051	-210.6742
-19.6977	-200.14049
-19.55799949	-199.89552
-19.55799949	-199.89552
-19.41830051	-197.44582
-19.13889949	-192.54642
-18.58009924	-184.46241
-18.16099924	-178.8281
-17.4625	-171.72397
-17.0434	-165.59972
-16.48459975	-157.51571
-15.6464	-147.47194
-14.94790051	-138.89799
-14.38910025	-133.50865
-14.10969924	-128.85422
-13.27149949	-120.0353
-12.2936	-108.52171
-11.73480025	-102.15249
-11.176	-95.5383
-9.080499746	-73.491
-7.8232	-59.77268
-6.565900254	-46.05436
-4.749800254	-26.21179
-2.9337	-4.16449
-1.6764	9.30886
-0.6985	19.35263
0.2794	31.35616
0.9779	38.21532
1.397	42.37981
2.2352	51.68867
3.2131	61.97741
4.4704	74.96082
5.867400254	87.94423
6.845299746	96.51818
7.683500254	106.31698
9.359899746	120.52524
10.47749975	131.05895
11.73480025	142.0826
12.9921	152.61631
13.55090051	156.53583
13.83029975	158.98553
14.38910025	163.63996
15.08759949	170.00918
15.78610051	176.86834
16.62430025	185.68726
17.74189949	196.71091
18.58009924	204.30498
18.85950025	207.48959
19.41830051	212.63396
19.83740051	216.06354
20.1168	218.0233
20.39619924	219.98306
20.53589975	221.45288
20.67560025	222.18779
20.81529924	222.67773
21.09470025	216.55348
21.09470025	216.55348
20.95499975	216.55348
21.09470025	216.55348
21.37409949	220.71797
21.37409949	222.43276
21.65350051	225.3724
21.9329	228.55701
22.352	231.98659
22.352	232.96647
22.49170025	234.68126
22.63139924	236.64102
22.91080025	238.60078
23.19019975	239.58066
23.19019975	239.82563
23.32990025	240.0706
23.32990025	239.82563
23.32990025	241.05048
23.46960051	233.94635
23.46960051	233.94635
23.46960051	233.70138
23.46960051	233.70138
23.19019975	229.04695
22.91080025	223.41264
22.21229949	214.59372
21.79319949	207.24462
20.95499975	194.99612
20.25650025	184.70738
19.6977	175.88846
18.44040025	163.88493
17.74189949	154.57607
17.18310051	146.73703
16.34489924	138.40805
15.6464	131.05895
14.66849975	119.54536
13.83029975	111.95129
12.43329975	98.47794
11.03630025	84.26968
9.359899746	70.06142
7.683500254	55.36322
5.7277	37.97035
4.4704	25.72185
4.190999746	23.27215
3.2131	13.47335
1.816100076	-1.71479
0.6985	-13.47335
-0.4191	-25.47688
-1.6764	-36.99047
-3.0734	-50.95376
-4.4704	-63.6922
-5.308599746	-72.02118
-6.7056	-86.22944
-7.962899746	-97.25309
-8.661399746	-105.09213
-9.918700254	-117.5856
-10.7569	-126.64949
-11.31569975	-131.30392
-12.2936	-139.6329
-12.9921	-146.982
-13.69059924	-154.3311
-14.10969924	-158.49559
-14.8082	-165.84469
-15.08759949	-168.78433
-15.6464	-174.66361
-16.48459975	-183.48253
-17.18310051	-190.58666
-17.60220051	-194.75115
-18.30069975	-201.85528
-18.85950025	-208.2245
-19.13889949	-210.6742
-19.2786	-211.65408
-19.2786	-211.89905
-19.41830051	-213.61384
-19.6977	-215.32863
-19.6977	-215.5736
-19.83740051	-215.32863
-19.97709949	-212.14402
-19.83740051	-212.14402
-19.97709949	-212.14402
-19.97709949	-212.14402
-20.1168	-214.10378
-20.39619924	-218.0233
-20.81529924	-222.9227
-20.95499975	-224.39252
-20.95499975	-224.88246
-21.09470025	-225.61737
-21.09470025	-226.10731
-21.09470025	-226.84222
-21.23439924	-227.33216
-21.37409949	-228.80198
-21.37409949	-229.78186
-21.5138	-230.76174
-21.65350051	-231.00671
-21.65350051	-231.49665
-21.79319949	-232.23156
-21.9329	-233.45641
-21.9329	-235.1712
-22.07260051	-234.92623
-22.07260051	-235.1712
-22.21229949	-236.39605
-22.352	-231.49665
-22.352	-231.25168
-22.352	-231.49665
-22.352	-231.49665
-21.79319949	-223.41264
-21.09470025	-215.08366
-19.6977	-194.75115
-18.30069975	-176.3784
-15.36700051	-141.10272
-13.83029975	-124.44476
-11.8745	-103.62231
-10.0584	-85.49453
-7.962899746	-64.67208
-6.426199746	-47.52418
-4.6101	-27.68161
-2.374900076	-4.40946
-1.816100076	0.73491
-1.6764	3.42958
-1.1176	9.7988
-0.2794	17.88281
-0.1397	19.10766
0	19.84257
0.1397	23.27215
0.4191	24.00706
0.5588	23.02718
0.5588	23.02718
0.6985	23.02718
0.5588	23.02718
1.1176	33.07095
1.6764	38.21532
2.514599975	47.03424
3.3528	55.60819
4.3307	64.91705
5.0292	72.75609
5.7277	79.37028
6.426199746	86.22944
6.845299746	91.37381
7.4041	96.27321
7.8232	101.17261
8.661399746	109.25662
9.220200254	114.40099
9.778999746	120.0353
10.0584	121.99506
10.61719949	127.62937
11.176	134.97847
11.8745	142.57254
12.573	148.20685
12.9921	153.10625
13.55090051	158.25062
14.10969924	163.39499
14.52880076	168.29439
15.2273	175.39852
15.78610051	181.2778
16.34489924	186.1772
16.76399924	191.0766
17.18310051	195.48606
17.8816	202.10025
18.44040025	208.71444
18.85950025	211.65408
18.99920076	213.61384
19.55799949	218.75821
19.6977	221.45288
20.39619924	227.8221
20.81529924	232.23156
21.23439924	236.15108
21.37409949	237.6209
21.79319949	241.29545
22.21229949	245.45994
22.91080025	251.58419
23.46960051	254.7688
23.32990025	254.27886
23.46960051	253.54395
23.46960051	246.43982
23.46960051	246.43982
23.46960051	246.43982
23.46960051	246.43982
23.19019975	242.03036
22.63139924	234.19132
22.07260051	224.39252
20.95499975	207.73456
20.25650025	198.4257
19.97709949	193.5263
19.13889949	184.46241
18.30069975	174.90858
16.90369975	160.21038
15.78610051	148.45182
14.94790051	138.16308
13.55090051	124.19979
12.15390025	109.74656
11.03630025	97.74303
9.359899746	81.08507
7.8232	65.16202
6.845299746	54.13837
5.588	42.62478
4.8895	35.27568
4.190999746	28.41652
2.9337	15.18814
1.9558	5.14437
0.9779	-4.65443
-0.2794	-18.61772
-0.6985	-22.78221
-1.2573	-28.66149
-1.9558	-34.78574
-2.6543	-41.6449
-3.4925	-49.48394
-4.6101	-59.77268
-5.1689	-66.38687
-6.2865	-76.67561
-7.124699746	-85.98447
-7.962899746	-92.59866
-8.5217	-99.45782
-9.359899746	-107.7868
-10.0584	-113.42111
-11.03630025	-122.24003
-11.73480025	-130.32404
-12.43329975	-136.20332
-13.27149949	-145.51218
-13.83029975	-151.39146
-14.38910025	-155.80092
-14.8082	-160.94529
-15.6464	-169.0293
-16.62430025	-178.8281
-17.18310051	-182.99259
-17.4625	-187.64702
-18.16099924	-194.01624
-18.99920076	-203.08013
-19.55799949	-208.95941
-19.83740051	-212.14402
-20.1168	-214.83869
-20.81529924	-220.71797
-20.95499975	-223.16767
-21.09470025	-223.90258
-21.37409949	-226.84222
-21.5138	-228.80198
-21.65350051	-229.04695
-21.65350051	-229.53689
-21.9329	-230.76174
-21.9329	-232.23156
-22.07260051	-233.21144
-22.07260051	-233.70138
-22.21229949	-234.92623
-22.352	-230.02683
-22.21229949	-230.02683
-22.21229949	-229.78186
-22.21229949	-229.78186
-21.79319949	-222.18779
-21.37409949	-215.81857
-20.53589975	-206.26474
-19.6977	-194.01624
-18.44040025	-180.29792
-17.0434	-162.41511
-15.78610051	-148.45182
-15.08759949	-138.40805
-14.24939975	-131.05895
-13.13180051	-118.07554
-11.59509975	-102.15249
-10.19809975	-87.69926
-8.801100254	-72.51112
-7.683500254	-62.71232
-6.2865	-48.01412
-5.1689	-37.23544
-4.3307	-27.43664
-3.4925	-19.5976
-2.6543	-10.53371
-1.816100076	-3.18461
-0.9779	7.3491
-0.1397	15.43311
1.1176	29.64137
2.2352	40.66502
3.0734	48.994
3.9116	57.32298
4.749800254	65.89693
5.867400254	76.43064
6.7056	84.02471
7.683500254	94.55842
9.080499746	107.29686
10.0584	117.83057
11.45540025	131.79386
12.85239949	145.02224
14.10969924	156.04589
14.94790051	165.59972
15.50669949	171.479
16.34489924	180.29792
17.60220051	192.30145
18.58009924	202.34522
19.13889949	206.99965
19.97709949	215.5736
20.53589975	220.71797
21.23439924	228.80198
22.07260051	237.6209
22.77109975	244.72503
23.32990025	249.62443
23.749	252.56407
24.1681	256.72856
25.28569924	266.52736
25.8445	269.95694
26.543	273.38652
26.9621	277.55101
27.5209	280.24568
27.94	281.22556
28.21939746	282.69538
28.63849746	284.41017
28.9179	286.12496
29.337	288.57466
29.8958	291.26933
30.734	293.964
30.734	292.24921
30.8737	293.47406
38.6969	318.21603
38.6969	317.97106
38.8366	317.23615
38.8366	316.74621
38.6969	307.68232
38.6969	307.68232
38.8366	307.68232
38.8366	308.17226
39.116	312.58172
39.5351	318.461
40.2336	322.38052
40.9321	324.83022
41.4909	326.54501
42.04969746	328.01483
42.8879	331.44441
43.5864	330.95447
43.7261	331.19944
44.2849	332.91423
44.704	333.40417
44.84369746	332.66926
45.26279746	334.38405
45.68189746	335.6089
45.9613	333.89411
45.9613	334.13908
46.3804	320.9107
46.3804	320.9107
46.2407	320.9107
46.3804	320.9107
46.2407	317.48112
45.68189746	310.37699
44.84369746	299.35334
44.0055	291.02436
43.5864	283.67526
42.46879746	269.22203
41.4909	261.38299
41.0718	255.25874
40.3733	248.64455
39.2557	237.6209
38.4175	228.80198
37.16019746	217.53336
35.7632	203.81504
34.3662	190.09672
33.3883	181.03283
31.5722	164.61984
29.6164	147.47194
28.4988	137.42817
27.2415	126.64949
25.9842	115.1359
24.72690025	105.82704
23.46960051	94.80339
22.21229949	85.24956
21.23439924	76.18567
19.97709949	66.1419
18.85950025	56.83304
17.18310051	44.0946
16.06549975	37.23544
14.8082	26.9467
13.4112	17.1479
12.573	12.00353
11.59509975	4.65443
10.7569	0.24497
10.0584	-5.87928
8.661399746	-14.94317
7.543799746	-21.55736
6.1468	-30.37628
5.1689	-36.01059
4.3307	-40.42005
3.4925	-44.0946
3.2131	-46.05436
1.5367	-54.62831
0.8382	-58.05789
-0.1397	-63.6922
-0.9779	-67.36675
-1.5367	-71.53124
-2.6543	-77.16555
-4.0513	-86.71938
-6.2865	-101.17261
-7.264400254	-108.27674
-8.102600254	-114.89093
-8.9408	-121.50512
-10.19809975	-131.54889
-11.45540025	-141.59266
-12.573	-152.37134
-13.69059924	-161.43523
-14.66849975	-170.74409
-16.20520025	-184.21744
-17.74189949	-198.91564
-18.99920076	-209.93929
-20.1168	-220.473
-21.37409949	-231.00671
-22.49170025	-239.82563
-23.60929949	-248.88952
-24.58719975	-256.23862
-25.7048	-262.85281
-26.8224	-269.22203
-27.6606	-272.65161
-27.80029746	-273.14155
-28.63849746	-277.06107
-28.9179	-277.55101
-29.05760254	-278.28592
-29.4767	-280.24568
-29.6164	-280.49065
-29.7561	-280.00071
-29.7561	-279.75574
-29.7561	-279.2658
-37.4396	-304.25274
-37.57929746	-304.00777
-37.57929746	-303.7628
-37.57929746	-303.27286
-37.4396	-295.18885
-37.57929746	-295.18885
-37.4396	-294.94388
-37.57929746	-297.39358
-37.99840254	-301.80304
-38.4175	-305.47759
-39.2557	-311.1119
-39.8145	-312.82669
-40.0939	-312.33675
-40.513	-314.29651
-40.9321	-316.0113
-41.3512	-317.23615
-41.7703	-317.48112
-42.3291	-320.17579
-42.8879	-321.89058
-43.5864	-322.38052
-43.8658	-322.13555
-44.2849	-322.62549
-44.84369746	-323.85034
-44.84369746	-322.62549
-44.9834	-322.62549
-44.9834	-322.13555
-45.4025	-308.17226
-45.26279746	-308.17226
-45.26279746	-308.17226
-44.84369746	-303.7628
-44.5643	-299.84328
-43.7261	-287.59478
-42.6085	-275.34628
-41.7703	-265.05754
-40.3733	-249.62443
-39.116	-235.41617
-37.719	-220.96294
-36.4617	-206.75468
-35.0647	-192.79139
-33.52799746	-178.8281
-31.9913	-163.63996
-30.5943	-150.90152
-28.21939746	-129.34416
-26.6827	-116.11578
-24.86659924	-98.96788
-23.05049924	-82.79986
-21.37409949	-69.32651
-19.41830051	-54.87328
-17.4625	-37.48041
-15.08759949	-20.82245
-13.27149949	-8.32898
-11.31569975	5.87928
-8.242299746	23.51712
-6.007099746	36.01059
-2.9337	50.21885
-0.4191	61.73244
1.6764	71.0413
2.9337	77.16555
4.6101	86.47441
6.845299746	97.25309
8.381999492	106.07201
10.61719949	119.05542
11.8745	127.13943
13.4112	135.46841
14.94790051	145.51218
16.48459975	156.04589
18.30069975	167.55948
19.41830051	176.13343
21.65350051	189.85175
23.05049924	198.67067
24.44749949	207.24462
25.7048	214.10378
26.6827	219.98306
27.6606	227.8221
29.05760254	235.41617
30.3149	243.50018
31.5722	250.35934
33.3883	261.38299
34.5059	267.50724
35.4838	271.67173
36.4617	278.04095
37.4396	282.69538
38.4175	288.57466
39.8145	295.43382
40.513	297.88352
41.0718	301.3131
41.7703	303.27286
42.3291	306.2125
43.0276	310.13202
43.5864	311.84681
44.0055	313.5616
44.5643	315.52136
45.1231	317.48112
45.26279746	317.48112
45.4025	317.72609
45.68189746	318.461
45.8216	318.461
46.2407	320.9107
46.2407	319.68585
46.3804	308.17226
46.3804	308.17226
46.52009746	308.17226
46.3804	307.92729
45.9613	301.3131
45.26279746	293.47406
45.1231	290.28945
44.2849	280.24568
43.8658	274.3664
43.1673	266.28239
41.7703	250.84928
40.513	238.60078
39.8145	231.74162
39.2557	225.86234
38.4175	218.51324
36.8808	204.30498
36.1823	197.44582
35.3441	190.58666
34.5059	182.25768
33.9471	177.84822
33.10889746	170.49912
31.5722	155.55595
30.3149	144.77727
29.337	136.20332
27.38119746	120.0353
25.5651	104.84716
23.749	90.88387
22.91080025	84.51465
22.49170025	80.59513
22.07260051	78.3904
21.23439924	71.0413
19.83740051	60.99753
18.16099924	48.01412
16.62430025	36.25556
15.08759949	26.45676
14.38910025	21.80233
13.27149949	13.47335
11.8745	4.65443
10.33780025	-5.14437
8.5217	-15.92305
6.2865	-26.70173
5.308599746	-32.09107
3.7719	-39.1952
1.9558	-47.03424
1.2573	-50.21885
0.1397	-55.36322
-0.9779	-60.26262
-2.6543	-67.36675
-3.632200254	-72.02118
-4.6101	-76.18567
-5.4483	-80.35016
-6.7056	-86.47441
-7.962899746	-93.57854
-9.080499746	-99.21285
-10.47749975	-106.56195
-11.31569975	-112.44123
-12.573	-119.05542
-13.13180051	-122.97494
-13.83029975	-127.3844
-14.8082	-134.24356
-16.20520025	-143.30745
-17.0434	-147.47194
-17.74189949	-152.61631
-18.71979975	-158.98553
-19.83740051	-166.08966
-20.81529924	-171.96894
-21.65350051	-178.09319
-22.07260051	-180.54289
-22.77109975	-185.19732
-23.749	-192.05648
-25.00629975	-200.8754
-25.8445	-205.52983
-26.6827	-210.6742
-27.2415	-213.85881
-27.94	-219.24815
-28.4988	-221.94282
-29.4767	-229.53689
-30.8737	-238.11084
-31.9913	-245.21497
-33.10889746	-251.33922
-33.9471	-256.48359
-34.3662	-257.70844
-35.3441	-263.58772
-36.1823	-268.97706
-36.74109746	-271.9167
-37.4396	-276.8161
-38.4175	-282.20544
-39.5351	-287.59478
-40.3733	-292.24921
-40.9321	-294.94388
-41.63059746	-298.37346
-42.04969746	-299.59831
-42.3291	-300.82316
-42.46879746	-301.55807
-42.8879	-303.02789
-43.0276	-304.25274
-43.5864	-307.19238
-44.1452	-310.62196
-44.4246	-310.62196
-44.5643	-311.35687
-44.704	-311.1119
-45.26279746	-302.78292
-45.26279746	-302.78292
-45.26279746	-303.02789
-45.26279746	-302.78292
-44.9834	-299.84328
-44.5643	-292.98412
-43.5864	-282.69538
-42.3291	-267.99718
-41.0718	-254.7688
-40.0939	-241.78539
-38.6969	-229.04695
-37.4396	-214.10378
-36.1823	-202.59019
-35.3441	-194.01624
-34.2265	-183.97247
-33.3883	-175.15355
-32.131	-163.39499
-30.5943	-149.67667
-29.337	-137.91811
-27.80029746	-124.19979
-26.6827	-115.1359
-25.8445	-106.80692
-24.30780051	-94.06848
-23.19019975	-85.49453
-22.352	-78.3904
-21.37409949	-69.81645
-20.39619924	-62.22238
-19.13889949	-51.93364
-17.18310051	-37.23544
-15.6464	-25.96682
-14.38910025	-17.63784
-13.83029975	-13.96329
-12.2936	-2.4497
-10.7569	7.3491
-8.801100254	18.12778
-6.845299746	28.41652
-5.4483	35.52065
-4.190999746	40.17508
-2.6543	48.01412
-0.8382	56.83304
0.4191	61.48747
1.5367	67.12178
2.794	73.00106
4.0513	78.14543
5.7277	86.22944
7.264400254	94.06848
8.242299746	97.988
8.801100254	101.66255
9.499600254	103.62231
9.918700254	106.80692
10.33780025	109.74656
11.176	113.66608
11.8745	117.5856
12.71270051	123.46488
13.4112	127.13943
13.97000025	130.07907
14.38910025	133.01871
15.2273	137.42817
15.6464	140.61278
16.62430025	146.982
17.32279949	150.65655
18.02130025	156.29086
19.13889949	162.41511
20.25650025	170.25415
21.5138	177.84822
22.91080025	186.91211
24.02839949	193.28133
24.58719975	196.95588
25.5651	202.59019
26.543	208.71444
27.6606	215.81857
28.63849746	221.94282
29.8958	228.80198
31.2928	237.13096
32.4104	244.23509
33.3883	249.8694
34.7853	257.70844
35.9029	264.07766
36.8808	269.71197
38.4175	277.79598
39.3954	283.43029
40.6527	289.30957
42.04969746	297.39358
43.4467	303.51783
44.4246	308.17226
45.68189746	314.78645
46.6598	317.48112
47.0789	318.95094
47.7774	322.38052
48.895	326.78998
49.5935	327.27992
50.4317	330.46453
51.1302	331.68938
51.9684	334.13908
52.66689746	335.6089
53.36540254	336.83375
54.34329746	338.30357
54.62270254	335.85387
54.9021	337.32369
55.46090254	339.28345
55.7403	338.0586
55.88	338.54854
56.01969746	338.30357
56.2991	338.54854
56.43879746	337.32369
56.43879746	336.83375
56.5785	324.58525
56.5785	324.34028
56.5785	324.58525
56.5785	324.58525
56.7182	327.03495
56.9976	330.7095
57.4167	334.62902
57.8358	337.56866
58.53430254	341.73315
59.51219746	344.42782
60.35039746	345.65267
60.9092	346.63255
61.60769746	348.59231
62.30620254	348.83728
62.86499746	348.59231
63.56350254	351.04201
64.54139746	352.02189
65.659	353.73668
66.4972	353.49171
67.05599746	353.00177
67.7545	351.77692
68.31330254	351.77692
69.0118	352.26686
69.57060254	352.02189
70.2691	353.24674
70.96759746	353.73668
71.9455	353.98165
72.50430254	353.98165
73.2028	353.24674
73.6219	352.7568
73.90129746	352.51183
74.32039746	353.24674
74.73949746	353.49171
75.2983	353.49171
75.438	352.02189
75.71739746	351.77692
75.99680254	352.7568
76.2762	352.51183
76.41590254	350.3071
76.41590254	349.32722
76.55559746	348.34734
76.41590254	334.13908
76.41590254	333.89411
76.41590254	334.13908
76.41590254	334.13908
76.55559746	335.85387
76.83500254	339.03848
77.1144	342.46806
77.67320254	347.12249
77.9526	348.83728
78.51140254	351.04201
78.93050254	351.53195
79.2099	352.02189
79.76870254	353.98165
80.0481	353.98165
80.60690254	354.71656
81.16569746	356.18638
81.44510254	355.94141
81.7245	356.18638
82.2833	356.92129
82.84209746	358.39111
83.4009	358.63608
83.9597	359.61596
84.3788	359.12602
84.65819746	358.14614
84.93759746	359.37099
85.35670254	359.61596
85.49639746	358.88105
85.91549746	360.59584
86.19490254	359.61596
86.4743	360.59584
87.17279746	362.80057
87.7316	362.31063
88.1507	362.06566
88.43009746	362.80057
89.408	364.02542
89.54770254	363.04554
89.96680254	363.29051
90.6653	365.25027
90.94469746	363.04554
91.0844	362.5556
91.2241	362.31063
91.36379746	362.5556
91.5035	362.5556
91.6432	362.31063
91.78289746	361.57572
91.78289746	361.33075
92.0623	361.33075
92.0623	361.08578
92.0623	345.4077
92.0623	345.4077
92.0623	345.4077
91.5035	339.03848
90.6653	328.74974
88.9889	309.88705
87.45220254	292.00424
85.6361	277.06107
83.9597	261.87293
82.7024	252.56407
81.02600254	238.60078
79.07019746	220.96294
77.5335	210.18426
77.1144	206.26474
75.2983	192.05648
74.32039746	183.97247
72.7837	172.45888
71.24700254	160.45535
69.85	150.16661
68.73240254	142.32757
67.89420254	135.46841
67.05599746	131.30392
66.21779746	124.19979
64.96049746	114.64596
63.8429	107.29686
62.44589746	98.96788
61.04890254	88.67914
59.6519	81.33004
58.8137	76.18567
58.25489746	73.491
57.8358	70.06142
56.85789746	64.67208
55.46090254	56.09813
54.62270254	51.93364
53.36540254	44.33957
51.26990254	33.31592
50.0126	26.45676
49.0347	22.0473
48.6156	20.08754
47.0789	12.00353
45.68189746	5.38934
44.0055	-2.4497
42.46879746	-9.30886
40.9321	-15.67808
38.9763	-23.51712
38.1381	-26.45676
36.1823	-34.78574
34.3662	-40.17508
33.2486	-44.58454
31.5722	-49.48394
30.1752	-53.64843
29.337	-56.3431
27.5209	-61.2425
25.7048	-66.87681
23.32990025	-73.00106
21.23439924	-78.14543
20.25650025	-78.88034
18.85950025	-83.77974
16.90369975	-88.67914
14.94790051	-93.57854
13.4112	-96.27321
12.43329975	-97.49806
11.73480025	-99.45782
10.47749975	-101.90752
9.6393	-103.37734
8.9408	-105.82704
7.124699746	-110.2365
5.7277	-112.44123
4.3307	-116.36075
1.816100076	-121.99506
0	-125.91458
-1.9558	-130.81398
-3.7719	-133.99859
-4.4704	-134.48853
-5.4483	-137.67314
-6.565900254	-140.61278
-8.242299746	-145.51218
-9.080499746	-146.49206
-11.31569975	-154.3311
-12.85239949	-158.49559
-14.52880076	-164.1299
-16.34489924	-170.25415
-17.60220051	-175.15355
-18.85950025	-178.09319
-20.25650025	-185.19732
-22.07260051	-193.03636
-24.02839949	-202.10025
-26.543	-212.87893
-28.63849746	-222.18779
-30.1752	-229.04695
-31.85159746	-237.86587
-33.8074	-246.92976
-35.9029	-256.97353
-38.6969	-268.97706
-40.0939	-273.63149
-40.9321	-277.06107
-42.6085	-283.92023
-44.84369746	-291.5143
-46.3804	-296.65867
-47.498	-299.59831
-48.895	-303.7628
-49.73319746	-304.98765
-50.292	-305.96753
-50.7111	-306.94741
-51.40959746	-308.41723
-51.9684	-310.13202
-52.3875	-311.35687
-52.94630254	-312.33675
-53.2257	-312.58172
-53.50509746	-313.31663
-54.0639	-315.27639
-54.76239746	-317.48112
-55.18149746	-318.21603
-55.46090254	-305.23262
-55.46090254	-305.23262
-55.3212	-305.23262
-55.3212	-305.23262
-55.7403	-310.62196
-56.1594	-313.80657
-56.43879746	-316.0113
-56.85789746	-319.44088
-57.69609746	-322.13555
-57.9755	-322.87046
-58.3946	-324.09531
-59.09309746	-327.03495
-59.6519	-328.2598
-60.4901	-330.46453
-61.04890254	-330.95447
-61.88710254	-333.89411
-62.86499746	-334.62902
-63.28409746	-334.87399
-63.8429	-335.85387
-64.262	-336.34381
-64.8208	-337.56866
-65.2399	-337.32369
-65.79869746	-339.03848
-66.63689746	-340.99824
-67.19569746	-341.48818
-67.61479746	-340.75327
-67.89420254	-340.01836
-68.31330254	-341.48818
-68.73240254	-342.46806
-69.4309	-343.20297
-69.85	-343.20297
-70.2691	-343.44794
-70.54849746	-342.958
-71.1073	-343.93788
-71.5264	-344.91776
-72.7837	-347.36746
-73.2028	-346.38758
-73.6219	-346.63255
-74.041	-346.87752
-74.1807	-345.89764
-74.5998	-346.38758
-74.73949746	-345.89764
-74.8792	-346.14261
-75.15859746	-346.14261
-75.2983	-345.65267
-75.438	-345.16273
-75.57769746	-345.16273
-75.71739746	-330.7095
-75.71739746	-330.7095
-75.71739746	-330.46453
-75.71739746	-330.46453
-75.71739746	-330.7095
-76.13649746	-334.87399
-76.97469746	-342.46806
-78.23199746	-348.59231
-78.93050254	-349.57219
-79.76870254	-351.53195
-81.3054	-352.7568
-81.8642	-351.28698
-82.00389746	-350.06213
-82.42299746	-351.04201
-82.9818	-352.26686
-83.68029746	-352.51183
-83.9597	-352.26686
-84.23909746	-351.77692
-84.65819746	-352.02189
-84.93759746	-351.77692
-85.49639746	-353.00177
-85.91549746	-352.51183
-86.75369746	-354.96153
-87.45220254	-354.96153
-87.87130254	-354.22662
-88.29040254	-354.47159
-88.70950254	-355.94141
-89.54770254	-356.43135
-89.8271	-355.45147
-89.96680254	-353.98165
-89.96680254	-353.00177
-90.10649746	-352.51183
-90.2462	-352.7568
-90.38590254	-353.24674
-90.6653	-353.49171
-90.6653	-353.00177
-91.0844	-336.58878
-91.0844	-336.58878
-90.94469746	-336.58878
-91.0844	-336.58878
-90.94469746	-336.09884
-90.6653	-332.17932
-90.38590254	-328.74974
-89.8271	-322.13555
-88.5698	-309.64208
-87.87130254	-303.7628
-87.03310254	-294.69891
-85.77580254	-282.45041
-84.7979	-271.9167
-83.68029746	-262.85281
-82.5627	-252.07413
-81.7245	-245.45994
-81.16569746	-241.78539
-80.0481	-232.23156
-79.2099	-224.63749
-78.09230254	-215.5736
-77.25410254	-209.20438
-76.6953	-202.83516
-75.15859746	-189.85175
-73.7616	-179.80798
-72.64399746	-170.49912
-71.5264	-162.90505
-70.82790254	-156.7808
-70.40880254	-153.35122
-69.71029746	-148.45182
-68.87209746	-142.32757
-67.7545	-133.75362
-66.77659746	-125.66961
-65.37959746	-115.38087
-64.4017	-108.27674
-63.4238	-102.15249
-62.72530254	-96.02824
-61.3283	-87.45429
-59.79160254	-77.41052
-58.11520254	-66.63184
-56.9976	-59.28274
-56.01969746	-53.8934
-55.3212	-48.994
-54.20360254	-42.86975
-53.36540254	-38.21532
-52.24779746	-31.8461
-50.99049746	-25.96682
-50.0126	-20.08754
-49.31409746	-16.41299
-48.0568	-9.30886
-46.3804	-1.95976
-45.1231	4.40946
-43.7261	10.28874
-42.3291	15.43311
-41.4909	18.61772
-40.6527	21.06742
-39.6748	25.96682
-38.6969	27.92658
-37.4396	32.82598
-35.9029	38.46029
-34.0868	43.60466
-33.10889746	45.56442
-31.7119	49.97388
-30.5943	53.64843
-29.05760254	57.07801
-27.5209	62.71232
-26.1239	65.65196
-24.72690025	69.57148
-23.32990025	73.00106
-21.37409949	78.14543
-19.2786	83.04483
-17.0434	87.45429
-16.20520025	88.92411
-14.10969924	94.55842
-12.71270051	97.74303
-11.176	100.19273
-9.220200254	105.3371
-7.543799746	108.52171
-5.867400254	111.46135
-4.8895	112.6862
-3.632200254	115.62584
-1.5367	120.52524
0.1397	123.70985
1.2573	124.44476
2.514599975	128.11931
4.0513	130.81398
5.0292	132.03883
6.426199746	135.46841
8.102600254	139.14296
9.778999746	141.83763
10.61719949	144.04236
11.73480025	146.49206
12.9921	148.45182
13.83029975	150.16661
14.8082	152.12637
15.6464	154.08613
16.76399924	156.7808
17.8816	159.47547
19.41830051	163.15002
20.39619924	164.37487
21.37409949	166.5796
22.49170025	170.49912
23.749	173.43876
24.58719975	175.39852
25.4254	177.84822
26.6827	181.2778
28.0797	185.19732
28.7782	186.42217
29.4767	188.13696
30.3149	191.32157
31.5722	195.48606
32.5501	196.95588
32.9692	199.40558
34.5059	204.30498
36.0426	208.95941
37.2999	212.14402
38.8366	218.0233
40.9321	224.14755
42.3291	228.06707
43.4467	231.00671
44.9834	235.41617
46.2407	239.82563
47.0789	241.29545
48.1965	243.99012
48.7553	245.94988
49.73319746	248.88952
50.7111	252.56407
51.82869746	255.74868
53.2257	259.6682
54.76239746	264.5676
56.01969746	267.0173
57.5564	272.40664
59.51219746	277.30604
60.9092	280.98059
62.44589746	285.14508
64.262	289.0646
65.5193	291.75927
66.9163	296.4137
68.5927	299.35334
69.71029746	302.29298
70.54849746	304.00777
71.5264	305.96753
73.3425	311.35687
74.73949746	314.05154
75.438	315.27639
76.2762	316.99118
76.6953	316.74621
77.81289746	320.17579
78.7908	322.62549
80.0481	325.8101
80.8863	325.56513
81.58479746	327.52489
82.84209746	330.95447
83.9597	332.66926
84.65819746	332.66926
85.35670254	334.62902
86.19490254	336.58878
86.8934	337.07872
87.45220254	337.56866
88.70950254	340.99824
89.408	341.48818
89.68739746	339.77339
90.10649746	340.99824
90.52559746	342.46806
90.94469746	341.24321
91.2241	343.44794
91.6432	342.958
91.78289746	341.48818
91.9226	341.73315
92.0623	327.27992
92.0623	327.27992
92.0623	327.27992
92.0623	327.27992
91.6432	322.87046
90.38590254	308.17226
89.12860254	293.964
87.87130254	279.2658
86.8934	272.65161
85.77580254	262.1179
84.3788	250.35934
82.7024	237.13096
81.3054	225.3724
80.0481	215.81857
79.07019746	208.95941
77.81289746	198.67067
75.8571	182.50265
73.90129746	167.31451
71.9455	153.35122
70.82790254	145.51218
69.85	138.40805
68.5927	129.8341
67.47510254	121.50512
65.5193	108.76668
63.56350254	96.51818
62.72530254	91.12884
61.3283	81.81998
59.93129746	74.22591
57.8358	61.97741
55.60059746	48.994
53.78450254	39.93011
52.66689746	33.31592
51.1302	25.96682
49.0347	15.67808
46.9392	6.36922
45.5422	0.48994
43.8658	-5.87928
41.7703	-13.96329
39.5351	-21.55736
37.0205	-29.3964
34.5059	-36.99047
32.27069746	-42.62478
29.7561	-50.70879
27.38119746	-56.83304
24.44749949	-64.67208
23.05049924	-67.85669
20.67560025	-73.491
18.58009924	-78.3904
15.6464	-85.24956
13.83029975	-89.16908
11.45540025	-94.80339
8.5217	-100.92764
4.8895	-107.7868
1.6764	-114.40099
-1.5367	-121.01518
-3.9116	-123.70985
-5.4483	-126.15955
-6.2865	-127.62937
-7.4041	-130.56901
-9.6393	-133.99859
-10.7569	-136.69326
-11.8745	-138.16308
-13.4112	-142.0826
-14.66849975	-144.04236
-16.34489924	-148.20685
-17.32279949	-149.92164
-18.58009924	-152.37134
-20.81529924	-157.76068
-22.49170025	-160.70032
-23.749	-163.88493
-25.00629975	-166.82457
-25.9842	-168.04942
-27.1018	-171.96894
-28.3591	-175.39852
-29.8958	-180.29792
-31.4325	-184.46241
-33.2486	-190.09672
-34.5059	-193.5263
-36.74109746	-200.63043
-38.4175	-206.01977
-39.8145	-210.18426
-40.79239746	-212.63396
-41.63059746	-215.81857
-42.8879	-219.24815
-43.4467	-220.71797
-45.1231	-228.06707
-46.9392	-231.74162
-47.9171	-235.90611
-49.5935	-241.29545
-50.99049746	-245.70491
-53.2257	-253.54395
-55.3212	-258.93329
-57.9755	-267.26227
-59.79160254	-271.9167
-62.5856	-280.73562
-64.12229746	-283.18532
-65.9384	-288.57466
-67.61479746	-293.22909
-69.15150254	-296.65867
-70.2691	-299.10837
-72.50430254	-306.94741
-74.4601	-309.39711
-76.13649746	-314.29651
-78.3717	-319.93082
-80.18780254	-322.62549
-81.7245	-326.05507
-82.9818	-328.50477
-84.51849746	-331.19944
-84.7979	-328.99471
-85.35670254	-332.17932
-86.19490254	-332.66926
-86.61400254	-334.13908
-87.59189746	-336.83375
-88.29040254	-337.07872
-89.12860254	-338.30357
-89.26829746	-337.56866
-89.54770254	-336.83375
-89.68739746	-337.81363
-90.10649746	-338.79351
-90.2462	-338.54854
-90.6653	-338.79351
-90.805	-338.54854
-90.805	-337.81363
-90.94469746	-337.56866
-90.805	-336.83375
-90.94469746	-325.56513
-90.94469746	-325.32016
-90.94469746	-325.32016
-90.94469746	-325.32016
-90.805	-323.3604
-90.10649746	-316.74621
-89.54770254	-310.62196
-88.9889	-304.49771
-88.01099746	-293.964
-86.8934	-282.69538
-85.6361	-271.9167
-84.09939746	-257.46347
-83.4009	-251.82916
-82.1436	-240.80551
-80.74659746	-229.53689
-79.629	-220.96294
-79.2099	-216.55348
-78.09230254	-207.97953
-76.83500254	-197.69079
-75.57769746	-187.15708
-74.1807	-177.60325
-72.7837	-165.59972
-70.54849746	-148.45182
-69.15150254	-138.16308
-67.19569746	-123.95482
-64.6811	-106.56195
-63.14440254	-96.02824
-62.1665	-89.16908
-61.04890254	-82.79986
-59.93129746	-75.45076
-58.53430254	-66.1419
-57.1373	-56.83304
-55.7403	-49.72891
-54.62270254	-42.37981
-52.66689746	-32.09107
-51.9684	-28.90646
-51.68900254	-26.9467
-50.99049746	-23.51712
-50.57139746	-22.0473
-50.0126	-18.61772
-49.0347	-13.47335
-48.4759	-11.02365
-48.3362	-11.26862
-48.1965	-10.28874
-47.9171	-9.06389
-47.6377	-7.3491
-47.6377	-7.83904
-47.2186	-5.87928
-47.0789	-4.8994
-46.9392	-4.16449
-46.7995	-4.40946
-46.6598	-3.91952
-46.6598	-3.18461
-46.6598	-3.67455
-46.52009746	-3.91952
-46.52009746	-3.18461
-46.2407	-8.81892
-46.2407	-8.81892
-46.2407	-8.81892
-46.2407	-8.81892
-46.2407	-8.81892
-46.2407	-8.81892
-46.2407	-8.81892
-46.2407	-9.06389
-46.2407	-8.81892
-45.68189746	-2.4497
-44.9834	3.42958
-44.4246	6.85916
-43.5864	11.51359
-42.6085	15.18814
-41.7703	18.61772
-41.0718	21.06742
-40.0939	24.98694
-39.5351	26.45676
-38.4175	30.62125
-36.74109746	35.76562
-35.4838	39.68514
-34.0868	43.84963
-33.10889746	46.29933
-31.85159746	49.97388
-30.0355	55.11825
-28.63849746	59.28274
-27.1018	63.20226
-26.4033	65.40699
-25.14600025	69.08154
-23.05049924	74.47088
-21.09470025	79.37028
-18.16099924	86.47441
-15.92579924	91.86375
-13.4112	97.00812
-9.499600254	106.07201
-7.264400254	109.50159
-5.588	113.17614
-3.7719	116.60572
-2.095499898	120.0353
0.4191	124.68973
2.6543	128.85422
4.190999746	131.79386
6.007099746	134.97847
7.543799746	137.67314
8.661399746	139.6329
10.89659975	143.30745
13.27149949	148.94176
14.66849975	149.92164
16.06549975	153.35122
17.4625	156.29086
19.13889949	160.21038
21.65350051	165.59972
23.749	168.78433
24.72690025	170.00918
26.543	175.88846
28.4988	179.31804
30.5943	186.1772
33.3883	192.79139
36.32199746	201.61031
39.116	209.20438
41.91	217.28839
44.84369746	225.61737
46.2407	228.31204
48.0568	233.70138
49.31409746	237.13096
50.57139746	242.03036
53.08599746	249.37946
55.7403	257.2185
58.11520254	263.58772
60.35039746	267.99718
62.5856	275.10131
64.96049746	281.7155
66.9163	285.63502
68.87209746	291.02436
70.82790254	295.92376
72.50430254	300.08825
74.1807	304.98765
76.41590254	308.6622
78.65109746	315.27639
80.74659746	318.461
83.26119746	325.32016
85.6361	329.72962
88.29040254	334.62902
89.68739746	336.83375
91.9226	340.99824
93.3196	342.46806
94.85629746	345.16273
95.8342	344.42782
96.81210254	347.61243
97.9297	347.8574
98.48850254	348.34734
99.04729746	348.34734
99.6061	349.81716
100.3045975	349.81716
100.7236975	350.79704
101.2825	351.28698
101.7016051	351.28698
101.8413	350.06213
102.1207051	350.3071
102.1207051	349.81716
102.4000975	336.34381
102.4000975	336.34381
102.4000975	336.09884
102.4000975	336.58878
102.9589051	342.71303
103.5177	346.87752
104.775	353.98165
105.8926025	356.67632
106.7308025	357.16626
107.9881025	359.61596
108.966	360.1059
110.0836025	361.82069
111.2011949	363.04554
112.0393949	362.5556
112.7378975	363.53548
114.1348949	366.47512
115.1128025	366.47512
116.3701025	367.94494
117.4877051	369.41476
118.0465	367.94494
118.6052975	368.43488
119.1641051	368.43488
119.5832051	367.455
119.8625975	367.94494
120.0023051	350.55207
120.0023051	350.79704
120.0023051	350.3071
120.0023051	350.55207
120.2816975	353.73668
121.1198975	361.33075
121.6787051	365.98518
122.5169051	368.43488
123.4948	371.37452
124.0535949	370.88458
124.333	370.14967
124.6124025	371.37452
125.0315025	371.37452
125.3108949	371.86446
125.7299949	372.3544
126.2888025	373.33428
126.7079025	373.33428
127.1270025	373.33428
127.5461025	374.31416
127.8254949	373.33428
128.1048975	374.8041
128.6636949	375.78398
128.9430975	374.8041
129.3621975	375.29404
129.7812975	375.78398
130.2003975	376.27392
130.6194975	376.27392
131.1782949	377.74374
131.5973949	377.2538
132.2958975	379.21356
132.9944025	379.7035
133.4135025	379.21356
133.8326025	378.72362
134.1119924	378.47865
134.5311051	378.72362
134.8104975	378.72362
135.0899	379.21356
135.3693051	378.72362
135.509	378.23368
135.9281	379.7035
136.2075051	379.45853
136.4868975	379.21356
136.6266051	378.72362
136.7663	379.21356
137.3250975	379.94847
138.0236	357.6562
138.0236	357.6562
137.8839051	357.41123
138.0236	357.6562
137.3250975	349.81716
136.4868975	341.48818
135.7884051	333.1592
134.5311051	318.95094
133.1340975	308.17226
130.8989025	289.30957
127.8254949	265.79245
126.7079025	257.70844
125.5903	248.88952
124.4726949	242.03036
121.5389949	219.24815
118.6052975	198.91564
115.8112924	179.07307
113.5760975	166.08966
111.4805975	151.39146
109.5247949	138.40805
107.9881025	130.07907
106.0323	117.09566
104.0764949	105.82704
103.0986	100.19273
99.6061	81.81998
97.37089746	70.30639
94.5769	56.83304
92.62109746	47.52418
88.9889	30.86622
85.217	14.6982
81.58479746	0.73491
78.93050254	-8.32898
75.8571	-18.37275
72.08520254	-28.66149
70.54849746	-32.33604
68.1736	-38.70526
64.8208	-46.05436
62.02679746	-52.17861
59.2328	-58.7928
56.1594	-63.6922
51.82869746	-73.491
48.3362	-80.59513
46.10099746	-82.55489
42.7482	-90.6389
37.2999	-100.92764
31.4325	-109.01165
27.80029746	-114.40099
25.00629975	-118.07554
21.9329	-122.72997
19.97709949	-124.68973
18.30069975	-125.91458
16.20520025	-130.32404
12.573	-135.71338
8.5217	-142.0826
4.8895	-145.26721
2.374900076	-149.4317
0.1397	-151.39146
-2.794	-155.55595
-5.867400254	-159.72044
-7.683500254	-161.6802
-10.7569	-166.5796
-13.83029975	-170.25415
-15.6464	-172.70385
-18.16099924	-176.62337
-19.97709949	-179.07307
-22.63139924	-183.97247
-25.14600025	-186.66714
-27.6606	-191.56654
-31.5722	-198.4257
-34.3662	-204.30498
-38.1381	-212.87893
-41.21149746	-219.24815
-43.0276	-222.9227
-45.5422	-229.29192
-47.7774	-234.68126
-49.4538	-236.88599
-52.24779746	-244.97
-54.62270254	-249.8694
-55.88	-251.09425
-57.1373	-255.50371
-59.09309746	-260.89305
-61.3283	-267.0173
-64.6811	-273.87646
-66.3575	-275.34628
-68.03389746	-281.96047
-69.85	-285.14508
-71.80579746	-290.04448
-74.4601	-295.43382
-76.2762	-298.12849
-77.67320254	-300.57819
-78.65109746	-302.04801
-80.32749746	-305.96753
-81.7245	-309.39711
-83.4009	-312.09178
-85.07729746	-315.03142
-86.33459746	-316.99118
-86.8934	-317.23615
-88.1507	-320.9107
-89.26829746	-322.13555
-90.2462	-323.85034
-91.78289746	-327.03495
-92.3417	-327.27992
-94.29750254	-331.68938
-95.4151	-331.93435
-96.6724	-335.11896
-97.5106	-335.6089
-99.04729746	-339.28345
-100.1649	-339.77339
-101.0031	-340.26333
-101.5618975	-340.5083
-102.4000975	-341.73315
-102.9589051	-342.46806
-103.7971051	-343.93788
-104.4955949	-345.16273
-105.7528949	-347.12249
-106.4514	-347.8574
-107.4292949	-349.57219
-108.8263025	-352.02189
-110.0836025	-353.00177
-110.9218025	-352.7568
-111.4805975	-352.51183
-112.1791025	-353.73668
-112.4584949	-352.7568
-112.7378975	-353.00177
-113.0173025	-353.24674
-113.5760975	-353.98165
-113.7157949	-353.73668
-113.9951975	-337.56866
-113.9951975	-337.56866
-113.8555025	-337.32369
-113.8555025	-337.32369
-114.4142975	-342.22309
-114.8333975	-346.14261
-115.2524975	-349.08225
-115.6715975	-351.53195
-116.3701025	-354.71656
-116.9288975	-356.43135
-117.3479975	-357.16626
-117.7670975	-356.92129
-118.0465	-358.14614
-118.7450051	-359.37099
-119.3038	-359.61596
-119.5832051	-359.61596
-119.8625975	-359.37099
-120.2816975	-360.1059
-120.2816975	-359.86093
-120.8405051	-361.82069
-121.6787051	-363.78045
-122.2375	-364.02542
-122.5169051	-362.5556
-122.7962949	-363.29051
-123.3551025	-364.76033
-123.9139	-365.25027
-124.4726949	-365.49524
-124.7521	-365.49524
-125.1712	-366.23015
-125.5903	-366.47512
-126.0094	-366.72009
-126.5681949	-367.455
-126.8476	-366.47512
-127.6858	-369.16979
-128.1048975	-368.92482
-128.6636949	-369.41476
-128.9430975	-368.92482
-129.3621975	-368.92482
-129.7812975	-369.41476
-130.0607025	-369.9047
-130.6194975	-370.63961
-131.3180025	-371.12955
-131.8767975	-372.3544
-132.2958975	-372.10943
-132.8546924	-372.10943
-133.1340975	-371.37452
-133.4135025	-371.37452
-133.6928924	-371.61949
-133.9722975	-371.37452
-134.2517	-371.12955
-134.5311051	-371.86446
-134.8104975	-371.86446
-135.0899	-371.86446
-135.6486975	-373.82422
-136.2075051	-373.33428
-136.2075051	-372.10943
-136.4868975	-371.86446
-136.6266051	-351.04201
-136.7663	-351.04201
-136.7663	-351.04201
-136.6266051	-351.04201
-136.2075051	-345.65267
-135.7884051	-341.48818
-135.0899	-334.13908
-133.9722975	-324.34028
-132.7149975	-312.58172
-132.0164949	-306.2125
-130.3400949	-291.75927
-128.9430975	-279.75574
-127.5461025	-268.48712
-126.1490949	-258.19838
-125.0315025	-248.88952
-123.7742025	-239.58066
-121.9580949	-225.3724
-120.0023051	-211.40911
-118.0465	-196.95588
-116.3701025	-185.44229
-114.4142975	-170.98906
-111.8996975	-153.84116
-109.5247949	-138.16308
-107.2896	-124.68973
-106.3117025	-119.05542
-105.4735051	-114.15602
-104.3559	-105.82704
-102.6795	-95.78327
-100.8634	-85.7395
-98.7679	-73.98094
-97.5106	-67.85669
-95.4151	-56.58807
-92.3417	-41.6449
-90.38590254	-32.33604
-87.59189746	-20.08754
-84.65819746	-8.81892
-82.5627	0
-79.07019746	12.49347
-76.97469746	17.39287
-74.32039746	25.96682
-71.66610254	31.8461
-69.85	35.76562
-67.89420254	40.66502
-65.37959746	46.5443
-63.4238	50.46382
-61.04890254	55.85316
-58.3946	60.75256
-56.1594	66.63184
-54.483	69.08154
-51.82869746	75.69573
-49.5935	79.86022
-47.2186	83.77974
-45.1231	87.69926
-43.0276	92.10872
-40.513	96.02824
-38.1381	100.92764
-35.7632	104.84716
-33.2486	108.52171
-30.4546	112.6862
-27.94	117.09566
-26.1239	118.81045
-25.14600025	119.54536
-24.1681	121.50512
-22.77109975	122.97494
-21.09470025	124.9347
-18.99920076	129.58913
-16.34489924	133.75362
-14.10969924	135.22344
-12.9921	136.93823
-10.89659975	139.6329
-8.5217	143.30745
-6.565900254	145.51218
-4.749800254	148.20685
-2.095499898	151.8814
0.9779	154.57607
2.9337	157.27074
4.8895	159.96541
6.7056	162.66008
9.080499746	165.59972
11.59509975	168.53936
14.10969924	171.72397
15.50669949	171.479
17.18310051	175.39852
19.13889949	177.84822
22.21229949	181.76774
24.1681	183.23756
26.9621	188.6269
29.7561	191.56654
31.7119	194.75115
34.3662	198.4257
37.4396	203.3251
38.9763	205.28486
41.21149746	208.2245
43.0276	211.65408
45.4025	215.5736
47.9171	219.00318
49.73319746	221.94282
51.9684	226.59725
54.62270254	231.74162
56.5785	234.68126
58.8137	238.35581
60.62980254	242.03036
61.88710254	243.50018
63.4238	246.92976
64.8208	249.8694
65.9384	250.60431
66.9163	252.80904
67.7545	253.78892
68.5927	255.25874
69.0118	255.50371
69.71029746	257.2185
71.1073	260.64808
71.9455	261.62796
73.06309746	264.07766
74.4601	267.50724
75.99680254	271.42676
77.67320254	274.12143
79.34960254	276.8161
81.16569746	280.24568
82.7024	282.94035
83.9597	284.41017
84.93759746	285.63502
86.19490254	289.0646
87.87130254	292.00424
88.9889	292.98412
90.38590254	295.92376
91.6432	298.61843
93.7387	302.29298
95.55480254	304.98765
96.39300254	306.2125
97.9297	309.15214
99.04729746	310.13202
100.3045975	312.58172
101.9809975	315.03142
102.8191975	315.27639
104.4955949	319.93082
106.0323	321.64561
107.1499025	323.3604
107.8483949	322.13555
108.2674949	322.87046
108.8263025	323.11543
109.1056949	323.3604
109.3851	323.60537
110.0836025	326.05507
110.6423975	326.78998
111.3409025	328.2598
111.8996975	328.2598
112.5982025	330.21956
113.5760975	332.17932
114.6937025	333.64914
115.2524975	333.1592
116.0906975	335.11896
117.3479975	337.81363
118.0465	338.0586
119.0243975	339.52842
120.2816975	341.48818
121.6787051	343.93788
122.6566	343.93788
123.6344949	345.4077
124.4726949	346.38758
125.7299949	348.83728
126.4285	348.34734
127.1270025	349.08225
127.9652025	351.04201
129.0827949	352.26686
129.3621975	351.28698
130.0607025	353.73668
131.1782949	354.71656
131.8767975	355.45147
132.7149975	356.18638
133.2737924	356.92129
134.5311051	359.12602
135.3693051	358.88105
135.9281	359.12602
136.4868975	359.12602
136.7663	358.63608
136.9059975	358.14614
137.1854	358.14614
137.3250975	358.63608
137.6045	358.14614
137.7441975	358.14614
137.8839051	342.46806
137.8839051	342.46806
137.8839051	342.46806
137.8839051	342.46806
137.6045	339.52842
137.3250975	335.85387
136.9059975	331.68938
136.2075051	323.85034
135.0899	313.07166
134.5311051	307.19238
133.4135025	296.90364
132.5753025	290.04448
131.4576975	281.7155
130.4798025	274.85634
129.7812975	268.48712
128.8034025	261.87293
127.4063949	252.07413
126.2888025	243.74515
124.8917949	234.68126
124.1933025	228.80198
123.2153949	221.94282
121.1198975	207.48959
118.8847	192.54642
116.6495051	177.35828
114.8333975	166.5796
113.0173025	154.82104
110.6423975	140.36781
108.966	130.81398
108.4072025	128.36428
107.1499025	120.52524
105.1941	109.74656
103.0986	97.49806
101.0031	86.71938
99.46639746	79.37028
97.5106	69.81645
95.69449746	60.50759
93.04019746	48.994
90.38590254	37.23544
87.7316	25.96682
85.49639746	17.1479
83.26119746	9.30886
80.4672	-0.48994
79.07019746	-4.65443
77.1144	-11.26862
74.4601	-18.61772
72.3646	-23.51712
70.2691	-28.41652
68.31330254	-31.60113
65.2399	-39.44017
62.30620254	-45.31945
61.18859746	-47.27921
57.9755	-54.62831
55.18149746	-59.52771
54.0639	-61.97741
51.82869746	-66.1419
49.4538	-71.0413
48.0568	-72.26615
46.6598	-75.69573
44.1452	-80.8401
42.46879746	-83.53477
39.9542	-88.1892
37.2999	-92.84363
35.3441	-95.5383
32.5501	-100.4377
29.7561	-104.84716
27.94	-105.82704
25.5651	-111.70632
22.63139924	-114.89093
21.09470025	-116.36075
20.1168	-117.83057
17.8816	-121.75009
16.06549975	-123.70985
13.55090051	-127.3844
11.8745	-129.34416
10.7569	-129.8341
9.080499746	-132.77374
7.4041	-135.22344
5.1689	-138.16308
3.9116	-139.14296
2.9337	-139.87787
1.2573	-142.81751
-0.1397	-144.28733
-1.2573	-145.51218
-2.2352	-145.75715
-3.9116	-149.4317
-6.2865	-152.86128
-9.499600254	-157.27074
-12.15390025	-159.47547
-13.27149949	-159.96541
-14.94790051	-163.63996
-17.74189949	-166.5796
-19.41830051	-167.06954
-22.352	-172.94882
-25.28569924	-176.86834
-27.80029746	-179.31804
-29.05760254	-181.2778
-32.68979746	-186.91211
-35.9029	-190.83163
-37.719	-193.03636
-39.3954	-195.24109
-39.9542	-195.48606
-42.46879746	-201.12037
-45.4025	-206.01977
-46.2407	-204.30498
-47.7774	-208.95941
-50.7111	-215.08366
-52.94630254	-217.53336
-55.3212	-224.88246
-58.3946	-228.80198
-61.18859746	-234.43629
-62.30620254	-234.92623
-63.0047	-235.66114
-64.8208	-240.0706
-65.9384	-243.01024
-66.9163	-244.48006
-67.47510254	-244.23509
-67.89420254	-245.21497
-68.5927	-246.92976
-69.85	-250.60431
-70.82790254	-252.3191
-72.08520254	-254.27886
-72.92340254	-256.23862
-74.041	-258.19838
-75.0189	-259.91317
-76.2762	-263.09778
-77.9526	-266.77233
-79.48929746	-268.73209
-80.4672	-271.18179
-82.1436	-273.87646
-83.68029746	-277.30604
-85.07729746	-279.02083
-86.33459746	-281.96047
-87.45220254	-284.1652
-88.5698	-284.90011
-89.26829746	-286.36993
-90.38590254	-288.32969
-91.2241	-290.53442
-92.62109746	-293.964
-94.5769	-297.14861
-95.69449746	-298.12849
-96.11359746	-297.39358
-97.5106	-301.06813
-98.90760254	-304.25274
-100.3045975	-306.2125
-101.0031	-306.94741
-102.2604	-309.64208
-102.9589051	-308.90717
-103.5177	-309.39711
-103.7971051	-309.88705
-104.6353051	-312.58172
-106.0323	-315.27639
-107.2896	-317.97106
-107.9881025	-316.99118
-108.8263025	-319.19591
-109.6645025	-321.64561
-111.8996975	-325.8101
-113.1569975	-327.03495
-114.1348949	-328.01483
-115.5319025	-330.7095
-116.0906975	-329.48465
-116.7892	-330.95447
-117.7670975	-334.13908
-119.7229	-337.81363
-121.8184	-340.01836
-122.7962949	-341.24321
-124.4726949	-343.93788
-126.0094	-345.4077
-126.7079025	-344.91776
-127.8254949	-347.36746
-129.0827949	-349.08225
-130.3400949	-350.3071
-131.1782949	-350.55207
-132.4355924	-352.51183
-132.8546924	-351.04201
-133.1340975	-350.79704
-133.5531975	-351.77692
-133.9722975	-351.53195
-134.2517	-351.53195
-134.5311051	-351.28698
-134.8104975	-353.00177
-135.6486975	-354.47159
-135.9281	-353.49171
-136.2075051	-353.98165
-136.3472	-353.73668
-136.4868975	-352.7568
-136.9059975	-335.85387
-136.7663	-335.85387
-136.9059975	-335.85387
-136.9059975	-335.6089
-136.0677975	-328.01483
-134.8104975	-315.52136
-133.1340975	-301.80304
-131.4576975	-287.34981
-129.2225025	-267.75221
-126.9872949	-250.84928
-125.5903	-241.54042
-124.7521	-234.92623
-123.9139	-228.31204
-122.2375	-216.30851
-119.8625975	-199.16061
-117.9068051	-185.68726
-116.2304051	-174.66361
-115.2524975	-168.04942
-113.7157949	-158.25062
-112.1791025	-148.20685
-110.9218025	-140.36781
-109.5247949	-131.79386
-107.9881025	-121.50512
-105.4735051	-107.05189
-102.9589051	-92.84363
-100.8634	-81.81998
-99.3267	-73.24603
-97.9297	-66.38687
-96.6724	-59.77268
-95.13570254	-52.66855
-93.59899746	-44.58454
-91.5035	-35.52065
-90.2462	-29.88634
-89.26829746	-26.9467
-88.1507	-21.55736
-87.03310254	-16.90293
-86.0552	-12.98341
-85.07729746	-9.55383
-84.51849746	-7.83904
-84.3788	-7.3491
-83.82	-4.8994
-83.5406	-4.8994
-82.7024	-0.97988
-82.7024	-1.71479
-82.7024	-2.4497
-82.7024	-9.55383
-82.7024	-9.55383
-82.7024	-9.55383
-82.5627	-8.32898
-82.42299746	-7.3491
-82.1436	-4.16449
-81.3054	1.46982
-80.32749746	6.36922
-79.48929746	10.04377
-77.9526	14.6982
-76.97469746	17.88281
-75.71739746	21.31239
-74.32039746	25.23191
-72.64399746	29.3964
-70.54849746	34.05083
-68.45299746	38.70526
-65.9384	43.84963
-63.8429	47.76915
-62.5856	49.48394
-61.46800254	52.91352
-58.3946	59.77268
-54.76239746	67.36675
-51.82869746	73.00106
-50.0126	76.18567
-47.7774	80.35016
-46.2407	83.2898
-44.0055	87.20932
-42.46879746	90.6389
-41.0718	92.59866
-39.9542	94.55842
-37.99840254	97.988
-37.0205	99.45782
-35.9029	100.92764
-34.3662	104.35722
-33.2486	105.82704
-31.7119	108.52171
-30.5943	110.2365
-29.337	112.6862
-27.94	113.91105
-26.9621	115.87081
-25.9842	116.85069
-24.86659924	118.81045
-24.1681	119.54536
-23.46960051	120.0353
-22.07260051	122.97494
-20.53589975	125.42464
-19.2786	126.89446
-18.30069975	128.11931
-17.4625	128.60925
-16.48459975	130.07907
-14.52880076	133.26368
-13.4112	134.24356
-12.2936	135.71338
-11.59509975	136.69326
-10.19809975	138.65302
-9.080499746	138.89799
-7.683500254	142.0826
-6.565900254	142.32757
-5.0292	144.5323
-3.632200254	146.982
-1.6764	149.4317
0.2794	151.8814
1.5367	152.61631
3.3528	155.06601
4.749800254	156.7808
6.007099746	158.25062
7.683500254	159.72044
9.220200254	160.70032
10.7569	163.39499
12.43329975	165.59972
13.55090051	166.5796
14.94790051	168.29439
16.34489924	169.76421
18.16099924	172.45888
19.41830051	172.45888
20.53589975	174.41864
21.65350051	176.13343
22.63139924	176.86834
24.1681	178.09319
25.8445	180.29792
27.94	184.21744
29.6164	185.19732
31.0134	188.13696
32.9692	190.34169
34.0868	191.32157
35.9029	193.03636
37.8587	196.71091
39.8145	199.40558
41.4909	200.38546
42.7482	203.08013
44.1452	205.03989
44.84369746	204.79492
45.9613	207.73456
47.7774	210.18426
49.1744	212.38899
50.57139746	214.83869
52.3875	218.0233
54.34329746	220.71797
56.1594	223.90258
58.25489746	227.57713
60.071	229.29192
60.62980254	229.04695
61.7474	232.23156
63.0047	234.43629
64.12229746	236.15108
66.3575	240.80551
68.45299746	243.50018
69.98970254	246.19485
71.5264	249.37946
72.7837	251.09425
74.4601	253.29898
75.71739746	255.99365
77.25410254	259.17826
78.65109746	261.62796
80.0481	264.07766
81.58479746	266.52736
83.1215	269.71197
84.7979	272.40664
86.19490254	273.87646
88.01099746	277.79598
89.408	279.2658
90.52559746	280.73562
91.78289746	283.67526
93.17989746	285.63502
94.5769	287.59478
96.53269746	291.5143
98.62819746	294.94388
100.1649	296.4137
101.5618975	298.37346
103.0986	300.82316
104.775	303.27286
105.7528949	304.25274
107.4292949	306.70244
108.5469	307.68232
110.5027025	311.60184
111.7600025	312.58172
112.8775949	314.05154
114.5539949	317.48112
115.8112924	317.97106
116.7892	318.70597
118.0465	320.9107
119.0243975	322.38052
120.2816975	323.85034
121.6787051	326.30004
123.6344949	329.23968
125.3108949	330.21956
126.4285	330.95447
127.4063949	331.68938
127.8254949	331.44441
129.2225025	335.11896
130.0607025	335.11896
130.7591949	336.09884
132.2958975	338.54854
133.4135025	340.01836
134.6708	340.01836
135.7884051	342.958
137.1854	343.93788
139.1412051	346.38758
140.6778949	347.36746
142.0749025	347.8574
143.3322025	349.81716
144.3101	349.81716
145.2879949	349.81716
146.4055975	351.77692
147.1041025	350.79704
147.9423025	352.26686
148.7805025	352.26686
149.4789949	353.24674
150.3171924	353.73668
150.8760025	353.24674
151.0156975	352.51183
151.7142	353.73668
152.1333	353.00177
152.4127051	353.24674
152.5524	352.26686
152.9715	333.1592
152.9715	333.1592
152.9715	333.1592
152.9715	333.1592
153.2509051	336.09884
153.6700051	339.28345
154.3684975	345.89764
155.067	349.57219
155.7655051	352.7568
156.7434	354.71656
157.4419051	355.69644
158.0007	356.18638
158.2801025	355.69644
158.8389	356.67632
159.1183025	356.67632
159.6771	357.6562
159.9565025	357.6562
160.5153	358.63608
160.6549949	357.16626
160.7947025	355.69644
160.7947025	340.99824
160.7947025	340.99824
160.6549949	340.99824
160.3756025	337.07872
159.5374025	329.23968
158.0007	313.5616
156.6037051	301.3131
155.2066975	291.02436
153.3906	277.30604
150.4569025	257.2185
146.9643949	233.21144
144.3101	216.30851
140.9573	194.26121
137.8839051	175.88846
134.5311051	156.04589
130.8989025	134.97847
126.9872949	114.89093
125.1712	105.3371
122.2375	91.12884
117.7670975	69.57148
112.5982025	48.50406
110.3629949	39.1952
106.4514	24.98694
103.5177	14.20826
100.8634	5.63431
97.9297	-3.18461
95.13570254	-11.26862
92.3417	-17.63784
88.84919746	-25.72185
85.6361	-31.8461
82.7024	-36.7455
80.32749746	-41.15496
77.67320254	-45.31945
74.1807	-51.93364
71.5264	-55.36322
68.87209746	-59.77268
65.2399	-66.38687
62.44589746	-70.55136
59.37250254	-75.45076
56.85789746	-79.37028
53.08599746	-85.00459
49.5935	-90.14896
47.2186	-92.59866
45.68189746	-94.06848
43.7261	-97.49806
40.2336	-103.13237
37.0205	-106.31698
33.8074	-110.97141
29.8958	-115.87081
26.1239	-119.54536
24.30780051	-121.75009
22.07260051	-123.95482
19.6977	-127.3844
16.62430025	-130.32404
14.8082	-131.30392
12.2936	-135.46841
8.242299746	-140.12284
4.8895	-143.06248
2.514599975	-146.00212
-0.4191	-148.94176
-3.2131	-151.39146
-5.588	-153.84116
-8.381999492	-157.27074
-11.73480025	-160.45535
-13.83029975	-162.17014
-16.20520025	-164.61984
-17.74189949	-164.86481
-18.58009924	-165.84469
-19.83740051	-167.06954
-21.5138	-170.25415
-23.88870051	-173.43876
-26.4033	-175.15355
-28.4988	-178.09319
-31.2928	-182.01271
-34.3662	-185.19732
-36.74109746	-187.89199
-39.3954	-192.54642
-43.4467	-197.69079
-46.6598	-201.36534
-48.3362	-202.59019
-49.4538	-204.30498
-53.2257	-211.89905
-56.1594	-215.32863
-59.51219746	-220.71797
-61.18859746	-221.45288
-63.4238	-228.06707
-67.19569746	-234.19132
-70.82790254	-239.58066
-72.92340254	-241.54042
-74.8792	-245.70491
-77.25410254	-250.35934
-79.76870254	-254.27886
-81.44510254	-256.72856
-85.07729746	-264.07766
-88.5698	-270.20191
-92.7608	-276.8161
-94.996	-280.00071
-97.78999746	-284.65514
-100.8634	-289.0646
-102.4000975	-290.53442
-104.9146949	-295.43382
-107.5690025	-299.10837
-110.2233	-303.51783
-111.7600025	-304.49771
-114.6937025	-309.88705
-116.6495051	-312.58172
-119.1641051	-316.25627
-121.5389949	-319.44088
-123.2153949	-319.68585
-123.9139	-320.17579
-124.8917949	-322.13555
-126.2888025	-324.83022
-128.5239975	-328.2598
-130.6194975	-330.46453
-131.4576975	-328.99471
-133.4135025	-333.89411
-135.2295975	-335.85387
-137.6045	-339.28345
-139.4205949	-340.26333
-141.2367025	-341.73315
-142.6337	-341.48818
-144.5895025	-345.89764
-146.8246975	-346.38758
-149.4789949	-349.32722
-150.7362924	-348.83728
-152.1333	-348.34734
-153.1111975	-348.83728
-154.2288	-350.06213
-155.067	-349.57219
-155.9052	-349.81716
-156.4639949	-350.06213
-157.3021949	-350.55207
-157.5816	-349.32722
-158.0007	-349.57219
-158.4198	-349.81716
-158.6992025	-348.83728
-159.1183025	-349.81716
-159.3976949	-349.32722
-159.3976949	-348.34734
-159.8167949	-328.99471
-159.8167949	-328.99471
-159.8167949	-328.99471
-159.8167949	-329.23968
-158.9785949	-320.66573
-157.3021949	-306.70244
-154.7875975	-285.39005
-152.9715	-272.40664
-151.5744924	-262.1179
-148.2216949	-238.35581
-145.4277025	-219.24815
-142.6337	-201.36534
-139.8396949	-183.23756
-135.3693051	-155.55595
-132.5753025	-139.14296
-129.0827949	-118.81045
-126.0094	-102.39746
-121.5389949	-80.35016
-116.5097975	-55.85316
-112.0393949	-37.72538
-108.2674949	-22.53724
-104.9146949	-9.7988
-101.5618975	0.97988
-99.04729746	8.81892
-96.53269746	15.67808
-93.7387	22.78221
-91.0844	27.43664
-88.70950254	32.82598
-85.35670254	38.95023
-82.2833	43.11472
-78.65109746	48.994
-74.4601	55.60819
-71.80579746	59.77268
-68.5927	64.18214
-64.8208	69.81645
-61.88710254	74.47088
-57.4167	80.8401
-54.0639	85.24956
-50.4317	90.14896
-46.9392	94.06848
-44.84369746	96.51818
-42.04969746	99.70279
-39.8145	100.92764
-39.2557	100.4377
-38.5572	102.39746
-36.1823	105.82704
-33.9471	108.27674
-32.27069746	108.76668
-30.5943	111.70632
-28.7782	112.6862
-26.2636	116.11578
-23.19019975	119.54536
-20.95499975	121.50512
-18.85950025	122.485
-15.92579924	126.40452
-13.69059924	127.87434
-11.45540025	130.32404
-9.080499746	132.52877
-7.543799746	132.2838
-6.2865	133.99859
-4.749800254	135.71338
-2.6543	138.40805
-1.6764	137.67314
0.2794	140.36781
1.2573	140.61278
3.0734	143.06248
4.6101	144.5323
6.1468	145.75715
9.080499746	148.45182
11.59509975	150.90152
13.83029975	153.35122
15.6464	155.06601
18.30069975	157.76068
20.39619924	159.2305
22.352	161.19026
25.14600025	164.37487
28.0797	166.33463
30.8737	170.00918
33.52799746	171.479
36.74109746	175.64349
39.9542	178.8281
42.46879746	181.2778
44.9834	182.99259
48.0568	188.38193
50.57139746	190.83163
53.2257	194.75115
55.18149746	197.44582
56.9976	198.18073
59.51219746	203.81504
62.5856	208.2245
65.5193	211.16414
69.15150254	217.28839
71.80579746	220.22803
74.5998	226.59725
77.5335	229.53689
79.34960254	232.47653
81.58479746	236.64102
83.9597	238.84575
86.61400254	244.23509
88.43009746	245.70491
89.96680254	248.64455
91.6432	250.84928
93.87840254	255.25874
96.53269746	258.68832
97.78999746	259.17826
99.3267	262.60784
101.4222	266.03742
103.0986	267.50724
104.775	269.467
106.5910949	272.89658
108.8263025	276.57113
111.8996975	281.22556
114.2746025	283.43029
116.7892	285.87999
119.7229	291.5143
121.6787051	292.73915
124.333	295.43382
126.0094	296.65867
127.8254949	300.33322
130.2003975	302.29298
131.7371025	303.27286
133.5531975	305.47759
134.8104975	306.2125
135.9281	307.68232
138.3030051	311.84681
140.5382	313.5616
143.0528	315.52136
145.7070949	319.19591
147.8025949	320.42076
149.8980924	321.89058
151.2951025	322.87046
152.4127051	322.38052
152.9715	320.42076
153.1111975	318.21603
152.9715	316.99118
153.1111975	316.99118
153.2509051	316.99118
153.2509051	316.0113
153.2509051	315.52136
153.2509051	314.54148
153.2509051	314.05154
153.2509051	313.5616
153.3906	314.29651
154.7875975	321.89058
155.7655051	323.3604
156.8830949	324.34028
157.4419051	324.34028
158.4198	325.56513
159.258	326.30004
159.6771	325.32016
160.0962	324.34028
160.2358949	324.09531
160.5153	323.3604
160.5153	322.87046
160.7947025	301.80304
160.7947025	301.80304
160.7947025	301.80304
160.7947025	301.80304
159.9565025	293.964
158.6992025	283.18532
157.4419051	270.93682
156.1846051	260.89305
154.9273051	253.78892
153.8097	245.94988
152.5524	237.86587
151.0156975	228.06707
149.7583975	219.98306
147.9423025	208.95941
146.6850025	201.61031
144.3101	186.91211
140.2587949	163.63996
136.3472	143.06248
132.5753025	122.97494
129.7812975	110.2365
127.9652025	101.17261
124.8917949	87.20932
122.3771949	76.43064
119.7229	65.40699
117.3479975	55.85316
114.1348949	43.60466
111.2011949	33.80586
108.1278	23.27215
106.4514	18.12778
103.5177	9.30886
99.88549746	-0.97988
98.06940254	-5.87928
94.85629746	-13.22838
92.4814	-18.12778
90.10649746	-21.55736
87.3125	-26.70173
84.09939746	-31.11119
81.02600254	-35.27568
78.51140254	-38.70526
75.8571	-42.37981
73.7616	-44.82951
70.96759746	-49.23897
68.45299746	-51.93364
65.1002	-56.83304
61.46800254	-61.73244
58.25489746	-65.16202
56.01969746	-67.85669
53.36540254	-70.55136
49.5935	-75.45076
47.0789	-77.90046
43.8658	-81.81998
39.9542	-86.47441
37.4396	-87.94423
34.925	-91.37381
31.0134	-95.04836
28.0797	-96.51818
24.58719975	-100.19273
22.77109975	-100.92764
20.81529924	-102.64243
19.13889949	-103.86728
17.32279949	-105.3371
14.24939975	-108.76668
9.918700254	-111.70632
8.102600254	-111.46135
6.1468	-113.66608
4.4704	-114.64596
2.374900076	-116.85069
-0.5588	-119.30039
-3.9116	-122.97494
-6.565900254	-124.44476
-8.102600254	-125.17967
-11.31569975	-128.36428
-14.38910025	-130.56901
-16.62430025	-130.81398
-18.16099924	-133.26368
-19.83740051	-133.99859
-22.49170025	-136.69326
-25.14600025	-138.40805
-26.8224	-139.6329
-29.05760254	-142.57254
-31.4325	-144.04236
-33.52799746	-145.75715
-34.6456	-146.24709
-36.32199746	-147.96188
-37.57929746	-148.69679
-38.9763	-150.65655
-40.3733	-151.39146
-41.7703	-153.59619
-43.8658	-156.04589
-46.52009746	-158.98553
-48.1965	-160.21038
-50.99049746	-163.63996
-54.62270254	-167.80445
-56.01969746	-168.29439
-59.09309746	-173.9287
-63.28409746	-179.31804
-66.21779746	-182.01271
-68.31330254	-184.46241
-70.54849746	-187.89199
-74.73949746	-194.50618
-77.5335	-196.95588
-80.60690254	-202.59019
-82.9818	-205.28486
-84.93759746	-208.46947
-87.3125	-212.14402
-88.9889	-214.34875
-90.2462	-214.59372
-92.20199746	-219.49312
-94.996	-223.90258
-97.9297	-229.04695
-101.1427975	-233.45641
-102.6795	-234.43629
-103.7971051	-235.90611
-105.3337949	-239.33569
-107.7087	-243.25521
-109.6645025	-245.45994
-110.9218025	-247.66467
-113.0173025	-251.09425
-115.6715975	-255.74868
-119.5832051	-262.1179
-121.6787051	-263.34275
-122.9360051	-263.58772
-124.6124025	-266.52736
-125.7299949	-267.99718
-127.6858	-271.67173
-128.9430975	-272.40664
-130.3400949	-273.38652
-131.5973949	-275.34628
-133.5531975	-277.55101
-135.7884051	-280.49065
-137.7441975	-280.98059
-140.1191	-283.92023
-141.7955	-284.41017
-143.7513025	-286.36993
-144.8688949	-284.90011
-146.4055975	-286.12496
-147.6628975	-286.36993
-149.0598949	-288.57466
-150.1774975	-287.34981
-151.1553924	-287.59478
-152.1333	-287.83975
-153.3906	-290.28945
-154.7875975	-291.26933
-156.1846051	-290.77939
-156.4639949	-288.08472
-157.1625	-288.57466
-157.5816	-288.32969
-158.0007	-287.83975
-158.4198	-288.08472
-159.1183025	-288.57466
-159.3976949	-288.08472
-159.6771	-265.30251
-159.6771	-265.30251
-159.6771	-265.30251
-159.6771	-265.05754
-158.2801025	-253.78892
-155.6257975	-233.94635
-152.6920975	-213.85881
-150.5965975	-200.8754
-146.8246975	-178.33816
-142.9131025	-155.55595
-138.8618	-133.99859
-135.3693051	-116.36075
-132.8546924	-103.37734
-128.5239975	-82.79986
-124.4726949	-65.40699
-121.2596051	-51.93364
-116.9288975	-36.25556
-112.4584949	-20.57748
-107.7087	-6.61419
-102.6795	7.10413
-99.46639746	13.96329
-95.27539746	22.0473
-88.9889	33.07095
-80.18780254	42.13484
-75.99680254	46.5443
-71.5264	50.21885
-68.1736	53.40346
-63.8429	57.81292
-59.79160254	61.48747
-56.7182	63.20226
-53.92419746	66.63184
-51.26990254	68.5916
-48.6156	71.0413
-46.10099746	72.26615
-42.46879746	75.9407
-39.6748	77.65549
-36.4617	80.35016
-33.10889746	82.55489
-29.4767	85.49453
-26.543	87.20932
-22.77109975	88.67914
-19.55799949	90.39393
-15.08759949	92.59866
-11.31569975	94.06848
-7.543799746	95.04836
-3.632200254	97.49806
2.095499898	99.94776
5.4483	99.45782
8.102600254	101.66255
12.15390025	104.11225
14.38910025	103.37734
15.78610051	104.84716
18.44040025	107.05189
21.09470025	109.01165
23.60929949	110.48147
26.1239	112.6862
29.05760254	116.36075
33.10889746	120.0353
36.32199746	123.46488
40.3733	127.87434
44.2849	132.77374
47.6377	136.69326
51.40959746	142.0826
55.88	147.47194
58.53430254	151.63643
61.88710254	156.7808
63.8429	158.98553
66.9163	163.88493
69.57060254	168.29439
73.06309746	173.43876
74.73949746	174.41864
77.39379746	180.05295
80.0481	184.21744
82.42299746	187.64702
85.217	191.81151
87.87130254	195.976
91.0844	201.36534
93.7387	204.79492
96.81210254	209.20438
99.46639746	213.36887
102.5398051	217.28839
105.7528949	221.45288
108.2674949	224.14755
110.5027025	226.84222
113.1569975	230.2718
115.6715975	232.7215
116.6495051	232.7215
118.7450051	235.90611
120.8405051	237.86587
122.5169051	239.58066
124.7521	241.05048
126.8476	243.99012
128.6636949	244.72503
130.0607025	246.19485
132.5753025	249.62443
135.509	250.60431
137.3250975	251.82916
139.0014949	253.29898
142.2146	256.23862
145.2879949	257.70844
148.6407949	261.13802
151.8538975	262.1179
154.2288	262.60784
156.4639949	263.34275
157.5816	261.62796
158.4198	261.62796
159.1183025	261.38299
159.6771	261.13802
160.2358949	261.13802
160.5153	259.91317
160.7947025	238.35581
160.6549949	238.11084
160.6549949	238.11084
160.3756025	235.66114
159.1183025	225.86234
156.7434	206.75468
154.6479	194.99612
151.5744924	178.33816
147.3834949	157.27074
144.7292	143.79739
136.6266051	105.82704
132.1562025	87.45429
128.3843025	72.51112
123.9139	56.3431
120.8405051	47.27921
116.3701025	32.33604
109.3851	13.22838
104.2162051	1.46982
98.06940254	-10.28874
92.7608	-18.12778
89.96680254	-21.55736
84.7979	-26.70173
80.32749746	-30.37628
76.13649746	-33.31592
73.3425	-35.76562
67.61479746	-39.68514
63.4238	-41.15496
59.37250254	-44.0946
56.5785	-45.07448
55.46090254	-45.56442
53.6448	-46.29933
52.10810254	-47.52418
49.0347	-48.994
45.26279746	-50.95376
41.91	-51.93364
40.9321	-52.17861
38.1381	-53.8934
32.9692	-56.09813
27.38119746	-57.56795
24.58719975	-57.81292
21.09470025	-59.03777
17.32279949	-60.75256
14.66849975	-61.2425
11.59509975	-62.71232
7.962899746	-63.6922
3.2131	-65.16202
-1.6764	-66.63184
-5.0292	-66.87681
-8.5217	-69.32651
-13.27149949	-71.0413
-15.6464	-71.53124
-19.97709949	-74.47088
-24.1681	-76.67561
-27.94	-79.37028
-32.131	-82.55489
-34.0868	-82.79986
-35.2044	-84.26968
-38.1381	-86.71938
-41.4909	-90.14896
-44.0055	-92.10872
-45.1231	-92.10872
-48.0568	-96.51818
-50.292	-98.96788
-53.92419746	-102.39746
-56.85789746	-105.82704
-59.09309746	-108.27674
-60.9092	-109.99153
-64.262	-114.64596
-67.19569746	-117.09566
-68.5927	-118.81045
-70.2691	-120.77021
-73.90129746	-125.91458
-77.25410254	-130.07907
-80.60690254	-134.7335
-82.42299746	-136.69326
-85.07729746	-140.12284
-88.70950254	-146.24709
-92.20199746	-149.67667
-95.13570254	-153.84116
-97.0915	-156.53583
-100.4443	-161.6802
-102.1207051	-162.66008
-105.6132	-168.29439
-108.2674949	-171.96894
-111.6202949	-168.04942
-114.9730924	-170.00918
-115.6715975	-169.76421
-116.7892	-171.72397
-118.4656	-174.17367
-119.4434975	-174.41864
-120.8405051	-176.86834
-122.7962949	-179.56301
-125.0315025	-181.76774
-126.5681949	-182.50265
-128.3843025	-184.21744
-130.3400949	-186.1772
-132.0164949	-187.64702
-133.1340975	-187.40205
-134.3913975	-188.13696
-135.3693051	-188.87187
-136.3472	-190.34169
-137.7441975	-192.54642
-140.2587949	-194.75115
-142.3542949	-195.976
-143.0528	-194.50618
-144.3101	-195.976
-146.1261949	-198.4257
-148.9201975	-201.61031
-151.1553924	-200.8754
-151.9936051	-200.38546
-152.6920975	-199.89552
-153.2509051	-200.38546
-154.9273051	-203.3251
-155.7655051	-202.83516
-156.3243	-202.34522
-157.1625	-203.57007
-158.1403949	-204.79492
-158.9785949	-204.79492
-159.1183025	-203.08013
-159.3976949	-202.83516
-159.6771	-186.91211
-159.6771	-186.91211
-159.6771	-186.91211
-159.6771	-186.91211
-158.9785949	-181.52277
-157.8610051	-174.41864
-156.6037051	-166.33463
-154.9273051	-157.02577
-153.6700051	-150.16661
-151.8538975	-141.10272
-148.7805025	-127.3844
-146.6850025	-118.07554
-145.1483	-111.46135
-143.4719	-104.60219
-141.5160949	-96.02824
-138.3030051	-83.2898
-135.9281	-74.22591
-134.8104975	-70.55136
-133.1340975	-64.18214
-131.7371025	-59.03777
-130.2003975	-54.38334
-128.6636949	-48.994
-126.4285	-42.13484
-125.0315025	-38.21532
-123.6344949	-34.2958
-122.2375	-30.62125
-120.9802	-27.19167
-119.7229	-24.00706
-118.6052975	-21.06742
-117.4877051	-18.86269
-116.6495051	-16.90293
-115.5319025	-14.20826
-114.1348949	-11.02365
-112.8775949	-9.06389
-111.6202949	-6.61419
-110.2233	-3.67455
-107.4292949	1.22485
-104.9146949	5.38934
-102.6795	8.32898
-100.7236975	10.77868
-99.04729746	12.73844
-97.0915	15.18814
-94.996	17.1479
-92.62109746	19.5976
-89.8271	22.0473
-87.45220254	23.27215
-84.65819746	25.72185
-81.58479746	27.68161
-77.9526	29.3964
-76.13649746	30.13131
-73.06309746	32.09107
-70.2691	33.31592
-67.7545	34.78574
-64.6811	35.52065
-61.3283	37.23544
-57.9755	38.95023
-54.34329746	40.17508
-51.40959746	41.15496
-48.4759	42.37981
-45.4025	43.35969
-42.46879746	44.33957
-39.8145	45.31945
-36.6014	46.29933
-33.10889746	47.52418
-29.6164	48.50406
-26.543	48.994
-23.60929949	49.72891
-21.37409949	50.46382
-18.44040025	51.4437
-15.36700051	52.17861
-12.573	52.17861
-10.33780025	53.15849
-7.962899746	53.64843
-5.588	54.38334
-2.2352	55.85316
1.5367	56.83304
4.4704	57.56795
6.845299746	58.30286
8.9408	58.7928
10.47749975	59.03777
11.73480025	60.26262
13.55090051	60.75256
15.2273	61.48747
17.0434	62.71232
18.71979975	63.20226
19.83740051	63.93717
21.79319949	64.91705
23.19019975	65.40699
24.30780051	66.1419
25.28569924	66.1419
26.9621	68.10166
29.05760254	69.57148
30.734	70.55136
32.27069746	71.28627
33.6677	72.51112
35.2044	73.491
36.6014	74.47088
37.719	75.45076
39.6748	77.41052
41.3512	78.3904
42.8879	80.10519
45.4025	82.79986
47.6377	84.75962
49.8729	86.71938
52.10810254	88.92411
53.78450254	91.12884
55.7403	92.10872
56.9976	93.33357
57.9755	94.55842
58.95340254	95.78327
60.21070254	97.00812
61.46800254	98.47794
62.44589746	99.21285
63.70319746	100.92764
64.96049746	102.39746
65.659	102.64243
67.61479746	105.82704
69.4309	107.29686
70.40880254	107.54183
71.9455	110.2365
73.48219746	112.6862
75.438	114.15602
76.6953	116.11578
77.81289746	116.36075
79.07019746	118.81045
80.32749746	120.28027
82.00389746	122.485
83.5406	124.44476
85.35670254	126.89446
86.75369746	128.11931
89.12860254	131.79386
90.94469746	133.50865
92.20199746	135.22344
93.87840254	137.67314
95.69449746	140.61278
97.65030254	142.0826
98.48850254	143.55242
100.0252	145.51218
101.7016051	147.47194
102.6795	147.96188
104.9146949	152.37134
107.1499025	155.06601
108.8263025	157.76068
111.4805975	160.70032
112.4584949	161.6802
114.6937025	165.10978
115.8112924	165.84469
117.4877051	168.53936
118.7450051	170.25415
121.1198975	174.17367
122.6566	171.96894
123.6344949	173.43876
124.6124025	174.41864
125.4506025	175.64349
126.2888025	175.88846
127.1270025	177.84822
128.8034025	180.29792
130.2003975	182.01271
131.4576975	183.23756
132.7149975	184.70738
133.9722975	186.66714
135.3693051	187.64702
137.0457051	190.58666
138.7221051	191.56654
140.2587949	194.01624
142.4940025	196.71091
144.3101	198.18073
146.2659025	179.07307
147.2437975	180.29792
147.8025949	180.29792
148.5010975	181.76774
149.3392975	182.74762
150.3171924	183.7275
151.4347975	184.70738
152.8318051	187.40205
153.6700051	187.15708
154.7875975	188.13696
156.0448975	190.09672
157.4419051	191.56654
158.6992025	191.56654
159.258	191.56654
160.3756025	193.03636
161.2138025	193.5263
162.0520025	194.99612
163.3093025	196.22097
164.4268949	196.46594
165.5444975	197.44582
166.9414949	198.91564
168.0590975	199.65055
169.1767	199.65055
170.2943051	201.12037
170.8531	199.89552
171.8309975	201.36534
172.5295	201.61031
173.7868	202.83516
174.625	203.08013
175.4632	203.3251
176.7205	205.28486
177.4190025	203.81504
178.2572025	205.28486
178.9556949	205.03989
179.6542	205.28486
180.2129949	205.52983
180.6320949	205.7748
181.3305975	206.26474
182.3084949	207.73456
182.8673025	206.75468
183.4260975	206.75468
183.4260975	205.28486
183.5657949	204.79492
183.7055025	190.09672
183.7055025	190.09672
183.7055025	190.09672
183.2864025	187.64702
182.4482025	181.2778
180.9114975	170.74409
179.3747949	163.15002
178.816	159.72044
177.4190025	152.12637
175.7426025	145.26721
173.9264949	138.16308
172.8089051	133.26368
171.5516051	128.11931
170.0149	121.99506
168.1987924	114.64596
166.5223949	108.27674
164.7062975	101.41758
162.4711025	93.57854
160.3756025	86.22944
158.0007	77.90046
156.1846051	72.26615
154.0891051	65.65196
151.7142	58.54783
148.7805025	49.97388
145.9864975	43.11472
144.5895025	39.93011
143.1924949	36.50053
141.7955	33.07095
140.2587949	29.88634
139.0014949	27.43664
138.0236	24.98694
136.7663	22.53724
135.2295975	19.5976
134.1119924	17.63784
133.1340975	15.43311
131.5973949	12.98341
130.6194975	11.26862
129.6416025	10.04377
128.5239975	8.32898
127.5461025	6.36922
126.4285	5.14437
125.7299949	4.16449
124.7521	2.93964
123.9139	1.95976
123.0757	0.73491
122.2375	0
