"Wehbe et al. 1998,Specimen B2"	
3988	
0	0
0	0
0	0
0	0
1.397	-2.4497
1.397	-2.4497
1.397	-2.4497
1.5367	-2.20473
1.6764	-2.20473
1.6764	-2.20473
1.816100076	-2.20473
1.6764	-2.20473
1.5367	-6.12425
1.5367	-6.12425
1.5367	-5.87928
1.5367	-6.12425
1.6764	-3.18461
1.816100076	0.73491
1.816100076	2.4497
1.816100076	4.16449
2.095499898	9.30886
2.374900076	16.65796
2.514599975	18.61772
3.2131	32.58101
3.3528	38.46029
3.632200254	44.33957
4.190999746	55.36322
4.6101	62.71232
4.8895	69.32651
5.308599746	75.69573
5.308599746	76.18567
5.7277	83.04483
5.7277	83.2898
5.7277	80.8401
5.867400254	80.8401
5.7277	80.8401
5.867400254	80.8401
5.867400254	80.8401
6.007099746	85.24956
6.007099746	86.96435
6.2865	93.57854
6.7056	98.72291
6.7056	100.68267
6.7056	100.68267
6.7056	103.37734
7.124699746	108.27674
7.264400254	108.03177
7.124699746	108.03177
7.264400254	108.03177
7.264400254	108.27674
7.4041	113.17614
7.683500254	119.54536
7.8232	121.01518
7.8232	121.26015
7.962899746	123.21991
7.962899746	126.15955
8.242299746	127.3844
8.242299746	125.66961
8.242299746	125.66961
8.381999492	125.91458
8.381999492	125.66961
8.242299746	125.66961
8.381999492	128.36428
8.9408	139.38793
9.080499746	141.34769
9.359899746	146.00212
9.499600254	146.49206
9.499600254	147.96188
9.499600254	147.96188
9.6393	148.94176
9.6393	149.18673
9.778999746	150.90152
9.778999746	150.90152
9.778999746	150.65655
9.778999746	150.41158
9.778999746	150.90152
9.918700254	154.3311
10.19809975	157.51571
10.33780025	158.49559
10.33780025	159.2305
10.61719949	161.19026
10.7569	166.08966
11.176	169.76421
11.31569975	172.21391
11.31569975	172.94882
11.73480025	169.76421
11.59509975	169.76421
11.59509975	169.51924
11.73480025	169.76421
11.45540025	166.82457
11.176	160.45535
10.7569	150.90152
10.19809975	136.20332
9.220200254	116.85069
8.381999492	100.68267
7.8232	89.41405
6.985000254	72.26615
6.426199746	61.2425
6.007099746	56.09813
5.867400254	52.42358
4.8895	32.33604
4.3307	20.82245
3.632200254	8.32898
3.3528	0.97988
3.0734	-4.16449
2.794	-10.77868
2.514599975	-16.65796
1.9558	-27.19167
1.397	-39.1952
0.9779	-45.56442
0.6985	-49.97388
0.5588	-53.64843
0.4191	-55.85316
0.2794	-60.99753
-0.2794	-68.5916
-0.5588	-73.98094
-1.1176	-83.53477
-1.397	-87.20932
-1.6764	-94.31345
-2.095499898	-100.19273
-2.514599975	-106.31698
-2.9337	-113.42111
-3.0734	-116.85069
-3.3528	-121.99506
-3.7719	-126.64949
-3.7719	-127.13943
-3.7719	-126.89446
-3.7719	-126.40452
-3.7719	-122.485
-3.7719	-122.485
-3.7719	-122.485
-3.632200254	-121.01518
-3.3528	-115.62584
-3.0734	-105.82704
-2.2352	-88.92411
-1.5367	-73.24603
-0.8382	-60.99753
-0.4191	-52.17861
0	-44.82951
0.2794	-39.1952
0.5588	-30.62125
0.6985	-29.15143
0.8382	-25.47688
0.9779	-20.57748
1.2573	-16.41299
1.397	-13.22838
1.397	-11.02365
1.5367	-9.55383
1.6764	-7.59407
1.6764	-7.10413
1.816100076	-5.38934
1.816100076	-5.38934
1.9558	-5.38934
1.816100076	-5.38934
1.816100076	-9.7988
1.5367	-14.45323
1.2573	-23.51712
0.6985	-35.52065
0.5588	-40.42005
0.4191	-43.35969
0	-49.48394
-0.1397	-55.11825
-0.6985	-65.89693
-0.9779	-72.26615
-1.397	-78.88034
-1.6764	-84.26968
-2.2352	-95.78327
-2.374900076	-97.49806
-2.514599975	-100.68267
-2.6543	-102.8874
-2.794	-105.3371
-3.0734	-113.17614
-3.3528	-116.85069
-3.4925	-119.54536
-3.7719	-124.44476
-3.9116	-128.36428
-4.3307	-133.99859
-4.6101	-137.67314
-4.8895	-142.57254
-5.1689	-148.45182
-5.308599746	-151.39146
-5.867400254	-157.02577
-6.1468	-162.66008
-6.7056	-168.29439
-6.985000254	-174.17367
-7.4041	-178.8281
-7.543799746	-179.31804
-7.683500254	-180.78786
-7.8232	-181.03283
-7.683500254	-180.78786
-8.102600254	-178.8281
-8.242299746	-178.8281
-8.102600254	-178.8281
-8.102600254	-178.58313
-7.8232	-172.21391
-7.124699746	-157.51571
-6.1468	-142.57254
-5.308599746	-123.95482
-4.0513	-102.64243
-2.6543	-76.67561
-1.2573	-52.66855
0	-28.66149
0.6985	-15.92305
1.5367	0.73491
1.9558	12.49347
2.794	28.41652
3.4925	41.15496
4.3307	56.3431
4.8895	66.63184
5.4483	77.41052
6.565900254	95.04836
6.985000254	104.35722
7.4041	109.25662
7.543799746	111.70632
7.962899746	118.07554
8.242299746	122.485
8.661399746	130.56901
9.220200254	140.85775
9.778999746	148.45182
10.19809975	155.06601
10.61719949	163.63996
11.176	173.43876
11.8745	181.2778
12.43329975	188.6269
12.85239949	193.5263
13.27149949	200.38546
13.83029975	206.26474
14.38910025	211.89905
14.66849975	215.81857
15.08759949	219.98306
15.50669949	223.65761
15.78610051	225.86234
16.20520025	231.00671
16.48459975	233.21144
16.62430025	234.43629
16.90369975	237.6209
17.0434	239.09072
17.18310051	240.0706
17.32279949	239.82563
17.32279949	239.58066
17.4625	232.7215
17.4625	232.7215
17.60220051	232.7215
17.4625	232.7215
17.4625	230.51677
17.18310051	225.12743
16.48459975	214.34875
15.78610051	200.63043
14.8082	184.21744
13.83029975	167.31451
13.27149949	155.80092
12.2936	144.04236
11.45540025	131.05895
10.61719949	117.5856
9.778999746	104.11225
8.661399746	86.71938
7.962899746	74.71585
6.845299746	58.54783
6.1468	44.82951
5.1689	27.19167
4.3307	15.67808
4.0513	8.57395
3.4925	-1.46982
3.0734	-9.30886
2.374900076	-19.5976
1.9558	-26.45676
1.5367	-35.76562
1.2573	-39.93011
0.6985	-49.97388
0	-61.97741
-0.8382	-74.96082
-1.816100076	-92.35369
-2.374900076	-101.41758
-3.2131	-113.42111
-4.0513	-125.91458
-4.8895	-139.38793
-5.867400254	-153.59619
-6.565900254	-162.66008
-6.985000254	-170.25415
-8.381999492	-189.85175
-9.220200254	-200.14049
-10.0584	-209.93929
-10.61719949	-216.55348
-11.03630025	-220.473
-11.31569975	-222.18779
-11.73480025	-227.57713
-12.01419975	-230.2718
-12.15390025	-231.74162
-12.85239949	-237.86587
-12.9921	-240.31557
-13.27149949	-241.29545
-13.55090051	-244.72503
-13.69059924	-245.70491
-13.69059924	-245.70491
-13.97000025	-247.66467
-14.38910025	-242.27533
-14.38910025	-242.5203
-14.38910025	-242.5203
-14.38910025	-242.27533
-14.24939975	-241.78539
-14.10969924	-238.84575
-13.55090051	-227.33216
-12.01419975	-205.03989
-11.03630025	-188.38193
-9.220200254	-160.70032
-7.683500254	-138.40805
-6.7056	-122.72997
-5.1689	-101.66255
-3.632200254	-78.63537
-2.794	-66.87681
-2.095499898	-55.36322
-1.397	-43.84963
-0.5588	-29.3964
-0.2794	-25.47688
0	-18.61772
0.2794	-14.6982
0.4191	-12.98341
0.5588	-9.55383
0.6985	-9.55383
0.6985	-8.08401
0.9779	-9.06389
0.9779	-9.06389
0.9779	-9.06389
0.9779	-8.57395
1.397	2.93964
2.095499898	17.39287
3.0734	34.2958
4.0513	51.68867
5.1689	70.06142
6.1468	85.00459
6.7056	92.84363
7.683500254	108.52171
8.801100254	124.19979
9.6393	136.20332
11.03630025	156.29086
12.2936	171.96894
12.71270051	178.09319
13.4112	186.91211
13.97000025	194.26121
14.66849975	203.81504
15.50669949	215.32863
16.48459975	228.55701
17.18310051	236.15108
17.60220051	240.56054
18.16099924	249.13449
18.71979975	254.27886
18.99920076	257.70844
19.6977	264.07766
20.53589975	271.67173
20.81529924	275.10131
21.23439924	278.53089
21.5138	280.49065
21.65350051	282.20544
21.9329	284.1652
22.21229949	286.85987
22.352	288.57466
22.63139924	289.79951
22.77109975	289.79951
22.91080025	280.49065
22.91080025	280.49065
22.91080025	280.49065
22.91080025	279.02083
22.49170025	271.42676
21.79319949	261.62796
20.53589975	241.78539
18.58009924	210.18426
17.0434	190.34169
15.92579924	174.41864
14.8082	159.72044
13.83029975	145.02224
12.573	130.07907
10.7569	104.60219
8.801100254	76.18567
7.264400254	52.17861
5.867400254	31.35616
4.8895	15.18814
4.0513	0.73491
3.3528	-10.28874
2.2352	-27.68161
1.2573	-44.33957
-0.1397	-64.67208
-0.8382	-74.96082
-1.9558	-91.12884
-2.6543	-101.66255
-3.3528	-110.97141
-4.0513	-120.52524
-4.8895	-130.81398
-5.308599746	-137.1832
-6.2865	-149.18673
-7.4041	-165.59972
-8.5217	-179.80798
-9.359899746	-188.38193
-9.918700254	-195.976
-10.33780025	-201.36534
-11.03630025	-208.95941
-11.45540025	-214.59372
-12.01419975	-222.43276
-12.43329975	-227.57713
-12.85239949	-232.96647
-13.69059924	-241.78539
-14.10969924	-247.90964
-14.66849975	-253.78892
-15.50669949	-262.36287
-16.48459975	-272.40664
-17.18310051	-278.77586
-17.74189949	-284.41017
-18.16099924	-288.08472
-18.44040025	-290.77939
-18.58009924	-292.49418
-18.85950025	-293.22909
-18.99920076	-294.94388
-19.13889949	-296.16873
-19.41830051	-298.37346
-19.6977	-300.08825
-19.6977	-300.33322
-19.83740051	-300.33322
-19.97709949	-289.30957
-19.97709949	-289.55454
-19.97709949	-289.30957
-19.41830051	-281.96047
-18.71979975	-271.18179
-18.16099924	-261.87293
-17.74189949	-256.72856
-17.18310051	-249.37946
-16.48459975	-238.84575
-15.50669949	-225.3724
-14.8082	-214.83869
-13.4112	-197.20085
-12.2936	-181.2778
-11.176	-167.55948
-10.19809975	-156.53583
-9.778999746	-149.4317
-9.220200254	-142.0826
-8.102600254	-127.87434
-6.985000254	-113.42111
-6.2865	-101.66255
-5.308599746	-89.90399
-4.8895	-82.79986
-3.9116	-69.08154
-2.9337	-56.09813
-1.816100076	-38.70526
-0.4191	-17.63784
0.5588	-0.73491
1.5367	14.45323
2.514599975	28.41652
3.2131	39.44017
4.190999746	55.11825
5.4483	74.96082
7.124699746	97.988
8.661399746	118.56548
9.778999746	133.75362
10.7569	146.982
12.15390025	161.92517
12.9921	173.68373
13.83029975	182.50265
14.94790051	196.46594
15.92579924	208.46947
16.76399924	218.26827
17.4625	225.3724
18.16099924	234.19132
18.71979975	241.54042
19.41830051	248.88952
19.97709949	254.7688
20.53589975	261.62796
20.81529924	265.30251
21.23439924	269.22203
21.65350051	273.63149
21.9329	276.8161
22.21229949	278.77586
22.49170025	282.20544
22.63139924	283.92023
22.63139924	284.41017
22.77109975	284.65514
22.77109975	278.77586
22.77109975	278.77586
22.91080025	278.77586
22.77109975	278.28592
22.352	269.71197
21.5138	257.2185
20.81529924	246.43982
19.97709949	231.98659
18.58009924	209.69432
16.90369975	188.87187
15.36700051	169.51924
14.24939975	154.82104
12.9921	137.42817
11.03630025	111.70632
9.080499746	83.77974
7.124699746	55.11825
4.749800254	20.08754
3.3528	-0.73491
3.2131	-3.67455
3.0734	-3.91952
3.0734	-3.67455
2.794	-10.53371
2.095499898	-20.33251
0.9779	-38.21532
-0.6985	-64.18214
-2.095499898	-84.26968
-3.632200254	-104.60219
-4.8895	-121.99506
-6.7056	-143.30745
-7.683500254	-154.82104
-8.661399746	-166.33463
-9.778999746	-179.07307
-11.176	-194.75115
-12.15390025	-207.24462
-13.13180051	-217.77833
-14.38910025	-232.23156
-15.50669949	-245.94988
-16.48459975	-256.72856
-17.18310051	-264.81257
-18.16099924	-275.83622
-18.71979975	-281.7155
-18.85950025	-283.43029
-19.13889949	-285.39005
-19.41830051	-288.32969
-19.55799949	-290.04448
-19.83740051	-292.49418
-19.97709949	-293.47406
-19.97709949	-286.36993
-19.97709949	-286.12496
-19.97709949	-286.36993
-19.97709949	-286.36993
-19.41830051	-277.55101
-18.71979975	-266.52736
-17.74189949	-253.05401
-16.34489924	-233.70138
-14.94790051	-215.81857
-13.55090051	-196.22097
-11.73480025	-172.70385
-10.19809975	-155.06601
-8.242299746	-128.11931
-6.565900254	-106.80692
-5.1689	-87.20932
-3.632200254	-66.87681
-1.6764	-36.99047
-0.2794	-16.90293
1.5367	12.49347
2.374900076	26.70173
4.190999746	51.93364
6.1468	81.57501
7.543799746	100.92764
8.661399746	115.87081
9.778999746	129.09919
10.7569	142.32757
12.15390025	158.74056
13.55090051	175.39852
14.8082	191.0766
15.92579924	202.59019
17.18310051	218.26827
18.30069975	231.98659
19.2786	243.25521
20.1168	252.56407
20.95499975	262.1179
21.5138	268.73209
21.9329	274.12143
22.49170025	280.24568
23.05049924	286.85987
23.749	295.18885
24.44749949	301.80304
25.14600025	307.68232
25.7048	313.5616
26.4033	318.95094
26.8224	322.38052
27.1018	324.34028
27.2415	326.78998
27.6606	329.48465
28.0797	332.17932
28.3591	334.13908
28.63849746	335.11896
28.63849746	335.6089
34.163	378.8127
48.895	403.9778
67.31	407.541
65.278	360.1059
62.23	321.40064
56.388	269.467
51.435	226.84222
40.7924	132.5065
20.53589975	1.46982
20.39619924	1.22485
20.39619924	1.46982
20.39619924	1.22485
20.25650025	-1.22485
19.41830051	-10.77868
19.13889949	-12.2485
18.85950025	-13.22838
18.85950025	-12.2485
18.85950025	-11.75856
18.85950025	-11.26862
18.85950025	-8.81892
18.85950025	-9.06389
18.85950025	-8.81892
18.85950025	-8.08401
18.58009924	-11.75856
18.58009924	-12.73844
18.44040025	-12.73844
18.44040025	-14.45323
18.16099924	-16.65796
17.8816	-18.61772
16.90369975	-25.96682
15.78610051	-32.33604
14.52880076	-38.95023
12.573	-49.23897
11.73480025	-53.15849
10.0584	-62.95729
9.080499746	-69.32651
7.8232	-76.67561
6.426199746	-86.22944
4.4704	-102.15249
2.2352	-118.56548
0.2794	-135.95835
-2.794	-160.94529
-5.1689	-182.25768
-7.124699746	-195.976
-8.5217	-206.75468
-10.61719949	-225.3724
-13.13180051	-244.72503
-14.24939975	-254.7688
-15.78610051	-266.77233
-17.32279949	-277.55101
-18.02130025	-283.43029
-19.41830051	-294.69891
-19.97709949	-296.90364
-20.25650025	-289.55454
-20.39619924	-289.55454
-20.39619924	-289.55454
-20.53589975	-291.26933
-21.23439924	-300.57819
-21.9329	-307.19238
-22.21229949	-310.13202
-22.91080025	-315.76633
-23.46960051	-319.93082
-24.30780051	-325.8101
-24.58719975	-327.52489
-25.28569924	-331.93435
-25.7048	-333.64914
-25.8445	-334.13908
-26.1239	-335.85387
-26.2636	-336.34381
-26.6827	-339.28345
-27.1018	-342.46806
-27.5209	-343.69291
-27.80029746	-344.67279
-28.0797	-346.87752
-28.4988	-348.59231
-28.7782	-350.06213
-28.9179	-350.55207
-28.9179	-349.57219
-29.1973	-338.54854
-29.1973	-338.54854
-29.1973	-338.54854
-29.1973	-338.54854
-29.7561	-345.89764
-30.0355	-350.06213
-30.5943	-353.00177
-30.8737	-355.69644
-31.1531	-358.14614
-31.7119	-361.08578
-32.4104	-365.25027
-33.2486	-369.41476
-34.0868	-372.59937
-34.925	-375.53901
-35.7632	-379.45853
-36.4617	-379.21356
-37.0205	-381.90823
-37.8587	-384.84787
-38.5572	-386.07272
-38.8366	-385.82775
-39.2557	-386.80763
-39.6748	-387.78751
-40.2336	-389.99224
-40.9321	-391.21709
-41.21149746	-390.72715
-41.4909	-372.3544
-41.4909	-372.3544
-41.4909	-372.3544
-41.4909	-372.3544
-40.79239746	-362.80057
-39.5351	-346.38758
-37.57929746	-322.87046
-36.0426	-304.49771
-33.8074	-279.51077
-31.5722	-256.72856
-29.8958	-239.58066
-27.38119746	-211.89905
-25.28569924	-191.56654
-22.91080025	-167.80445
-20.1168	-141.59266
-17.4625	-116.36075
-15.2273	-95.29333
-12.85239949	-73.98094
-10.61719949	-54.87328
-8.5217	-35.76562
-5.4483	-10.77868
-2.794	11.75856
0.2794	36.01059
2.9337	58.05789
5.7277	80.8401
8.381999492	102.8874
10.61719949	119.54536
11.59509975	127.3844
13.69059924	143.30745
15.78610051	158.25062
18.58009924	177.11331
21.09470025	193.28133
23.05049924	205.7748
24.72690025	215.81857
26.6827	227.08719
27.80029746	232.7215
28.63849746	236.88599
30.1752	246.68479
31.7119	254.7688
33.2486	262.60784
34.925	271.42676
36.8808	281.47053
38.1381	286.85987
38.9763	290.53442
39.5351	292.98412
40.2336	295.92376
41.3512	301.55807
42.04969746	304.98765
42.46879746	305.23262
43.1673	309.39711
43.7261	310.86693
43.7261	310.13202
43.8658	310.62196
44.2849	312.58172
44.2849	304.74268
44.2849	304.74268
44.1452	302.78292
43.0276	288.57466
41.7703	272.16167
40.9321	261.62796
40.2336	254.27886
39.2557	243.01024
38.1381	232.23156
36.4617	216.30851
35.2044	204.79492
34.2265	194.99612
32.68979746	181.52277
31.7119	172.45888
31.0134	166.08966
30.1752	158.00565
29.337	149.4317
28.4988	142.57254
27.2415	130.81398
25.8445	119.30039
24.86659924	110.48147
24.30780051	106.07201
23.749	100.4377
22.77109975	92.10872
21.79319949	82.79986
20.67560025	73.491
18.30069975	53.15849
16.76399924	40.66502
15.50669949	29.88634
14.38910025	22.0473
13.27149949	12.73844
12.43329975	5.87928
11.73480025	0.73491
11.03630025	-4.16449
10.7569	-6.36922
10.0584	-11.51359
9.359899746	-17.39287
8.381999492	-25.96682
6.985000254	-36.99047
5.7277	-47.76915
4.190999746	-60.26262
2.9337	-71.28627
1.9558	-78.14543
1.2573	-85.24956
0	-95.78327
-0.6985	-102.8874
-1.5367	-110.72644
-2.514599975	-118.32051
-3.632200254	-127.87434
-5.0292	-139.14296
-6.2865	-148.45182
-7.962899746	-162.66008
-9.6393	-175.39852
-10.89659975	-184.95235
-12.2936	-194.99612
-13.55090051	-205.52983
-14.94790051	-215.5736
-16.48459975	-226.10731
-17.60220051	-234.43629
-18.99920076	-244.48006
-19.97709949	-251.09425
-21.37409949	-260.89305
-22.49170025	-267.26227
-23.88870051	-278.04095
-25.5651	-289.0646
-27.2415	-299.10837
-28.4988	-307.92729
-29.6164	-315.27639
-31.4325	-327.03495
-32.9692	-335.85387
-34.0868	-343.69291
-35.0647	-348.10237
-35.7632	-352.51183
-36.8808	-358.39111
-37.8587	-363.78045
-38.2778	-365.25027
-38.9763	-369.16979
-39.6748	-372.84434
-40.513	-377.00883
-40.9321	-378.72362
-41.21149746	-378.96859
-41.3512	-367.455
-41.3512	-367.455
-41.3512	-367.455
-41.3512	-367.455
-40.79239746	-359.37099
-40.2336	-352.02189
-39.2557	-341.97812
-38.1381	-328.01483
-37.2999	-317.48112
-36.6014	-309.39711
-35.9029	-303.27286
-34.6456	-287.83975
-33.6677	-277.30604
-33.10889746	-271.42676
-32.4104	-263.83269
-31.85159746	-258.44335
-31.0134	-250.11437
-30.1752	-241.78539
-29.1973	-231.00671
-28.0797	-220.22803
-26.6827	-206.26474
-25.4254	-194.26121
-23.88870051	-179.07307
-22.352	-164.37487
-21.23439924	-154.08613
-19.55799949	-138.16308
-18.71979975	-130.32404
-17.8816	-122.24003
-16.76399924	-111.70632
-15.2273	-98.47794
-13.13180051	-79.12531
-11.8745	-67.61172
-10.89659975	-60.01765
-9.6393	-47.76915
-6.565900254	-21.55736
-5.588	-14.6982
-4.3307	-4.40946
-2.6543	10.28874
-0.2794	28.90646
1.1176	40.17508
2.374900076	51.19873
3.7719	62.22238
4.8895	72.51112
6.7056	87.69926
8.5217	102.39746
9.778999746	112.44123
11.59509975	126.89446
12.573	133.75362
13.4112	139.87787
14.10969924	144.28733
14.8082	149.92164
16.06549975	158.49559
17.32279949	167.06954
18.71979975	176.3784
19.6977	182.25768
21.23439924	193.03636
22.49170025	200.38546
23.46960051	206.99965
24.58719975	213.85881
26.1239	223.16767
27.5209	231.00671
28.3591	235.90611
29.05760254	239.58066
30.0355	244.97
31.0134	250.84928
31.7119	254.27886
32.68979746	260.15814
33.8074	266.28239
34.7853	270.93682
35.3441	273.87646
36.4617	279.51077
37.16019746	283.18532
37.99840254	287.59478
39.2557	294.20897
40.0939	298.37346
40.9321	300.57819
41.4909	304.74268
42.6085	309.39711
43.4467	313.5616
44.0055	316.50124
45.68189746	323.85034
46.9392	329.23968
48.0568	333.89411
49.1744	337.56866
49.8729	340.26333
50.57139746	343.44794
51.40959746	346.38758
52.24779746	349.81716
52.94630254	351.53195
53.50509746	354.22662
54.34329746	357.41123
55.04180254	359.61596
56.01969746	362.80057
56.7182	364.51536
57.4167	367.94494
58.11520254	368.92482
58.8137	372.10943
59.51219746	373.57925
59.93129746	373.82422
60.4901	376.76386
61.04890254	377.2538
61.3283	378.23368
61.7474	380.19344
62.30620254	381.17332
62.72530254	382.1532
63.0047	382.1532
63.4238	384.6029
63.56350254	383.62302
63.70319746	383.13308
63.98260254	384.11296
64.12229746	384.6029
64.4017	385.33781
64.54139746	386.31769
64.6811	386.07272
64.8208	386.07272
64.96049746	385.33781
64.96049746	384.6029
64.96049746	384.11296
64.96049746	383.62302
64.96049746	383.86799
64.96049746	383.62302
64.96049746	383.37805
64.96049746	383.13308
64.96049746	382.88811
65.1002	382.64314
65.1002	382.1532
65.1002	382.1532
65.2399	383.62302
65.2399	383.62302
65.2399	384.11296
65.37959746	384.6029
65.5193	371.86446
65.659	371.86446
65.659	371.86446
65.1002	364.27039
64.6811	360.1059
63.28409746	342.958
61.60769746	321.40064
59.93129746	305.23262
58.25489746	289.55454
56.5785	274.3664
56.1594	269.467
54.9021	258.19838
53.6448	246.68479
52.8066	239.33569
51.9684	231.49665
51.40959746	226.84222
50.292	216.30851
49.0347	206.01977
47.6377	193.03636
45.8216	178.09319
44.4246	165.84469
43.5864	160.45535
41.7703	144.04236
40.3733	132.77374
38.9763	122.485
38.4175	118.81045
36.6014	104.60219
34.6456	89.90399
33.52799746	82.30992
31.9913	70.79633
31.0134	63.6922
29.6164	54.62831
28.0797	45.07448
26.8224	36.25556
25.28569924	27.68161
24.02839949	20.08754
21.9329	8.32898
20.53589975	1.71479
19.41830051	-4.8994
17.74189949	-14.20826
16.20520025	-22.53724
14.66849975	-29.88634
12.9921	-38.70526
10.19809975	-53.15849
8.5217	-60.01765
7.124699746	-68.5916
5.588	-77.65549
4.190999746	-86.71938
2.374900076	-99.45782
1.816100076	-101.90752
1.5367	-104.11225
-0.5588	-121.26015
-2.095499898	-133.01871
-2.9337	-138.65302
-4.3307	-150.41158
-6.007099746	-161.6802
-7.962899746	-174.90858
-9.778999746	-188.38193
-12.71270051	-207.73456
-14.10969924	-216.55348
-15.50669949	-226.10731
-17.18310051	-237.13096
-19.13889949	-250.11437
-21.09470025	-261.87293
-24.02839949	-280.98059
-25.7048	-291.02436
-27.2415	-300.82316
-28.9179	-310.86693
-30.8737	-321.40064
-31.9913	-327.52489
-33.10889746	-334.87399
-34.3662	-341.73315
-35.9029	-350.79704
-36.74109746	-355.45147
-37.99840254	-361.08578
-38.9763	-366.23015
-39.6748	-369.9047
-40.3733	-372.84434
-41.0718	-376.51889
-41.4909	-377.98871
-42.6085	-384.11296
-43.4467	-386.80763
-44.4246	-390.48218
-44.84369746	-391.21709
-45.4025	-393.17685
-45.9613	-394.15673
-46.52009746	-396.11649
-47.0789	-397.58631
-47.498	-397.83128
-47.7774	-397.58631
-48.1965	-398.56619
-48.7553	-400.03601
-49.0347	-399.3011
-49.1744	-397.58631
-49.1744	-396.8514
-49.31409746	-396.36146
-49.4538	-379.45853
-49.4538	-379.45853
-49.4538	-379.45853
-49.4538	-379.45853
-49.4538	-379.94847
-49.8729	-384.84787
-50.15229746	-389.01236
-50.57139746	-391.70703
-50.99049746	-393.42182
-51.26990254	-395.38158
-51.82869746	-398.56619
-52.52720254	-401.01589
-52.94630254	-400.52595
-53.36540254	-401.50583
-53.92419746	-403.95553
-54.483	-404.69044
-55.04180254	-405.67032
-55.60059746	-406.6502
-56.43879746	-408.36499
-57.27699746	-410.07978
-57.9755	-410.07978
-58.25489746	-409.83481
-58.67399746	-410.32475
-59.2328	-411.30463
-59.6519	-411.79457
-59.93129746	-411.05966
-60.35039746	-411.30463
-60.76949746	-412.03954
-61.18859746	-413.26439
-61.60769746	-413.75433
-62.02679746	-413.50936
-62.1665	-412.77445
-62.44589746	-412.28451
-14.94790051	-4.65443
-14.66849975	-11.51359
-14.66849975	-11.75856
-14.66849975	-11.51359
-14.66849975	-10.28874
-13.83029975	1.22485
-12.9921	8.81892
-12.15390025	13.47335
-11.31569975	17.88281
-10.19809975	23.76209
-9.359899746	29.15143
-7.4041	38.46029
-5.867400254	46.5443
-4.4704	52.91352
-3.3528	58.05789
-2.514599975	62.95729
-0.4191	72.51112
0.4191	78.88034
1.5367	85.24956
2.6543	91.12884
3.7719	98.96788
5.308599746	109.01165
7.124699746	119.79033
8.5217	128.85422
9.359899746	134.7335
10.61719949	142.57254
12.01419975	150.65655
12.85239949	156.29086
14.24939975	164.61984
15.2273	169.51924
16.06549975	174.41864
17.18310051	181.2778
18.16099924	186.66714
19.41830051	193.03636
20.25650025	197.44582
21.09470025	201.36534
21.65350051	205.28486
22.352	208.46947
23.46960051	214.83869
24.30780051	219.00318
25.28569924	223.65761
25.8445	225.86234
26.9621	232.23156
27.6606	235.66114
28.63849746	240.80551
30.0355	247.90964
31.2928	253.29898
32.27069746	257.2185
33.2486	262.1179
34.0868	266.28239
34.925	269.95694
35.6235	272.65161
36.6014	276.8161
37.99840254	283.92023
39.5351	291.26933
40.0939	291.75927
41.21149746	296.90364
41.7703	299.84328
42.46879746	301.80304
43.307	305.96753
44.1452	309.15214
45.5422	315.52136
46.2407	317.23615
48.0568	325.8101
49.31409746	330.21956
50.0126	331.68938
50.7111	334.13908
52.10810254	340.26333
52.66689746	340.99824
53.92419746	347.36746
54.9021	349.81716
55.46090254	351.77692
56.1594	353.49171
56.5785	355.45147
57.4167	358.88105
58.25489746	360.84081
59.2328	365.0053
60.35039746	368.67985
61.04890254	370.39464
62.02679746	373.33428
62.30620254	373.33428
62.5856	373.82422
63.0047	375.29404
63.4238	375.78398
63.70319746	376.27392
63.8429	376.27392
64.12229746	376.76386
64.12229746	376.27392
64.262	376.76386
64.4017	378.23368
64.6811	378.23368
64.6811	377.74374
64.8208	377.00883
64.8208	377.2538
64.8208	377.49877
64.96049746	378.47865
65.37959746	380.43841
65.37959746	379.7035
65.37959746	378.72362
65.659	369.16979
65.659	369.16979
65.659	369.16979
65.659	369.16979
64.6811	356.67632
62.86499746	333.64914
61.60769746	319.19591
59.93129746	302.29298
58.95340254	293.964
58.8137	292.49418
57.4167	279.75574
56.2991	268.48712
54.34329746	251.33922
53.08599746	240.31557
51.9684	230.76174
50.4317	216.55348
49.4538	208.46947
47.6377	192.54642
45.8216	177.60325
44.5643	167.55948
42.8879	153.35122
41.4909	142.81751
40.3733	133.99859
38.8366	121.50512
37.719	112.93117
37.0205	109.01165
36.1823	101.66255
34.925	92.84363
33.6677	83.2898
32.27069746	73.73597
30.5943	61.2425
29.05760254	51.68867
27.2415	40.42005
25.8445	32.33604
24.44749949	24.497
22.77109975	14.94317
21.79319949	10.04377
20.39619924	1.22485
18.44040025	-8.81892
17.18310051	-14.20826
15.36700051	-24.497
13.83029975	-31.8461
12.01419975	-40.90999
10.33780025	-47.76915
9.359899746	-52.66855
8.661399746	-56.09813
7.962899746	-59.03777
6.985000254	-65.16202
5.4483	-73.491
4.4704	-78.3904
2.794	-88.43417
1.5367	-97.00812
-0.8382	-112.93117
-2.6543	-124.44476
-4.190999746	-133.99859
-5.588	-142.57254
-6.565900254	-148.45182
-7.962899746	-158.00565
-9.080499746	-164.37487
-10.47749975	-172.21391
-11.59509975	-178.09319
-13.13180051	-187.40205
-15.78610051	-202.34522
-17.32279949	-210.91917
-19.13889949	-220.473
-20.25650025	-226.10731
-20.95499975	-230.51677
-22.49170025	-238.60078
-24.02839949	-246.68479
-25.7048	-255.50371
-27.2415	-262.1179
-28.4988	-268.97706
-30.1752	-277.55101
-31.2928	-282.45041
-32.5501	-288.57466
-33.3883	-292.24921
-34.7853	-299.10837
-36.0426	-304.74268
-37.4396	-311.35687
-38.4175	-315.27639
-39.2557	-318.95094
-40.0939	-322.87046
-41.0718	-326.78998
-42.04969746	-330.7095
-43.1673	-336.34381
-44.5643	-342.46806
-46.10099746	-347.61243
-47.0789	-352.02189
-47.9171	-354.47159
-48.7553	-357.90117
-50.0126	-363.29051
-50.7111	-365.25027
-52.10810254	-370.88458
-52.52720254	-370.88458
-53.78450254	-377.98871
-55.18149746	-381.90823
-56.2991	-385.82775
-57.69609746	-390.48218
-58.8137	-392.93188
-59.51219746	-395.38158
-59.93129746	-395.87152
-60.9092	-399.05613
-61.7474	-401.7508
-62.86499746	-404.44547
-63.14440254	-403.22062
-63.28409746	-401.7508
-63.28409746	-384.84787
-62.5856	-376.51889
-62.1665	-372.59937
-61.3283	-362.80057
-60.62980254	-354.71656
-59.37250254	-342.22309
-57.69609746	-323.85034
-55.88	-305.96753
-54.9021	-296.4137
-53.78450254	-286.12496
-52.94630254	-276.57113
-51.5493	-264.07766
-50.292	-252.56407
-49.0347	-241.05048
-47.498	-227.08719
-45.8216	-213.61384
-44.2849	-198.67067
-42.6085	-185.93223
-41.4909	-175.64349
-39.8145	-161.6802
-37.99840254	-146.49206
-36.6014	-136.69326
-34.925	-123.21991
-33.9471	-114.89093
-32.8295	-108.76668
-31.2928	-96.27321
-29.8958	-85.98447
-27.94	-72.02118
-25.9842	-59.03777
-24.1681	-47.52418
-22.49170025	-36.50053
-18.85950025	-14.94317
-17.18310051	-5.87928
-13.13180051	15.67808
-9.220200254	34.2958
-4.6101	56.58807
-2.374900076	66.1419
2.514599975	92.59866
5.308599746	110.48147
7.683500254	124.9347
9.918700254	138.65302
12.43329975	153.84116
15.50669949	170.00918
16.76399924	177.35828
20.1168	195.48606
22.07260051	206.26474
25.00629975	219.98306
26.2636	226.84222
27.6606	233.94635
29.05760254	240.80551
30.734	247.90964
31.9913	253.05401
33.52799746	260.64808
35.3441	269.95694
37.57929746	279.51077
39.9542	289.0646
41.21149746	294.45394
42.3291	298.8634
43.5864	302.29298
45.5422	312.09178
46.9392	316.99118
48.6156	323.60537
49.5935	326.78998
50.7111	330.7095
51.68900254	334.62902
52.8066	338.54854
53.92419746	342.71303
55.04180254	346.38758
56.01969746	350.3071
57.1373	354.22662
58.53430254	359.12602
59.79160254	363.04554
61.04890254	366.47512
62.44589746	371.12955
63.28409746	372.84434
64.12229746	376.27392
65.37959746	379.94847
66.21779746	382.88811
67.19569746	383.86799
68.03389746	386.07272
68.5927	388.03248
69.29119746	389.99224
70.40880254	393.17685
71.5264	395.13661
72.22489746	396.60643
72.7837	397.58631
73.48219746	399.3011
73.90129746	399.3011
74.73949746	401.7508
75.2983	401.99577
75.57769746	401.7508
75.99680254	402.97565
76.41590254	403.22062
76.83500254	403.71056
77.1144	403.71056
77.25410254	402.48571
77.5335	402.73068
77.67320254	401.99577
77.5335	401.26086
77.67320254	401.01589
77.67320254	389.99224
77.81289746	389.99224
77.81289746	389.99224
77.81289746	389.99224
77.81289746	390.97212
78.09230254	394.64667
78.65109746	400.28098
79.629	405.67032
80.74659746	409.34487
81.8642	412.28451
82.5627	411.05966
82.84209746	411.30463
83.4009	413.01942
83.82	413.26439
84.3788	413.9993
84.7979	414.24427
85.35670254	415.46912
85.6361	414.48924
85.6361	413.01942
85.77580254	412.52948
85.91549746	413.50936
86.19490254	414.73421
86.33459746	414.24427
86.33459746	413.26439
86.33459746	412.28451
86.4743	412.52948
86.61400254	412.77445
86.61400254	412.28451
86.61400254	412.03954
86.8934	413.50936
86.8934	412.52948
87.03310254	412.77445
87.3125	413.26439
87.3125	413.01942
87.3125	412.03954
87.59189746	397.09637
87.59189746	396.8514
87.45220254	394.89164
86.75369746	387.78751
86.33459746	380.92835
84.51849746	359.12602
82.84209746	339.52842
82.00389746	333.89411
81.7245	330.21956
80.60690254	320.9107
79.34960254	308.6622
77.39379746	292.00424
75.8571	278.28592
75.2983	273.38652
74.1807	262.85281
72.08520254	245.21497
69.85	226.35228
67.61479746	208.2245
65.5193	193.03636
63.70319746	176.62337
61.60769746	161.92517
59.2328	144.28733
57.4167	131.79386
55.88	120.52524
53.50509746	104.84716
51.82869746	96.02824
49.31409746	78.3904
47.3583	66.38687
45.1231	54.13837
42.46879746	40.17508
39.5351	25.47688
37.57929746	17.63784
34.6456	4.16449
31.5722	-8.57395
29.337	-17.63784
25.9842	-29.64137
23.46960051	-39.1952
20.81529924	-48.25909
18.71979975	-55.60819
12.71270051	-76.18567
11.03630025	-79.37028
8.9408	-88.92411
5.4483	-102.64243
4.0513	-107.7868
-0.9779	-135.71338
-3.3528	-147.22697
-6.2865	-162.66008
-7.8232	-170.25415
-9.6393	-181.03283
-11.8745	-191.56654
-13.13180051	-197.44582
-16.34489924	-213.85881
-18.02130025	-221.45288
-19.55799949	-228.80198
-21.09470025	-235.66114
-21.9329	-239.33569
-23.32990025	-245.94988
-24.86659924	-254.27886
-26.4033	-259.17826
-28.21939746	-268.48712
-30.4546	-278.53089
-31.4325	-281.96047
-32.68979746	-287.83975
-34.3662	-294.94388
-35.9029	-302.04801
-37.4396	-307.68232
-39.116	-314.05154
-40.3733	-319.44088
-42.04969746	-325.56513
-43.1673	-329.48465
-43.8658	-331.68938
-44.84369746	-336.09884
-45.68189746	-338.30357
-46.6598	-342.71303
-48.0568	-347.8574
-49.31409746	-352.02189
-50.57139746	-357.6562
-51.26990254	-357.6562
-52.94630254	-365.0053
-54.76239746	-371.37452
-55.7403	-373.82422
-57.1373	-378.23368
-57.9755	-378.96859
-58.67399746	-381.90823
-59.6519	-385.33781
-60.4901	-387.29757
-61.60769746	-392.19697
-63.28409746	-396.11649
-64.4017	-397.34134
-64.54139746	-395.87152
-65.1002	-399.05613
-65.79869746	-400.77092
-66.4972	-401.99577
-66.9163	-402.97565
-67.89420254	-405.42535
-68.31330254	-405.18038
-68.45299746	-403.71056
-68.73240254	-404.44547
-69.15150254	-405.91529
-69.29119746	-404.93541
-69.4309	-405.18038
-69.57060254	-405.18038
-69.71029746	-404.69044
-69.57060254	-403.71056
-69.85	-392.93188
-70.40880254	-398.81116
-70.82790254	-402.48571
-71.5264	-406.6502
-72.50430254	-411.30463
-73.06309746	-411.05966
-73.90129746	-413.9993
-74.5998	-415.22415
-75.2983	-416.449
-75.8571	-417.18391
-76.55559746	-418.40876
-77.25410254	-419.38864
-77.9526	-419.63361
-78.3717	-420.36852
-79.2099	-422.08331
-79.90839746	-423.55313
-80.60690254	-423.7981
-81.16569746	-424.04307
-81.58479746	-423.06319
-82.2833	-425.02295
-82.7024	-425.26792
-82.9818	-424.28804
-83.4009	-425.26792
-83.68029746	-424.53301
-83.68029746	-423.30816
-84.23909746	-405.67032
-84.23909746	-405.67032
-84.09939746	-405.67032
-84.23909746	-405.67032
-83.82	-401.7508
-83.1215	-394.64667
-81.8642	-381.17332
-80.60690254	-368.18991
-79.629	-358.14614
-78.3717	-345.65267
-77.1144	-332.91423
-76.13649746	-325.32016
-75.0189	-313.5616
-74.041	-306.2125
-72.50430254	-292.00424
-71.1073	-279.75574
-69.85	-268.48712
-68.87209746	-260.40311
-68.03389746	-253.78892
-66.63689746	-242.27533
-65.1002	-228.55701
-63.4238	-215.08366
-62.02679746	-204.54995
-60.4901	-192.30145
-58.25489746	-175.15355
-56.2991	-159.72044
-54.9021	-149.4317
-53.6448	-140.36781
-51.82869746	-128.11931
-50.7111	-120.52524
-49.1744	-109.99153
-47.2186	-96.51818
-45.9613	-89.41405
-43.5864	-73.98094
-41.4909	-61.97741
-39.8145	-53.15849
-39.3954	-50.46382
-37.8587	-41.88987
-36.74109746	-35.76562
-35.9029	-31.8461
-34.925	-26.70173
-34.2265	-24.00706
-34.0868	-24.497
-33.6677	-22.0473
-33.2486	-21.31239
-32.68979746	-18.12778
-32.27069746	-15.43311
-31.5722	-12.00353
-31.2928	-12.2485
-31.1531	-11.02365
-30.8737	-10.28874
-30.4546	-7.59407
-30.3149	-7.83904
-30.0355	-6.12425
-29.8958	-6.85916
-27.1018	-4.65443
-26.8224	0.24497
-26.4033	4.8994
-25.8445	8.81892
-25.4254	12.98341
-24.72690025	15.18814
-24.1681	19.5976
-23.32990025	23.02718
-22.21229949	27.92658
-21.09470025	31.35616
-20.25650025	34.05083
-19.55799949	38.70526
-18.44040025	41.6449
-17.32279949	46.29933
-16.62430025	47.52418
-15.50669949	52.91352
-14.10969924	57.81292
-12.15390025	64.18214
-10.47749975	70.06142
-9.220200254	73.73597
-7.683500254	79.86022
-6.007099746	84.75962
-4.749800254	89.16908
-2.9337	95.5383
-1.5367	100.92764
1.816100076	113.66608
3.632200254	122.24003
4.8895	127.13943
6.565900254	136.20332
8.381999492	145.26721
9.778999746	152.61631
11.03630025	157.51571
12.2936	163.15002
12.71270051	164.86481
13.69059924	170.00918
14.52880076	174.90858
15.36700051	178.33816
16.20520025	182.25768
16.90369975	183.7275
17.32279949	185.19732
17.8816	188.13696
18.16099924	189.36181
18.44040025	191.32157
18.99920076	193.77127
19.41830051	195.48606
19.97709949	198.4257
20.67560025	201.61031
21.23439924	203.57007
21.65350051	205.7748
22.07260051	207.24462
22.91080025	211.40911
23.749	215.5736
24.44749949	218.0233
25.00629975	220.22803
25.8445	224.39252
26.9621	229.78186
28.0797	234.19132
28.9179	236.15108
29.1973	237.37593
30.0355	241.05048
30.8737	245.21497
31.7119	247.17473
32.27069746	250.11437
33.10889746	253.78892
33.8074	255.74868
34.3662	257.95341
34.7853	258.93329
35.4838	262.85281
36.4617	266.28239
37.719	271.9167
38.8366	275.34628
39.5351	278.04095
40.6527	282.20544
41.63059746	284.90011
42.8879	290.53442
44.2849	294.94388
45.1231	297.39358
46.2407	302.04801
47.6377	307.19238
48.7553	310.62196
49.73319746	312.82669
50.4317	315.03142
51.26990254	317.48112
51.9684	319.93082
53.08599746	324.09531
54.483	328.01483
55.18149746	329.48465
55.60059746	330.21956
56.01969746	331.19944
56.5785	334.13908
57.9755	339.03848
59.09309746	341.73315
60.35039746	346.38758
61.60769746	349.57219
62.1665	350.3071
62.72530254	351.53195
63.8429	355.69644
65.1002	358.39111
66.0781	361.08578
66.9163	363.53548
67.7545	365.0053
68.5927	367.69997
69.4309	370.39464
70.40880254	373.33428
71.66610254	375.78398
73.2028	380.43841
74.1807	381.90823
75.438	385.58278
76.2762	386.07272
77.1144	388.76739
77.81289746	389.99224
79.07019746	392.93188
80.0481	395.38158
81.16569746	397.09637
82.00389746	399.05613
82.5627	398.56619
83.1215	400.03601
83.68029746	401.99577
84.23909746	401.50583
84.93759746	404.2005
85.49639746	404.44547
86.0552	405.18038
86.33459746	404.69044
86.75369746	406.16026
87.17279746	405.67032
87.17279746	404.44547
87.45220254	388.52242
87.45220254	388.52242
87.59189746	388.52242
87.3125	386.56266
86.75369746	379.7035
85.91549746	370.63961
84.93759746	358.63608
83.9597	345.65267
82.7024	332.91423
80.8863	315.76633
79.48929746	305.23262
78.09230254	291.5143
77.5335	286.36993
77.1144	283.18532
76.13649746	273.63149
74.1807	257.2185
72.50430254	244.48006
71.80579746	237.86587
69.98970254	223.41264
68.5927	212.14402
67.05599746	199.89552
65.79869746	189.85175
64.6811	181.2778
63.98260254	176.3784
63.28409746	170.98906
62.30620254	163.88493
61.04890254	154.08613
59.93129746	145.51218
59.09309746	139.6329
57.69609746	130.81398
56.9976	125.17967
55.88	117.09566
54.34329746	107.54183
52.52720254	96.02824
51.5493	89.65902
50.57139746	83.77974
49.5935	77.41052
47.498	65.40699
45.68189746	54.87328
43.5864	43.60466
42.3291	37.72538
40.6527	29.3964
38.5572	19.10766
36.74109746	11.51359
35.7632	7.59407
34.2265	0.24497
32.4104	-6.12425
31.0134	-12.2485
29.4767	-17.63784
27.94	-24.00706
25.9842	-30.86622
24.02839949	-37.72538
22.77109975	-41.15496
21.9329	-44.33957
20.53589975	-49.97388
18.99920076	-54.87328
16.90369975	-61.2425
16.20520025	-62.22238
14.38910025	-69.57148
13.13180051	-72.75609
11.59509975	-78.3904
10.19809975	-82.55489
8.5217	-89.16908
6.985000254	-93.57854
5.4483	-100.92764
4.190999746	-104.84716
1.816100076	-115.1359
0.4191	-121.50512
-0.8382	-126.40452
-1.9558	-132.77374
-3.632200254	-141.10272
-5.4483	-149.4317
-6.985000254	-157.27074
-7.962899746	-159.96541
-9.080499746	-166.5796
-11.03630025	-175.15355
-12.15390025	-179.56301
-13.83029975	-187.89199
-16.06549975	-197.93576
-17.74189949	-204.54995
-19.41830051	-211.16414
-20.1168	-214.10378
-22.352	-224.88246
-24.1681	-232.23156
-25.4254	-236.64102
-26.9621	-243.50018
-28.21939746	-248.39958
-29.1973	-252.80904
-30.3149	-256.23862
-30.4546	-256.23862
-31.85159746	-264.07766
-33.3883	-269.71197
-34.7853	-275.83622
-36.4617	-281.22556
-37.8587	-286.6149
-39.116	-291.5143
-39.9542	-293.964
-40.6527	-296.4137
-41.7703	-300.82316
-42.6085	-304.00777
-42.8879	-304.25274
-43.7261	-308.17226
-44.2849	-309.88705
-45.4025	-314.05154
-46.52009746	-317.48112
-47.498	-321.64561
-48.895	-325.56513
-50.0126	-330.21956
-50.99049746	-332.17932
-51.9684	-336.58878
-53.6448	-341.97812
-54.9021	-344.91776
-55.7403	-348.34734
-57.4167	-353.98165
-59.2328	-359.37099
-60.35039746	-361.82069
-61.7474	-366.72009
-63.4238	-371.12955
-64.6811	-374.06919
-65.79869746	-377.2538
-66.4972	-377.49877
-68.03389746	-383.13308
-68.87209746	-384.84787
-69.85	-387.29757
-70.96759746	-389.99224
-71.38669746	-389.5023
-72.22489746	-391.952
-73.06309746	-394.4017
-73.48219746	-394.89164
-74.041	-396.36146
-74.73949746	-398.07625
-75.8571	-400.77092
-76.55559746	-401.50583
-77.1144	-403.22062
-77.67320254	-404.2005
-78.09230254	-404.2005
-78.51140254	-404.2005
-78.93050254	-405.67032
-79.629	-408.36499
-80.32749746	-409.0999
-80.74659746	-409.34487
-81.3054	-410.32475
-81.7245	-411.5496
-82.2833	-412.77445
-82.84209746	-413.01942
-83.1215	-413.01942
-83.5406	-413.26439
-83.82	-412.52948
-83.82	-411.5496
-83.82	-411.05966
-84.09939746	-397.34134
-83.5406	-391.21709
-82.84209746	-384.6029
-81.7245	-372.10943
-80.32749746	-358.14614
-78.09230254	-335.6089
-76.2762	-319.44088
-74.73949746	-305.47759
-72.92340254	-289.79951
-71.1073	-274.12143
-69.71029746	-262.60784
-67.7545	-245.94988
-65.79869746	-230.2718
-63.8429	-213.61384
-61.7474	-197.69079
-59.79160254	-182.01271
-57.9755	-169.0293
-56.5785	-158.49559
-55.7403	-152.12637
-54.34329746	-143.06248
-53.08599746	-133.75362
-51.68900254	-123.46488
-49.5935	-109.01165
-47.7774	-97.49806
-45.8216	-84.51465
-43.7261	-71.53124
-41.63059746	-58.54783
-38.6969	-43.11472
-36.1823	-28.41652
-33.52799746	-16.90293
-31.9913	-8.81892
-29.8958	0.48994
-27.5209	10.28874
-25.28569924	19.10766
-24.02839949	23.76209
-22.77109975	28.90646
-20.95499975	35.76562
-18.85950025	43.60466
-17.74189949	46.78927
-15.92579924	52.91352
-14.66849975	57.07801
-13.69059924	60.50759
-12.15390025	65.89693
-10.47749975	71.0413
-9.080499746	75.45076
-7.8232	79.37028
-5.867400254	85.24956
-4.3307	90.88387
-2.095499898	99.94776
0	106.07201
1.6764	112.93117
3.0734	118.56548
4.3307	123.70985
6.426199746	133.50865
8.5217	143.55242
10.33780025	150.90152
11.8745	158.49559
13.27149949	164.37487
14.52880076	170.98906
15.92579924	176.3784
17.0434	181.2778
18.85950025	189.36181
20.67560025	196.95588
21.79319949	201.61031
22.91080025	205.28486
24.1681	211.65408
25.8445	218.26827
26.8224	221.45288
28.21939746	227.8221
29.8958	234.19132
31.1531	239.09072
32.131	241.78539
32.9692	245.45994
34.3662	251.09425
36.4617	258.68832
37.719	263.58772
39.2557	268.73209
40.513	273.38652
41.63059746	276.8161
43.307	282.69538
44.9834	288.81963
46.7995	294.94388
48.1965	298.37346
49.73319746	304.25274
50.99049746	307.43735
52.24779746	311.60184
53.78450254	316.74621
55.46090254	321.64561
56.5785	325.07519
57.9755	328.99471
59.37250254	332.91423
60.62980254	337.07872
61.88710254	339.03848
63.28409746	343.93788
64.6811	348.10237
66.3575	353.00177
67.7545	356.43135
69.29119746	360.35087
70.2691	362.5556
71.5264	365.25027
72.64399746	368.92482
73.6219	371.12955
74.73949746	373.33428
75.438	374.8041
76.13649746	376.02895
77.5335	380.68338
78.7908	383.86799
80.0481	386.80763
81.58479746	390.72715
82.84209746	392.93188
84.09939746	395.38158
85.07729746	397.34134
86.33459746	400.03601
87.3125	400.77092
88.01099746	401.7508
88.43009746	401.99577
88.9889	403.22062
89.408	403.22062
89.8271	404.69044
90.6653	406.6502
91.2241	407.38511
92.0623	409.58984
92.62109746	409.58984
93.17989746	410.07978
93.59899746	410.56972
94.29750254	412.77445
94.85629746	412.03954
95.13570254	411.79457
95.4151	412.03954
95.8342	412.77445
96.39300254	414.24427
96.6724	413.9993
97.23120254	414.48924
97.37089746	413.26439
97.65030254	413.50936
97.9297	413.9993
97.9297	413.50936
98.06940254	412.52948
98.06940254	399.79104
98.48850254	403.95553
98.90760254	408.60996
99.88549746	413.50936
100.4443	414.48924
101.0031	416.93894
101.9809975	418.16379
102.4000975	418.65373
102.9589051	420.12355
103.7971051	421.83834
104.4955949	421.59337
104.9146949	420.85846
105.4735051	422.08331
105.8926025	422.81822
106.4514	423.7981
107.1499025	424.28804
107.5690025	424.28804
107.8483949	424.53301
107.9881025	423.06319
108.2674949	422.81822
108.2674949	422.57325
108.4072025	422.32828
108.5469	421.83834
108.5469	422.08331
108.8263025	406.6502
108.8263025	406.6502
108.6865949	406.6502
108.2674949	400.77092
107.8483949	395.38158
107.2896	388.52242
106.7308025	382.1532
105.7528949	370.88458
105.0544051	363.29051
104.0764949	353.24674
102.9589051	344.42782
102.4000975	338.79351
101.7016051	332.17932
99.46639746	313.5616
97.37089746	296.90364
95.8342	282.69538
94.1578	270.69185
93.17989746	262.1179
91.78289746	250.35934
90.6653	241.54042
89.54770254	233.70138
88.29040254	222.9227
86.8934	212.14402
85.35670254	200.8754
83.82	188.6269
82.42299746	178.8281
81.3054	171.23403
80.8863	168.04942
80.32749746	164.61984
79.90839746	161.6802
79.48929746	158.25062
78.93050254	154.82104
77.67320254	146.24709
75.438	130.81398
73.6219	118.81045
71.80579746	108.27674
70.40880254	99.45782
68.5927	89.90399
67.7545	84.51465
66.0781	74.96082
64.96049746	70.06142
64.262	66.1419
62.44589746	56.58807
61.04890254	50.46382
59.93129746	46.05436
58.53430254	38.70526
56.9976	31.8461
55.60059746	25.96682
53.92419746	19.10766
52.8066	15.43311
51.82869746	10.77868
50.292	5.14437
48.6156	-1.22485
46.2407	-9.30886
44.9834	-12.2485
43.4467	-18.61772
41.3512	-25.23191
39.2557	-30.37628
37.99840254	-35.27568
35.4838	-42.37981
33.9471	-46.5443
32.5501	-49.97388
31.2928	-54.13837
29.05760254	-59.28274
27.6606	-63.20226
25.5651	-68.5916
24.44749949	-70.79633
22.352	-76.92058
20.67560025	-80.35016
18.44040025	-86.22944
16.20520025	-91.12884
14.52880076	-95.78327
12.2936	-100.68267
10.89659975	-106.07201
9.080499746	-110.97141
6.007099746	-117.83057
5.1689	-121.99506
4.4704	-123.70985
3.4925	-127.87434
1.9558	-133.75362
0.4191	-140.12284
-0.8382	-145.02224
-1.6764	-145.75715
-3.3528	-154.57607
-4.0513	-156.7808
-5.867400254	-165.59972
-6.7056	-168.04942
-8.9408	-177.84822
-10.61719949	-183.48253
-11.8745	-189.11684
-13.13180051	-194.26121
-14.24939975	-197.44582
-14.52880076	-197.93576
-15.78610051	-204.30498
-17.4625	-210.6742
-18.71979975	-215.08366
-19.2786	-217.04342
-19.55799949	-217.04342
-20.67560025	-222.9227
-21.9329	-227.57713
-23.32990025	-233.21144
-24.1681	-235.1712
-25.4254	-241.05048
-26.8224	-245.70491
-28.0797	-250.35934
-29.4767	-255.99365
-30.5943	-259.6682
-31.7119	-263.09778
-32.27069746	-264.81257
-33.10889746	-267.99718
-34.0868	-272.40664
-35.2044	-275.34628
-36.1823	-279.2658
-37.4396	-283.67526
-38.4175	-286.36993
-39.2557	-289.79951
-40.6527	-294.94388
-42.04969746	-299.35334
-42.7482	-300.33322
-44.0055	-305.96753
-45.4025	-309.88705
-46.9392	-314.78645
-47.9171	-316.99118
-49.0347	-321.40064
-50.292	-325.32016
-51.1302	-327.27992
-51.9684	-329.72962
-52.24779746	-328.99471
-52.66689746	-329.48465
-53.50509746	-334.13908
-54.34329746	-336.09884
-55.04180254	-338.0586
-56.01969746	-341.48818
-56.9976	-344.42782
-58.11520254	-347.8574
-59.37250254	-351.04201
-60.4901	-353.73668
-61.46800254	-356.18638
-62.44589746	-358.63608
-62.86499746	-359.86093
-63.70319746	-362.5556
-64.8208	-364.51536
-65.9384	-368.92482
-67.19569746	-370.88458
-68.03389746	-373.82422
-69.4309	-377.2538
-70.6882	-380.19344
-72.22489746	-383.37805
-73.6219	-387.54254
-75.0189	-389.99224
-75.99680254	-392.44194
-77.39379746	-395.87152
-78.93050254	-398.32122
-79.48929746	-397.34134
-80.18780254	-400.03601
-80.8863	-401.50583
-82.00389746	-404.93541
-83.4009	-407.14014
-83.9597	-405.91529
-84.51849746	-408.12002
-85.49639746	-410.07978
-86.19490254	-411.05966
-86.8934	-412.03954
-87.45220254	-413.01942
-88.1507	-413.75433
-88.70950254	-414.48924
-89.54770254	-416.449
-90.10649746	-416.93894
-90.94469746	-418.65373
-91.5035	-416.93894
-92.0623	-418.40876
-92.3417	-418.40876
-92.4814	-416.20403
-92.62109746	-415.46912
-92.7608	-402.73068
-92.9005	-403.95553
-93.17989746	-407.87505
-93.7387	-412.52948
-94.29750254	-415.22415
-94.71660254	-417.67385
-95.8342	-420.36852
-96.2533	-421.59337
-96.95179746	-423.30816
-97.23120254	-422.32828
-97.65030254	-423.30816
-98.06940254	-424.53301
-98.48850254	-424.53301
-99.187	-426.2478
-99.88549746	-427.22768
-100.584	-428.20756
-101.1427975	-428.20756
-101.7016051	-428.45253
-102.1207051	-428.94247
-102.4000975	-428.6975
-102.6795	-428.6975
-102.8191975	-427.71762
-103.0986	-428.45253
-103.2382975	-428.94247
-103.6573975	-430.16732
-104.0764949	-430.65726
-104.4955949	-430.90223
-104.6353051	-430.16732
-104.9146949	-429.92235
-105.0544051	-429.92235
-105.3337949	-429.67738
-105.3337949	-410.32475
-104.775	-403.71056
-103.2382975	-387.54254
-100.584	-361.08578
-98.90760254	-345.89764
-97.65030254	-334.38405
-96.11359746	-320.9107
-94.29750254	-304.74268
-91.9226	-285.63502
-91.0844	-279.2658
-90.10649746	-270.93682
-89.12860254	-264.07766
-88.01099746	-254.7688
-86.33459746	-241.05048
-84.3788	-225.12743
-80.60690254	-196.95588
-78.09230254	-179.80798
-76.2762	-167.06954
-74.5998	-155.31098
-72.7837	-143.79739
-71.38669746	-133.50865
-68.5927	-116.60572
-67.3354	-109.01165
-66.4972	-103.62231
-65.1002	-95.5383
-63.70319746	-87.45429
-62.30620254	-79.86022
-61.3283	-74.71585
-60.071	-66.87681
-58.3946	-58.05789
-56.7182	-49.72891
-55.46090254	-44.0946
-53.78450254	-35.76562
-51.82869746	-26.9467
-50.15229746	-18.86269
-49.0347	-15.18814
-47.2186	-7.59407
-45.5422	-0.73491
-43.1673	8.32898
-41.21149746	14.6982
-39.8145	18.86269
-37.57929746	27.43664
-35.7632	33.31592
-33.9471	38.70526
-32.8295	41.88987
-31.1531	46.78927
-29.4767	51.19873
-27.5209	57.07801
-25.8445	61.73244
-24.44749949	64.18214
-22.49170025	70.06142
-20.81529924	74.71585
-18.71979975	80.10519
-15.2273	88.1892
-11.176	97.49806
-5.0292	114.15602
-3.632200254	116.36075
-1.2573	123.46488
0.6985	129.58913
2.514599975	134.24356
4.6101	141.83763
11.176	166.33463
13.4112	174.66361
15.08759949	180.29792
18.85950025	194.75115
20.81529924	200.63043
22.352	205.7748
25.00629975	215.81857
26.4033	220.71797
28.4988	228.31204
30.1752	233.45641
31.85159746	239.09072
33.3883	243.01024
34.0868	243.99012
34.925	247.90964
36.1823	252.3191
37.0205	254.03389
37.8587	256.48359
38.8366	260.40311
39.5351	261.62796
40.2336	263.83269
40.9321	266.52736
41.7703	268.24215
42.46879746	270.93682
43.7261	275.34628
44.5643	277.30604
45.68189746	280.98059
46.7995	284.1652
47.7774	287.10484
48.6156	289.30957
49.31409746	290.28945
50.15229746	292.73915
50.85080254	295.18885
51.5493	296.90364
52.24779746	298.61843
52.66689746	299.35334
52.94630254	299.35334
53.36540254	301.3131
54.20360254	304.74268
55.18149746	306.94741
56.1594	309.64208
56.85789746	311.60184
57.69609746	313.07166
58.3946	314.78645
58.95340254	315.76633
59.09309746	314.54148
59.37250254	316.74621
59.93129746	318.70597
60.4901	320.9107
61.3283	322.87046
62.1665	324.34028
62.86499746	326.54501
63.70319746	328.50477
64.8208	331.44441
66.0781	335.6089
67.19569746	337.32369
67.89420254	338.0586
68.5927	340.01836
69.4309	342.46806
70.2691	344.91776
71.5264	348.10237
72.7837	350.3071
73.3425	351.77692
74.041	352.51183
75.0189	355.69644
76.13649746	358.88105
77.39379746	361.08578
78.3717	363.53548
80.0481	366.72009
81.02600254	368.18991
81.8642	370.63961
83.1215	373.33428
85.07729746	377.74374
86.19490254	378.96859
87.3125	380.68338
88.29040254	382.88811
89.408	385.09284
90.94469746	389.01236
92.0623	389.99224
93.04019746	391.21709
93.87840254	392.44194
94.996	395.38158
96.11359746	397.34134
97.23120254	398.56619
98.20909746	400.28098
99.187	402.24074
100.4443	404.69044
101.0031	403.71056
101.8413	405.91529
102.8191975	407.63008
104.0764949	409.0999
104.9146949	410.07978
105.6132	410.56972
106.3117025	411.79457
107.1499025	412.52948
107.7087	412.77445
108.2674949	413.75433
108.966	414.73421
109.3851	414.24427
109.6645025	413.50936
109.8042	392.68691
109.8042	392.68691
109.8042	392.44194
109.6645025	391.70703
108.966	382.88811
108.4072025	376.76386
107.8483949	370.14967
107.4292949	365.0053
106.8705	360.59584
106.5910949	355.69644
105.6132	346.38758
104.9146949	339.52842
104.0764949	332.66926
102.8191975	322.62549
101.0031	307.19238
100.3045975	300.82316
99.187	292.98412
98.48850254	286.36993
96.6724	272.16167
95.69449746	264.07766
94.29750254	253.29898
93.17989746	244.23509
91.9226	234.43629
90.38590254	223.41264
89.408	214.34875
87.87130254	203.08013
86.33459746	191.81151
84.23909746	177.60325
83.26119746	170.49912
82.42299746	163.88493
81.58479746	158.00565
79.629	145.02224
78.7908	139.6329
78.23199746	136.44829
77.25410254	131.30392
76.2762	123.46488
75.2983	117.09566
74.32039746	111.46135
73.3425	106.07201
72.3646	99.70279
71.5264	95.29333
70.6882	89.90399
69.57060254	83.77974
68.73240254	79.37028
67.7545	73.491
66.21779746	65.65196
65.2399	60.99753
64.262	55.85316
63.14440254	49.97388
61.3283	41.6449
59.51219746	33.80586
58.25489746	29.15143
57.27699746	24.25203
55.7403	18.12778
54.20360254	11.75856
52.3875	5.38934
50.99049746	0.48994
49.5935	-3.91952
48.3362	-9.30886
46.10099746	-16.90293
44.1452	-22.78221
42.7482	-26.9467
41.7703	-29.64137
40.6527	-32.33604
39.5351	-35.27568
37.16019746	-43.84963
35.9029	-46.78927
34.0868	-51.93364
32.5501	-55.36322
31.1531	-59.77268
29.8958	-61.73244
28.3591	-65.89693
27.5209	-67.12178
26.2636	-70.55136
24.58719975	-76.18567
23.05049924	-78.88034
22.49170025	-78.63537
21.9329	-80.8401
21.37409949	-81.08507
19.6977	-86.71938
18.58009924	-89.41405
17.0434	-93.82351
15.36700051	-97.49806
14.24939975	-100.19273
13.13180051	-102.15249
11.59509975	-107.29686
9.499600254	-111.70632
8.661399746	-113.17614
7.8232	-115.87081
6.7056	-119.05542
5.1689	-124.44476
3.7719	-128.85422
2.374900076	-133.26368
1.5367	-135.71338
0.8382	-137.67314
0	-141.59266
-1.1176	-145.02224
-1.9558	-148.20685
-3.2131	-153.10625
-3.7719	-154.08613
-4.4704	-157.51571
-5.308599746	-160.94529
-6.565900254	-165.35475
-7.124699746	-166.08966
-7.264400254	-165.84469
-8.5217	-172.94882
-10.0584	-177.60325
-11.8745	-185.19732
-13.55090051	-189.85175
-14.38910025	-192.54642
-15.50669949	-197.69079
-16.48459975	-200.8754
-18.30069975	-207.24462
-19.6977	-211.40911
-20.67560025	-214.59372
-22.49170025	-222.43276
-24.30780051	-227.8221
-25.5651	-231.25168
-26.4033	-233.45641
-27.94	-240.0706
-29.7561	-246.19485
-30.5943	-247.66467
-31.7119	-250.84928
-32.9692	-255.25874
-33.9471	-259.17826
-35.7632	-265.30251
-37.16019746	-268.73209
-37.99840254	-271.67173
-39.8145	-277.79598
-42.04969746	-285.14508
-44.0055	-291.02436
-45.5422	-293.47406
-46.6598	-297.88352
-49.5935	-306.2125
-52.8066	-314.05154
-54.0639	-317.48112
-55.46090254	-320.9107
-56.2991	-322.38052
-57.1373	-325.07519
-58.3946	-329.72962
-59.6519	-331.68938
-60.35039746	-333.1592
-61.46800254	-336.09884
-62.1665	-337.56866
-63.4238	-341.24321
-64.54139746	-343.93788
-65.659	-346.87752
-67.47510254	-352.02189
-69.29119746	-355.69644
-70.2691	-356.67632
-71.5264	-362.06566
-72.92340254	-362.80057
-74.73949746	-367.94494
-75.8571	-369.9047
-76.83500254	-371.37452
-77.81289746	-372.84434
-78.51140254	-374.31416
-79.2099	-376.02895
-80.18780254	-378.23368
-81.02600254	-380.19344
-82.00389746	-381.66326
-82.84209746	-383.62302
-83.68029746	-384.6029
-84.09939746	-385.09284
-85.217	-388.52242
-86.0552	-389.01236
-86.75369746	-390.48218
-87.7316	-393.42182
-88.5698	-394.15673
-89.12860254	-394.64667
-89.68739746	-395.38158
-90.38590254	-396.60643
-91.0844	-399.54607
-92.4814	-401.7508
-93.04019746	-401.7508
-93.45929746	-401.26086
-93.7387	-401.7508
-94.1578	-402.73068
-94.71660254	-403.95553
-95.13570254	-404.69044
-95.97390254	-406.6502
-96.6724	-407.87505
-97.37089746	-408.36499
-97.9297	-409.83481
-98.3488	-408.60996
-98.90760254	-410.32475
-99.6061	-412.03954
-100.1649	-412.77445
-101.0031	-414.24427
-101.4222	-413.75433
-102.1207051	-415.46912
-102.6795	-415.71409
-102.9589051	-415.95906
-103.5177	-416.449
-103.9368	-416.69397
-104.0764949	-415.95906
-104.3559	-415.46912
-104.775	-416.93894
-104.9146949	-415.95906
-105.1941	-416.449
-105.1941	-415.46912
-105.1941	-414.48924
-105.4735051	-399.05613
-105.4735051	-399.3011
-104.3559	-387.54254
-102.6795	-371.61949
-101.2825	-357.41123
-100.1649	-347.12249
-98.20909746	-329.48465
-95.8342	-309.39711
-94.5769	-298.37346
-92.4814	-282.20544
-90.38590254	-265.05754
-88.9889	-254.7688
-87.7316	-244.97
-86.0552	-231.25168
-83.9597	-216.06354
-83.1215	-209.69432
-81.44510254	-196.46594
-79.76870254	-185.19732
-78.3717	-175.64349
-76.2762	-160.70032
-75.15859746	-152.86128
-73.3425	-141.59266
-71.5264	-129.58913
-69.85	-119.30039
-68.5927	-111.70632
-65.9384	-94.80339
-64.4017	-87.20932
-62.5856	-75.9407
-61.04890254	-68.34663
-59.79160254	-60.75256
-57.27699746	-47.03424
-55.18149746	-36.7455
-53.08599746	-27.92658
-51.82869746	-22.53724
-50.0126	-14.6982
-49.31409746	-12.2485
-48.0568	-7.10413
-47.0789	-3.42958
-45.26279746	4.16449
-43.307	11.75856
-41.7703	16.41299
-39.116	26.21179
-37.8587	29.3964
-35.9029	36.25556
-33.9471	41.88987
-33.3883	43.11472
-32.131	46.78927
-31.1531	49.97388
-29.4767	54.87328
-27.94	58.7928
-26.9621	60.75256
-25.7048	64.18214
-25.14600025	63.6922
-24.58719975	67.12178
-23.19019975	70.55136
-22.49170025	71.0413
-21.37409949	75.20579
-19.83740051	80.10519
-18.44040025	82.79986
-17.60220051	83.2898
-16.20520025	88.1892
-14.8082	91.37381
-13.69059924	94.31345
-12.573	95.04836
-11.59509975	98.72291
-10.61719949	100.68267
-9.359899746	104.11225
-7.962899746	106.80692
-6.426199746	110.72644
-5.308599746	113.42111
-4.3307	115.1359
-3.0734	119.30039
-1.816100076	123.46488
-0.6985	124.9347
0.1397	127.13943
1.1176	130.56901
2.374900076	134.24356
3.3528	136.93823
4.190999746	139.14296
5.867400254	146.982
7.264400254	151.14649
8.9408	157.27074
10.47749975	161.92517
11.73480025	166.5796
12.9921	170.74409
13.97000025	173.9287
14.8082	177.35828
16.06549975	182.50265
17.18310051	185.19732
18.16099924	188.38193
18.99920076	190.58666
20.1168	194.99612
20.67560025	195.976
21.9329	201.36534
22.91080025	202.83516
23.749	207.24462
24.86659924	210.42923
25.7048	213.61384
26.9621	218.0233
28.0797	221.45288
30.0355	227.8221
31.1531	230.51677
32.131	233.21144
32.9692	236.39605
34.7853	241.78539
36.0426	246.43982
37.99840254	251.82916
39.8145	256.72856
40.9321	259.6682
43.0276	266.77233
45.8216	274.85634
48.1965	281.22556
49.5935	282.94035
51.68900254	290.04448
53.08599746	293.22909
54.9021	298.37346
56.7182	303.51783
58.3946	307.43735
59.93129746	310.62196
61.88710254	315.52136
63.4238	319.44088
65.1002	322.87046
66.63689746	327.27992
68.5927	331.68938
70.12939746	334.38405
71.5264	338.0586
72.92340254	340.75327
74.5998	345.16273
75.99680254	347.8574
77.5335	351.04201
78.93050254	354.47159
79.76870254	353.73668
81.02600254	358.88105
83.4009	364.02542
85.07729746	366.96506
86.33459746	367.94494
88.29040254	373.33428
89.54770254	375.04907
90.52559746	376.76386
92.4814	381.41829
93.7387	382.64314
95.13570254	386.07272
96.11359746	386.31769
97.0915	388.76739
98.20909746	390.48218
99.04729746	390.97212
100.1649	394.4017
101.2825	395.62655
102.1207051	396.36146
103.2382975	398.32122
104.3559	400.28098
105.0544051	401.01589
106.1719949	402.73068
107.1499025	403.95553
107.9881025	404.93541
108.5469	404.93541
109.1056949	406.16026
109.9438949	407.38511
110.5027025	407.38511
111.0614975	408.12002
111.6202949	408.85493
112.1791025	409.0999
112.7378975	411.05966
113.8555025	412.77445
114.4142975	412.52948
114.8333975	411.5496
115.3921924	413.75433
116.2304051	415.46912
116.9288975	415.22415
117.7670975	416.449
118.4656	416.20403
118.8847	416.449
119.4434975	416.69397
120.0023051	417.42888
120.2816975	416.449
120.4214051	416.20403
120.5611	415.71409
120.8405051	415.22415
120.8405051	414.24427
121.2596051	398.81116
121.1198975	398.81116
121.1198975	398.81116
121.8184	405.91529
122.2375	409.34487
122.7962949	413.01942
123.3551025	414.48924
123.7742025	415.95906
124.0535949	416.449
124.7521	418.40876
125.7299949	420.61349
126.2888025	419.87858
126.8476	420.85846
127.5461025	421.83834
127.9652025	422.32828
128.5239975	422.08331
128.9430975	422.08331
129.2225025	420.85846
129.2225025	420.61349
129.5018949	420.85846
129.7812975	403.22062
129.5018949	403.22062
129.6416025	403.22062
129.5018949	403.22062
128.9430975	394.64667
128.3843025	388.52242
127.8254949	381.90823
126.9872949	373.33428
126.1490949	365.0053
125.0315025	353.73668
124.0535949	346.14261
123.0757	337.56866
122.2375	330.95447
121.1198975	321.15567
119.5832051	309.64208
117.9068051	295.92376
116.0906975	281.96047
114.4142975	268.73209
113.2966949	260.64808
112.4584949	253.29898
111.3409025	245.94988
110.5027025	239.58066
109.1056949	229.78186
107.7087	218.51324
106.5910949	210.6742
105.7528949	204.30498
104.6353051	196.46594
102.9589051	184.95235
101.0031	171.96894
99.6061	162.17014
97.9297	151.8814
95.97390254	139.14296
93.7387	126.89446
92.62109746	119.05542
91.2241	111.70632
88.84919746	97.49806
86.75369746	86.22944
85.35670254	79.37028
83.9597	71.28627
81.8642	61.73244
80.0481	53.8934
78.3717	45.56442
77.25410254	42.13484
75.438	33.56089
73.2028	24.74197
69.98970254	12.73844
68.03389746	6.12425
66.63689746	0.97988
63.8429	-7.83904
61.46800254	-15.18814
58.8137	-23.27215
57.69609746	-25.47688
55.60059746	-31.35616
53.6448	-35.76562
51.5493	-42.62478
49.0347	-48.994
47.3583	-51.4437
45.26279746	-56.58807
43.307	-61.2425
42.3291	-62.71232
41.21149746	-65.65196
38.5572	-72.26615
36.6014	-75.69573
35.3441	-78.88034
32.9692	-84.02471
31.4325	-86.71938
29.05760254	-91.86375
26.6827	-96.02824
25.7048	-96.02824
24.1681	-100.92764
21.9329	-106.07201
18.99920076	-111.70632
17.32279949	-113.17614
15.92579924	-117.34063
13.83029975	-121.99506
11.31569975	-127.3844
9.359899746	-131.30392
7.8232	-134.97847
5.4483	-141.10272
3.9116	-145.02224
2.095499898	-149.18673
0.1397	-156.7808
-2.514599975	-164.61984
-4.4704	-169.51924
-5.4483	-172.45888
-7.683500254	-181.2778
-9.918700254	-185.93223
-10.47749975	-187.40205
-11.45540025	-190.58666
-12.71270051	-194.50618
-14.10969924	-199.65055
-14.66849975	-199.65055
-15.6464	-204.06001
-17.18310051	-208.95941
-18.58009924	-213.1239
-20.53589975	-219.49312
-22.352	-224.39252
-23.05049924	-226.35228
-24.1681	-230.02683
-25.5651	-234.68126
-26.543	-236.15108
-26.9621	-237.86587
-28.3591	-243.01024
-29.8958	-247.90964
-31.1531	-250.60431
-32.68979746	-255.50371
-33.3883	-255.50371
-34.2265	-258.93329
-35.7632	-264.5676
-36.1823	-263.58772
-37.0205	-267.50724
-38.1381	-270.44688
-39.3954	-274.12143
-40.2336	-275.34628
-41.21149746	-279.02083
-42.6085	-283.43029
-44.0055	-287.59478
-45.68189746	-291.26933
-47.3583	-295.92376
-48.7553	-299.84328
-50.4317	-304.00777
-51.82869746	-307.19238
-52.24779746	-305.72256
-53.36540254	-310.86693
-54.483	-313.31663
-55.04180254	-313.80657
-56.2991	-317.97106
-57.9755	-322.38052
-59.09309746	-324.34028
-59.93129746	-326.05507
-60.62980254	-327.27992
-61.60769746	-329.72962
-62.72530254	-333.64914
-64.12229746	-336.58878
-64.6811	-335.11896
-65.1002	-336.58878
-66.3575	-340.01836
-67.19569746	-341.73315
-67.89420254	-344.18285
-69.4309	-349.08225
-71.24700254	-351.77692
-72.08520254	-352.7568
-72.3646	-352.02189
-72.64399746	-351.77692
-73.7616	-356.92129
-75.0189	-360.1059
-75.99680254	-360.84081
-76.55559746	-360.59584
-76.6953	-360.84081
-78.09230254	-365.98518
-79.2099	-367.69997
-80.18780254	-368.92482
-80.74659746	-370.14967
-82.00389746	-373.57925
-82.84209746	-375.04907
-83.4009	-374.8041
-84.51849746	-378.47865
-85.91549746	-381.41829
-87.03310254	-382.88811
-88.01099746	-384.35793
-88.5698	-384.6029
-89.12860254	-385.58278
-89.8271	-387.0526
-90.6653	-389.5023
-92.3417	-393.17685
-93.3196	-393.42182
-94.71660254	-397.34134
-95.69449746	-397.58631
-96.53269746	-399.3011
-97.37089746	-400.28098
-98.20909746	-401.7508
-99.04729746	-402.73068
-99.7458	-404.2005
-101.2825	-407.38511
-102.6795	-409.0999
-103.9368	-411.5496
-104.775	-410.81469
-105.1941	-410.56972
-106.1719949	-413.26439
-106.8705	-413.75433
-107.2896	-413.50936
-107.7087	-413.26439
-107.9881025	-413.50936
-108.6865949	-415.71409
-109.1056949	-415.46912
-109.6645025	-416.20403
-110.3629949	-418.16379
-110.9218025	-417.67385
-111.3409025	-418.65373
-111.8996975	-419.14367
-112.3187975	-419.38864
-112.7378975	-419.38864
-113.1569975	-419.87858
-113.2966949	-418.8987
-113.5760975	-419.38864
-113.8555025	-419.14367
-114.1348949	-418.8987
-114.4142975	-419.63361
-114.5539949	-418.8987
-114.8333975	-420.36852
-115.2524975	-420.36852
-115.2524975	-419.87858
-115.3921924	-419.63361
-115.6715975	-405.91529
-115.5319025	-406.16026
-115.5319025	-406.16026
-115.5319025	-405.67032
-115.8112924	-408.60996
-116.0906975	-411.5496
-116.6495051	-414.97918
-116.9288975	-417.67385
-117.4877051	-419.38864
-117.9068051	-420.85846
-118.1861975	-421.3484
-118.4656	-421.3484
-118.7450051	-421.3484
-119.1641051	-423.30816
-119.7229	-424.28804
-120.2816975	-424.77798
-120.9802	-426.73774
-121.3993	-426.73774
-121.9580949	-426.49277
-122.5169051	-427.22768
-122.7962949	-426.73774
-123.3551025	-427.96259
-123.6344949	-426.98271
-124.0535949	-428.20756
-124.333	-427.71762
-124.4726949	-426.73774
-125.1712	-429.67738
-125.4506025	-429.18744
-125.7299949	-427.71762
-125.8697025	-427.22768
-126.0094	-427.22768
-126.2888025	-428.20756
-126.4285	-427.47265
-126.5681949	-427.47265
-126.7079025	-409.34487
-126.7079025	-409.34487
-126.7079025	-409.34487
-126.7079025	-409.0999
-125.7299949	-399.3011
-124.6124025	-388.03248
-122.6566	-369.65973
-121.1198975	-356.18638
-119.3038	-340.01836
-118.0465	-329.97459
-117.4877051	-325.32016
-116.9288975	-321.15567
-116.2304051	-315.03142
-114.6937025	-303.27286
-112.0393949	-281.7155
-110.7820949	-271.9167
-109.5247949	-262.60784
-108.1278	-251.82916
-106.5910949	-240.80551
-105.1941	-230.76174
-103.7971051	-219.98306
-102.4000975	-209.93929
-100.7236975	-198.18073
-99.3267	-188.6269
-97.65030254	-177.11331
-96.53269746	-169.0293
-95.27539746	-161.43523
-93.3196	-148.94176
-91.5035	-137.42817
-89.26829746	-123.46488
-87.59189746	-114.40099
-85.217	-100.92764
-83.68029746	-92.84363
-82.2833	-85.00459
-80.60690254	-75.9407
-78.09230254	-62.95729
-75.8571	-52.42358
-73.6219	-42.62478
-71.1073	-31.60113
-69.57060254	-26.70173
-68.31330254	-20.33251
-66.63689746	-14.6982
-64.96049746	-8.32898
-63.28409746	-1.95976
-62.1665	1.22485
-60.4901	6.85916
-58.8137	12.49347
-56.9976	18.61772
-55.18149746	24.497
-53.6448	27.92658
-51.68900254	33.80586
-50.0126	38.46029
-48.7553	41.6449
-47.9171	43.60466
-46.7995	45.80939
-45.9613	48.994
-44.5643	53.15849
-43.0276	56.83304
-41.7703	58.7928
-40.6527	62.22238
-39.116	65.89693
-37.8587	67.61172
-36.8808	70.55136
-35.6235	73.491
-34.2265	76.43064
-32.9692	78.88034
-31.7119	81.81998
-30.5943	82.55489
-29.4767	86.96435
-27.6606	89.65902
-26.4033	91.61878
-25.7048	92.59866
-24.72690025	95.04836
-23.19019975	98.72291
-21.9329	100.68267
-21.09470025	100.68267
-20.67560025	102.15249
-20.1168	102.39746
-19.6977	104.35722
-18.85950025	105.82704
-18.44040025	105.82704
-17.74189949	108.03177
-17.0434	108.76668
-16.48459975	109.99153
-15.78610051	111.21638
-15.08759949	113.17614
-14.10969924	114.89093
-12.9921	116.85069
-11.73480025	119.54536
-10.33780025	122.97494
-9.220200254	124.44476
-7.8232	128.11931
-6.845299746	129.58913
-5.588	131.79386
-4.749800254	132.2838
-3.7719	135.22344
-2.9337	137.67314
-1.397	140.36781
0.1397	145.26721
1.5367	148.45182
3.0734	152.86128
4.6101	156.7808
6.426199746	161.6802
7.962899746	165.59972
9.220200254	168.78433
9.778999746	169.51924
10.47749975	171.96894
12.01419975	177.35828
13.97000025	183.7275
16.06549975	189.11684
17.8816	194.99612
19.83740051	200.14049
21.37409949	203.57007
22.77109975	207.73456
24.58719975	213.1239
26.1239	217.53336
28.4988	224.14755
30.3149	228.31204
31.85159746	232.7215
33.3883	235.66114
34.925	240.80551
37.719	247.4197
39.8145	253.05401
42.3291	259.17826
45.8216	267.26227
48.0568	272.65161
49.5935	275.34628
50.7111	277.79598
53.08599746	284.1652
55.88	290.77939
58.3946	295.92376
60.76949746	301.55807
63.0047	305.23262
65.1002	310.13202
67.05599746	313.07166
68.31330254	315.52136
69.98970254	318.95094
72.08520254	323.85034
74.1807	328.2598
76.41590254	332.42429
77.67320254	332.42429
79.48929746	338.0586
81.16569746	340.5083
82.84209746	343.93788
84.51849746	346.63255
85.91549746	347.61243
87.3125	351.28698
88.9889	354.71656
90.6653	357.16626
92.0623	359.12602
94.01809746	363.53548
96.11359746	366.47512
98.06940254	369.41476
100.4443	373.33428
102.1207051	374.8041
102.9589051	374.8041
104.6353051	377.74374
105.7528949	379.21356
106.8705	379.21356
108.5469	383.62302
110.2233	384.35793
110.9218025	384.35793
111.7600025	385.33781
113.1569975	388.27745
114.4142975	388.76739
115.6715975	391.46206
117.2083	392.68691
118.8847	394.4017
119.4434975	393.42182
120.8405051	395.87152
121.9580949	396.60643
123.0757	396.36146
123.7742025	397.34134
125.0315025	399.54607
126.2888025	399.3011
127.1270025	398.81116
128.1048975	399.3011
128.5239975	398.07625
128.8034025	397.09637
129.0827949	397.34134
129.5018949	396.8514
129.7812975	374.31416
129.7812975	374.06919
129.7812975	374.06919
129.7812975	373.33428
128.6636949	362.5556
127.2667	347.8574
126.0094	335.36393
125.4506025	330.46453
124.4726949	321.40064
123.3551025	312.58172
121.3993	298.12849
120.0023051	286.6149
118.6052975	276.32616
117.6274	269.467
116.6495051	262.60784
115.1128025	250.60431
113.5760975	238.60078
112.1791025	228.80198
110.7820949	219.49312
109.1056949	206.99965
107.9881025	199.89552
106.8705	192.54642
105.6132	183.23756
104.2162051	173.9287
102.6795	164.1299
100.8634	152.61631
99.46639746	143.55242
97.78999746	133.01871
96.2533	124.44476
94.85629746	116.60572
93.3196	107.29686
92.0623	100.4377
90.38590254	92.10872
89.26829746	85.24956
88.01099746	78.88034
86.4743	71.28627
85.35670254	65.65196
83.26119746	55.36322
81.8642	49.48394
79.48929746	39.1952
77.81289746	31.8461
76.13649746	25.72185
74.73949746	20.33251
72.92340254	13.47335
70.96759746	6.85916
69.15150254	0.48994
67.19569746	-5.14437
66.4972	-7.83904
64.12229746	-15.18814
62.5856	-19.5976
61.46800254	-22.0473
60.35039746	-24.497
59.6519	-27.43664
58.67399746	-30.37628
57.1373	-34.54077
55.88	-37.23544
55.46090254	-36.99047
53.08599746	-44.0946
52.10810254	-46.5443
50.292	-51.19873
49.73319746	-51.4437
48.895	-54.38334
46.7995	-59.52771
44.84369746	-63.93717
43.4467	-66.1419
41.4909	-71.28627
38.9763	-76.43064
37.4396	-78.88034
36.1823	-81.33004
34.7853	-84.75962
33.10889746	-86.96435
31.5722	-90.88387
30.3149	-91.86375
29.1973	-94.55842
27.80029746	-97.25309
25.8445	-101.41758
24.58719975	-102.39746
23.60929949	-104.60219
23.05049924	-105.09213
21.9329	-107.29686
21.09470025	-109.01165
19.83740051	-112.19626
18.02130025	-115.62584
16.62430025	-117.83057
15.08759949	-120.0353
13.97000025	-123.46488
12.85239949	-123.21991
12.01419975	-125.91458
11.03630025	-128.11931
9.778999746	-130.56901
8.801100254	-133.26368
7.543799746	-136.20332
6.2865	-138.89799
5.588	-139.38793
4.3307	-143.79739
3.3528	-145.02224
2.6543	-146.73703
1.5367	-150.16661
0.6985	-152.12637
-0.4191	-155.31098
-1.6764	-158.98553
-3.4925	-164.1299
-4.8895	-167.55948
-6.007099746	-170.49912
-7.543799746	-175.15355
-8.9408	-178.58313
-10.61719949	-183.48253
-12.01419975	-186.66714
-13.83029975	-191.81151
-14.94790051	-194.99612
-16.48459975	-199.65055
-18.58009924	-205.28486
-20.53589975	-209.69432
-21.65350051	-212.14402
-22.352	-213.61384
-22.91080025	-214.59372
-23.60929949	-217.28839
-25.14600025	-222.43276
-26.8224	-226.59725
-27.94	-229.78186
-30.0355	-235.90611
-31.85159746	-240.31557
-32.5501	-241.54042
-34.0868	-246.19485
-35.9029	-250.35934
-37.2999	-254.7688
-39.3954	-259.6682
-40.9321	-261.62796
-43.4467	-270.69185
-46.7995	-278.53089
-49.73319746	-284.41017
-51.5493	-289.0646
-53.78450254	-294.94388
-56.01969746	-298.12849
-57.9755	-304.25274
-60.76949746	-310.13202
-63.8429	-316.50124
-64.96049746	-316.74621
-67.7545	-324.58525
-70.12939746	-328.01483
-72.50430254	-334.13908
-74.4601	-336.09884
-77.25410254	-342.71303
-79.2099	-345.65267
-80.32749746	-346.14261
-81.44510254	-349.32722
-82.84209746	-352.26686
-84.51849746	-354.47159
-85.91549746	-357.41123
-87.7316	-361.33075
-88.9889	-362.06566
-89.54770254	-361.57572
-91.2241	-366.47512
-92.62109746	-368.92482
-94.01809746	-370.39464
-94.5769	-370.14967
-95.55480254	-372.3544
-96.39300254	-373.33428
-96.95179746	-373.57925
-97.78999746	-376.76386
-99.04729746	-378.47865
-100.1649	-379.7035
-100.7236975	-379.21356
-101.5618975	-381.41829
-102.6795	-384.11296
-104.0764949	-385.82775
-104.6353051	-384.35793
-105.3337949	-386.56266
-106.0323	-387.0526
-106.5910949	-387.29757
-107.5690025	-389.74727
-108.5469	-390.48218
-109.5247949	-391.70703
-110.6423975	-394.4017
-112.4584949	-396.8514
-114.1348949	-398.32122
-115.6715975	-399.79104
-116.6495051	-398.56619
-117.2083	-398.81116
-118.3259051	-400.52595
-119.5832051	-401.7508
-119.8625975	-399.79104
-120.7007975	-401.99577
-121.6787051	-402.24074
-122.3771949	-402.48571
-122.9360051	-402.24074
-123.6344949	-403.22062
-124.333	-403.46559
-125.0315025	-403.71056
-125.5903	-402.97565
-125.7299949	-401.01589
-125.8697025	-400.28098
-126.1490949	-401.01589
-126.4285	-401.01589
-126.4285	-400.03601
-126.4285	-399.3011
-126.7079025	-380.68338
-126.7079025	-380.68338
-126.7079025	-380.68338
-126.2888025	-376.76386
-126.1490949	-375.29404
-125.8697025	-371.86446
-125.1712	-364.51536
-123.9139	-353.73668
-122.6566	-343.44794
-121.3993	-330.46453
-120.142	-320.42076
-118.3259051	-306.45747
-117.2083	-296.90364
-116.0906975	-289.0646
-114.6937025	-277.79598
-112.7378975	-262.60784
-110.3629949	-244.97
-108.2674949	-230.51677
-106.3117025	-216.55348
-104.4955949	-203.81504
-103.2382975	-195.48606
-101.7016051	-184.95235
-100.584	-177.35828
-99.88549746	-172.94882
-98.48850254	-162.90505
-96.95179746	-153.84116
-95.27539746	-143.55242
-93.45929746	-132.03883
-91.78289746	-122.485
-90.2462	-113.17614
-89.12860254	-107.05189
-87.45220254	-98.47794
-87.03310254	-96.02824
-86.75369746	-95.78327
-85.35670254	-87.20932
-83.68029746	-77.90046
-82.5627	-72.51112
-81.16569746	-65.16202
-80.0481	-60.50759
-78.65109746	-53.40346
-77.5335	-48.01412
-75.99680254	-41.88987
-73.6219	-32.33604
-71.5264	-23.51712
-70.12939746	-18.86269
-68.5927	-12.49347
-65.659	-2.20473
-63.28409746	5.38934
-61.7474	9.55383
-59.6519	16.65796
-57.27699746	23.02718
-55.46090254	27.92658
-53.6448	33.31592
-50.85080254	40.90999
-47.7774	48.01412
-44.704	54.13837
-43.0276	56.83304
-40.79239746	61.73244
-39.116	64.91705
-37.0205	68.10166
-35.2044	72.75609
-33.2486	75.69573
-31.1531	79.61525
-28.7782	83.2898
-26.6827	86.71938
-25.14600025	89.16908
-22.63139924	94.55842
-20.67560025	97.49806
-18.71979975	100.68267
-16.62430025	103.86728
-15.2273	106.56195
-13.27149949	110.72644
-10.89659975	113.66608
-9.499600254	115.1359
-8.5217	117.83057
-7.124699746	121.01518
-6.007099746	122.97494
-4.3307	126.15955
-3.632200254	127.62937
-2.095499898	131.05895
-0.2794	135.71338
0.6985	137.1832
1.816100076	141.10272
3.4925	145.02224
5.308599746	150.65655
7.4041	156.04589
8.9408	158.74056
10.33780025	162.90505
11.8745	167.06954
13.4112	170.74409
14.8082	174.41864
16.20520025	178.09319
17.18310051	179.31804
19.13889949	185.44229
20.81529924	189.60678
22.07260051	192.54642
22.91080025	194.01624
23.88870051	196.46594
24.72690025	198.67067
26.1239	202.34522
28.4988	208.95941
30.4546	212.87893
31.9913	216.79845
33.3883	219.00318
35.2044	224.39252
36.8808	227.57713
38.1381	230.2718
39.6748	233.94635
41.63059746	238.84575
43.307	242.27533
44.704	245.21497
46.52009746	249.37946
49.4538	256.23862
51.82869746	260.15814
53.6448	264.5676
56.1594	269.22203
58.3946	274.12143
60.62980254	277.79598
61.7474	279.2658
63.8429	284.1652
66.3575	289.0646
68.03389746	290.77939
69.29119746	292.49418
71.38669746	296.90364
73.06309746	300.08825
74.73949746	303.27286
76.83500254	307.19238
77.81289746	306.94741
78.3717	308.17226
79.76870254	310.86693
80.60690254	311.84681
82.1436	315.27639
83.9597	318.461
85.35670254	319.93082
86.75369746	321.40064
87.59189746	322.38052
88.9889	324.83022
90.52559746	327.27992
91.5035	327.76986
92.3417	328.50477
94.996	334.38405
97.0915	336.58878
98.62819746	338.0586
100.7236975	340.99824
102.4000975	341.24321
103.2382975	341.97812
104.3559	342.46806
105.0544051	342.46806
105.4735051	341.97812
105.7528949	341.73315
106.3117025	342.46806
106.5910949	342.46806
107.1499025	342.958
107.1499025	341.97812
107.9881025	344.91776
108.2674949	343.69291
108.5469	344.42782
109.1056949	345.89764
110.0836025	346.63255
110.7820949	347.8574
111.8996975	349.08225
112.5982025	349.32722
113.7157949	350.79704
114.8333975	351.28698
116.0906975	351.77692
117.2083	353.73668
119.1641051	354.71656
120.2816975	353.24674
121.2596051	353.73668
121.9580949	352.26686
122.7962949	353.24674
123.6344949	353.24674
124.8917949	354.22662
125.7299949	353.73668
126.2888025	352.7568
127.2667	353.24674
127.6858	351.77692
127.9652025	350.3071
128.2445949	349.32722
128.3843025	348.34734
128.8034025	349.32722
129.0827949	349.32722
129.2225025	347.36746
129.2225025	347.12249
129.5018949	347.36746
129.6416025	319.44088
129.6416025	319.44088
129.6416025	319.44088
129.6416025	319.44088
128.8034025	311.60184
128.3843025	306.2125
127.4063949	297.14861
126.4285	288.08472
124.1933025	268.48712
121.6787051	251.82916
119.8625975	239.09072
118.3259051	228.06707
115.6715975	209.69432
113.5760975	195.48606
112.3187975	187.15708
110.5027025	175.88846
108.966	165.59972
106.1719949	148.20685
104.4955949	138.16308
103.3780051	131.05895
101.1427975	118.56548
98.90760254	105.3371
95.97390254	90.14896
92.4814	72.51112
89.54770254	58.30286
87.17279746	48.74903
84.23909746	35.27568
80.74659746	22.0473
78.65109746	13.96329
77.1144	9.7988
73.7616	-2.69467
70.40880254	-12.49347
67.61479746	-19.5976
65.5193	-25.47688
63.14440254	-30.62125
60.9092	-36.01059
59.37250254	-39.93011
57.9755	-43.11472
56.9976	-44.58454
55.7403	-48.01412
53.36540254	-53.15849
50.85080254	-58.30286
48.4759	-61.97741
46.52009746	-66.38687
45.26279746	-67.61172
43.0276	-72.02118
41.4909	-73.73597
38.2778	-80.10519
37.0205	-81.33004
35.2044	-84.75962
32.9692	-88.1892
31.2928	-90.6389
29.6164	-94.06848
27.38119746	-97.74303
25.00629975	-100.4377
23.60929949	-101.66255
21.79319949	-105.82704
19.83740051	-108.27674
17.8816	-111.70632
16.06549975	-115.1359
14.24939975	-118.07554
11.8745	-121.99506
10.19809975	-125.66961
6.985000254	-133.01871
4.6101	-135.46841
3.632200254	-137.67314
2.095499898	-141.59266
-0.1397	-146.24709
-2.794	-152.37134
-4.8895	-155.80092
-5.308599746	-154.82104
-6.7056	-158.74056
-8.102600254	-161.92517
-9.6393	-165.59972
-11.73480025	-170.00918
-13.69059924	-173.9287
-15.92579924	-177.60325
-18.58009924	-183.48253
-20.95499975	-187.40205
-22.77109975	-190.58666
-23.88870051	-193.03636
-25.4254	-195.976
-27.38119746	-200.8754
-29.05760254	-203.81504
-30.1752	-205.03989
-31.85159746	-209.44935
-33.3883	-211.65408
-34.3662	-213.1239
-35.9029	-217.53336
-38.1381	-221.94282
-39.3954	-223.90258
-40.79239746	-226.84222
-42.1894	-230.02683
-43.8658	-232.7215
-45.68189746	-236.64102
-47.3583	-240.56054
-49.8729	-246.43982
-52.66689746	-250.84928
-53.92419746	-252.07413
-55.18149746	-255.50371
-57.4167	-260.89305
-59.09309746	-262.85281
-61.18859746	-267.50724
-62.44589746	-268.97706
-64.4017	-274.12143
-66.63689746	-278.28592
-68.5927	-281.7155
-70.6882	-284.65514
-73.3425	-290.77939
-75.15859746	-292.98412
-75.438	-291.02436
-75.99680254	-293.47406
-77.5335	-298.12849
-79.2099	-300.33322
-80.0481	-300.82316
-80.60690254	-300.82316
-81.16569746	-302.53795
-82.1436	-304.74268
-82.9818	-306.45747
-84.09939746	-308.41723
-85.91549746	-312.33675
-87.17279746	-313.5616
-89.12860254	-317.72609
-91.5035	-319.93082
-92.20199746	-320.42076
-92.9005	-320.9107
-93.59899746	-321.15567
-94.29750254	-322.87046
-95.4151	-324.58525
-96.11359746	-324.83022
-96.95179746	-326.30004
-97.9297	-327.03495
-99.04729746	-329.23968
-100.1649	-330.46453
-100.8634	-329.97459
-102.8191975	-334.62902
-104.3559	-335.85387
-105.6132	-335.6089
-106.1719949	-334.38405
-106.8705	-335.85387
-108.1278	-338.30357
-109.5247949	-339.03848
-111.2011949	-340.5083
-112.0393949	-338.0586
-113.4364025	-340.75327
-114.8333975	-341.48818
-115.9510025	-340.5083
-116.9288975	-341.24321
-117.7670975	-339.52842
-118.0465	-338.30357
-118.7450051	-338.79351
-119.7229	-340.01836
-120.8405051	-340.75327
-121.3993	-338.0586
-121.5389949	-336.58878
-121.8184	-335.6089
-121.9580949	-334.62902
-122.2375	-334.38405
-122.3771949	-333.1592
-122.3771949	-332.17932
-122.3771949	-331.19944
-122.5169051	-330.46453
-122.5169051	-329.23968
-123.0757	-333.1592
-123.3551025	-332.91423
-123.7742025	-333.64914
-124.1933025	-334.62902
-124.6124025	-335.11896
-125.1712	-335.36393
-125.3108949	-333.1592
-125.3108949	-331.44441
-125.7299949	-332.91423
-125.8697025	-331.68938
-126.0094	-331.44441
-126.0094	-330.21956
-126.4285	-331.68938
-126.4285	-330.7095
-126.5681949	-329.72962
-126.7079025	-304.49771
-126.8476	-304.25274
-126.7079025	-304.25274
-126.2888025	-299.84328
-125.1712	-291.26933
-123.6344949	-276.8161
-121.8184	-262.60784
-119.7229	-246.43982
-117.3479975	-230.02683
-115.3921924	-216.79845
-113.5760975	-204.30498
-111.0614975	-187.64702
-108.6865949	-172.70385
-105.3337949	-151.63643
-103.0986	-138.65302
-101.0031	-126.64949
-98.62819746	-112.6862
-96.53269746	-101.17261
-94.01809746	-88.1892
-91.5035	-75.9407
-88.84919746	-63.20226
-85.77580254	-50.21885
-82.9818	-38.70526
-81.3054	-32.82598
-79.34960254	-25.47688
-77.25410254	-18.12778
-75.99680254	-14.6982
-73.90129746	-7.3491
-71.80579746	-1.46982
-69.57060254	4.40946
-66.3575	13.22838
-63.14440254	20.82245
-60.21070254	26.45676
-56.7182	33.80586
-53.6448	39.68514
-51.26990254	42.86975
-48.7553	46.05436
-46.52009746	50.21885
-44.5643	52.91352
-43.0276	53.40346
-41.7703	55.85316
-39.8145	59.28274
-36.8808	62.22238
-34.3662	65.16202
-32.9692	66.1419
-30.8737	68.10166
-28.3591	70.06142
-25.9842	73.491
-22.77109975	75.45076
-20.53589975	78.63537
-17.74189949	82.55489
-14.24939975	86.22944
-11.8745	90.14896
-9.499600254	92.59866
-6.565900254	97.49806
-5.1689	98.96788
-3.3528	102.39746
-1.2573	104.84716
0.5588	108.76668
2.374900076	111.95129
4.6101	115.87081
6.985000254	120.0353
9.499600254	124.44476
11.45540025	128.11931
12.71270051	129.8341
14.52880076	133.99859
17.32279949	139.14296
18.58009924	140.12284
20.1168	143.55242
21.65350051	145.51218
22.91080025	148.45182
25.28569924	152.86128
27.5209	156.29086
29.05760254	159.2305
30.4546	160.94529
31.9913	164.1299
33.52799746	166.82457
35.3441	169.51924
36.8808	172.21391
39.6748	178.58313
41.91	181.76774
44.1452	184.46241
46.52009746	190.09672
48.4759	193.5263
50.4317	196.46594
52.24779746	196.95588
53.92419746	201.12037
55.46090254	203.81504
57.4167	206.99965
58.95340254	209.20438
60.071	211.40911
61.7474	213.85881
63.28409746	216.55348
65.37959746	220.473
67.3354	223.90258
69.57060254	227.8221
72.22489746	231.74162
73.6219	232.7215
75.57769746	236.15108
77.1144	238.35581
78.65109746	240.0706
80.0481	241.05048
81.3054	243.74515
83.4009	246.68479
84.7979	247.90964
85.91549746	247.90964
87.59189746	251.09425
88.9889	251.82916
90.805	255.01377
92.7608	256.97353
94.01809746	256.23862
94.85629746	256.97353
95.8342	257.70844
96.81210254	257.95341
97.65030254	258.19838
98.48850254	259.17826
99.3267	259.17826
99.88549746	259.6682
101.1427975	261.38299
101.9809975	261.38299
102.6795	261.62796
103.5177	261.38299
104.4955949	262.36287
105.4735051	263.34275
106.4514	263.58772
107.2896	264.07766
108.4072025	264.81257
109.1056949	264.32263
110.3629949	265.54748
111.3409025	266.03742
112.4584949	266.52736
113.4364025	266.52736
114.5539949	267.50724
116.0906975	268.97706
117.3479975	268.48712
118.6052975	269.95694
119.7229	268.97706
121.1198975	269.71197
121.9580949	268.97706
123.2153949	269.71197
123.9139	267.99718
124.6124025	267.99718
125.0315025	267.26227
125.5903	268.24215
126.7079025	269.71197
128.1048975	270.93682
128.9430975	271.42676
130.7591949	271.9167
132.7149975	273.38652
133.1340975	268.48712
133.6928924	267.50724
134.2517	268.73209
135.3693051	270.44688
136.2075051	269.467
137.3250975	270.44688
138.1632975	270.93682
139.4205949	271.9167
140.1191	269.95694
140.9573	271.42676
141.9351949	270.69185
142.7733949	271.18179
143.7513025	271.67173
145.0086025	271.42676
145.7070949	271.42676
146.8246975	271.9167
147.9423025	271.42676
149.1996025	269.95694
149.7583975	269.71197
150.4569025	269.95694
150.7362924	267.50724
151.0156975	267.0173
151.0156975	240.0706
151.0156975	240.31557
151.1553924	240.0706
150.5965975	235.66114
150.0378025	231.00671
149.4789949	225.86234
148.7805025	220.22803
147.3834949	210.42923
146.4055975	203.3251
144.1704025	189.36181
142.4940025	179.80798
140.8176025	170.49912
139.0014949	160.21038
137.0457051	149.4317
135.7884051	143.30745
133.9722975	133.01871
132.7149975	126.89446
130.8989025	117.5856
129.2225025	109.25662
127.5461025	100.19273
126.1490949	94.06848
123.7742025	82.79986
122.2375	76.43064
119.8625975	66.1419
118.1861975	59.77268
116.0906975	51.93364
114.6937025	46.5443
113.1569975	41.39993
111.6202949	35.76562
110.2233	31.60113
109.2454025	28.90646
108.5469	26.70173
107.8483949	24.25203
106.3117025	19.10766
105.1941	16.65796
103.2382975	11.02365
102.1207051	7.83904
100.8634	4.8994
100.1649	3.42958
99.88549746	2.93964
99.187	0.97988
98.48850254	-0.48994
