"Wehbe et al. 1998,Specimen A2"	
3816	
0	9.06389
0	9.30886
0	9.06389
-0.1397	10.04377
-0.1397	10.04377
0	10.04377
-0.1397	10.04377
0	17.1479
0	17.1479
0	17.1479
0	17.1479
0	17.1479
-0.4191	7.3491
-0.4191	7.3491
-0.4191	7.3491
-0.4191	7.3491
-0.6985	7.59407
-0.5588	7.59407
-0.5588	7.59407
-0.6985	7.59407
-0.8382	6.85916
-0.6985	7.10413
-0.6985	6.85916
-0.6985	7.10413
-0.8382	7.10413
-0.8382	6.61419
-0.8382	6.61419
-0.8382	6.61419
-0.8382	6.61419
-0.8382	6.61419
0.4191	34.78574
0.4191	34.78574
0.4191	35.03071
0.4191	34.78574
1.816100076	72.02118
1.816100076	72.26615
1.816100076	72.02118
1.816100076	72.02118
1.816100076	69.81645
1.816100076	69.81645
1.9558	69.81645
1.9558	70.79633
2.095499898	78.14543
2.2352	78.88034
2.2352	81.57501
2.374900076	83.04483
2.514599975	85.7395
2.6543	88.43417
2.794	91.12884
2.794	93.57854
2.9337	94.06848
3.0734	99.45782
3.0734	100.68267
3.0734	100.19273
3.0734	100.19273
3.3528	100.92764
3.3528	100.68267
3.3528	100.68267
3.2131	100.68267
3.3528	103.86728
3.4925	105.3371
3.4925	108.76668
3.7719	111.70632
3.632200254	111.21638
3.9116	113.91105
3.9116	114.15602
4.0513	113.42111
4.0513	113.42111
4.0513	113.42111
3.9116	110.97141
3.4925	101.17261
3.0734	87.69926
2.374900076	72.51112
2.095499898	61.73244
1.5367	50.21885
0.9779	36.50053
0.4191	22.78221
0.1397	14.45323
0	11.26862
-0.2794	6.36922
-0.6985	-3.18461
-0.9779	-8.81892
-1.2573	-15.92305
-1.6764	-23.76209
-1.816100076	-26.9467
-1.816100076	-26.9467
-1.816100076	-27.92658
-2.095499898	-34.05083
-2.2352	-36.01059
-2.374900076	-39.68514
-2.6543	-45.07448
-2.794	-48.01412
-2.9337	-50.95376
-3.0734	-52.17861
-3.2131	-54.62831
-3.2131	-56.3431
-3.3528	-57.32298
-3.3528	-58.05789
0.2794	36.7455
0.2794	36.7455
0.2794	36.50053
0.2794	36.50053
4.0513	117.5856
4.0513	118.32051
4.0513	118.07554
4.0513	117.83057
4.0513	115.38087
4.0513	115.38087
4.0513	115.38087
4.0513	115.38087
4.190999746	117.09566
4.3307	119.79033
4.4704	125.17967
4.749800254	130.81398
4.8895	134.24356
5.0292	134.7335
5.1689	135.95835
5.1689	137.1832
5.308599746	137.67314
5.308599746	139.38793
5.588	141.10272
5.588	141.34769
5.588	141.34769
5.588	141.34769
5.588	141.10272
5.7277	144.5323
5.867400254	146.982
6.007099746	150.16661
6.1468	151.8814
6.2865	153.35122
6.2865	153.59619
6.2865	153.35122
6.2865	153.59619
6.7056	159.72044
6.7056	159.2305
6.7056	159.72044
6.7056	159.72044
6.7056	159.47547
6.845299746	162.17014
6.845299746	161.92517
6.985000254	163.39499
6.985000254	163.88493
6.985000254	163.39499
7.124699746	161.19026
7.124699746	161.19026
7.264400254	161.43523
7.264400254	161.19026
7.124699746	161.43523
7.264400254	163.88493
7.4041	167.55948
7.543799746	168.04942
7.4041	168.04942
7.543799746	167.80445
7.683500254	170.98906
7.8232	172.21391
7.683500254	171.72397
7.8232	172.21391
7.8232	173.68373
7.962899746	175.15355
7.962899746	175.64349
8.102600254	176.62337
8.102600254	177.84822
8.381999492	180.29792
8.381999492	180.78786
8.381999492	181.52277
8.661399746	184.70738
8.661399746	184.95235
8.9408	188.6269
9.080499746	190.58666
9.359899746	193.03636
9.6393	198.18073
9.918700254	199.65055
9.918700254	200.63043
10.19809975	203.81504
10.61719949	208.2245
10.89659975	210.91917
11.03630025	213.85881
11.176	213.85881
11.31569975	214.34875
11.31569975	215.5736
11.45540025	217.28839
11.59509975	220.22803
11.73480025	220.473
11.8745	220.473
11.8745	220.96294
12.01419975	223.41264
12.15390025	225.3724
12.2936	225.12743
12.2936	226.35228
12.43329975	227.8221
12.573	229.78186
12.71270051	229.53689
12.71270051	230.76174
12.85239949	232.96647
12.9921	232.7215
13.13180051	233.45641
13.55090051	229.53689
13.55090051	229.53689
13.55090051	229.53689
13.55090051	229.53689
13.27149949	222.67773
12.85239949	216.30851
12.43329975	207.97953
12.01419975	199.40558
11.45540025	189.11684
10.7569	177.60325
10.61719949	174.90858
10.47749975	169.76421
10.0584	164.1299
9.778999746	158.25062
9.359899746	151.8814
8.661399746	141.83763
8.242299746	134.7335
7.8232	129.34416
7.4041	122.97494
7.124699746	118.07554
6.845299746	113.66608
6.426199746	106.31698
6.007099746	100.19273
5.867400254	97.49806
5.1689	87.20932
4.6101	76.43064
4.0513	66.1419
3.4925	56.58807
3.0734	48.74903
2.6543	41.15496
2.2352	34.54077
1.9558	28.17155
1.6764	24.497
1.1176	13.47335
0.5588	2.4497
0.1397	-3.18461
0	-5.63431
0	-5.87928
-0.1397	-10.53371
-0.4191	-15.18814
-0.6985	-19.35263
-0.9779	-24.497
-1.1176	-27.19167
-1.5367	-36.25556
-1.816100076	-40.66502
-1.9558	-44.0946
-2.2352	-48.74903
-2.374900076	-52.66855
-2.6543	-56.3431
-2.794	-60.26262
-2.9337	-63.44723
-3.2131	-66.63184
-3.4925	-73.73597
-3.7719	-78.88034
-4.0513	-83.2898
-4.3307	-87.20932
-4.4704	-90.39393
-4.6101	-91.61878
-4.749800254	-96.02824
-5.0292	-99.21285
-5.1689	-101.41758
-5.4483	-107.7868
-5.7277	-112.93117
-6.1468	-117.34063
-6.426199746	-122.72997
-6.845299746	-128.11931
-7.264400254	-132.52877
-7.543799746	-137.91811
-7.683500254	-139.38793
-8.102600254	-145.51218
-8.801100254	-156.29086
-9.220200254	-158.49559
-9.499600254	-163.15002
-10.0584	-170.98906
-10.47749975	-175.64349
-10.89659975	-180.29792
-11.31569975	-183.7275
-11.59509975	-187.89199
-12.2936	-196.46594
-13.13180051	-204.54995
-13.4112	-207.48959
-13.97000025	-213.85881
-14.24939975	-215.5736
-14.8082	-222.67773
-15.08759949	-224.88246
-15.36700051	-226.35228
-15.50669949	-229.04695
-15.92579924	-231.25168
-15.92579924	-231.49665
-16.20520025	-233.94635
-16.34489924	-235.41617
-16.34489924	-234.68126
-16.62430025	-226.84222
-16.62430025	-227.08719
-16.62430025	-226.84222
-16.62430025	-226.59725
-16.48459975	-223.41264
-16.34489924	-221.45288
-15.92579924	-214.83869
-15.6464	-208.95941
-15.36700051	-203.57007
-14.94790051	-196.46594
-13.97000025	-182.99259
-13.55090051	-174.90858
-12.71270051	-162.41511
-12.01419975	-150.90152
-10.89659975	-134.24356
-10.0584	-120.77021
-9.359899746	-109.50159
-8.242299746	-91.61878
-7.264400254	-78.3904
-6.985000254	-72.02118
-6.2865	-61.97741
-5.0292	-40.90999
-4.190999746	-25.72185
-3.4925	-13.96329
-2.9337	-2.4497
-2.514599975	4.16449
-1.816100076	14.94317
-1.397	20.82245
-1.2573	23.51712
-0.6985	33.80586
-0.2794	41.6449
0	45.07448
0.2794	44.0946
0.2794	44.0946
0.1397	44.0946
0.2794	44.0946
0.2794	44.0946
0.6985	54.13837
0.9779	59.52771
1.1176	63.6922
1.5367	68.34663
1.6764	73.00106
2.2352	80.8401
2.6543	87.45429
2.9337	93.57854
3.632200254	102.8874
4.190999746	111.21638
5.0292	123.46488
5.588	131.05895
6.007099746	137.42817
6.845299746	147.96188
7.4041	156.7808
7.962899746	164.37487
8.381999492	169.76421
8.801100254	174.90858
9.220200254	181.52277
9.778999746	187.64702
9.918700254	191.0766
10.33780025	196.46594
10.61719949	199.16061
10.89659975	202.34522
11.31569975	209.69432
11.73480025	214.10378
12.15390025	220.71797
12.43329975	224.14755
12.573	224.14755
12.573	225.86234
12.71270051	227.57713
12.9921	231.25168
13.13180051	233.70138
13.55090051	238.11084
13.97000025	242.76527
14.24939975	245.70491
14.52880076	249.37946
14.8082	252.80904
14.94790051	253.05401
15.08759949	252.3191
17.60220051	275.83622
17.74189949	275.34628
17.60220051	275.10131
17.60220051	274.85634
17.60220051	270.44688
17.74189949	270.20191
17.60220051	270.20191
17.60220051	270.20191
17.8816	272.89658
18.02130025	278.04095
18.30069975	280.98059
18.44040025	282.20544
18.85950025	286.12496
18.99920076	288.81963
19.2786	292.00424
19.55799949	294.45394
19.83740051	296.65867
19.97709949	295.92376
19.97709949	295.92376
20.1168	297.88352
20.25650025	298.61843
20.25650025	299.10837
20.39619924	300.33322
20.39619924	300.57819
20.53589975	300.57819
20.67560025	295.67879
20.81529924	295.43382
20.67560025	295.43382
20.67560025	295.43382
20.67560025	294.69891
20.39619924	289.79951
20.25650025	285.63502
19.83740051	278.53089
19.13889949	268.97706
18.58009924	259.17826
18.02130025	248.88952
17.4625	241.54042
16.76399924	230.76174
16.06549975	220.22803
15.08759949	207.73456
14.10969924	195.48606
13.4112	186.1772
12.71270051	176.62337
12.01419975	167.06954
11.31569975	158.00565
10.61719949	148.69679
9.778999746	137.1832
9.080499746	127.62937
8.661399746	121.50512
8.102600254	115.38087
7.683500254	108.52171
7.264400254	102.64243
6.845299746	95.5383
6.1468	87.45429
5.7277	80.8401
5.4483	77.16555
5.0292	70.06142
4.3307	61.73244
3.7719	51.93364
3.4925	46.29933
2.9337	40.42005
2.6543	36.25556
2.374900076	32.33604
2.095499898	27.19167
1.6764	20.57748
1.5367	17.63784
1.2573	13.47335
0.8382	8.32898
0.6985	5.63431
0.4191	1.22485
0.1397	-0.24497
0	0
0.1397	-0.24497
0.1397	-0.24497
0.1397	-1.46982
-0.2794	-7.10413
-0.5588	-13.71832
-1.1176	-22.0473
-1.5367	-28.90646
-1.816100076	-34.54077
-2.095499898	-39.68514
-2.374900076	-44.82951
-2.794	-49.48394
-3.0734	-54.13837
-3.4925	-62.22238
-4.0513	-69.08154
-4.4704	-76.67561
-4.749800254	-80.35016
-5.0292	-83.2898
-5.308599746	-86.22944
-5.4483	-86.71938
-5.7277	-93.33357
-6.1468	-98.23297
-6.426199746	-101.17261
-6.845299746	-108.27674
-7.4041	-116.11578
-7.8232	-121.50512
-8.242299746	-126.40452
-8.5217	-129.34416
-8.9408	-135.95835
-9.220200254	-139.87787
-9.6393	-145.75715
-10.19809975	-152.61631
-10.61719949	-158.49559
-11.03630025	-163.88493
-11.31569975	-168.04942
-11.59509975	-171.96894
-12.01419975	-176.13343
-12.43329975	-182.01271
-12.85239949	-186.91211
-13.27149949	-192.05648
-13.27149949	-192.79139
-13.4112	-195.73103
-14.24939975	-206.50971
-14.94790051	-215.32863
-15.36700051	-219.24815
-15.6464	-221.45288
-15.78610051	-224.63749
-16.06549975	-227.57713
-16.34489924	-231.25168
-16.62430025	-233.45641
-16.62430025	-233.70138
-16.76399924	-234.43629
-16.76399924	-234.43629
-16.76399924	-228.80198
-16.90369975	-228.80198
-16.76399924	-228.55701
-16.90369975	-231.00671
-17.32279949	-236.64102
-17.4625	-240.31557
-18.02130025	-245.21497
-18.44040025	-251.82916
-18.85950025	-255.74868
-18.99920076	-257.2185
-19.13889949	-258.44335
-19.41830051	-261.62796
-19.6977	-264.32263
-19.6977	-263.83269
-19.83740051	-264.81257
-19.83740051	-264.81257
-19.97709949	-265.30251
-19.97709949	-266.03742
-19.97709949	-265.79245
-20.1168	-260.40311
-20.1168	-260.40311
-20.1168	-260.40311
-20.1168	-260.40311
-20.1168	-259.91317
-19.6977	-251.58419
-19.13889949	-243.74515
-18.58009924	-233.45641
-17.8816	-224.88246
-17.32279949	-214.34875
-16.76399924	-208.46947
-16.48459975	-202.59019
-15.78610051	-193.77127
-15.2273	-184.95235
-14.38910025	-173.68373
-13.55090051	-161.92517
-12.85239949	-151.8814
-12.2936	-143.06248
-11.45540025	-132.77374
-11.176	-128.60925
-10.47749975	-118.32051
-9.6393	-106.56195
-8.661399746	-93.82351
-7.683500254	-79.86022
-6.985000254	-68.83657
-6.1468	-55.11825
-5.308599746	-43.11472
-4.4704	-30.13131
-3.632200254	-16.41299
-2.794	-4.40946
-2.374900076	2.4497
-2.095499898	7.10413
-1.9558	10.04377
-1.6764	13.96329
-1.397	19.10766
-0.8382	28.66149
-0.2794	35.76562
-0.1397	37.97035
0	39.1952
0.2794	40.66502
0.2794	40.66502
0.2794	40.42005
0.4191	40.42005
1.1176	56.83304
2.2352	74.47088
3.3528	90.14896
4.0513	99.94776
5.308599746	116.85069
6.1468	129.34416
7.124699746	141.34769
7.683500254	147.22697
8.242299746	154.82104
9.080499746	163.15002
9.778999746	172.45888
10.7569	183.97247
11.59509975	195.48606
12.2936	203.3251
12.9921	211.65408
13.55090051	217.77833
14.38910025	228.06707
15.36700051	240.56054
16.34489924	250.35934
16.90369975	256.97353
17.18310051	260.15814
17.60220051	265.30251
18.30069975	274.12143
18.71979975	277.30604
18.85950025	279.51077
19.13889949	282.94035
19.6977	288.81963
20.1168	293.47406
20.25650025	293.964
20.53589975	296.4137
20.81529924	289.55454
20.81529924	289.55454
20.67560025	289.55454
20.81529924	289.55454
20.53589975	285.14508
19.97709949	276.08119
19.13889949	262.60784
18.02130025	244.97
17.60220051	237.37593
16.76399924	226.10731
16.20520025	217.28839
15.36700051	208.2245
14.52880076	197.20085
13.69059924	185.68726
12.9921	177.84822
12.573	170.74409
11.59509975	159.2305
10.89659975	149.18673
9.918700254	137.67314
8.801100254	123.46488
7.8232	111.46135
7.4041	104.84716
7.124699746	101.17261
6.426199746	92.10872
5.7277	81.81998
4.8895	70.30639
3.9116	56.58807
3.0734	43.11472
2.2352	30.37628
1.1176	14.20826
0.6985	7.3491
0	-2.4497
-0.6985	-14.45323
-1.397	-24.00706
-2.374900076	-38.46029
-3.2131	-51.68867
-3.9116	-60.75256
-4.4704	-70.30639
-5.308599746	-79.37028
-5.867400254	-87.94423
-6.426199746	-95.78327
-6.985000254	-104.84716
-7.8232	-113.66608
-8.381999492	-120.77021
-8.661399746	-125.91458
-9.499600254	-134.24356
-10.33780025	-145.26721
-11.176	-155.06601
-11.73480025	-163.88493
-12.2936	-169.76421
-12.85239949	-176.13343
-13.4112	-183.48253
-13.83029975	-188.6269
-14.52880076	-196.22097
-14.94790051	-201.61031
-15.36700051	-206.50971
-15.78610051	-212.87893
-16.20520025	-217.77833
-16.62430025	-222.67773
-17.0434	-226.84222
-17.4625	-232.47653
-17.8816	-237.37593
-18.02130025	-240.31557
-18.44040025	-245.70491
-18.85950025	-249.37946
-19.13889949	-253.05401
-19.2786	-254.7688
-19.41830051	-255.50371
-19.55799949	-256.48359
-19.55799949	-257.46347
-19.6977	-258.93329
-19.6977	-259.91317
-19.83740051	-260.89305
-19.97709949	-261.62796
-19.97709949	-261.13802
-20.25650025	-258.93329
-20.1168	-258.93329
-20.1168	-258.93329
-20.25650025	-258.93329
-19.83740051	-252.80904
-19.2786	-244.48006
-18.30069975	-230.76174
-17.0434	-211.16414
-15.78610051	-191.56654
-14.24939975	-170.98906
-12.71270051	-149.4317
-11.8745	-139.6329
-11.176	-130.07907
-10.0584	-115.38087
-8.801100254	-97.988
-7.4041	-78.14543
-5.588	-51.19873
-4.190999746	-30.86622
-3.2131	-15.92305
-2.514599975	-3.42958
-1.5367	10.28874
-0.9779	20.33251
-0.5588	25.96682
-0.1397	32.58101
0	34.54077
0.4191	36.25556
0.4191	36.25556
0.4191	36.7455
0.4191	38.21532
0.9779	48.994
1.6764	59.77268
2.514599975	72.75609
3.3528	84.75962
4.4704	99.45782
5.0292	108.76668
5.7277	117.83057
6.2865	123.95482
6.985000254	132.52877
7.683500254	140.61278
8.242299746	147.22697
8.381999492	149.4317
8.801100254	156.29086
9.359899746	161.19026
9.499600254	163.15002
9.6393	165.10978
9.918700254	167.55948
10.19809975	171.479
10.61719949	175.64349
11.03630025	182.25768
11.31569975	184.21744
11.73480025	189.85175
12.43329975	197.93576
12.85239949	203.57007
13.4112	208.95941
13.69059924	213.1239
14.10969924	218.26827
14.66849975	222.9227
14.8082	226.35228
15.2273	230.02683
15.6464	234.92623
15.92579924	238.60078
16.20520025	241.54042
16.34489924	243.01024
16.62430025	246.19485
16.76399924	247.66467
16.90369975	249.8694
17.18310051	252.3191
17.4625	255.50371
17.60220051	257.70844
17.8816	261.13802
18.30069975	267.26227
18.85950025	272.65161
19.13889949	275.59125
19.41830051	279.02083
19.6977	282.94035
20.1168	286.36993
20.25650025	287.83975
20.39619924	290.53442
20.81529924	294.20897
20.95499975	296.16873
21.23439924	299.10837
21.5138	303.02789
21.79319949	305.96753
21.9329	306.70244
22.07260051	307.19238
22.21229949	308.90717
22.352	310.13202
22.352	309.88705
22.49170025	310.62196
22.49170025	310.86693
22.49170025	310.86693
22.49170025	311.1119
22.63139924	311.60184
22.63139924	311.60184
22.63139924	311.60184
22.63139924	311.1119
22.63139924	311.60184
22.77109975	312.09178
22.77109975	308.17226
22.77109975	308.17226
22.77109975	308.17226
22.77109975	308.17226
22.77109975	307.68232
22.77109975	308.41723
23.19019975	313.5616
23.46960051	317.23615
23.749	321.89058
24.30780051	326.54501
24.72690025	330.46453
25.00629975	334.13908
25.28569924	336.34381
25.7048	339.77339
26.2636	342.958
26.543	345.4077
26.6827	346.63255
27.1018	349.57219
27.5209	351.28698
27.94	353.24674
28.0797	354.71656
28.4988	356.18638
28.7782	357.90117
29.1973	362.06566
29.6164	364.51536
30.0355	365.0053
30.1752	365.0053
30.4546	364.76033
30.734	367.455
30.8737	367.455
31.1531	368.43488
31.2928	370.14967
31.85159746	372.3544
31.9913	371.37452
32.27069746	372.10943
32.4104	372.10943
32.5501	372.10943
32.5501	371.37452
32.5501	371.37452
32.68979746	371.37452
32.68979746	370.63961
32.68979746	370.63961
32.8295	370.14967
33.3883	365.0053
33.8074	370.14967
34.0868	371.86446
34.3662	374.31416
34.7853	376.76386
35.3441	378.72362
35.9029	381.66326
36.32199746	382.88811
36.6014	383.37805
37.16019746	384.11296
37.57929746	386.07272
38.1381	387.78751
38.5572	388.03248
39.116	388.52242
39.3954	388.76739
39.8145	389.01236
40.0939	387.78751
40.2336	386.80763
40.2336	385.58278
40.3733	385.33781
40.3733	386.31769
40.6527	387.0526
40.79239746	388.27745
41.0718	388.52242
41.21149746	388.03248
41.3512	387.78751
41.63059746	388.27745
41.7703	368.92482
41.63059746	368.92482
41.63059746	367.94494
41.3512	362.80057
40.9321	357.16626
40.2336	345.89764
39.5351	337.56866
38.9763	328.74974
38.2778	319.44088
37.57929746	309.88705
37.0205	304.49771
36.32199746	297.63855
35.7632	291.02436
35.2044	283.92023
34.7853	280.00071
33.52799746	266.28239
32.4104	255.01377
31.4325	244.23509
30.734	236.64102
30.1752	229.78186
29.1973	219.98306
28.3591	212.63396
27.6606	204.54995
26.8224	196.71091
26.1239	189.11684
25.8445	185.93223
24.30780051	171.23403
23.60929949	164.1299
22.63139924	155.31098
21.79319949	146.982
21.09470025	140.12284
19.97709949	128.85422
18.71979975	117.83057
17.60220051	107.05189
16.48459975	97.00812
15.6464	88.67914
14.66849975	81.08507
14.10969924	75.20579
13.4112	68.83657
12.85239949	64.91705
12.01419975	56.83304
11.31569975	51.68867
10.7569	46.05436
9.918700254	39.68514
9.499600254	36.25556
9.080499746	31.11119
8.5217	26.9467
7.8232	19.84257
7.264400254	16.16802
6.565900254	10.28874
6.007099746	4.40946
5.4483	0
5.0292	-4.16449
4.6101	-7.83904
4.190999746	-11.75856
3.7719	-16.16802
3.4925	-18.86269
3.0734	-22.0473
2.514599975	-29.15143
1.6764	-36.7455
0.9779	-44.0946
0.8382	-46.05436
0.6985	-45.80939
0.5588	-48.01412
0.4191	-48.25909
0.4191	-49.48394
0.4191	-49.23897
0.2794	-48.74903
0.1397	-47.03424
0.1397	-47.03424
0.1397	-47.03424
0.1397	-47.27921
-0.2794	-55.60819
-1.1176	-66.1419
-1.816100076	-73.491
-2.095499898	-78.63537
-2.9337	-87.69926
-3.9116	-99.70279
-5.1689	-113.17614
-6.2865	-126.89446
-7.264400254	-138.89799
-8.801100254	-154.08613
-9.778999746	-165.59972
-10.89659975	-177.35828
-12.15390025	-189.60678
-12.71270051	-195.24109
-13.97000025	-209.44935
-14.94790051	-219.00318
-15.78610051	-227.33216
-16.48459975	-235.41617
-17.4625	-243.74515
-17.8816	-248.64455
-18.30069975	-252.80904
-19.41830051	-262.85281
-19.97709949	-267.99718
-20.39619924	-272.89658
-21.09470025	-278.53089
-21.37409949	-280.73562
-21.65350051	-283.18532
-21.9329	-285.87999
-22.352	-288.57466
-23.05049924	-295.18885
-24.02839949	-302.04801
-24.30780051	-304.49771
-24.58719975	-304.74268
-25.00629975	-308.17226
-25.28569924	-309.88705
-25.28569924	-309.39711
-25.8445	-301.55807
-25.8445	-301.55807
-25.8445	-301.55807
-25.8445	-301.55807
-25.8445	-302.04801
-25.9842	-304.98765
-26.4033	-309.39711
-26.543	-312.58172
-26.9621	-316.25627
-27.38119746	-319.44088
-27.80029746	-324.34028
-28.0797	-325.8101
-28.3591	-327.27992
-28.4988	-328.01483
-28.4988	-328.99471
-28.9179	-331.44441
-29.05760254	-333.1592
-29.337	-334.13908
-29.337	-334.87399
-29.7561	-337.56866
-30.0355	-339.03848
-30.1752	-339.77339
-30.5943	-343.20297
-30.8737	-343.69291
-31.0134	-345.16273
-31.2928	-346.38758
-31.4325	-345.65267
-31.5722	-348.10237
-31.9913	-349.57219
-31.9913	-349.08225
-32.27069746	-350.3071
-32.4104	-351.77692
-32.5501	-351.53195
-32.68979746	-350.55207
-32.68979746	-351.28698
-32.68979746	-350.79704
-32.9692	-353.49171
-32.9692	-353.24674
-33.10889746	-352.51183
-33.3883	-342.46806
-33.3883	-342.46806
-33.3883	-342.46806
-33.6677	-346.87752
-33.8074	-348.59231
-34.0868	-352.02189
-34.2265	-353.24674
-34.3662	-354.71656
-34.7853	-357.90117
-34.925	-358.88105
-35.3441	-360.1059
-35.6235	-362.31063
-35.9029	-363.78045
-36.1823	-365.0053
-36.4617	-365.98518
-36.8808	-368.43488
-37.2999	-368.43488
-37.57929746	-368.43488
-37.8587	-369.65973
-38.1381	-370.88458
-38.4175	-370.63961
-38.8366	-371.61949
-38.9763	-371.12955
-39.2557	-372.10943
-39.6748	-372.59937
-39.8145	-371.61949
-40.0939	-371.61949
-40.0939	-371.12955
-40.2336	-370.39464
-40.2336	-370.63961
-40.3733	-369.9047
-40.3733	-368.92482
-40.3733	-368.18991
-40.3733	-355.45147
-40.3733	-355.45147
-40.3733	-355.45147
-40.3733	-355.45147
-40.3733	-355.2065
-40.3733	-354.22662
-40.0939	-350.55207
-39.6748	-344.42782
-39.116	-336.83375
-38.5572	-329.48465
-37.99840254	-322.62549
-36.8808	-309.39711
-35.9029	-295.67879
-35.2044	-286.85987
-34.6456	-281.22556
-33.8074	-270.44688
-32.9692	-261.62796
-32.68979746	-257.70844
-32.131	-250.60431
-31.4325	-243.99012
-31.1531	-241.05048
-30.5943	-235.66114
-30.1752	-230.02683
-29.7561	-224.63749
-29.1973	-220.71797
-28.4988	-211.16414
-27.80029746	-203.81504
-27.5209	-203.08013
-27.38119746	-199.40558
-26.543	-190.83163
-25.7048	-182.25768
-24.72690025	-172.70385
-24.1681	-165.59972
-23.19019975	-156.04589
-22.21229949	-146.24709
-21.5138	-139.87787
-20.81529924	-133.01871
-19.55799949	-120.0353
-18.44040025	-109.99153
-17.8816	-104.11225
-16.90369975	-94.80339
-15.92579924	-85.49453
-14.94790051	-76.18567
-14.24939975	-69.08154
-13.55090051	-61.73244
-12.71270051	-55.60819
-12.01419975	-48.50406
-11.45540025	-43.35969
-10.7569	-36.99047
-10.47749975	-34.78574
-10.19809975	-32.09107
-9.499600254	-23.51712
-8.661399746	-16.41299
-7.8232	-8.81892
-7.124699746	-1.71479
-6.565900254	2.69467
-6.007099746	9.06389
-5.1689	16.65796
-4.190999746	27.19167
-3.3528	35.52065
-2.9337	39.44017
-2.095499898	46.05436
-1.6764	50.70879
-1.397	53.15849
-0.9779	58.7928
-0.5588	62.22238
-0.2794	64.18214
0	66.1419
0	66.38687
0.1397	67.12178
0.2794	59.28274
0.2794	59.28274
0.2794	59.28274
0.2794	59.28274
0.1397	58.30286
0.1397	58.30286
0.1397	58.30286
0.4191	64.67208
0.8382	72.26615
1.6764	82.79986
2.514599975	92.35369
3.3528	101.41758
4.190999746	108.76668
4.6101	114.15602
5.4483	122.24003
6.007099746	126.40452
6.7056	133.75362
7.264400254	139.14296
7.962899746	145.02224
8.9408	152.86128
9.778999746	160.94529
10.33780025	164.37487
10.89659975	169.51924
11.8745	178.33816
12.9921	187.15708
13.97000025	194.50618
15.08759949	202.10025
15.78610051	208.2245
16.90369975	217.04342
18.02130025	225.12743
18.99920076	232.47653
19.97709949	239.33569
21.09470025	248.64455
21.9329	253.29898
22.63139924	258.44335
23.749	266.52736
24.58719975	271.67173
25.4254	278.28592
26.8224	287.59478
27.94	295.67879
28.4988	299.10837
29.8958	309.39711
30.734	314.54148
32.131	323.11543
33.2486	330.46453
33.9471	334.13908
35.0647	341.48818
36.0426	347.12249
37.0205	351.77692
37.99840254	357.41123
38.8366	361.57572
39.116	361.33075
39.3954	362.31063
39.8145	365.0053
39.9542	365.49524
40.3733	366.47512
40.513	366.47512
40.513	365.98518
40.6527	366.72009
40.79239746	367.455
40.9321	367.455
40.9321	366.96506
41.21149746	355.69644
41.3512	355.69644
41.21149746	355.69644
41.0718	352.7568
40.3733	342.46806
39.8145	334.13908
38.8366	321.89058
37.719	308.17226
37.0205	297.39358
36.0426	287.59478
35.2044	279.2658
34.3662	268.97706
33.2486	257.2185
31.85159746	243.01024
30.734	232.23156
29.7561	222.43276
28.7782	212.63396
28.21939746	207.48959
27.38119746	198.67067
26.543	192.05648
26.1239	187.15708
25.14600025	178.33816
23.60929949	163.15002
22.77109975	155.80092
21.09470025	138.40805
19.13889949	121.75009
17.8816	109.74656
17.0434	103.86728
15.78610051	91.61878
13.55090051	72.51112
12.15390025	59.77268
10.7569	48.74903
9.6393	39.1952
8.5217	30.86622
7.8232	24.25203
7.543799746	23.27215
6.845299746	17.1479
5.867400254	8.32898
4.749800254	-1.71479
3.0734	-17.1479
1.397	-32.82598
-0.1397	-47.03424
-1.5367	-59.77268
-1.9558	-64.67208
-2.374900076	-68.10166
-3.3528	-78.14543
-5.1689	-97.988
-6.426199746	-109.99153
-7.4041	-118.07554
-7.962899746	-123.21991
-8.381999492	-128.36428
-9.778999746	-140.85775
-11.45540025	-155.80092
-12.43329975	-163.39499
-13.55090051	-173.43876
-14.52880076	-181.2778
-15.08759949	-184.21744
-15.92579924	-193.03636
-17.4625	-204.30498
-18.99920076	-216.06354
-20.25650025	-225.3724
-22.07260051	-240.56054
-23.46960051	-250.84928
-24.44749949	-258.44335
-26.9621	-277.06107
-28.9179	-290.28945
-29.8958	-296.4137
-30.734	-301.55807
-31.4325	-306.2125
-31.9913	-311.60184
-33.6677	-322.38052
-34.5059	-327.52489
-35.4838	-334.13908
-36.1823	-337.56866
-36.74109746	-340.75327
-37.2999	-342.958
-37.8587	-347.12249
-38.4175	-349.81716
-38.8366	-351.04201
-39.2557	-353.98165
-39.9542	-357.41123
-40.0939	-356.67632
-40.3733	-357.90117
-40.513	-341.97812
-40.513	-341.73315
-40.513	-341.97812
-40.3733	-339.77339
-40.0939	-335.85387
-39.5351	-329.23968
-38.6969	-318.70597
-37.99840254	-309.39711
-37.0205	-296.65867
-35.7632	-283.18532
-34.925	-272.16167
-34.3662	-265.79245
-33.2486	-252.3191
-31.9913	-238.84575
-31.0134	-228.80198
-30.1752	-219.49312
-29.6164	-213.1239
-28.0797	-197.93576
-26.6827	-184.95235
-25.14600025	-168.78433
-24.1681	-159.96541
-22.49170025	-142.32757
-21.09470025	-128.11931
-19.2786	-112.44123
-17.8816	-99.21285
-17.0434	-91.61878
-16.48459975	-87.45429
-14.66849975	-70.06142
-13.69059924	-60.99753
-12.71270051	-52.42358
-11.59509975	-41.88987
-11.03630025	-37.97035
-9.778999746	-25.23191
-8.5217	-13.22838
-7.543799746	-4.16449
-6.7056	2.4497
-5.588	14.45323
-4.749800254	20.57748
-3.632200254	31.8461
-2.794	38.95023
-2.374900076	43.11472
-2.095499898	46.78927
-1.9558	46.5443
-1.397	53.64843
-0.6985	59.77268
-0.4191	63.20226
-0.2794	63.6922
-0.1397	65.16202
0	65.16202
0.2794	62.95729
0.1397	62.95729
0.2794	62.95729
0.9779	75.69573
1.816100076	83.77974
2.514599975	91.37381
3.3528	98.23297
4.3307	108.27674
5.0292	115.1359
5.867400254	122.24003
6.7056	129.8341
7.543799746	136.20332
7.962899746	139.6329
8.801100254	147.47194
9.778999746	155.80092
10.7569	162.90505
11.73480025	170.49912
12.71270051	177.84822
13.97000025	187.64702
15.08759949	196.22097
15.78610051	199.65055
16.20520025	204.54995
17.18310051	210.6742
17.60220051	213.61384
18.16099924	217.04342
18.71979975	221.45288
19.6977	229.29192
21.23439924	240.0706
22.07260051	244.97
22.63139924	247.90964
23.19019975	251.33922
23.749	256.23862
24.44749949	260.64808
25.28569924	266.52736
25.8445	270.44688
26.2636	272.40664
27.1018	279.02083
28.21939746	286.6149
29.337	292.98412
30.1752	299.59831
30.8737	303.27286
31.2928	305.47759
31.9913	310.13202
32.8295	315.52136
33.52799746	319.44088
34.5059	326.30004
35.4838	331.68938
36.0426	335.6089
36.74109746	339.77339
37.57929746	344.91776
38.4175	349.32722
39.116	352.7568
39.8145	356.18638
40.6527	361.57572
41.3512	364.02542
41.7703	365.98518
42.1894	367.94494
42.8879	371.86446
43.7261	374.31416
44.2849	376.27392
44.704	377.2538
45.26279746	378.72362
45.5422	379.7035
45.8216	380.19344
46.7995	383.62302
47.2186	383.86799
47.6377	383.62302
47.9171	384.11296
48.0568	384.11296
48.3362	384.11296
48.4759	384.6029
48.895	385.58278
48.895	384.6029
49.0347	384.6029
49.1744	385.09284
49.31409746	384.11296
49.31409746	384.11296
49.5935	385.58278
49.73319746	385.09284
50.0126	386.31769
50.292	388.03248
50.57139746	387.29757
50.57139746	370.88458
50.57139746	370.88458
50.57139746	370.88458
51.1302	377.74374
51.5493	382.39817
52.10810254	386.56266
52.66689746	388.03248
53.08599746	389.01236
53.6448	390.97212
53.78450254	390.48218
54.0639	391.46206
54.483	392.19697
54.76239746	392.93188
55.04180254	392.93188
55.46090254	393.91176
55.88	393.91176
56.01969746	394.64667
56.43879746	395.38158
57.27699746	398.81116
58.11520254	398.32122
58.53430254	397.83128
58.95340254	397.34134
59.2328	396.8514
59.37250254	396.36146
59.51219746	396.11649
59.79160254	395.38158
59.79160254	395.87152
60.071	397.34134
60.62980254	398.32122
60.76949746	396.36146
60.76949746	395.87152
61.04890254	396.11649
61.18859746	396.11649
61.18859746	394.89164
61.3283	378.72362
61.3283	378.72362
61.3283	378.72362
61.46800254	378.72362
61.18859746	375.29404
60.21070254	363.04554
59.51219746	353.49171
58.25489746	337.81363
56.5785	319.44088
55.60059746	309.39711
54.34329746	297.14861
52.94630254	283.67526
51.40959746	267.99718
50.0126	255.01377
48.895	245.94988
48.1965	239.09072
47.498	232.7215
47.2186	230.51677
46.6598	226.35228
46.10099746	219.49312
43.8658	199.89552
41.91	183.48253
40.0939	168.04942
38.5572	154.82104
37.2999	146.00212
37.0205	144.28733
36.8808	142.81751
35.7632	133.01871
34.0868	121.26015
32.68979746	110.72644
31.85159746	103.86728
30.5943	95.04836
28.9179	83.77974
28.21939746	78.63537
27.80029746	76.43064
26.4033	67.12178
25.5651	61.2425
23.88870051	50.46382
22.63139924	42.62478
21.9329	39.44017
21.37409949	35.76562
19.97709949	26.9467
18.71979975	21.06742
17.74189949	15.18814
16.62430025	9.30886
15.92579924	5.87928
14.52880076	-2.4497
13.4112	-7.10413
12.573	-11.75856
11.73480025	-15.92305
11.03630025	-19.35263
10.47749975	-20.57748
9.499600254	-27.19167
8.381999492	-33.31592
7.543799746	-37.23544
7.124699746	-39.44017
6.7056	-41.39993
5.4483	-49.23897
4.8895	-51.68867
4.3307	-55.11825
3.632200254	-58.7928
3.2131	-61.2425
2.6543	-64.67208
1.816100076	-70.30639
1.2573	-73.73597
0.9779	-74.96082
0.8382	-74.96082
0.6985	-75.69573
0.4191	-78.14543
0.4191	-77.41052
0.4191	-76.92058
0.2794	-77.16555
0.2794	-72.75609
0.2794	-72.75609
0.2794	-72.75609
0.2794	-72.75609
0.1397	-75.20579
-0.4191	-82.79986
-0.9779	-87.94423
-1.6764	-93.82351
-2.514599975	-99.70279
-3.0734	-105.09213
-3.9116	-111.95129
-5.0292	-120.28027
-6.1468	-129.09919
-6.845299746	-135.46841
-7.4041	-138.89799
-8.661399746	-148.94176
-9.499600254	-155.80092
-10.33780025	-161.92517
-11.176	-167.06954
-12.01419975	-173.43876
-12.573	-176.86834
-13.4112	-182.25768
-13.97000025	-186.1772
-14.94790051	-193.5263
-15.6464	-197.20085
-16.20520025	-201.85528
-16.90369975	-206.75468
-17.74189949	-211.65408
-18.58009924	-217.77833
-19.55799949	-223.16767
-19.97709949	-225.86234
-20.53589975	-230.02683
-21.09470025	-233.21144
-21.79319949	-238.60078
-22.91080025	-245.21497
-23.46960051	-249.13449
-24.1681	-253.54395
-25.14600025	-259.6682
-26.4033	-266.77233
-27.2415	-272.65161
-27.94	-276.32616
-28.4988	-279.2658
-28.7782	-280.73562
-29.7561	-288.57466
-30.734	-293.964
-31.5722	-298.8634
-32.4104	-303.7628
-33.10889746	-308.17226
-33.9471	-313.5616
-34.3662	-314.78645
-35.9029	-324.58525
-36.8808	-330.21956
-37.4396	-332.91423
-37.99840254	-335.11896
-38.5572	-339.28345
-38.9763	-340.26333
-40.2336	-348.34734
-41.4909	-353.98165
-42.1894	-355.69644
-42.8879	-358.14614
-43.1673	-358.88105
-44.1452	-363.29051
-44.84369746	-364.76033
-45.26279746	-365.25027
-45.8216	-366.23015
-46.10099746	-367.69997
-46.6598	-368.92482
-47.0789	-369.65973
-47.6377	-370.88458
-48.4759	-373.82422
-49.1744	-374.06919
-49.4538	-373.57925
-49.73319746	-373.57925
-50.0126	-374.31416
-50.15229746	-373.82422
-50.4317	-373.33428
-50.7111	-374.55913
-50.85080254	-374.8041
-50.99049746	-355.2065
-51.1302	-355.45147
-51.1302	-355.45147
-50.99049746	-355.2065
-51.1302	-357.16626
-51.26990254	-359.86093
-51.68900254	-362.80057
-52.10810254	-367.94494
-52.3875	-370.14967
-52.94630254	-373.82422
-53.6448	-376.76386
-54.34329746	-378.72362
-54.76239746	-378.96859
-55.04180254	-379.7035
-55.60059746	-380.68338
-55.88	-381.66326
-56.1594	-380.68338
-56.43879746	-382.1532
-56.7182	-381.90823
-56.85789746	-382.1532
-56.9976	-381.90823
-57.27699746	-382.1532
-57.5564	-383.13308
-57.69609746	-383.13308
-57.9755	-383.13308
-57.9755	-382.64314
-58.25489746	-383.37805
-58.3946	-384.6029
-58.8137	-384.6029
-58.95340254	-384.11296
-59.09309746	-384.6029
-59.51219746	-385.33781
-59.6519	-384.84787
-59.79160254	-384.35793
-59.79160254	-383.62302
-59.93129746	-383.86799
-60.071	-384.11296
-60.071	-383.62302
-60.21070254	-383.62302
-60.35039746	-384.35793
-60.35039746	-383.86799
-60.4901	-383.86799
-60.62980254	-384.11296
-60.62980254	-383.62302
-60.76949746	-383.13308
-60.62980254	-382.64314
-60.76949746	-381.90823
-60.76949746	-367.94494
-60.76949746	-367.94494
-60.76949746	-367.94494
-60.76949746	-367.94494
-60.35039746	-362.80057
-59.79160254	-355.2065
-59.09309746	-346.63255
-58.25489746	-337.07872
-57.1373	-324.34028
-56.1594	-313.07166
-55.46090254	-305.23262
-54.34329746	-293.47406
-53.36540254	-281.96047
-52.52720254	-273.63149
-51.68900254	-265.79245
-50.7111	-255.99365
-49.8729	-248.39958
-49.1744	-241.54042
-48.6156	-234.68126
-47.9171	-228.31204
-47.3583	-224.14755
-46.2407	-213.36887
-45.1231	-202.83516
-43.8658	-191.81151
-42.46879746	-178.09319
-41.3512	-169.0293
-40.2336	-159.96541
-39.8145	-156.29086
-38.6969	-146.982
-37.4396	-136.20332
-36.1823	-126.15955
-35.2044	-118.07554
-34.3662	-111.21638
-33.3883	-104.11225
-32.68979746	-99.94776
-32.5501	-98.72291
-32.131	-95.5383
-31.7119	-92.84363
-30.8737	-85.49453
-30.1752	-81.33004
-29.7561	-78.14543
-29.4767	-75.9407
-29.1973	-74.47088
-29.05760254	-72.26615
-28.4988	-68.83657
-28.0797	-65.16202
-27.6606	-62.71232
-27.1018	-59.77268
-26.8224	-57.07801
-25.7048	-48.74903
-25.28569924	-46.5443
-24.44749949	-40.90999
-23.32990025	-33.07095
-22.49170025	-28.66149
-21.65350051	-23.27215
-21.23439924	-22.0473
-20.53589975	-16.65796
-19.83740051	-13.47335
-19.13889949	-8.32898
-18.16099924	-3.42958
-17.4625	0
-16.90369975	2.93964
-16.62430025	5.14437
-16.20520025	6.36922
-15.50669949	11.26862
-14.66849975	15.18814
-13.55090051	21.80233
-12.15390025	29.15143
-11.176	34.78574
-10.47749975	36.50053
-9.778999746	41.6449
-8.9408	45.80939
-7.8232	51.93364
-6.2865	60.26262
-5.1689	66.1419
-4.0513	73.00106
-2.6543	81.81998
-1.2573	90.14896
-0.5588	93.57854
0.6985	103.86728
1.9558	111.21638
3.0734	119.54536
5.1689	133.01871
6.985000254	144.04236
8.102600254	150.90152
9.6393	160.45535
10.7569	166.5796
12.2936	174.66361
12.9921	177.84822
13.97000025	184.21744
14.94790051	188.6269
15.6464	193.28133
16.48459975	196.95588
17.32279949	201.61031
18.02130025	205.52983
18.71979975	209.20438
19.41830051	213.1239
20.25650025	217.04342
20.67560025	218.0233
20.95499975	220.473
21.79319949	224.39252
22.63139924	228.80198
23.32990025	232.23156
23.88870051	235.1712
24.72690025	239.09072
25.28569924	242.03036
26.1239	246.43982
26.9621	250.60431
27.94	255.25874
29.05760254	260.64808
30.3149	267.0173
31.2928	270.93682
32.4104	276.08119
32.9692	279.02083
34.5059	286.12496
35.7632	291.02436
36.74109746	295.43382
37.4396	298.37346
38.1381	300.82316
39.3954	308.17226
40.513	312.09178
41.21149746	314.54148
42.1894	319.68585
43.5864	324.83022
44.4246	328.2598
45.4025	331.68938
46.6598	337.07872
47.498	340.01836
49.8729	350.3071
50.99049746	353.24674
51.9684	356.18638
52.8066	359.12602
53.6448	361.57572
54.62270254	365.0053
55.60059746	368.43488
56.43879746	370.14967
56.9976	371.37452
57.4167	372.3544
57.8358	373.33428
58.11520254	373.33428
58.53430254	374.31416
58.67399746	374.31416
59.51219746	378.23368
60.071	378.72362
60.21070254	377.74374
60.071	375.29404
59.6519	368.92482
60.071	374.8041
60.21070254	375.29404
60.62980254	378.72362
61.04890254	380.19344
61.46800254	362.5556
61.46800254	362.5556
61.46800254	362.5556
61.18859746	357.16626
60.071	344.91776
59.37250254	335.11896
58.25489746	321.40064
56.43879746	302.29298
55.3212	291.02436
54.34329746	281.22556
53.36540254	271.18179
52.10810254	260.15814
50.7111	247.90964
49.73319746	239.58066
48.895	230.76174
47.498	219.49312
46.52009746	210.6742
45.26279746	198.4257
43.4467	183.48253
41.91	170.98906
40.2336	156.7808
38.4175	143.06248
37.16019746	132.77374
36.0426	124.68973
35.4838	121.01518
35.2044	120.77021
34.6456	114.64596
33.52799746	105.82704
32.4104	97.988
31.5722	91.86375
30.5943	85.24956
29.05760254	75.20579
27.5209	64.42711
26.1239	56.3431
25.5651	53.15849
24.58719975	46.5443
23.19019975	37.23544
20.67560025	23.51712
18.30069975	10.04377
15.78610051	-1.95976
14.10969924	-11.02365
12.2936	-18.86269
11.45540025	-22.53724
10.0584	-29.88634
8.661399746	-36.7455
7.4041	-41.15496
6.2865	-48.01412
4.8895	-55.60819
2.9337	-65.65196
0.9779	-76.92058
0.5588	-77.90046
-1.2573	-90.6389
-2.514599975	-98.72291
-3.7719	-107.29686
-6.007099746	-122.485
-7.962899746	-135.22344
-9.220200254	-142.57254
-10.47749975	-150.90152
-12.2936	-160.94529
-13.97000025	-170.25415
-14.94790051	-176.3784
-16.62430025	-185.68726
-18.85950025	-197.93576
-20.1168	-203.81504
-21.37409949	-210.6742
-23.60929949	-222.67773
-25.7048	-233.45641
-27.80029746	-243.74515
-29.6164	-251.33922
-31.0134	-258.44335
-32.4104	-264.81257
-33.6677	-271.18179
-35.2044	-278.53089
-37.16019746	-287.34981
-37.99840254	-289.30957
-38.8366	-293.47406
-39.8145	-298.12849
-41.0718	-304.49771
-41.91	-306.70244
-42.8879	-311.84681
-44.5643	-319.44088
-46.52009746	-327.52489
-48.895	-337.32369
-50.57139746	-342.46806
-51.5493	-346.14261
-52.52720254	-349.32722
-53.08599746	-351.28698
-53.78450254	-353.49171
-54.76239746	-357.6562
-55.60059746	-360.35087
-56.43879746	-362.80057
-56.85789746	-362.31063
-57.27699746	-365.25027
-58.25489746	-368.18991
-59.09309746	-370.39464
-59.51219746	-370.14967
-59.93129746	-371.86446
-60.21070254	-370.63961
-60.35039746	-371.12955
-60.9092	-355.69644
-60.9092	-355.94141
-61.04890254	-355.69644
-60.9092	-355.69644
-60.76949746	-353.49171
-60.21070254	-345.4077
-59.37250254	-336.09884
-58.67399746	-327.52489
-57.8358	-319.44088
-57.1373	-311.84681
-56.2991	-301.3131
-55.04180254	-287.83975
-53.92419746	-276.08119
-52.52720254	-262.60784
-51.5493	-253.78892
-50.292	-241.29545
-49.1744	-230.51677
-48.1965	-220.96294
-46.9392	-210.18426
-45.5422	-196.46594
-43.7261	-180.54289
-42.3291	-170.00918
-40.79239746	-155.55595
-38.9763	-140.12284
-37.99840254	-132.03883
-36.32199746	-119.54536
-34.3662	-103.86728
-32.4104	-89.90399
-31.0134	-79.86022
-29.7561	-69.81645
-28.21939746	-59.77268
-27.5209	-56.3431
-26.2636	-45.80939
-24.1681	-31.8461
-21.79319949	-18.86269
-20.1168	-9.30886
-18.71979975	-1.22485
-16.90369975	8.57395
-15.2273	17.63784
-14.24939975	21.80233
-13.69059924	25.47688
-11.8745	34.2958
-11.176	36.50053
-10.89659975	38.21532
-9.499600254	46.05436
-8.102600254	52.91352
-7.4041	55.85316
-6.1468	62.95729
-5.1689	67.85669
-4.6101	69.81645
-3.7719	75.69573
-2.9337	80.8401
-1.9558	85.24956
-1.6764	87.69926
-1.397	87.69926
-0.8382	92.10872
-0.4191	94.55842
0	97.00812
0	96.51818
0.4191	93.57854
0.4191	93.57854
0.2794	93.57854
0.6985	97.49806
1.1176	103.86728
2.2352	111.70632
3.4925	120.52524
4.749800254	128.60925
5.867400254	134.7335
7.124699746	142.0826
8.381999492	149.4317
9.220200254	152.86128
10.0584	158.74056
10.61719949	161.92517
12.01419975	169.51924
13.13180051	174.90858
13.83029975	178.33816
14.8082	183.7275
15.6464	187.64702
16.76399924	194.01624
18.16099924	200.63043
19.2786	205.28486
20.1168	210.42923
20.67560025	211.65408
21.79319949	217.77833
22.352	220.473
23.32990025	225.3724
24.1681	229.29192
25.00629975	232.7215
25.7048	235.1712
26.1239	237.6209
26.9621	242.03036
27.6606	244.97
28.63849746	249.13449
29.7561	254.7688
30.5943	257.2185
31.4325	262.60784
32.68979746	267.0173
33.52799746	270.93682
34.5059	274.85634
35.7632	281.22556
36.8808	285.14508
37.4396	288.08472
38.5572	292.73915
39.6748	296.4137
40.6527	301.80304
41.4909	304.74268
42.3291	307.68232
43.0276	310.62196
43.5864	313.5616
45.1231	319.44088
46.10099746	323.3604
46.9392	326.78998
48.0568	329.72962
48.7553	333.64914
49.5935	336.09884
50.4317	339.03848
50.99049746	340.75327
51.68900254	343.69291
52.24779746	345.65267
52.94630254	347.61243
53.6448	349.81716
54.0639	351.28698
54.34329746	351.28698
55.46090254	357.6562
56.43879746	360.1059
57.27699746	362.5556
57.9755	364.51536
58.3946	364.76033
58.95340254	368.18991
59.79160254	370.39464
60.4901	372.10943
60.9092	372.3544
61.3283	373.33428
61.60769746	373.33428
61.88710254	374.8041
62.02679746	373.82422
62.72530254	377.74374
63.0047	377.74374
63.4238	379.21356
63.98260254	380.19344
64.12229746	379.21356
64.262	380.19344
64.8208	382.64314
65.37959746	383.13308
65.659	382.88811
65.9384	384.11296
66.4972	385.09284
66.9163	386.07272
67.3354	387.0526
67.89420254	388.03248
68.31330254	389.01236
68.87209746	389.01236
69.0118	388.03248
69.4309	390.48218
70.2691	391.46206
70.40880254	389.5023
70.40880254	388.03248
70.40880254	386.80763
70.54849746	387.54254
70.6882	388.52242
70.82790254	388.52242
70.82790254	387.54254
70.96759746	387.0526
71.1073	374.8041
71.1073	374.8041
71.24700254	374.31416
71.1073	374.55913
71.1073	374.8041
71.38669746	378.23368
71.66610254	383.37805
72.3646	386.80763
72.64399746	389.01236
73.2028	390.48218
73.48219746	390.97212
74.041	392.93188
74.4601	393.66679
74.8792	394.4017
75.438	395.38158
75.71739746	395.38158
76.2762	396.36146
76.41590254	395.38158
76.83500254	395.87152
77.1144	396.11649
77.39379746	395.62655
77.39379746	396.36146
77.81289746	396.8514
78.09230254	397.09637
78.51140254	397.58631
78.7908	397.83128
79.07019746	398.07625
79.34960254	398.81116
80.18780254	400.28098
80.4672	399.54607
80.60690254	397.83128
80.74659746	397.34134
80.74659746	395.87152
80.8863	395.87152
80.8863	395.87152
81.02600254	395.87152
81.02600254	395.38158
81.16569746	395.87152
81.3054	395.62655
81.44510254	396.11649
81.58479746	396.36146
81.58479746	395.62655
81.7245	381.17332
81.7245	380.92835
81.8642	380.92835
81.58479746	379.21356
81.16569746	372.84434
79.90839746	357.90117
78.65109746	341.97812
77.81289746	331.93435
76.41590254	318.95094
74.73949746	303.27286
73.3425	290.04448
71.5264	274.12143
69.57060254	255.74868
68.1736	243.99012
67.19569746	235.66114
65.659	223.90258
64.54139746	214.10378
63.56350254	205.28486
62.02679746	193.28133
60.071	177.11331
58.11520254	162.66008
56.43879746	150.41158
54.9021	140.12284
53.6448	130.56901
52.66689746	124.9347
51.68900254	117.5856
50.292	108.27674
48.7553	98.72291
46.9392	87.45429
44.84369746	73.98094
43.1673	65.16202
42.04969746	58.7928
40.9321	52.42358
40.0939	48.50406
38.9763	42.37981
37.99840254	37.97035
37.0205	33.56089
36.32199746	30.37628
35.7632	28.17155
35.2044	24.98694
34.3662	21.06742
33.2486	15.67808
32.4104	12.49347
31.2928	7.3491
29.7561	0.48994
27.6606	-8.32898
26.1239	-14.20826
24.02839949	-22.53724
22.352	-27.19167
21.79319949	-28.90646
20.95499975	-31.60113
19.6977	-37.72538
17.60220051	-45.07448
15.36700051	-52.17861
13.83029975	-57.07801
12.71270051	-60.26262
12.15390025	-61.97741
11.73480025	-62.46735
10.89659975	-67.61172
9.499600254	-72.51112
7.962899746	-77.65549
6.985000254	-80.35016
6.7056	-80.35016
5.4483	-86.71938
3.7719	-92.10872
3.3528	-93.82351
3.0734	-94.80339
1.9558	-100.4377
1.5367	-101.41758
1.397	-101.17261
0.9779	-103.86728
0.6985	-104.60219
0.5588	-104.60219
0.5588	-105.3371
0.4191	-104.84716
0.4191	-105.3371
0.2794	-100.4377
0.2794	-100.19273
0.1397	-101.90752
-0.2794	-107.7868
-1.1176	-113.42111
-2.2352	-120.77021
-3.4925	-128.36428
-5.0292	-137.1832
-6.426199746	-144.5323
-7.683500254	-150.90152
-8.661399746	-156.53583
-10.0584	-163.15002
-11.03630025	-168.78433
-12.43329975	-175.88846
-14.24939975	-185.19732
-15.50669949	-189.60678
-16.48459975	-194.75115
-17.8816	-200.63043
-18.99920076	-206.26474
-20.1168	-212.14402
-21.09470025	-215.32863
-21.79319949	-219.00318
-22.63139924	-222.18779
-23.05049924	-223.65761
-24.02839949	-228.31204
-24.58719975	-231.25168
-25.4254	-233.94635
-26.1239	-237.6209
-26.6827	-239.33569
-27.1018	-241.05048
-27.80029746	-243.99012
-28.4988	-247.4197
-29.337	-251.33922
-30.0355	-253.78892
-30.734	-255.99365
-31.2928	-258.68832
-31.7119	-260.15814
-32.131	-261.87293
-32.8295	-265.54748
-33.52799746	-267.75221
-34.0868	-269.95694
-34.6456	-272.40664
-35.2044	-274.61137
-35.9029	-277.79598
-36.6014	-280.24568
-37.0205	-281.96047
-37.2999	-281.96047
-37.719	-284.1652
-38.5572	-287.83975
-39.116	-290.28945
-39.8145	-293.22909
-40.513	-295.43382
-40.9321	-297.14861
-41.3512	-298.61843
-42.3291	-301.80304
-43.1673	-306.2125
-43.8658	-308.6622
-44.4246	-311.1119
-44.84369746	-311.84681
-45.5422	-314.54148
-46.3804	-318.21603
-46.9392	-320.17579
-47.498	-322.13555
-47.9171	-323.85034
-48.6156	-326.78998
-49.1744	-328.74974
-49.4538	-327.76986
-49.8729	-331.19944
-50.85080254	-334.87399
-52.66689746	-341.24321
-53.78450254	-346.63255
-54.9021	-349.08225
-55.18149746	-348.34734
-56.2991	-354.22662
-57.5564	-357.6562
-58.11520254	-357.6562
-58.8137	-360.84081
-59.37250254	-362.06566
-60.62980254	-365.0053
-60.76949746	-364.51536
-61.04890254	-365.74021
-61.60769746	-367.455
-62.02679746	-367.94494
-62.30620254	-369.16979
-62.5856	-368.43488
-63.4238	-371.86446
-63.98260254	-373.33428
-64.4017	-373.82422
-64.96049746	-376.02895
-65.79869746	-377.98871
-66.3575	-377.98871
-66.4972	-377.49877
-67.19569746	-379.7035
-67.61479746	-380.68338
-68.1736	-380.43841
-68.1736	-379.7035
-68.45299746	-379.7035
-68.45299746	-378.72362
-68.73240254	-379.94847
-68.87209746	-379.21356
-68.87209746	-378.23368
-69.0118	-363.78045
-69.0118	-363.78045
-68.87209746	-363.78045
-69.4309	-369.65973
-70.12939746	-376.02895
-70.54849746	-378.72362
-71.1073	-381.41829
-71.80579746	-383.86799
-72.50430254	-385.58278
-73.2028	-386.56266
-74.041	-389.5023
-74.8792	-389.99224
-75.8571	-391.952
-76.13649746	-389.25733
-76.97469746	-392.44194
-77.5335	-391.70703
-77.81289746	-391.21709
-78.23199746	-392.19697
-78.7908	-393.42182
-79.34960254	-392.68691
-79.76870254	-394.4017
-80.18780254	-392.93188
-80.60690254	-393.17685
-80.74659746	-391.952
-80.74659746	-390.48218
-80.8863	-390.23721
-81.16569746	-371.61949
-81.16569746	-371.61949
-81.02600254	-371.61949
-80.8863	-368.67985
-80.32749746	-362.06566
-79.629	-355.69644
-78.93050254	-347.61243
-78.09230254	-338.30357
-76.97469746	-326.54501
-75.71739746	-312.82669
-74.4601	-300.57819
-73.48219746	-291.26933
-71.80579746	-275.59125
-70.6882	-264.07766
-69.85	-256.72856
-68.73240254	-247.17473
-67.3354	-235.41617
-66.3575	-227.08719
-65.9384	-222.9227
-64.54139746	-211.40911
-63.70319746	-204.54995
-62.86499746	-196.95588
-61.60769746	-186.91211
-60.21070254	-174.66361
-58.95340254	-165.10978
-58.11520254	-158.98553
-57.1373	-151.14649
-55.60059746	-139.38793
-53.6448	-124.68973
-51.9684	-113.17614
-50.85080254	-106.31698
-50.292	-101.17261
-49.5935	-97.25309
-48.6156	-90.6389
-48.0568	-88.1892
-47.6377	-84.51465
-46.7995	-79.12531
-46.10099746	-74.47088
-44.9834	-67.36675
-43.8658	-59.77268
-43.0276	-54.87328
-42.1894	-49.97388
-41.4909	-47.27921
-40.2336	-40.17508
-39.116	-33.07095
-37.4396	-24.497
-36.1823	-19.10766
-35.0647	-13.47335
-34.3662	-10.77868
-33.9471	-9.06389
-33.3883	-5.87928
-32.131	0
-31.2928	3.91952
-30.1752	8.08401
-29.337	11.75856
-28.9179	11.75856
-28.0797	17.1479
-26.543	23.76209
-25.28569924	28.41652
-24.02839949	33.31592
-22.77109975	37.72538
-21.9329	39.68514
-21.23439924	42.37981
-20.81529924	44.58454
-19.83740051	48.50406
-18.99920076	51.4437
-17.8816	54.62831
-17.32279949	57.32298
-16.06549975	61.73244
-14.94790051	64.91705
-13.83029975	69.08154
-12.2936	75.45076
-10.7569	79.86022
-9.359899746	84.75962
-8.102600254	88.67914
-7.264400254	92.10872
-6.2865	95.5383
-5.588	98.72291
-4.6101	102.39746
-2.9337	109.25662
-1.397	117.09566
1.397	130.81398
5.7277	151.63643
6.985000254	154.57607
8.9408	164.61984
10.19809975	169.0293
12.15390025	178.09319
13.69059924	184.95235
15.92579924	193.5263
17.4625	199.16061
18.44040025	201.36534
19.41830051	205.7748
21.37409949	214.59372
22.49170025	218.0233
23.749	223.65761
25.14600025	228.06707
26.2636	231.74162
27.2415	235.1712
28.63849746	240.80551
29.337	241.78539
31.2928	249.8694
32.4104	254.03389
33.6677	257.70844
34.6456	260.64808
35.7632	265.79245
37.16019746	269.467
37.99840254	272.89658
38.9763	275.83622
39.6748	277.06107
40.6527	281.7155
42.04969746	286.36993
43.5864	291.75927
45.68189746	298.8634
47.9171	305.96753
50.0126	311.84681
51.5493	315.52136
52.3875	316.99118
53.6448	320.66573
54.62270254	324.58525
55.88	328.2598
56.9976	331.19944
58.3946	335.11896
59.6519	338.0586
60.76949746	341.48818
62.02679746	344.91776
62.5856	344.91776
63.14440254	347.8574
64.12229746	349.32722
64.96049746	352.7568
65.9384	353.73668
66.4972	354.96153
67.05599746	356.18638
67.47510254	357.16626
68.03389746	359.12602
68.45299746	359.12602
69.0118	360.59584
69.71029746	362.5556
70.54849746	365.25027
71.38669746	366.96506
72.08520254	368.92482
72.7837	369.16979
73.2028	369.65973
73.6219	370.88458
74.32039746	372.84434
74.8792	374.8041
75.8571	376.02895
76.41590254	376.76386
76.83500254	376.27392
77.1144	376.76386
77.25410254	376.76386
77.5335	377.00883
77.67320254	376.27392
77.9526	377.74374
78.23199746	377.74374
78.23199746	377.2538
78.51140254	377.74374
78.65109746	378.23368
78.7908	377.98871
79.07019746	378.23368
79.2099	379.21356
79.629	380.68338
79.90839746	380.92835
80.0481	380.68338
80.18780254	379.7035
80.18780254	379.21356
80.18780254	379.7035
80.4672	380.19344
80.60690254	380.68338
80.74659746	380.68338
80.74659746	380.43841
81.02600254	380.68338
81.02600254	379.94847
81.16569746	380.19344
81.16569746	380.68338
81.3054	380.92835
81.44510254	380.19344
81.44510254	380.19344
81.44510254	379.7035
81.44510254	379.7035
81.58479746	379.7035
81.44510254	379.7035
81.58479746	379.21356
81.7245	367.94494
81.7245	367.94494
81.58479746	367.94494
81.7245	367.94494
81.3054	364.02542
81.02600254	359.61596
80.18780254	348.34734
78.3717	326.78998
75.99680254	303.02789
73.3425	279.02083
70.82790254	256.72856
68.73240254	238.84575
66.21779746	218.26827
64.12229746	200.8754
60.9092	175.15355
57.5564	150.16661
55.88	139.6329
53.78450254	124.44476
53.08599746	120.0353
52.52720254	117.09566
51.82869746	111.70632
50.85080254	105.3371
49.4538	96.76315
48.895	93.57854
47.7774	86.47441
46.9392	80.8401
45.68189746	73.00106
44.704	68.83657
43.1673	58.30286
41.0718	48.01412
39.8145	41.6449
37.99840254	32.33604
36.32199746	24.74197
34.6456	16.16802
34.0868	16.16802
32.4104	7.3491
31.1531	1.71479
29.6164	-4.65443
28.0797	-10.77868
26.8224	-15.18814
25.7048	-19.35263
23.749	-26.9467
22.91080025	-28.17155
22.49170025	-30.37628
21.65350051	-33.56089
20.67560025	-37.48041
19.6977	-40.42005
18.71979975	-44.0946
17.32279949	-48.994
15.2273	-56.83304
12.9921	-63.44723
11.8745	-66.87681
10.61719949	-70.55136
10.0584	-72.51112
8.381999492	-78.88034
6.985000254	-82.30992
6.007099746	-85.7395
4.4704	-92.10872
2.9337	-97.49806
1.397	-103.86728
0.4191	-107.29686
-0.4191	-111.21638
-1.9558	-118.56548
-3.4925	-125.91458
-4.6101	-130.32404
-6.1468	-138.89799
-7.4041	-144.04236
-8.381999492	-148.69679
-10.0584	-157.02577
-11.45540025	-163.15002
-12.9921	-169.51924
-13.69059924	-172.45888
-15.2273	-178.8281
-16.48459975	-184.21744
-18.44040025	-192.05648
-20.53589975	-200.38546
-22.63139924	-207.73456
-24.1681	-214.10378
-26.2636	-221.94282
-27.1018	-223.41264
-28.63849746	-230.51677
-30.734	-237.6209
-32.68979746	-244.48006
-34.6456	-251.33922
-36.8808	-259.17826
-38.5572	-264.07766
-39.2557	-266.03742
-40.79239746	-271.9167
-42.3291	-277.30604
-44.5643	-284.65514
-46.2407	-289.79951
-47.7774	-294.94388
-49.1744	-299.35334
-51.1302	-305.72256
-53.2257	-313.07166
-55.3212	-317.72609
-56.7182	-322.87046
-57.9755	-326.78998
-59.6519	-331.68938
-61.7474	-337.56866
-62.44589746	-337.56866
-63.4238	-340.99824
-64.54139746	-344.18285
-65.9384	-348.59231
-67.47510254	-353.00177
-68.73240254	-355.2065
-69.57060254	-357.16626
-70.2691	-358.39111
-71.24700254	-361.33075
-72.50430254	-364.51536
-73.2028	-365.49524
-73.7616	-366.47512
-74.73949746	-368.92482
-75.438	-369.9047
-75.8571	-370.14967
-76.55559746	-372.10943
-77.5335	-374.8041
-77.9526	-373.82422
-78.3717	-375.29404
-78.93050254	-375.04907
-79.2099	-375.29404
-79.629	-376.27392
-79.90839746	-376.51889
-80.18780254	-376.76386
-80.32749746	-376.51889
-80.60690254	-377.00883
-80.74659746	-376.76386
-80.74659746	-375.78398
-80.8863	-375.29404
-80.8863	-374.8041
-81.02600254	-366.72009
-81.02600254	-366.47512
-81.16569746	-366.47512
-80.8863	-364.51536
-80.32749746	-357.6562
-79.629	-350.3071
-78.23199746	-336.09884
-76.2762	-314.29651
-74.32039746	-295.18885
-72.64399746	-279.02083
-71.24700254	-266.28239
-69.85	-253.54395
-67.19569746	-230.51677
-63.8429	-202.34522
-60.62980254	-176.13343
-57.5564	-152.86128
-55.46090254	-136.69326
-53.2257	-120.52524
-49.4538	-93.0886
-44.704	-62.46735
-40.2336	-37.48041
-37.8587	-25.23191
-35.2044	-11.75856
-32.5501	0
-29.7561	12.2485
-27.38119746	22.0473
-25.5651	28.41652
-22.07260051	43.11472
-18.85950025	52.66855
-16.34489924	61.2425
-14.66849975	67.12178
-12.573	74.22591
-10.61719949	80.10519
-10.33780025	79.61525
-8.9408	86.22944
-7.683500254	90.6389
-6.2865	95.5383
-5.1689	98.72291
-4.3307	101.90752
-3.632200254	105.82704
-2.374900076	110.2365
-1.5367	113.17614
-1.397	112.6862
-0.8382	116.11578
-0.2794	118.07554
-0.2794	116.60572
0	106.80692
0	106.56195
0	106.80692
0.2794	109.99153
0.9779	117.83057
1.397	122.485
1.816100076	126.40452
2.794	132.77374
3.7719	138.65302
4.8895	144.28733
5.867400254	148.69679
6.7056	152.86128
7.543799746	156.04589
8.5217	160.21038
9.499600254	165.59972
10.19809975	167.06954
10.61719949	168.53936
11.176	171.479
12.01419975	173.9287
12.573	176.62337
13.13180051	178.8281
13.55090051	180.05295
13.69059924	180.78786
14.24939975	182.74762
14.52880076	183.7275
15.08759949	187.15708
15.78610051	189.11684
16.90369975	194.01624
18.44040025	199.40558
19.55799949	204.30498
21.23439924	210.6742
22.352	213.85881
23.46960051	218.26827
24.72690025	222.43276
25.9842	226.59725
26.8224	229.53689
27.94	232.7215
29.05760254	237.13096
30.1752	240.31557
31.0134	242.03036
32.131	247.4197
33.52799746	252.07413
34.6456	255.25874
35.6235	257.70844
36.6014	260.40311
37.16019746	262.60784
38.1381	266.03742
38.8366	267.0173
40.0939	272.40664
41.0718	274.85634
42.3291	279.75574
44.0055	284.65514
45.26279746	289.0646
47.2186	295.43382
48.3362	297.88352
48.895	297.39358
50.0126	302.78292
51.26990254	306.2125
52.8066	310.62196
54.0639	314.05154
56.2991	319.93082
57.27699746	323.3604
58.11520254	324.58525
59.37250254	327.27992
59.79160254	328.2598
60.4901	331.19944
61.18859746	333.1592
62.44589746	336.58878
63.8429	340.5083
64.96049746	342.958
65.79869746	344.91776
67.19569746	349.32722
69.57060254	354.22662
70.54849746	356.67632
72.22489746	362.5556
73.2028	362.06566
73.90129746	363.04554
74.32039746	364.76033
75.0189	366.23015
75.71739746	366.96506
76.2762	368.43488
76.55559746	368.43488
77.1144	368.92482
77.5335	370.88458
78.23199746	373.33428
78.7908	372.59937
79.34960254	373.82422
79.76870254	374.31416
80.4672	377.00883
81.3054	378.47865
81.8642	378.23368
82.5627	380.68338
83.26119746	380.92835
83.82	382.1532
84.3788	383.13308
85.07729746	384.6029
85.77580254	384.6029
86.0552	384.11296
86.61400254	385.33781
86.8934	384.6029
86.8934	382.64314
87.3125	385.09284
87.45220254	384.11296
87.7316	384.6029
88.01099746	385.58278
88.29040254	385.09284
88.29040254	383.62302
88.43009746	383.13308
88.5698	383.13308
88.5698	383.62302
88.84919746	368.43488
88.84919746	368.43488
88.84919746	368.43488
88.84919746	368.43488
89.12860254	371.86446
89.408	374.8041
89.68739746	377.98871
90.10649746	380.68338
90.6653	384.6029
91.36379746	386.56266
91.9226	388.52242
92.4814	389.25733
93.17989746	390.48218
93.87840254	391.952
94.85629746	393.42182
96.11359746	396.36146
97.0915	395.87152
97.78999746	395.38158
98.3488	395.38158
99.04729746	395.87152
99.46639746	394.89164
99.7458	394.89164
100.0252	393.91176
100.7236975	396.36146
100.8634	394.4017
101.4222	395.87152
101.4222	393.91176
101.7016051	394.15673
102.1207051	372.84434
102.1207051	372.84434
102.1207051	372.84434
102.1207051	372.3544
101.0031	359.12602
99.7458	343.93788
98.3488	329.23968
97.0915	316.0113
95.97390254	306.2125
95.13570254	299.35334
93.7387	287.10484
92.7608	278.77586
92.3417	274.3664
91.6432	269.95694
91.0844	263.83269
90.2462	257.70844
89.408	249.37946
88.1507	239.58066
87.3125	233.21144
86.61400254	226.10731
85.217	215.5736
84.09939746	207.24462
83.82	205.03989
82.9818	198.4257
82.00389746	191.0766
81.02600254	183.48253
79.90839746	174.90858
79.2099	170.00918
78.23199746	162.90505
76.55559746	150.41158
74.4601	135.71338
73.06309746	126.40452
72.22489746	121.99506
71.80579746	119.30039
71.1073	114.15602
70.12939746	108.52171
69.0118	101.41758
67.89420254	94.55842
67.05599746	90.14896
66.63689746	88.1892
66.0781	85.24956
64.8208	77.16555
63.28409746	68.83657
62.02679746	62.71232
61.7474	62.22238
60.76949746	56.58807
59.6519	50.46382
56.9976	37.48041
54.62270254	27.92658
52.94630254	21.06742
51.9684	18.37275
51.40959746	16.41299
50.57139746	12.2485
48.3362	2.93964
46.3804	-3.91952
45.1231	-7.83904
44.4246	-9.06389
43.307	-15.18814
40.9321	-22.53724
38.8366	-28.66149
37.99840254	-30.86622
37.16019746	-33.56089
35.4838	-39.1952
34.0868	-43.60466
33.6677	-42.62478
32.4104	-48.01412
30.5943	-53.40346
28.7782	-58.54783
27.2415	-61.73244
26.2636	-64.18214
24.58719975	-69.57148
22.21229949	-74.96082
20.67560025	-79.12531
18.71979975	-84.02471
17.8816	-84.75962
16.76399924	-88.67914
14.94790051	-93.57854
13.13180051	-97.49806
12.01419975	-99.21285
11.73480025	-99.94776
11.176	-101.90752
9.918700254	-106.07201
8.381999492	-110.97141
7.124699746	-113.17614
5.4483	-118.56548
3.9116	-123.21991
3.3528	-123.95482
1.9558	-130.07907
-0.2794	-137.1832
-0.5588	-136.69326
-1.6764	-141.59266
-2.6543	-145.51218
-4.190999746	-152.12637
-5.867400254	-158.74056
-7.543799746	-164.37487
-8.9408	-170.25415
-10.0584	-174.41864
-11.59509975	-180.78786
-14.24939975	-190.58666
-15.6464	-194.50618
-17.32279949	-201.36534
-19.13889949	-206.99965
-20.67560025	-212.14402
-22.07260051	-217.04342
-23.46960051	-220.96294
-25.9842	-231.00671
-27.94	-235.41617
-29.337	-239.58066
-31.4325	-247.4197
-33.2486	-252.3191
-34.7853	-256.23862
-35.9029	-259.91317
-37.16019746	-264.07766
-38.2778	-265.54748
-39.116	-268.97706
-39.8145	-270.44688
-41.4909	-277.55101
-43.4467	-282.94035
-44.704	-286.12496
-46.10099746	-290.04448
-46.7995	-291.26933
-48.6156	-297.39358
-50.0126	-300.82316
-51.1302	-303.7628
-51.9684	-305.23262
-52.94630254	-308.90717
-53.92419746	-310.62196
-55.04180254	-314.78645
-56.2991	-318.461
-57.4167	-320.66573
-58.11520254	-321.64561
-59.51219746	-326.54501
-60.9092	-329.23968
-61.7474	-331.44441
-62.86499746	-334.62902
-63.70319746	-336.09884
-64.54139746	-337.81363
-65.1002	-339.03848
-65.9384	-341.97812
-67.19569746	-345.4077
-68.5927	-348.59231
-69.98970254	-351.28698
-71.1073	-353.24674
-71.80579746	-353.73668
-73.2028	-358.63608
-75.0189	-362.06566
-76.2762	-363.53548
-77.1144	-364.51536
-78.65109746	-367.94494
-79.76870254	-369.41476
-80.74659746	-370.14967
-81.8642	-371.86446
-82.42299746	-371.61949
-83.4009	-373.82422
-84.09939746	-373.82422
-84.7979	-374.31416
-85.07729746	-373.82422
-85.6361	-373.82422
-85.91549746	-374.06919
-86.4743	-375.29404
-86.8934	-375.78398
-87.45220254	-376.51889
-87.7316	-375.04907
-88.01099746	-375.78398
-88.29040254	-376.02895
-88.5698	-375.04907
-88.70950254	-375.78398
-88.9889	-375.53901
-89.12860254	-357.6562
-89.12860254	-357.6562
-89.12860254	-357.41123
-89.12860254	-357.41123
-89.408	-361.57572
-89.96680254	-365.0053
-90.38590254	-369.9047
-91.2241	-375.29404
-92.20199746	-377.2538
-92.4814	-377.00883
-93.17989746	-379.45853
-94.01809746	-380.43841
-94.85629746	-381.17332
-95.4151	-382.39817
-96.39300254	-382.64314
-96.95179746	-382.1532
-97.37089746	-382.1532
-97.78999746	-382.1532
-98.3488	-382.1532
-98.90760254	-383.13308
-99.46639746	-382.1532
-99.7458	-382.64314
-100.1649	-382.1532
-100.4443	-381.66326
-100.7236975	-381.17332
-100.8634	-380.19344
-101.0031	-379.7035
-101.1427975	-379.21356
-101.1427975	-378.72362
-101.1427975	-377.98871
-101.1427975	-377.2538
-101.2825	-377.00883
-101.4222	-377.00883
-101.4222	-355.69644
-101.4222	-355.94141
-101.5618975	-355.69644
-101.2825	-352.02189
-100.7236975	-346.63255
-100.0252	-340.01836
-99.46639746	-334.62902
-98.7679	-326.54501
-98.20909746	-321.89058
-97.9297	-318.95094
-97.23120254	-311.84681
-96.11359746	-300.33322
-95.13570254	-291.26933
-94.29750254	-283.18532
-93.7387	-277.30604
-92.4814	-267.99718
-91.0844	-255.25874
-90.10649746	-246.19485
-88.43009746	-232.7215
-87.7316	-226.59725
-86.8934	-219.49312
-85.91549746	-212.14402
-84.93759746	-203.81504
-83.82	-194.75115
-82.9818	-188.13696
-81.58479746	-178.09319
-80.18780254	-167.31451
-79.2099	-159.47547
-77.9526	-151.39146
-76.83500254	-142.57254
-75.0189	-130.07907
-73.7616	-121.99506
-72.22489746	-111.21638
-71.24700254	-106.31698
-70.40880254	-99.94776
-68.45299746	-88.67914
-67.3354	-81.81998
-66.21779746	-75.45076
-64.6811	-66.87681
-64.12229746	-63.6922
-62.86499746	-56.3431
-61.7474	-50.70879
-60.76949746	-45.56442
-60.21070254	-42.86975
-59.37250254	-38.21532
-58.3946	-33.56089
-57.69609746	-31.11119
-56.9976	-26.9467
-56.01969746	-22.53724
-54.76239746	-16.16802
-53.36540254	-10.04377
-52.24779746	-6.36922
-51.5493	-3.42958
-50.57139746	0.97988
-49.5935	4.40946
-48.895	7.59407
-48.1965	9.7988
-47.498	13.22838
-46.6598	16.65796
-45.5422	20.08754
-44.9834	22.0473
-43.8658	26.45676
-42.7482	30.13131
-41.7703	32.82598
-40.3733	38.70526
-39.2557	41.39993
-38.5572	42.62478
-37.4396	47.76915
-36.6014	49.97388
-34.2265	57.56795
-32.4104	61.2425
-30.5943	67.12178
-29.1973	70.06142
-28.21939746	73.491
-26.8224	76.43064
-25.5651	80.10519
-24.1681	83.77974
-23.19019975	85.24956
-21.5138	90.39393
-20.1168	94.06848
-17.60220051	100.4377
-15.08759949	106.31698
-12.85239949	111.70632
-10.19809975	117.5856
-8.5217	121.99506
-5.7277	130.81398
-3.0734	138.16308
-1.5367	142.0826
0.1397	147.96188
2.6543	155.55595
4.6101	160.70032
6.1468	165.59972
7.264400254	167.55948
8.661399746	173.68373
10.19809975	177.60325
11.45540025	181.2778
12.573	184.21744
13.4112	186.1772
13.97000025	187.64702
15.2273	192.30145
15.6464	193.28133
16.90369975	196.95588
18.44040025	202.10025
20.1168	206.01977
21.23439924	208.71444
22.21229949	210.6742
23.88870051	216.06354
25.14600025	218.0233
25.4254	217.04342
25.4254	215.5736
25.4254	214.59372
25.4254	214.34875
25.4254	213.85881
25.4254	213.61384
25.4254	213.1239
25.28569924	213.1239
25.4254	212.87893
25.4254	212.38899
25.4254	212.38899
25.4254	212.14402
25.4254	211.89905
25.4254	211.89905
25.4254	211.65408
25.4254	211.65408
25.4254	211.65408
25.4254	211.40911
25.4254	211.16414
25.4254	211.16414
25.4254	211.16414
25.4254	211.16414
25.4254	210.6742
25.4254	210.6742
25.4254	210.6742
25.5651	213.61384
26.2636	218.75821
27.2415	222.9227
28.21939746	225.86234
29.4767	228.80198
30.5943	232.7215
31.5722	235.66114
32.131	234.68126
33.2486	239.09072
34.3662	242.03036
35.2044	243.74515
36.32199746	246.92976
37.16019746	248.88952
38.1381	251.33922
39.3954	254.7688
40.9321	258.44335
41.63059746	258.68832
43.0276	263.34275
44.4246	266.03742
45.68189746	269.95694
48.0568	275.34628
49.8729	279.2658
51.1302	281.22556
52.52720254	284.1652
53.2257	285.63502
54.34329746	287.83975
55.18149746	288.57466
56.01969746	291.02436
56.9976	293.964
58.11520254	296.4137
59.51219746	298.37346
61.04890254	302.29298
62.44589746	305.23262
63.70319746	307.68232
65.1002	311.1119
66.0781	311.60184
67.47510254	315.52136
69.0118	318.95094
70.6882	322.38052
72.3646	324.09531
73.48219746	327.27992
74.5998	328.2598
76.2762	332.17932
77.67320254	335.11896
79.2099	336.58878
80.60690254	339.03848
82.00389746	340.5083
83.4009	342.46806
84.7979	345.4077
86.33459746	346.87752
87.7316	347.8574
89.12860254	349.81716
90.805	351.53195
91.9226	351.77692
93.17989746	352.02189
94.1578	352.7568
95.55480254	353.73668
96.81210254	354.22662
97.5106	353.24674
98.06940254	352.26686
98.3488	351.04201
98.90760254	352.26686
99.46639746	353.00177
100.0252	353.24674
100.8634	354.22662
101.0031	351.77692
101.4222	353.24674
101.8413	351.77692
101.8413	349.81716
101.9809975	348.34734
102.2604	322.38052
102.2604	322.38052
102.2604	322.13555
102.1207051	321.40064
101.1427975	309.64208
100.0252	297.88352
98.62819746	283.92023
97.5106	272.40664
96.39300254	263.58772
95.27539746	253.78892
94.5769	247.90964
93.3196	237.13096
91.36379746	222.43276
89.8271	210.6742
88.29040254	198.91564
86.75369746	187.64702
85.35670254	176.86834
84.65819746	172.94882
83.5406	163.63996
81.58479746	149.92164
79.2099	133.01871
76.83500254	117.5856
75.0189	106.31698
72.64399746	93.0886
71.24700254	84.26968
69.57060254	75.69573
68.45299746	70.06142
67.19569746	62.71232
65.659	55.36322
63.98260254	47.52418
62.44589746	40.66502
60.76949746	32.82598
59.37250254	27.68161
57.9755	21.55736
56.2991	16.16802
55.3212	11.26862
53.6448	5.38934
51.82869746	-1.46982
49.8729	-7.83904
48.1965	-13.22838
46.10099746	-20.08754
44.9834	-22.78221
43.8658	-26.45676
42.1894	-31.35616
41.0718	-33.80586
40.2336	-35.76562
39.2557	-39.1952
38.2778	-41.6449
37.16019746	-44.82951
35.7632	-48.25909
33.8074	-54.13837
31.85159746	-58.30286
30.8737	-59.52771
29.6164	-63.20226
28.63849746	-64.91705
27.6606	-67.12178
26.543	-70.55136
24.58719975	-75.20579
22.91080025	-79.12531
21.09470025	-82.30992
20.1168	-83.77974
18.99920076	-86.71938
17.60220051	-90.39393
15.36700051	-95.5383
12.9921	-99.45782
11.59509975	-101.66255
10.19809975	-104.35722
9.220200254	-107.54183
7.8232	-109.74656
6.985000254	-110.72644
6.007099746	-113.91105
4.190999746	-118.07554
2.794	-122.24003
1.397	-125.66961
0	-129.8341
-1.6764	-133.26368
-1.816100076	-133.01871
-2.794	-136.93823
-4.0513	-140.61278
-4.749800254	-141.59266
-5.4483	-144.28733
-6.845299746	-147.96188
-8.102600254	-152.12637
-10.0584	-157.27074
-11.31569975	-160.21038
-12.71270051	-165.35475
-14.24939975	-168.29439
-14.8082	-169.27427
-15.6464	-171.479
-16.48459975	-173.43876
-17.18310051	-175.39852
-18.30069975	-178.8281
-19.2786	-181.52277
-21.23439924	-187.15708
-22.63139924	-189.60678
-24.02839949	-193.5263
-25.5651	-196.95588
-26.543	-199.16061
-27.38119746	-201.12037
-28.7782	-204.79492
-29.6164	-206.75468
-30.4546	-208.46947
-31.85159746	-213.61384
-33.2486	-216.06354
-34.5059	-219.49312
-35.7632	-222.18779
-37.16019746	-226.35228
-38.5572	-229.29192
-39.6748	-232.23156
-41.63059746	-237.86587
-43.0276	-240.31557
-44.1452	-243.25521
-45.26279746	-246.43982
-47.2186	-251.82916
-48.4759	-252.80904
-49.4538	-255.74868
-51.1302	-260.40311
-52.94630254	-264.81257
-54.20360254	-267.50724
-55.3212	-268.97706
-56.01969746	-270.44688
-57.8358	-275.83622
-59.37250254	-279.51077
-61.04890254	-282.69538
-61.7474	-283.67526
-63.0047	-286.36993
-63.56350254	-286.12496
-64.54139746	-290.04448
-65.659	-291.75927
-66.3575	-293.47406
-67.89420254	-296.90364
-69.29119746	-299.84328
-70.40880254	-301.3131
-72.08520254	-305.23262
-73.90129746	-308.6622
-75.15859746	-309.39711
-76.55559746	-313.31663
-77.9526	-314.54148
-79.34960254	-316.99118
-80.32749746	-316.99118
-81.3054	-318.70597
-82.7024	-322.13555
-83.82	-322.13555
-84.65819746	-323.11543
-85.07729746	-321.89058
-85.91549746	-324.58525
-87.17279746	-326.30004
-88.29040254	-327.27992
-89.68739746	-328.74974
-90.52559746	-328.2598
-91.6432	-329.72962
-92.20199746	-328.2598
-92.7608	-329.23968
-93.7387	-330.7095
-94.85629746	-331.44441
-95.69449746	-330.95447
-96.39300254	-328.2598
-96.6724	-327.03495
-96.95179746	-326.78998
-97.78999746	-329.23968
-98.20909746	-328.01483
-98.62819746	-328.2598
-99.04729746	-328.50477
-99.88549746	-329.23968
-100.3045975	-329.23968
-100.584	-327.76986
-100.7236975	-326.54501
-101.0031	-326.54501
-101.1427975	-326.30004
-101.2825	-325.8101
-101.4222	-298.61843
-101.4222	-298.61843
-101.4222	-298.61843
-100.584	-289.79951
-99.7458	-281.22556
-98.7679	-272.40664
-97.5106	-260.64808
-96.39300254	-250.60431
-94.71660254	-235.66114
-92.9005	-219.73809
-91.2241	-206.75468
-89.26829746	-192.54642
-87.45220254	-177.35828
-85.49639746	-163.88493
-84.51849746	-156.53583
-82.42299746	-141.59266
-79.76870254	-122.72997
-77.39379746	-107.29686
-74.73949746	-91.12884
-73.3425	-83.77974
-70.54849746	-67.12178
-67.7545	-52.42358
-65.79869746	-43.60466
-64.4017	-37.23544
-63.28409746	-32.33604
-60.9092	-21.31239
-58.95340254	-12.73844
-56.7182	-4.40946
-54.62270254	3.18461
-52.94630254	8.32898
-51.1302	14.94317
-49.31409746	21.06742
-47.2186	26.9467
-45.4025	32.82598
-43.307	37.72538
-42.46879746	38.70526
-40.9321	43.11472
-39.2557	47.03424
-37.2999	51.93364
-35.4838	55.85316
-33.52799746	59.28274
-32.131	62.22238
-30.4546	66.1419
-28.21939746	70.06142
-26.1239	73.491
-24.86659924	76.18567
-23.749	77.41052
-22.77109975	79.37028
-20.95499975	83.77974
-18.99920076	88.1892
-16.20520025	93.33357
-14.10969924	97.00812
-12.15390025	100.92764
-10.47749975	104.35722
-7.8232	110.2365
-5.308599746	115.62584
-3.0734	120.52524
-0.9779	124.9347
1.1176	129.58913
1.816100076	129.34416
1.9558	128.85422
2.2352	130.07907
3.7719	135.22344
5.0292	137.42817
6.1468	140.12284
7.543799746	143.06248
9.778999746	148.45182
12.71270051	153.84116
14.8082	157.76068
17.32279949	162.66008
18.16099924	163.88493
19.6977	167.31451
20.67560025	168.53936
23.19019975	174.90858
24.72690025	177.35828
27.1018	182.74762
29.6164	188.13696
31.1531	189.36181
33.2486	194.99612
35.3441	198.91564
37.57929746	204.30498
39.116	206.26474
40.2336	208.46947
41.7703	211.65408
43.307	214.59372
44.4246	216.30851
45.8216	219.98306
47.2186	222.43276
48.6156	226.10731
50.0126	228.31204
51.9684	233.21144
53.36540254	235.1712
54.76239746	238.11084
55.60059746	238.35581
56.43879746	240.0706
56.9976	240.80551
57.9755	243.50018
58.67399746	244.48006
59.79160254	246.92976
60.4901	248.39958
61.46800254	251.09425
63.4238	254.7688
64.54139746	256.72856
66.21779746	260.64808
68.1736	263.58772
69.85	266.28239
70.6882	267.0173
71.5264	267.99718
72.7837	271.42676
74.5998	274.85634
76.13649746	277.06107
77.5335	278.77586
79.07019746	281.22556
80.0481	281.7155
81.02600254	283.43029
82.9818	286.12496
84.93759746	288.08472
86.61400254	289.55454
88.1507	290.04448
89.54770254	291.5143
90.52559746	290.04448
91.36379746	291.5143
92.20199746	291.02436
93.04019746	293.47406
94.71660254	294.45394
95.97390254	294.45394
96.95179746	293.964
97.78999746	293.47406
98.3488	292.73915
98.90760254	292.00424
99.187	291.5143
99.6061	291.02436
99.88549746	290.53442
100.3045975	290.53442
100.584	290.53442
100.7236975	289.55454
100.8634	288.81963
101.1427975	289.0646
101.2825	288.57466
101.4222	288.08472
101.4222	287.59478
101.7016051	287.59478
101.7016051	287.34981
101.7016051	286.85987
101.7016051	286.12496
101.7016051	285.39005
101.8413	285.39005
101.8413	285.14508
101.9809975	285.14508
101.8413	267.50724
101.8413	267.50724
101.8413	267.50724
101.8413	267.0173
100.7236975	255.25874
99.6061	244.48006
98.62819746	235.1712
97.23120254	221.94282
96.2533	215.32863
95.13570254	206.75468
93.7387	196.95588
92.7608	190.09672
91.6432	182.01271
90.38590254	173.9287
89.408	167.55948
87.7316	155.06601
85.49639746	140.12284
83.5406	128.36428
82.7024	123.21991
81.02600254	113.91105
79.34960254	103.13237
77.81289746	94.55842
76.2762	86.71938
74.32039746	76.18567
72.64399746	67.85669
70.82790254	59.77268
69.85	56.83304
68.31330254	48.994
66.4972	41.6449
64.262	32.82598
62.1665	25.96682
60.76949746	21.31239
59.37250254	16.65796
56.9976	8.81892
55.3212	4.40946
53.08599746	-1.95976
50.99049746	-7.3491
50.0126	-9.7988
47.9171	-14.6982
46.9392	-16.90293
45.26279746	-20.82245
43.8658	-23.51712
42.3291	-27.43664
40.9321	-29.88634
38.6969	-34.54077
36.6014	-38.21532
34.6456	-42.13484
32.4104	-45.56442
31.5722	-45.80939
30.4546	-48.74903
28.21939746	-52.91352
26.4033	-55.60819
24.02839949	-59.77268
22.63139924	-61.2425
19.97709949	-66.1419
16.90369975	-70.55136
15.2273	-72.75609
13.4112	-75.9407
11.73480025	-78.88034
9.499600254	-83.77974
6.426199746	-88.67914
4.6101	-91.37381
3.632200254	-93.0886
2.2352	-94.31345
0.4191	-98.47794
-0.8382	-100.4377
-1.816100076	-102.15249
-3.0734	-104.35722
-4.3307	-106.07201
-6.007099746	-109.50159
-8.102600254	-112.19626
-8.9408	-113.17614
-10.0584	-115.1359
-11.73480025	-117.83057
-13.83029975	-121.50512
-16.06549975	-124.68973
-18.16099924	-127.3844
-19.97709949	-130.07907
-21.09470025	-131.30392
-22.49170025	-133.99859
-23.88870051	-136.44829
-25.14600025	-138.16308
-27.1018	-142.0826
-29.05760254	-145.51218
-30.8737	-148.69679
-33.3883	-153.35122
-35.2044	-156.04589
-36.4617	-157.76068
-38.5572	-163.39499
-39.9542	-163.88493
-40.2336	-163.39499
-41.3512	-166.5796
-42.46879746	-169.76421
-44.4246	-173.9287
-46.6598	-178.58313
-47.498	-179.31804
-49.31409746	-183.7275
-51.68900254	-188.13696
-53.92419746	-192.54642
-55.60059746	-196.46594
-57.5564	-199.65055
-58.8137	-201.85528
-60.071	-204.79492
-61.46800254	-207.73456
-64.262	-214.10378
-66.4972	-217.53336
-67.7545	-219.49312
-69.4309	-222.43276
-70.40880254	-224.14755
-73.06309746	-229.04695
-74.5998	-230.51677
-76.41590254	-233.21144
-77.5335	-234.19132
-78.65109746	-234.43629
-79.48929746	-236.15108
-80.4672	-236.64102
-81.7245	-239.58066
-83.1215	-240.80551
-83.9597	-240.0706
-85.49639746	-243.50018
-87.7316	-246.19485
-89.8271	-247.17473
-90.38590254	-244.48006
-91.2241	-245.94988
-93.17989746	-250.11437
-95.69449746	-250.35934
-96.81210254	-248.39958
-98.06940254	-249.62443
-98.90760254	-245.94988
-99.6061	-246.43982
-100.1649	-245.45994
-100.4443	-244.97
-100.8634	-245.45994
-101.1427975	-243.50018
-101.4222	-223.90258
-101.4222	-223.90258
-101.4222	-223.90258
-101.4222	-223.90258
-101.1427975	-221.45288
-100.8634	-219.00318
-100.0252	-210.42923
-99.187	-203.3251
-98.06940254	-194.75115
-97.0915	-185.68726
-95.97390254	-178.33816
-94.43719746	-166.5796
-92.9005	-156.04589
-91.0844	-145.02224
-89.54770254	-134.24356
-88.01099746	-125.42464
-86.75369746	-116.60572
-85.217	-107.7868
-83.9597	-100.92764
-82.42299746	-91.12884
-80.74659746	-82.30992
-78.7908	-71.0413
-76.6953	-60.75256
-75.15859746	-53.64843
-73.48219746	-45.80939
-72.92340254	-43.60466
-71.66610254	-38.21532
-70.6882	-34.2958
-69.85	-30.86622
-68.5927	-25.47688
-67.05599746	-20.08754
-65.9384	-16.41299
-64.54139746	-11.26862
-62.86499746	-5.38934
-60.9092	0.48994
-59.09309746	5.38934
-57.8358	8.57395
-56.5785	11.75856
-55.04180254	15.67808
-53.08599746	20.57748
-50.85080254	25.23191
-48.6156	28.66149
-47.0789	31.60113
-45.9613	33.80586
-43.8658	37.23544
-42.1894	39.44017
-40.513	42.13484
-38.8366	43.84963
-37.4396	45.56442
-36.4617	47.03424
-35.6235	47.52418
-34.0868	49.72891
-31.9913	52.17861
-30.1752	53.8934
-29.337	54.38334
-28.0797	55.85316
-26.543	58.30286
-25.4254	59.03777
-24.58719975	59.28274
-23.749	60.26262
-22.07260051	62.71232
-20.53589975	63.93717
-19.2786	65.65196
-17.4625	66.63184
-15.6464	69.08154
-14.24939975	70.55136
-11.73480025	73.491
-9.499600254	75.45076
-8.102600254	76.92058
-6.565900254	79.37028
-4.190999746	82.30992
-2.2352	84.26968
-1.1176	85.24956
0.2794	87.45429
2.2352	90.6389
4.3307	93.0886
5.7277	94.06848
7.543799746	97.00812
9.918700254	99.70279
11.59509975	101.41758
12.85239949	102.8874
15.6464	107.7868
16.48459975	107.7868
17.0434	108.27674
18.16099924	110.72644
19.2786	112.6862
20.25650025	113.17614
21.23439924	114.89093
23.32990025	119.05542
25.00629975	121.50512
26.8224	124.44476
27.6606	124.44476
28.63849746	127.13943
30.0355	129.34416
31.7119	132.03883
33.52799746	135.22344
35.0647	137.67314
36.0426	139.14296
37.16019746	140.85775
38.5572	144.04236
40.0939	146.73703
41.3512	148.45182
42.6085	151.39146
44.0055	153.84116
45.5422	156.7808
47.3583	160.21038
49.5935	164.37487
51.26990254	166.5796
52.24779746	167.06954
53.2257	169.51924
53.92419746	170.74409
55.04180254	172.94882
56.9976	177.84822
59.2328	181.76774
60.76949746	184.70738
62.30620254	187.15708
64.12229746	190.58666
66.9163	196.71091
69.4309	200.38546
70.82790254	202.34522
72.22489746	204.54995
74.4601	208.2245
76.83500254	212.14402
78.51140254	212.63396
79.48929746	213.61384
81.02600254	216.55348
82.42299746	218.0233
83.82	219.98306
85.49639746	221.94282
86.4743	221.45288
87.17279746	220.22803
88.29040254	222.67773
90.10649746	225.3724
91.78289746	226.59725
92.62109746	226.59725
93.17989746	226.59725
93.87840254	226.84222
94.71660254	228.31204
95.55480254	228.80198
96.53269746	229.78186
96.95179746	228.31204
97.5106	229.29192
98.62819746	231.74162
99.6061	231.74162
100.3045975	231.74162
100.7236975	230.76174
101.1427975	231.74162
101.8413	232.47653
102.4000975	232.7215
103.3780051	234.19132
103.9368	233.21144
104.775	234.68126
106.1719949	236.15108
107.1499025	236.64102
107.5690025	234.19132
108.4072025	236.15108
109.2454025	232.23156
109.8042	231.74162
110.6423975	232.96647
111.7600025	234.19132
112.3187975	233.70138
113.4364025	234.68126
113.9951975	233.70138
114.4142975	233.21144
114.9730924	233.70138
115.3921924	233.21144
115.8112924	232.7215
116.2304051	233.21144
117.0686051	234.43629
117.6274	234.19132
118.1861975	233.70138
118.4656	233.21144
119.0243975	233.70138
119.4434975	233.70138
119.8625975	233.45641
120.2816975	233.70138
120.8405051	231.49665
121.2596051	231.25168
121.5389949	230.76174
121.5389949	228.80198
121.5389949	227.8221
121.8184	228.80198
121.9580949	228.31204
122.0978051	227.8221
122.0978051	226.84222
122.0978051	226.35228
122.2375	226.35228
122.0978051	225.3724
122.2375	224.88246
122.2375	224.39252
122.2375	224.39252
122.2375	223.90258
105.7528949	101.90752
105.0544051	98.47794
104.4955949	95.5383
103.0986	89.16908
102.2604	84.26968
101.7016051	82.79986
100.4443	75.20579
97.0915	60.26262
96.2533	57.32298
91.78289746	38.95023
90.10649746	34.05083
88.5698	28.41652
87.45220254	24.497
85.49639746	19.5976
84.51849746	16.16802
83.26119746	12.73844
82.5627	11.75856
81.7245	9.30886
80.8863	7.3491
80.4672	5.87928
79.90839746	4.8994
79.76870254	5.38934
79.48929746	3.91952
79.07019746	3.42958
78.93050254	2.93964
78.7908	2.93964
78.3717	1.71479
78.23199746	1.95976
77.9526	0.97988
77.9526	1.22485
77.9526	1.22485
77.5335	0
