"Xiao 1998,Specimen Nr.HC4-8L16-T10-0.2P"	
837	
0	0
0	0
-0.003175	-0.26688
0.076073	-4.2256
0.0918845	-4.47024
0.123571	-4.98176
0.4498975	33.67136
0.830199	71.30144
1.067816	89.1824
0.8809355	64.18464
0.551307	29.44576
0.266192	-3.15808
-0.107823	-44.21312
-0.424561	-75.79392
-0.64008	-95.49856
-0.462661	-69.96704
-0.231394	-43.67936
-0.009525	-19.21536
0.2281555	10.008
0.779526	64.45152
1.3561695	111.28896
1.688846	132.59488
1.2959715	92.60736
0.814324	50.52928
0.386588	8.13984
-0.034925	-36.56256
-0.402463	-74.45952
-0.779526	-108.93152
-1.143889	-136.5536
-1.181862	-139.17792
-0.754126	-97.61136
-0.399288	-62.62784
-0.120396	-32.11456
0.1457325	0.53376
0.440436	29.97952
0.776351	61.02656
1.159764	93.408
1.628648	128.41376
2.141982	160.75072
2.531745	179.16544
2.3162895	155.2352
1.90754	122.85376
1.4481175	88.38176
0.9981565	53.932
0.611505	20.26064
0.323215	-7.1168
-0.114046	-48.928
-0.506984	-85.75744
-0.896747	-119.96256
-1.349883	-153.38928
-1.717421	-175.74048
-1.726946	-175.20672
-1.378331	-143.40352
-1.017143	-114.9808
-0.64008	-83.13312
-0.32639	-52.35296
-0.0508	-22.10656
0.2186305	5.7824
0.557657	37.3632
0.8650605	64.45152
1.384681	101.81472
1.974088	141.26848
2.6109295	181.0336
3.238373	209.1672
3.9798625	238.90208
4.1572815	244.95136
4.4107735	249.15472
3.998849	218.35232
3.336544	177.87552
2.655316	136.5536
1.942338	92.34048
1.1787505	41.32192
0.513334	-8.94048
-0.158496	-66.80896
-0.849249	-120.22944
-1.476629	-163.64192
-2.012188	-195.4896
-2.674366	-223.91232
-3.438017	-250.46688
-3.542665	-253.0912
-3.171825	-223.91232
-2.655316	-194.42208
-2.123059	-165.48784
-1.644523	-136.82048
-1.181862	-107.59712
-0.804926	-77.88448
-0.443611	-47.90496
-0.114046	-18.6816
0.2154555	9.20736
0.589407	38.67536
0.9918065	67.87648
1.4195425	94.69792
2.0437475	129.97056
2.6299795	161.0176
3.1939865	189.17344
3.846703	220.75424
4.4646215	249.15472
5.313807	276.53216
6.039485	290.18752
5.522976	253.0912
5.0381535	225.736
4.559681	199.69296
3.951351	167.60064
3.377819	137.59888
2.810637	108.93152
2.135632	73.65888
1.387856	33.40448
0.8523605	0
0.3517265	-35.76192
-0.218694	-76.03856
-0.760476	-112.0896
-1.324483	-144.42656
-2.018411	-180.23296
-2.680716	-212.8368
-3.352419	-243.35008
-4.12877	-272.30656
-4.971669	-293.07872
-4.591431	-263.89984
-4.002024	-235.21024
-3.403219	-206.25376
-2.734564	-174.96208
-2.075561	-143.40352
-1.444879	-109.70992
-0.95377	-76.2832
-0.462661	-41.32192
0	-6.04928
0.392938	22.64032
0.9791065	61.02656
1.5335885	92.87424
2.2275165	128.41376
2.981706	163.10816
3.7073205	194.68896
4.540631	230.22848
5.361305	263.36608
6.289802	290.98816
6.359525	289.16448
6.020435	264.92288
5.443728	232.8528
4.857496	201.53888
4.230116	171.0256
3.539363	136.82048
2.7599005	99.72416
1.90754	58.40224
1.140714	17.10256
0.6020435	-16.32416
0.0189865	-54.17664
-0.544957	-89.44928
-1.074166	-120.22944
-1.758569	-154.43456
-2.424049	-184.1472
-3.219323	-217.59616
-3.973576	-248.6432
-4.654804	-276.53216
-5.500878	-301.77456
-5.757418	-304.93264
-5.269484	-275.9984
-4.743577	-251.00064
-4.188968	-226.80352
-3.48234	-196.268
-2.585593	-158.1264
-1.815719	-123.92128
-1.194562	-89.44928
-0.62738	-52.61984
-0.120396	-15.52352
0.367538	17.88096
0.8998585	53.1536
1.5621635	88.91552
2.271903	122.85376
3.159125	163.10816
4.002024	198.64768
4.825873	231.78528
5.627497	262.29856
5.576824	238.6352
5.329682	226.53664
4.337939	175.4736
3.336544	127.88
2.3701375	82.59936
1.4449425	36.56256
0.716153	-6.31616
0.120396	-43.67936
-0.491109	-82.0656
-1.093216	-115.78144
-1.904365	-154.16768
-2.728214	-187.57216
-3.51409	-219.41984
-4.233291	-246.77504
-5.130038	-284.40512
-5.67817	-302.04144
-5.053965	-266.79104
-4.322064	-233.38656
-3.596386	-202.07264
-2.86766	-171.29248
-2.008886	-134.4408
-1.425956	-103.92752
-0.93472	-72.36896
-0.424688	-36.0288
0.1711325	5.7824
0.877697	52.61984
1.5589885	89.44928
2.2529165	123.6544
3.15595	163.64192
3.7611685	187.30528
4.7276385	224.1792
5.5292625	254.4256
6.3246	280.71328
6.422898	283.1152
5.7732295	243.35008
5.152263	211.28
4.591431	183.39104
3.81508	145.76096
3.0735905	110.7552
2.2940645	75.79392
1.302258	26.04304
0.6654165	-11.5648
0.0918845	-47.3712
-0.488061	-82.59936
-1.121791	-116.5376
-1.93929	-154.43456
-2.702941	-185.4816
-3.339719	-210.47936
-3.935476	-235.47712
-4.949444	-274.39712
-6.033135	-309.40288
-6.178931	-310.98192
-5.294884	-266.25728
-4.280916	-222.57792
-2.832862	-163.37504
-2.237105	-139.17792
-1.473454	-102.0816
-0.770001	-57.33472
-0.304165	-25.7984
0.231267	11.03104
0.868172	52.08608
1.5335885	87.6256
2.230755	121.29696
3.114802	161.0176
3.7041455	183.65792
4.366387	209.1672
5.1585495	238.36832
6.1345445	273.8856
7.3132315	302.55296
8.4856955	314.40688
8.5933915	299.92864
8.2036285	274.13024
7.8329155	251.00064
6.9298185	207.58816
5.9823985	164.97632
4.9938305	124.45504
3.979799	86.2912
2.962656	48.1496
1.977263	12.63232
1.0615295	-24.19712
0.5291455	-49.72864
-0.063373	-79.70816
-0.741553	-113.11264
-1.394333	-142.86976
-2.167382	-173.38304
-2.864485	-200.22672
-3.536188	-225.20224
-4.226941	-250.46688
-5.190236	-283.09296
-6.444996	-314.40688
-7.674483	-317.0312
-9.046464	-318.61024
-9.208135	-317.8096
-8.732901	-278.8896
-7.788656	-240.99264
-6.866509	-206.52064
-5.906389	-174.18368
-4.936744	-143.91504
-3.80238	-109.70992
-2.671191	-76.2832
-1.609725	-46.0368
-0.703453	-14.21136
0.060198	17.10256
0.8080375	50.79616
1.669923	88.38176
2.585593	125.25568
3.5076765	159.6832
4.3632755	188.90656
5.183886	212.8368
6.147181	239.43584
7.1960105	263.89984
8.5965665	291.25504
8.979916	294.41312
8.1972785	249.39936
7.3259315	209.9456
6.5052575	174.45056
5.6877585	139.97856
4.7878365	108.66464
3.678809	72.63584
2.8105735	42.34496
2.069084	17.10256
1.403731	-7.38368
0.7889875	-32.87072
0.0380365	-66.56432
-0.750951	-99.99104
-1.543177	-129.97056
-2.500122	-161.81824
-3.545713	-193.64368
-4.489958	-220.22048
-5.503926	-245.99664
-6.635242	-271.50592
-8.292338	-300.4624
-9.160637	-308.86912
-8.602853	-273.61872
-7.836154	-242.83856
-7.037578	-213.63744
-6.080633	-180.76672
-5.104765	-151.81024
-4.15417	-123.12064
-3.216275	-96.03232
-2.211832	-65.51904
-1.276985	-36.56256
-0.459486	-5.7824
0.240792	23.17408
0.9918065	55.77792
1.707896	85.75744
2.471547	116.5376
3.238373	145.2272
4.13512	175.20672
4.930394	201.272
5.944362	226.80352
7.5794235	266.52416
10.0477955	300.99616
10.2220395	297.03744
9.8988245	277.82208
8.5806915	217.0624
7.351268	166.26624
6.2454155	124.9888
5.0413285	87.09184
3.8942645	53.42048
2.911983	25.7984
1.9898995	0.53376
1.1724005	-28.6896
0.3390265	-60.24816
-0.551434	-93.94176
-1.413256	-124.45504
-2.446274	-156.54736
-3.659759	-189.68496
-4.759325	-216.79552
-5.871591	-241.25952
-7.177024	-267.30256
-8.960993	-297.03744
-10.320274	-302.81984
-9.436227	-264.41136
-8.834247	-240.72576
-8.26389	-217.8408
-7.471664	-188.90656
-6.543294	-160.75072
-5.41528	-129.16992
-4.188968	-97.61136
-2.702941	-63.40624
-1.112266	-22.37344
-0.256667	5.51552
-0.076073	1.06752
0.506984	32.11456
1.1724005	60.24816
1.967738	92.60736
2.8866465	126.5456
3.910076	161.28448
4.9652555	193.64368
6.0711715	219.9536
7.3259315	245.21824
8.8437085	275.19776
11.1885095	302.30832
12.0060085	302.81984
11.8000145	287.5632
11.09345	253.0912
10.2252145	209.67872
8.8943815	158.1264
7.4526775	112.868
5.947537	72.36896
4.44881	34.472
2.642616	-7.36144
1.1851005	-47.63808
-0.095123	-89.71616
-1.258062	-129.16992
-2.439924	-163.64192
-3.865753	-198.91456
-5.228336	-227.8488
-6.67004	-252.84656
-8.330438	-278.62272
-10.881233	-304.39888
-12.113768	-306.77856
-11.75258	-282.04768
-11.166348	-258.0952
-10.532618	-234.16496
-9.778492	-208.12192
-8.726551	-174.42832
-7.658735	-145.76096
-6.3754	-113.91328
-5.038217	-82.86624
-3.266948	-47.10432
-1.682623	-16.85792
-0.316865	16.32416
1.4829155	72.10208
3.029204	122.07536
4.4709715	163.64192
5.820791	198.3808
7.5571985	232.05216
9.3538675	259.16272
11.5117245	288.36384
12.0250585	276.53216
10.6751755	215.99488
9.5946595	174.96208
8.5902165	140.75696
7.173849	101.03632
5.706745	63.1616
3.4538285	10.008
1.4670405	-38.92
-0.199644	-90.24992
-1.777619	-138.37728
-3.022854	-169.95808
-4.432935	-200.73824
-6.201029	-231.00688
-7.953375	-256.24928
-10.022459	-282.31456
-12.063095	-299.39488
-11.236071	-257.58368
-9.873615	-211.01312
-8.625078	-172.07088
-7.294245	-137.59888
-5.554599	-96.03232
-3.843655	-60.00352
-2.208657	-28.42272
-0.779526	3.95872
0.380238	35.00576
1.9835495	86.02432
3.9671625	146.27248
5.694045	191.53088
8.479282	244.68448
10.5706545	271.26128
12.544679	295.4584
11.654282	237.05616
10.0889435	177.07488
8.4096225	124.45504
6.6288285	79.1744
4.5691425	31.31392
2.740914	-9.20736
1.2484735	-47.90496
-0.069723	-87.35872
-1.29921	-125.50032
-2.937383	-166.8
-4.553331	-200.20448
-6.574917	-232.8528
-8.812022	-261.78704
-11.030077	-286.7848
-11.987022	-294.41312
-11.236071	-255.47088
-10.48512	-229.16096
-9.724644	-203.89632
-8.88492	-178.12016
-7.721981	-146.02784
-6.498971	-116.02608
-4.670552	-76.03856
-2.443099	-32.3592
-0.402463	13.16608
1.6762095	73.392
3.4728785	126.27872
5.187061	173.11616
6.7587495	207.32128
8.4127975	235.744
10.833608	268.8816
14.971903	310.71504
17.345152	318.87712
15.786227	248.37632
15.20952	226.26976
13.723493	176.54112
12.490831	142.86976
11.4515265	118.40576
10.260076	92.0736
9.002141	67.6096
7.531862	42.3672
5.3391435	6.58304
2.889758	-32.62608
1.3752195	-66.29744
0.2724785	-94.9648
-0.725678	-121.03008
-1.799844	-147.60688
-2.946908	-173.11616
-4.334764	-195.75648
-6.771386	-228.11568
-9.395079	-258.36208
-12.006072	-283.35984
-15.133447	-298.08272
-17.522571	-300.72928
-16.942816	-261.25328
-16.087217	-233.09744
-15.149322	-201.53888
-13.60932	-158.9048
-11.838051	-118.40576
-9.930638	-84.46752
-7.218172	-45.23616
-4.493133	-14.18912
-1.980438	13.94448
0.117221	48.1496
1.577975	82.33248
3.254248	121.03008
5.0349785	161.0176
6.9425185	197.84704
8.992616	228.6272
11.416665	257.82832
14.198727	284.93888
16.778097	300.19552
16.055467	263.0992
14.952853	221.53264
13.872337	184.16944
12.728448	151.0096
11.210671	115.24768
9.5312865	79.97504
7.8170405	47.3712
5.694045	12.63232
3.8879145	-16.32416
2.1261705	-47.88272
0.65278	-80.77568
-0.573532	-110.51056
-1.631823	-133.39552
-3.282823	-162.32976
-5.279009	-192.33152
-7.94385	-222.31104
-10.896981	-249.68848
-14.056106	-274.41936
-17.741265	-291.52192
-17.773015	-286.51792
-16.892143	-253.35808
-15.754604	-216.52864
-14.623415	-182.32352
-13.438251	-151.54336
-11.936349	-118.13888
-9.917938	-79.44128
-7.531862	-43.94624
-4.949444	-12.36544
-2.164207	20.52752
-0.177419	53.932
1.327658	87.35872
2.959481	127.34624
4.3632755	159.17168
5.7447815	187.83904
7.221347	211.52464
9.049639	236.01088
11.2550575	261.78704
14.85138	284.16048
16.553053	289.14224
15.56766	245.46288
14.493367	207.0544
13.412978	172.84928
11.964797	133.90704
10.450195	101.03632
8.4666455	64.98528
4.6579155	18.94848
1.6287115	-35.2504
-0.003175	-74.99328
-2.157857	-124.18816
-4.553331	-167.60064
-7.706233	-207.85504
-10.729087	-237.05616
-13.824839	-262.58768
-17.408652	-283.62672
-16.419957	-235.744
-15.165197	-196.53488
-13.891387	-161.28448
-12.227814	-122.60912
-10.532618	-88.91552
-8.720201	-58.66912
-6.711188	-31.04704
-4.734052	-7.36144
-0.912622	44.72464
0.316865	70.5008
1.444879	97.61136
2.7028775	128.12464
3.8847395	154.70144
5.285359	183.63568
7.021703	212.32528
8.945118	235.744
11.1694595	261.25328
13.812139	284.16048
14.822932	292.03344
18.387695	296.25904
22.088602	299.15024
23.235666	297.81584
22.953726	274.15248
22.034754	239.14672
21.22678	214.14896
20.412456	190.21872
19.366865	161.0176
18.381345	137.86576
16.936466	108.13088
15.085949	77.08384
12.966065	48.95024
9.442577	17.36944
5.919089	-10.25264
3.0672405	-44.21312
1.213612	-78.66288
-0.456311	-113.13488
-2.54762	-154.70144
-4.629404	-183.90256
-7.693533	-216.52864
-11.153648	-245.196
-14.607413	-268.1032
-18.577814	-278.8896
-22.373844	-284.672
-23.381462	-283.62672
-22.877653	-243.37232
-20.827619	-178.9208
-18.479643	-121.5416
-16.099917	-78.396
-13.539724	-43.67936
-10.310876	-10.51952
-5.617972	23.41872
-1.371981	61.29344
1.2896215	102.34848
3.666109	144.4488
6.077458	180.21072
8.6504145	208.12192
11.891899	235.744
15.827502	262.3208
19.737451	280.20176
22.874478	288.87536
22.269196	259.16272
21.445347	230.47312
20.624673	204.69696
19.582257	174.42832
18.248249	139.4448
16.543528	105.7512
14.899005	77.08384
12.950317	49.99552
10.000234	21.03904
7.100951	-6.04928
4.2903775	-33.93824
2.4271605	-61.8272
0.703453	-89.71616
-0.865124	-117.07136
-2.687066	-144.96032
-5.092065	-172.33776
-8.308213	-199.69296
-12.094718	-226.78128
-15.912973	-250.2
-19.629755	-266.52416
-23.083647	-274.95312
-22.782657	-245.196
-21.809837	-215.21648
-20.878292	-188.3728
-19.766026	-158.9048
-18.625312	-131.5496
-17.294479	-104.9728
-15.640431	-77.35072
-13.742416	-50.77392
-11.540236	-25.77616
-8.476234	3.42496
-4.635754	34.73888
-0.681228	73.68112
1.92024	112.868
3.80238	142.60288
6.1915675	173.9168
9.2271215	203.11792
12.953492	230.47312
16.977614	254.67024
21.172932	273.61872
24.160861	282.04768
23.137495	230.20624
22.091777	198.11392
20.960588	166.0216
19.522059	131.5496
18.05813	103.66064
16.362807	75.77168
14.163929	46.0368
11.277219	17.63632
7.538212	-10.27488
4.2111295	-42.3672
1.9297015	-76.8392
-0.155321	-111.28896
-2.148332	-141.80224
-4.458335	-168.64592
-7.465314	-193.91056
-11.435715	-220.99888
-15.409164	-244.68448
-19.227419	-261.78704
-23.013924	-270.72752
-23.508208	-269.68224
-22.690709	-235.744
-20.28571	-164.42032
-18.806033	-128.6584
-17.066387	-94.72016
-15.288768	-66.8312
-13.137261	-38.67536
-10.678414	-12.36544
-7.541387	15.7904
-3.81508	44.99152
-0.792226	75.77168
1.4733905	107.59712
3.466465	136.5536
5.8715275	166.8
8.6535895	194.42208
12.0979565	220.22048
15.8242	242.03792
19.509486	257.56144
23.356062	270.72752
27.060271	276.7768
30.663007	278.35584
33.993328	275.19776
34.436939	274.15248
33.150429	226.53664
32.386778	204.1632
31.002097	165.48784
29.75356	135.48608
27.703526	97.34448
25.051385	59.44752
21.809837	26.5768
17.940909	0.51152
13.663295	-22.61808
9.296781	-47.10432
5.2314475	-78.92976
2.3226395	-110.7552
-0.193294	-142.60288
-3.415919	-174.16144
-7.110476	-201.00512
-11.083925	-222.8448
-14.943328	-242.03792
-18.742533	-255.47088
-22.659086	-262.05392
-26.746581	-262.83232
-30.596459	-258.62896
-34.462339	-252.84656
-34.189797	-226.78128
-32.969835	-190.21872
-31.835471	-160.48384
-30.625034	-132.08336
-29.373449	-106.28496
-27.228165	-70.52304
-24.338407	-33.1376
-20.716621	-0.26688
-16.578326	28.15584
-12.471908	50.2624
-8.466709	69.7224
-3.330321	96.2992
0.763651	130.48208
4.0716835	161.0176
8.032496	190.75248
11.936349	211.79152
15.8623	229.42784
19.740626	242.57168
23.650702	249.4216
27.988768	254.93712
32.054165	256.00464
35.007296	249.95536
33.616138	206.276
32.174434	168.64592
30.748478	135.2192
29.018484	102.0816
26.977848	71.56832
24.648922	42.87872
21.318728	10.51952
17.541748	-17.36944
13.663295	-41.56656
9.2112465	-65.78592
4.933569	-96.2992
1.4290675	-126.30096
-2.52222	-154.4568
-6.416548	-176.0296
-10.744962	-194.68896
-14.620113	-208.09968
-19.0246	-220.19824
-23.378287	-227.58192
-27.345513	-230.20624
-31.594552	-221.79952
-34.962846	-214.68272
-33.277175	-158.9048
-30.967299	-104.72816
-28.657296	-60.78192
-25.279477	-14.74512
-21.958808	18.14784
-17.516348	48.68336
-12.170791	78.12912
-6.910832	105.7512
-1.875917	135.24144
2.940558	164.17568
7.639558	186.52688
12.2531505	204.69696
16.803243	218.90832
21.249005	229.42784
25.333325	230.20624
29.633164	228.38256
34.091499	223.35632
33.071181	186.26
31.968567	158.9048
30.767655	131.01584
29.455745	103.66064
27.941143	77.86224
25.608915	45.2584
22.852253	13.94448
19.00555	-18.41472
14.309598	-48.41648
9.6643825	-72.6136
5.202936	-96.2992
0.814324	-120.49632
-3.289046	-138.6664
-7.836027	-156.81424
-12.421108	-170.49184
-16.965041	-179.96608
-21.543645	-183.90256
-26.873327	-183.3688
-31.822771	-177.05264
-32.900112	-164.95408
-31.318962	-123.14288
-31.962217	-146.27248
-29.554043	-80.48656
-26.401268	-25.50928
-22.960076	16.30192
-17.741265	60.24816
-12.589129	90.49456
-7.528814	115.22544
-2.506472	137.59888
2.3701375	157.61488
8.485632	177.05264
14.429994	189.95184
20.288885	196.268
25.783286	187.86128
32.066738	178.12016
38.327965	171.00336
40.603043	168.11216
44.313475	155.50208
44.310427	151.54336
42.852848	114.71392
40.146732	81.55408
38.511734	51.0408
36.686617	23.41872
34.262568	-5.27088
31.401258	-31.82544
27.636978	-56.55632
23.977092	-72.88048
19.59483	-86.82496
15.225395	-95.25392
10.6213275	-101.83696
6.0711715	-107.35248
1.711071	-107.0856
0	-106.752
