"Xiao 1998,Specimen nr.HC4-8L16-T6-0.2P"	
693	
0	0
0.041148	1.82368
0.053848	3.69184
0.0126365	4.47024
-0.044323	5.51552
-0.069723	5.51552
-0.088773	4.98176
-0.117221	5.24864
-0.123571	4.98176
-0.129921	4.98176
-0.133096	4.98176
-0.133096	4.98176
-0.129921	4.47024
-0.133096	4.47024
0.1743075	44.48
0.30734	59.20288
-0.003175	20.77216
-0.180721	-4.47024
-0.415036	-36.0288
-0.535559	-47.10432
-0.354838	-20.016
-0.174371	3.42496
0.0189865	30.78016
0.32639	64.18464
0.64643	94.20864
0.434086	67.87648
0.196469	42.61184
-0.063373	11.29792
-0.310515	-24.19712
-0.586232	-58.40224
-0.861822	-85.22368
-0.896747	-89.98304
-0.709803	-62.09408
-0.469011	-34.20512
-0.278892	-7.62832
-0.022225	25.7984
0.2883535	57.33472
0.64643	92.34048
0.994918	119.96256
1.210437	137.08736
0.798449	91.80672
0.453136	60.4928
0.129921	27.3552
-0.098171	0
-0.364363	-29.97952
-0.573532	-58.13536
-0.890397	-91.2952
-1.216787	-120.49632
-1.460754	-138.64416
-1.172464	-109.95456
-0.903097	-83.93376
-0.64643	-53.932
-0.399288	-21.5728
-0.171196	6.58304
0.145796	42.10032
0.522859	77.08384
0.9252585	113.37952
1.381506	147.31776
1.8029555	173.11616
2.0025995	182.5904
1.768094	157.85952
1.473454	132.06112
1.074166	100.25792
0.63373	65.51904
0.193294	23.17408
-0.104521	-8.13984
-0.475361	-48.39424
-0.861822	-88.13712
-1.248537	-123.38752
-1.638173	-153.9008
-1.993138	-177.87552
-2.024761	-179.6992
-1.787144	-155.2352
-1.406906	-126.27872
-1.080516	-94.69792
-0.811149	-66.56432
-0.538607	-35.27264
-0.278892	-6.04928
-0.082423	16.59104
0.2186305	47.63808
0.5450205	75.26016
0.887222	103.14912
1.2991465	133.6624
1.717421	161.55136
2.1198205	187.57216
2.614168	212.30304
2.8961715	223.64544
2.620518	196.77952
2.2465665	169.42432
1.6793845	129.4368
1.166114	92.34048
0.649605	52.88672
0.2154555	15.25664
-0.104648	-19.21536
-0.443611	-53.1536
-0.868299	-91.53984
-1.270635	-125.74496
-1.676273	-157.05888
-2.142109	-189.44032
-2.705989	-217.59616
-2.84226	-221.5104
-2.58572	-198.3808
-2.21488	-171.55936
-1.701546	-139.17792
-1.289685	-105.23968
-0.909447	-71.03456
-0.570357	-35.76192
-0.282067	-2.8912
0.0539115	29.20112
0.427736	62.36096
0.823849	93.14112
1.334008	126.01184
1.831467	157.32576
2.424049	193.13216
3.038729	226.80352
3.7579935	256.51616
4.055872	266.25728
3.7897435	241.79328
3.3429575	213.63744
2.661666	171.29248
1.948688	127.88
1.2927965	84.97904
0.817499	51.06304
0.310515	8.40672
-0.152146	-31.5808
-0.573532	-71.56832
-1.048893	-106.79648
-1.489329	-137.84352
-2.024888	-172.04864
-2.531745	-202.6064
-3.219323	-236.27776
-4.036822	-263.63296
-4.268216	-270.216
-4.290441	-269.68224
-3.967099	-246.24128
-3.517138	-222.57792
-2.943733	-190.21872
-2.224405	-151.54336
-1.676273	-117.07136
-1.226312	-82.33248
-0.833374	-45.76992
-0.418338	-9.47424
-0.053848	27.08832
0.430911	63.91776
1.0963275	107.33024
1.7870805	146.29472
2.4525605	181.27824
3.102102	214.1712
3.7231955	244.68448
4.312539	271.50592
4.882896	285.20576
4.4298235	254.15872
4.049522	230.98464
3.612261	206.00912
3.159125	180.49984
2.652141	152.61088
2.132457	123.38752
1.628648	94.20864
1.1122025	63.1616
0.678053	32.3592
0.316865	4.47024
-0.057023	-23.66336
-0.354965	-51.8192
-0.754126	-82.33248
-1.147064	-109.46528
-1.603375	-136.82048
-2.088134	-163.64192
-2.645918	-190.21872
-3.238373	-218.10768
-3.865753	-247.3088
-4.543806	-274.39712
-5.225161	-291.52192
-4.844923	-267.56944
-4.382262	-243.61696
-3.656584	-208.65568
-2.820162	-170.22496
-2.066036	-130.7712
-1.413256	-89.98304
-0.884047	-47.90496
-0.411988	-6.04928
0.183769	41.32192
0.804799	83.66688
1.4924405	122.34224
2.161032	157.32576
3.0165675	198.11392
3.8404165	235.744
4.629404	270.97216
5.497576	295.21376
5.507101	294.14624
4.9970055	259.94112
4.5311695	233.65344
4.0621585	209.41184
3.6344225	185.74848
2.8137485	143.6704
2.024761	103.92752
1.3086715	62.89472
0.62738	21.5728
0.060198	-19.74912
-0.424561	-57.33472
-0.944245	-92.0736
-1.609725	-131.03808
-2.344801	-168.37904
-3.175	-203.89632
-3.948176	-236.27776
-4.626229	-264.41136
-5.307584	-288.8976
-5.510276	-293.61248
-5.944489	-303.08672
-5.576824	-277.04368
-4.920996	-247.04192
-4.173093	-214.43808
-3.431667	-182.32352
-2.702814	-151.0096
-2.078609	-119.69568
-1.540002	-87.6256
-1.093216	-53.932
-0.64643	-20.26064
-0.266192	11.29792
0.2408555	47.88272
0.807974	84.20064
1.584325	126.5456
2.417699	167.06688
3.2319595	202.6064
4.049522	236.81152
4.876546	269.94912
5.560949	292.05568
4.996942	256.51616
4.2143045	214.70496
3.4633535	175.74048
2.712339	138.64416
1.8663285	96.03232
1.194562	58.66912
0.570357	20.77216
0.063373	-15.52352
-0.408813	-49.72864
-1.023493	-90.5168
-1.641348	-125.25568
-2.271903	-155.76896
-3.041904	-186.816
-3.805555	-217.0624
-4.686427	-251.80128
-5.450078	-280.4464
-5.957062	-297.30432
-5.241036	-261.27552
-4.391787	-222.31104
-3.510915	-186.01536
-2.680716	-151.27648
-1.929765	-115.51456
-1.337183	-77.88448
-0.823849	-37.3632
-0.342265	-0.26688
0.0887095	32.3592
0.681228	72.63584
1.3529945	111.02208
2.021586	144.69344
2.6870025	174.71744
3.5108515	209.41184
4.2586275	241.79328
4.8955325	266.25728
5.446903	286.0064
4.7814865	246.24128
4.1509315	211.54688
3.5203765	178.89856
2.845435	147.31776
2.237105	115.78144
1.628648	83.66688
0.944245	46.0368
0.361188	7.62832
-0.133096	-28.42272
-0.617982	-64.18464
-1.102741	-96.03232
-1.704721	-129.4368
-2.354326	-158.92704
-3.124327	-188.63968
-3.862578	-217.59616
-4.651629	-248.37632
-5.367655	-274.93088
-5.919089	-294.14624
-5.979287	-294.68
-5.510276	-268.08096
-4.920996	-242.59392
-4.093845	-207.0544
-3.377819	-176.54112
-2.484247	-140.75696
-1.742821	-103.92752
-1.26746	-72.10208
-0.827024	-38.16384
-0.418338	-6.04928
0	25.77616
0.5227955	60.75968
0.9886315	89.98304
1.5462885	121.03008
2.145157	148.91904
2.8105735	178.3648
3.4095055	205.23072
4.10972	234.14272
4.7910115	260.74176
5.5419625	287.83008
6.67639	312.0272
7.8170405	319.67776
8.048371	318.87712
8.7803355	324.12576
8.184642	274.13024
7.183374	223.64544
6.1693425	177.07488
5.326507	143.6704
4.2270045	101.54784
3.121152	60.4928
1.945513	21.5728
1.070991	-10.27488
0.190119	-51.57456
-0.564007	-89.98304
-1.400556	-128.90304
-2.22758	-163.10816
-3.285871	-201.80576
-4.309364	-237.56768
-5.225161	-269.14848
-6.169406	-296.50368
-7.595235	-311.00416
-8.732774	-313.3616
-9.122537	-312.82784
-9.401429	-307.04544
-8.678926	-274.15248
-8.460359	-265.9904
-7.595362	-232.8528
-6.758813	-202.33952
-5.906389	-173.38304
-4.886071	-142.06912
-3.887978	-110.48832
-2.931033	-80.5088
-1.955038	-48.928
-0.95377	-9.74112
-0.126746	32.3592
0.909447	86.82496
1.8695035	130.7712
3.3143825	185.21472
4.4804965	222.8448
5.70992	256.78304
6.926707	285.73952
8.5300185	310.4704
8.935593	314.67376
8.292338	276.79904
7.5762485	241.25952
6.7682745	203.09568
5.7511315	161.55136
4.7371635	123.38752
3.6787455	83.13312
2.420874	39.18688
1.2484735	0
0.4087495	-37.3632
-0.478536	-78.66288
-1.311783	-115.51456
-2.398649	-156.54736
-3.498215	-189.7072
-4.559681	-219.68672
-5.820918	-251.26752
-7.227697	-281.24704
-9.220835	-305.44416
-9.582023	-307.31232
-9.122537	-278.08896
-8.362188	-249.39936
-7.573137	-219.68672
-6.65099	-187.06064
-5.706745	-158.39328
-4.75615	-130.50432
-3.681984	-99.45728
-2.658491	-69.21088
-1.758569	-41.83344
-1.045718	-14.21136
-0.430911	13.94448
0.2820035	49.46176
0.9189085	80.5088
1.625473	111.28896
2.52222	146.82848
3.418967	178.63168
4.3442255	206.52064
5.4025165	235.21024
6.65734	264.41136
7.9375	289.16448
8.935593	304.688
8.305038	267.81408
7.7504925	240.45888
7.221347	214.9496
6.2517655	173.9168
5.279009	136.5536
4.2745025	101.01408
3.311271	64.98528
2.256028	29.97952
1.2959715	0
0.4055745	-37.63008
-0.551307	-79.70816
-1.463929	-116.80448
-2.351151	-147.58464
-3.479165	-181.0336
-4.556506	-209.41184
-5.852541	-239.68048
-7.30377	-268.8816
-8.935593	-294.41312
-9.100439	-295.21376
-8.400161	-263.0992
-7.766431	-238.36832
-6.819011	-204.1632
-5.74167	-169.6912
-4.581906	-135.2192
-3.019679	-89.71616
-1.673098	-46.30368
-0.541782	1.06752
0.5798185	55.24416
1.5969615	100.76944
3.18135	161.81824
4.7560865	211.01312
6.3658115	250.73376
7.972298	283.60448
10.13968	305.71104
10.6118025	305.97792
10.1586665	275.73152
9.7118805	252.3128
8.8437085	214.9496
8.0293845	181.78976
6.961505	142.60288
5.8683525	107.06336
4.75615	71.03456
3.552063	36.82944
2.3510875	5.7824
1.251585	-28.42272
0.396113	-60.75968
-0.402463	-91.80672
-1.349883	-126.5456
-2.265553	-156.30272
-3.336671	-187.06064
-4.550156	-217.0624
-5.944489	-245.48512
-7.449566	-272.30656
-9.281033	-297.30432
-10.421747	-303.88736
-10.776585	-304.15424
-10.744962	-294.14624
-10.215753	-272.03968
-9.426829	-241.25952
-8.362061	-204.1632
-7.32282	-170.22496
-6.258052	-140.51232
-5.177536	-112.62336
-3.884803	-81.04256
-2.455672	-50.2624
-1.270635	-20.26064
-0.500634	8.40672
0.2947035	41.05504
1.0266045	71.56832
1.8568035	104.17216
2.975356	143.40352
4.1857295	179.6992
5.450078	211.28
7.0154165	243.10544
8.87857	274.39712
10.450195	292.81184
9.9812475	262.29856
9.306306	231.25152
8.5806915	200.47136
7.7029945	167.60064
6.8537455	137.59888
5.9855735	109.46528
4.949444	77.6176
3.903726	46.30368
2.639441	13.43296
1.5558135	-18.14784
0.684403	-51.06304
-0.107823	-82.08784
-0.877697	-110.7552
-1.730121	-140.24544
-2.680716	-168.89056
-3.707384	-196.02336
-4.946269	-222.8448
-6.416548	-249.39936
-8.219567	-275.19776
-10.554843	-296.2368
-10.684764	-291.25504
-9.803892	-254.95936
-8.777224	-218.88608
-7.760081	-184.94784
-6.742938	-154.43456
-5.491353	-121.56384
-4.261866	-90.78368
-3.041904	-63.1616
-1.717421	-34.20512
-0.779526	-4.98176
-0.050673	24.99776
0.700278	53.68736
1.470279	84.20064
2.278253	114.9808
3.165475	143.91504
4.249166	176.00736
5.393055	203.09568
6.717538	230.22848
8.2131535	255.9824
9.9146995	281.24704
10.5484295	287.5632
9.933686	254.69248
9.1732735	221.77728
8.4000975	191.264
7.481189	156.54736
6.533769	124.45504
5.592699	94.72016
4.556506	63.91776
3.536188	34.73888
2.335276	3.95872
1.368806	-26.55456
0.456311	-59.73664
-0.548132	-96.2992
-1.682623	-134.95232
-2.836037	-168.1344
-4.261866	-201.80576
-5.732145	-230.22848
-7.516114	-259.67424
-9.528175	-285.20576
-10.878058	-294.94688
-10.247503	-262.56544
-9.439529	-232.8528
-8.679053	-206.78752
-7.817104	-179.43232
-6.96468	-153.65616
-5.957062	-127.88
-4.927219	-102.61536
-3.849878	-77.08384
-2.563495	-51.06304
-1.324483	-20.77216
-0.551307	2.35744
0.180594	32.60384
0.903097	61.29344
1.6603345	90.24992
2.4968835	119.96256
3.352419	148.1184
4.4202985	177.60864
5.70357	207.0544
7.1991855	235.21024
8.7549355	261.00864
10.5643045	286.51792
12.2341005	302.04144
14.062456	309.93664
15.621	301.77456
15.634081	290.4544
15.24	267.83632
14.480794	238.10144
13.720318	208.92256
12.96924	182.5904
12.0218835	152.87776
10.713212	117.07136
9.312656	82.86624
6.8062475	34.73888
4.943094	7.62832
2.5064085	-38.16384
1.153414	-75.52704
0.0855345	-109.9768
-1.048893	-143.64816
-2.110359	-172.84928
-3.51409	-204.69696
-5.044567	-231.78528
-7.183374	-260.47488
-9.978136	-286.0064
-12.614402	-298.10496
-15.269718	-297.30432
-16.096742	-294.41312
-15.396464	-257.04992
-14.58849	-230.22848
-13.447776	-193.88832
-12.281662	-159.95008
-10.706862	-123.92128
-9.046464	-94.9648
-7.034403	-66.31968
-4.46151	-37.89696
-1.989963	-6.04928
-0.484886	24.73088
0.773176	58.66912
2.275078	103.416
3.799205	144.18192
5.2092225	175.74048
7.5255755	212.56992
10.1681915	245.72976
12.864719	273.8856
15.108174	283.62672
15.738602	288.36384
15.966821	284.672
14.765909	233.38656
13.618845	192.06464
12.5288675	156.28048
10.9983905	115.78144
9.5123	81.30944
7.544562	42.61184
5.453253	10.008
3.238373	-27.08832
1.571625	-65.51904
0.1457325	-104.70592
-1.197737	-140.24544
-2.750439	-174.96208
-4.404487	-202.85104
-6.435598	-230.22848
-9.132062	-256.51616
-12.722225	-280.71328
-15.900273	-290.18752
-16.185515	-286.51792
-15.184247	-247.04192
-13.891387	-205.4976
-12.582779	-167.33376
-11.213846	-133.6624
-9.388729	-97.87824
-7.459091	-67.07584
-4.765675	-37.09632
-2.294128	-7.62832
-0.323215	28.6896
0.931545	62.89472
2.404999	102.34848
3.919601	139.71168
5.573649	173.38304
7.4051795	201.53888
10.101707	233.6312
12.570079	258.36208
15.577058	282.58144
16.023844	283.09296
16.058642	279.42336
15.415514	249.15472
14.325473	208.65568
13.00734	164.70944
11.6859685	127.61312
9.9621975	87.09184
8.1877535	51.8192
6.150356	18.6816
3.998849	-15.25664
2.256028	-50.52928
0.820674	-86.82496
-0.427736	-120.22944
-1.974088	-155.2352
-3.672459	-187.06064
-5.751068	-216.26176
-8.23849	-243.10544
-11.581384	-267.30256
-15.279243	-283.87136
-16.14424	-286.0064
-16.454882	-285.20576
-15.507462	-244.15072
-14.62024	-214.9496
-13.390753	-177.60864
-11.882501	-139.4448
-10.317226	-108.39776
-8.343138	-76.30544
-6.00456	-46.30368
-3.279521	-14.98976
-1.093216	14.98976
0.32004	46.30368
1.764919	83.93376
3.079877	117.33824
4.4234735	148.1184
6.0743465	178.89856
8.2574765	208.90032
10.6340275	234.94336
13.808964	264.67824
17.234281	280.98016
18.875629	286.51792
20.643723	283.09296
21.632418	287.83008
20.944713	252.04592
20.149439	223.11168
19.277965	194.1552
18.35277	165.48784
16.863568	126.81248
14.616938	80.77568
12.243689	44.48
8.922893	9.20736
5.8493025	-24.464
3.241548	-63.13936
1.536827	-98.14512
0.0253365	-132.328
-1.910715	-170.75872
-3.84683	-200.20448
-6.606667	-230.20624
-10.098532	-255.47088
-13.777341	-272.84032
-17.481423	-280.71328
-18.910554	-247.57568
-18.967577	-237.32304
-19.35734	-195.75648
-19.835749	-155.2352
-20.830667	-107.0856
-21.334476	-96.83296
-21.350351	-70.5008
-20.187539	-37.09632
-17.367377	-6.84992
-14.224127	20.016
-10.801985	46.0368
-7.306945	71.56832
-4.695952	96.56608
-4.445635	98.92352
-1.200912	123.6544
0	136.1088
