"Xiao 98,Specimen nr. HC4-8L19-T10-0.2P"	
965	
0	0
0	0
0.0950595	-2.8912
0.1109345	-1.31216
0.1109345	-1.31216
0.1141095	-0.80064
0.1141095	-0.80064
0.117221	-0.53376
0.126746	-0.26688
0.129921	-0.26688
0.139446	0.26688
0.145796	0.26688
0.142621	0
0.139446	0.26688
1.4892655	151.81024
1.1724005	99.1904
0.2851785	-7.87296
0.491109	35.51728
0.7192645	60.4928
0.510159	26.82144
-0.101473	-58.66912
-0.503809	-105.77344
-0.386588	-79.1744
0.057023	-17.10256
0.377063	27.08832
0.519684	35.00576
0.31369	6.31616
-0.028575	-41.32192
-0.253492	-67.6096
0.0412115	-20.016
0.2851785	12.63232
0.6463665	59.46976
1.013968	99.45728
1.137539	109.46528
0.9791065	83.4
0.6781165	48.1496
0.4087495	18.6816
0.2122805	-11.83168
-0.079248	-50.2624
-0.415163	-92.34048
-0.760476	-128.41376
-0.754126	-127.07936
-0.377063	-74.45952
0.0539115	-15.25664
0.424561	33.93824
0.8650605	83.4
1.4258925	133.39552
1.9138265	173.64992
2.043811	183.12416
1.698371	141.53536
1.1090275	91.53984
0.6179185	38.67536
0.2249805	-10.51952
-0.164846	-61.8272
-0.605282	-111.28896
-1.042543	-154.96832
-1.416431	-185.21472
-1.482979	-188.90656
-1.055243	-143.13664
-0.497459	-84.97904
-0.066548	-24.464
0.3042285	22.9072
0.636905	59.73664
0.263017	5.7824
-0.234569	-59.98128
-0.462661	-87.87024
0.0602615	-10.008
0.617855	57.6016
1.1249025	107.33024
0.4150995	24.19712
-0.053848	-40.2544
-0.440436	-86.02432
-0.117221	-35.76192
4.179443	292.30032
3.0229175	201.53888
1.774444	113.91328
0.373888	-17.36944
-1.178814	-165.22096
-2.807462	-263.36608
-4.233418	-322.56896
-4.258691	-318.87712
-2.940558	-232.05216
-1.692148	-151.54336
-0.747776	-69.7224
-0.01905	5.7824
0.9568815	91.56208
2.2560915	175.74048
3.7611685	262.83232
4.7212885	312.0272
4.813173	313.3616
3.963924	249.39936
3.032379	190.99712
2.1515705	134.19616
1.330833	77.88448
0.693928	20.26064
0.358013	-12.09856
0.5988685	32.60384
1.010793	75.79392
1.470279	113.37952
1.9201765	144.15968
2.53492	181.0336
3.1844615	218.6192
3.8150165	255.71552
4.496308	294.41312
5.142738	328.08448
5.811266	348.85664
5.405755	309.93664
4.6801405	265.72352
4.055872	227.33728
3.47599	193.3768
2.8771215	158.92704
2.414524	131.03808
1.967738	102.0816
1.5558135	73.12512
1.0963275	37.89696
0.7256145	4.71488
0.3960495	-26.04304
0.0507365	-56.84544
-0.32004	-88.38176
-0.621157	-103.416
-0.177546	-62.09408
-0.240792	-68.41024
0.0791845	-31.04704
-0.494411	-98.92352
-1.28651	-155.50208
-2.056511	-199.69296
-2.747264	-239.16896
-3.387344	-274.13024
-3.957701	-303.08672
-4.569206	-327.28384
-5.209286	-347.29984
-4.699127	-311.2488
-4.125595	-278.35584
-3.580638	-246.24128
-3.003931	-215.19424
-2.436749	-184.1472
-1.837817	-147.31776
-1.27381	-109.70992
-0.868172	-79.70816
-0.545084	-48.66112
-0.190119	-18.14784
0.177419	17.3472
0.5513705	48.1496
1.0361295	84.46752
1.5937865	118.93952
2.1641435	150.2312
2.7915235	184.1472
3.3143825	210.47936
4.226941	258.62896
4.708652	282.58144
5.2282725	309.40288
5.69722	331.24256
5.1617245	289.43136
4.290314	237.83456
3.292221	180.76672
2.6109295	141.26848
1.9455765	102.61536
1.4670405	71.03456
0.893572	28.42272
0.510159	-4.71488
-0.01905	-50.52928
-0.65278	-99.45728
-1.131316	-132.328
-1.761871	-167.86752
-2.424049	-204.69696
-3.140202	-241.25952
-3.80873	-275.73152
-4.385437	-304.688
-4.978019	-332.31008
-5.190236	-339.91616
-4.613529	-299.92864
-3.729482	-251.26752
-2.661666	-193.13216
-2.056511	-160.21696
-1.549527	-128.90304
-1.055243	-96.03232
-0.66548	-62.09408
-0.171196	-17.61408
0.3453765	27.62208
1.0361295	80.5088
1.8885535	131.03808
2.6172795	169.42432
3.2003365	200.47136
3.872103	234.14272
4.356862	258.8736
5.110988	298.10496
5.656072	320.7008
5.443728	306.2448
4.920869	271.7728
4.223766	231.25152
3.539363	192.5984
2.8739465	155.76896
2.2370415	119.69568
1.657223	84.20064
1.1153775	46.83744
0.697103	11.83168
0.2788285	-20.016
-0.076073	-52.08608
-0.481711	-82.33248
-0.944245	-116.02608
-1.673098	-159.6832
-2.420874	-199.44832
-3.054604	-230.74
-3.644011	-260.74176
-4.157218	-286.76256
-4.74345	-315.98592
-5.209286	-335.46816
-4.537583	-292.81184
-3.881628	-256.24928
-3.244723	-221.02112
-2.424049	-177.60864
-1.682623	-135.75296
-1.188339	-103.92752
-0.741553	-69.47776
-0.34544	-32.60384
0.015875	0.26688
0.557657	43.94624
1.0583545	80.24192
0.8112125	49.19488
-0.297815	-52.35296
0.0127	-10.27488
0.636905	45.23616
1.4733905	106.3072
2.3099395	152.61088
2.9277945	184.1472
3.602736	217.0624
4.188968	248.6432
4.806823	281.24704
5.4754145	314.65152
6.1534675	344.67552
6.9456935	364.64704
7.6839445	375.45568
7.3956545	344.92016
6.917182	316.78656
6.470396	290.98816
6.02996	264.41136
5.40258	228.36032
4.7498	193.62144
4.10337	158.92704
3.536188	128.90304
2.946781	98.38976
2.354326	66.80896
1.7554575	33.93824
1.1755755	4.2256
0.573532	-31.04704
-0.01905	-68.41024
-0.624332	-103.68288
-1.159764	-136.01984
-1.777619	-166.26624
-2.430399	-200.73824
-3.133852	-234.67648
-3.80873	-266.79104
-4.569206	-303.08672
-5.345557	-337.02496
-6.521069	-362.02272
-7.525512	-364.64704
-6.99008	-325.46016
-7.376668	-349.65728
-6.552819	-286.0064
-5.038217	-214.43808
-3.564763	-149.18592
-2.275078	-91.2952
-1.058418	-36.0288
-0.193294	6.84992
0.3453765	36.0288
0.9189085	67.6096
1.584325	101.28096
2.2751415	134.19616
2.965831	165.73248
3.6312475	196.02336
4.303014	223.91232
5.028692	255.47088
5.893689	290.98816
6.8727955	329.41888
7.5698985	348.58976
7.0629145	313.3616
6.334125	273.1072
5.456428	225.20224
4.559681	179.96608
3.6819205	137.59888
2.83591	96.2992
2.037461	55.24416
1.270635	15.7904
0.538607	-23.41872
-0.057023	-58.13536
-0.858647	-101.01408
-1.6256	-139.17792
-2.385949	-174.45056
-3.352419	-213.63744
-4.296664	-251.00064
-5.212461	-284.672
-6.235954	-319.41088
-7.633335	-358.064
-8.555355	-369.13952
-8.010398	-280.98016
-6.803136	-226.53664
-5.659247	-180.23296
-4.074922	-118.13888
-2.598293	-63.40624
-1.346708	-19.74912
-0.602107	6.31616
0.2154555	41.83344
1.0488295	82.0656
1.6762095	111.02208
2.6077545	152.87776
3.428492	188.10592
4.230116	221.77728
5.323332	264.41136
6.3689865	304.93264
7.1231125	330.17504
7.7568425	349.65728
7.28472	317.27584
6.7967225	288.8976
6.2358905	258.11744
5.6750585	228.89408
5.133213	199.9376
4.4836715	168.9128
3.8404165	138.91104
3.1274385	106.3072
2.53492	78.41824
1.761744	40.2544
0.998093	2.62432
0.231267	-38.16384
-0.668655	-83.4
-1.590675	-123.12064
-2.52222	-159.41632
-3.621786	-199.18144
-4.477385	-227.82656
-5.481828	-259.40736
-6.454521	-287.02944
-7.607935	-316.2528
-8.640953	-336.75808
-7.481189	-278.62272
-6.524244	-233.65344
-5.570474	-194.1552
-4.765675	-161.55136
-4.008374	-132.86176
-3.137027	-99.45728
-2.376551	-68.944
-1.609725	-40.2544
-0.96647	-13.6776
-0.301117	13.94448
0.263017	40.78816
0.830199	68.14336
1.3720445	95.23168
1.9360515	122.0976
2.6236295	152.61088
3.276346	180.49984
4.0305355	211.79152
4.7751365	241.79328
5.497576	270.46064
6.1883925	296.77056
6.917182	322.56896
7.7695425	350.7248
9.578848	373.8544
10.1143435	371.76384
9.7341055	342.80736
9.382379	319.67776
8.682101	281.51392
8.035671	248.37632
7.097776	203.11792
6.35635	168.89056
5.3645435	127.61312
4.388612	89.71616
2.7187525	26.82144
1.692021	-8.40672
0.465836	-55.77792
-0.440436	-93.67488
-1.406906	-132.328
-2.401824	-168.64592
-3.536188	-205.23072
-4.654804	-239.43584
-5.766943	-270.48288
-6.929882	-300.4624
-8.099044	-326.2608
-9.772142	-350.45792
-10.456545	-353.88288
-10.054209	-321.50144
-9.157462	-281.24704
-8.396986	-246.77504
-7.462139	-209.67872
-6.292977	-164.70944
-5.145913	-123.38752
-3.964051	-83.66688
-2.658491	-42.87872
-1.435481	-7.1168
-0.03175	37.89696
1.0266045	80.5088
1.7300575	108.66464
2.332101	132.86176
3.1369635	163.64192
4.144645	199.44832
5.142738	232.31904
5.9126755	257.04992
6.7460495	281.51392
7.620635	306.51168
8.7676355	337.02496
10.022459	362.82336
10.329799	367.53824
9.4964885	315.45216
8.428609	259.94112
7.3893045	209.9456
6.353175	164.44256
5.516626	130.23744
4.6008925	94.69792
3.6375975	58.936
2.6774775	24.73088
1.7934305	-4.47024
0.880872	-37.63008
0.117221	-68.14336
-0.858774	-106.04032
-1.898015	-144.15968
-2.965831	-178.3648
-4.356862	-218.35232
-5.687695	-252.82432
-6.926707	-282.58144
-9.20496	-329.66352
-10.868533	-339.3824
-10.111232	-301.77456
-9.227185	-263.89984
-8.371586	-227.82656
-7.474839	-193.62144
-6.299327	-151.27648
-5.05714	-109.46528
-3.631311	-64.7184
-2.113534	-21.30592
-0.541909	19.21536
0.62103	58.936
1.7364075	103.14912
2.7726005	141.0016
3.615436	171.29248
4.385437	196.77952
5.244084	224.42384
6.191504	252.82432
7.335393	285.73952
8.6662895	320.18928
9.8513265	345.18704
10.4280335	354.90592
9.692894	307.31232
8.4571205	245.752
7.2752585	192.06464
6.134481	143.40352
5.009642	99.99104
3.853053	56.0448
2.6616025	15.52352
1.7268825	-14.18912
0.7858125	-47.10432
-0.186944	-83.66688
-1.058418	-116.29296
-1.847342	-143.91504
-2.766314	-173.9168
-3.735832	-202.85104
-4.946269	-233.65344
-6.213729	-264.92288
-7.547737	-293.61248
-9.024366	-321.50144
-9.743694	-307.82384
-8.694801	-262.56544
-7.658608	-219.41984
-6.828409	-187.30528
-6.083808	-160.48384
-5.266309	-133.12864
-4.353814	-103.68288
-3.510915	-76.81696
-2.680716	-51.06304
-1.742821	-22.9072
-0.849249	2.8912
-0.133096	26.55456
0.5386705	52.61984
1.2294235	79.44128
2.0152995	109.46528
2.797937	137.84352
3.605911	165.75472
4.372737	192.33152
5.240909	219.68672
6.1883925	247.84256
7.097776	273.8856
8.0864075	299.66176
9.195435	325.99392
10.507218	350.96944
11.8190645	364.91392
13.615797	377.54624
14.794357	378.34688
13.587095	311.49344
12.842494	274.664
12.1486295	241.79328
11.277219	205.23072
10.4089835	171.29248
9.4583885	138.1104
8.178292	97.09984
6.898132	60.4928
5.4595395	28.6896
3.9576375	-2.35744
2.4239855	-37.3632
1.131189	-70.23392
0.0285115	-105.50656
-1.023493	-139.71168
-2.053336	-170.22496
-3.21945	-202.07264
-4.344289	-229.9616
-5.608574	-257.85056
-7.024878	-285.20576
-8.520557	-312.0272
-10.218928	-337.02496
-13.584047	-351.48096
-14.879955	-352.54848
-14.347698	-315.45216
-13.831189	-293.07872
-13.099161	-261.5424
-12.284837	-230.98464
-11.505438	-201.53888
-10.342499	-163.37504
-9.128887	-126.01184
-7.8994	-92.87424
-6.194679	-53.42048
-4.201668	-13.16608
-2.557145	14.72288
-0.836549	45.76992
0.5227955	77.88448
1.58115	107.33024
2.7155775	138.64416
3.9037895	171.0256
5.316982	206.78752
6.5654555	236.01088
7.842377	262.83232
9.214485	289.40912
10.744835	316.2528
12.405233	337.55872
14.477619	360.97744
14.708886	361.22208
13.856589	313.3616
13.016865	272.84032
12.170791	236.01088
11.3184305	201.53888
10.2252145	160.21696
9.1351735	123.92128
7.981823	88.64864
6.4228345	46.30368
4.7752	11.29792
2.9595445	-26.04304
1.403731	-61.29344
0.0412115	-97.61136
-1.261237	-133.92928
-2.531745	-165.48784
-4.059047	-199.18144
-5.538851	-227.33728
-7.325868	-257.3168
-9.138412	-283.60448
-11.090402	-308.33536
-13.606272	-332.57696
-14.90853	-339.3824
-13.742416	-283.87136
-12.414885	-233.11968
-11.1125	-187.06064
-9.236583	-128.6584
-7.363968	-79.1744
-5.475478	-37.3632
-3.650234	-3.42496
-1.460754	34.73888
0.5893435	79.1744
1.9803745	116.27072
3.466465	156.81424
5.022342	196.02336
6.521069	231.00688
7.785354	255.73776
9.100312	280.46864
10.637139	307.04544
12.5668405	335.20128
14.784959	357.81936
14.823059	355.97344
13.59027	292.81184
12.845669	258.62896
12.0535065	224.69072
11.270869	193.3768
10.2949375	158.1264
9.293606	124.9888
8.25119	92.87424
6.9425185	57.09008
5.6085105	25.77616
3.80873	-9.47424
2.0564475	-46.57056
0.30734	-90.24992
-0.915797	-123.38752
-2.531745	-162.06288
-4.074922	-194.95584
-6.156706	-232.05216
-8.222615	-262.83232
-10.18413	-288.8976
-12.430633	-312.82784
-14.861032	-332.0432
-14.182852	-297.5712
-13.371703	-264.92288
-12.554204	-233.89808
-11.755755	-204.1632
-10.903331	-175.4736
-9.892538	-144.42656
-11.945874	-227.33728
-11.372342	-196.53488
-10.329799	-158.66016
-8.973693	-116.27072
-7.389368	-76.03856
-5.557774	-36.56256
-3.859403	-3.95872
-1.828292	31.04704
0.196469	70.5008
1.530477	98.92352
1.070991	73.12512
0.323215	41.05504
-0.269367	12.63232
0.4214495	55.51104
1.375156	98.65664
2.385949	128.14688
3.716782	161.28448
5.0413285	193.64368
6.378448	223.64544
7.969123	255.204
9.623171	283.09296
11.5085495	311.51568
13.574522	338.62624
16.058642	362.55648
18.641187	369.11728
19.686905	367.53824
19.195669	335.7128
18.584164	303.3536
17.703292	266.52416
16.873093	232.8528
15.757652	190.99712
14.648688	154.96832
13.488924	119.96256
11.910949	83.66688
9.952736	44.99152
7.29107	5.24864
4.8607345	-31.31392
2.8232735	-62.89472
1.0393045	-98.92352
-0.592582	-135.75296
-2.199005	-170.22496
-4.068572	-204.69696
-5.976112	-233.38656
-8.035798	-260.208
-10.19048	-285.73952
-12.763373	-311.76032
-16.299561	-334.9344
-19.693128	-342.2736
-19.994245	-338.09248
-19.116548	-295.4584
-18.454243	-269.68224
-17.497298	-233.65344
-16.286861	-193.13216
-15.009876	-154.96832
-13.35913	-109.9768
-11.730355	-73.392
-9.547098	-33.93824
-7.253097	0.26688
-4.873371	30.51328
-2.436749	57.6016
-0.418338	86.02432
1.26111	116.5376
2.7883485	148.1184
4.3948985	179.43232
6.1281945	211.52464
7.848727	240.192
9.8322765	269.41536
12.088368	298.3496
14.515592	326.77232
17.75079	351.5032
19.899122	356.77408
18.976975	308.09072
17.855438	260.208
16.48968	208.3888
15.418562	171.53712
14.037183	128.92528
12.6206885	92.87424
10.9286675	58.13536
9.2144215	27.88896
7.2498585	0.26688
5.0920015	-28.93424
3.0799405	-61.02656
1.3023215	-93.14112
-0.136271	-121.29696
-1.682623	-151.54336
-3.390519	-180.23296
-5.279009	-207.58816
-7.452614	-234.4096
-10.025634	-262.29856
-12.98194	-289.16448
-16.445357	-314.9184
-20.013295	-332.31008
-20.143089	-331.24256
-19.455511	-294.41312
-18.229199	-248.37632
-16.898493	-203.11792
-15.646908	-163.9088
-14.404721	-129.4368
-13.235432	-100.76944
-11.571986	-64.98528
-9.604248	-29.97952
-7.249922	4.98176
-4.401312	39.45376
-1.682623	71.03456
0.7953375	110.22144
2.788412	148.91904
4.2270045	175.22896
5.6116855	199.95984
7.167499	226.00288
8.926068	251.5344
10.833608	276.26528
13.178409	302.04144
15.691104	325.97168
19.170269	347.81136
19.588607	349.12352
18.885154	306.77856
18.013807	271.50592
16.898493	228.09344
15.81785	188.63968
14.677136	152.344
13.536549	119.71792
12.088368	82.86624
10.6054525	53.932
8.6472395	18.6816
6.2549405	-13.43296
3.6312475	-53.932
1.143889	-96.2992
-1.090041	-138.64416
-3.304921	-175.22896
-5.662422	-207.32128
-8.434959	-237.58992
-11.201146	-264.41136
-14.350873	-290.4544
-17.947259	-313.3616
-20.114641	-323.34736
-19.097498	-272.57344
-18.10258	-236.78928
-16.904716	-196.268
-15.706979	-159.95008
-14.252575	-120.7632
-12.535154	-80.77568
-10.538968	-43.1456
-8.428609	-9.74112
-5.630672	26.82144
-3.438017	53.1536
-1.194562	80.77568
0.5481955	107.06336
2.1198205	134.70768
3.735832	163.10816
5.554599	192.86528
7.5698985	223.91232
9.848215	254.4256
12.351385	283.8936
14.810232	310.20352
17.779365	335.20128
21.344001	353.59376
24.988012	359.90992
28.676346	362.02272
29.496893	361.48896
29.642689	347.81136
28.799917	310.4704
27.957018	277.57744
27.199717	249.93312
26.420191	222.57792
25.615392	195.75648
24.762968	168.9128
23.764875	142.60288
22.465665	111.02208
20.811744	76.81696
18.821781	47.3712
15.963646	12.09856
11.9489855	-23.6856
8.054721	-53.42048
4.9145825	-85.24592
1.90119	-122.34224
-0.354965	-154.16768
-2.969006	-188.3728
-5.538851	-215.99488
-8.425434	-242.06016
-12.05357	-271.50592
-15.985871	-297.5712
-19.740753	-315.71904
-23.46706	-324.9264
-23.809198	-325.46016
-27.373961	-327.01696
-29.550868	-326.50544
-28.479877	-276.7768
-27.55138	-242.57168
-26.486866	-208.3888
-25.3746	-174.96208
-24.145113	-141.02384
-22.773132	-108.66464
-21.439124	-81.04256
-19.534759	-47.63808
-16.892143	-11.29792
-12.417933	36.29568
-8.200517	70.25616
-1.768094	121.29696
2.864485	175.49584
7.5667235	229.69472
10.820908	260.208
13.571347	284.40512
16.968089	309.136
20.504277	327.0392
24.129365	339.13776
27.795474	350.45792
29.642689	349.3904
28.277058	288.8976
26.996898	241.5264
25.105106	180.76672
23.280116	129.97056
21.464397	88.404
18.479643	40.2544
14.658213	-2.35744
9.5946595	-45.76992
5.08254	-86.2912
0.884047	-134.17392
-1.660398	-163.64192
-4.534408	-193.10992
-7.626985	-218.64144
-11.394567	-244.15072
-14.997176	-266.25728
-18.764758	-285.98416
-22.396069	-301.26304
-25.998805	-309.93664
-29.493845	-312.29408
-29.687139	-310.71504
-28.707969	-269.14848
-27.747849	-236.01088
-26.819479	-206.00912
-25.631267	-170.22496
-24.43353	-136.82048
-23.226268	-107.864
-21.771864	-76.30544
-20.282535	-49.19488
-17.994757	-14.456
-14.534642	27.08832
-10.298176	66.29744
-6.413373	97.34448
-2.86131	128.12464
0.576707	161.28448
4.0305355	196.53488
7.420991	229.69472
10.6815255	259.16272
14.57579	289.14224
17.963134	305.4664
21.391626	323.34736
25.168606	336.51344
28.774517	343.07424
29.969079	342.02896
29.291026	305.97792
28.720669	283.62672
27.605355	244.95136
26.531189	209.43408
25.469596	176.54112
24.167338	141.29072
22.567138	103.66064
20.574	67.6096
17.07896	17.88096
13.172059	-16.5688
8.2924015	-57.86848
4.556506	-94.45328
0.9918065	-133.6624
-2.259203	-166.0216
-5.827141	-195.22272
-10.101707	-223.37856
-14.56944	-248.37632
-18.222976	-265.9904
-21.999956	-282.04768
-27.123644	-295.99216
-29.740987	-295.99216
-29.069157	-259.16272
-28.090114	-226.00288
-27.123644	-194.42208
-25.938607	-158.1264
-24.705945	-125.23344
-23.520908	-95.23168
-20.61845	-36.56256
-17.361027	12.09856
-13.463651	55.51104
-10.313924	84.71216
-7.094601	112.33424
8.336661	242.3048
11.7525165	267.56944
15.317216	290.72128
19.04365	308.86912
22.944201	322.8136
26.737056	333.08848
30.555311	340.7168
34.335466	335.44592
38.628955	339.9384
39.351458	340.18304
39.839519	337.55872
39.006018	293.61248
37.925502	254.67024
37.10813	228.89408
36.284154	202.85104
35.406457	176.54112
34.484437	151.81024
32.909637	112.33424
31.09087	75.5048
29.10713	42.87872
25.887807	11.83168
22.158452	-21.03904
16.632301	-58.66912
11.0458885	-93.408
6.286627	-128.6584
2.4557355	-158.63792
-2.404999	-190.4856
-7.516114	-216.52864
-12.937617	-239.94736
-17.833213	-256.51616
-23.109047	-270.72752
-27.665553	-277.31056
-32.32658	-279.93488
-36.921186	-278.8896
-40.862885	-274.41936
-39.953565	-215.21648
-38.223444	-157.85952
-36.4617	-108.13088
-34.661983	-65.25216
-31.987617	-13.6776
-28.166187	37.3632
-23.625429	81.04256
-19.132296	113.91328
-13.36548	147.60688
-7.668133	175.22896
-2.018411	202.58416
3.48869	230.20624
8.88492	256.27152
14.148054	278.35584
19.160871	295.99216
23.248366	305.71104
27.497532	313.09472
31.591377	317.29808
36.4617	315.98592
40.942133	310.71504
40.904033	299.66176
39.522527	247.57568
38.045898	197.84704
36.512246	153.38928
34.180272	96.2992
31.528131	48.1496
28.061539	1.04528
24.06269	-33.93824
18.422493	-72.34672
12.852146	-105.77344
7.300595	-138.39952
1.898015	-168.64592
-3.52044	-188.90656
-8.777224	-203.89632
-13.834364	-213.37056
-19.0373	-219.41984
-24.449278	-220.732
-29.934281	-213.10368
-45.847	-146.27248
-44.491021	-103.12688
-42.155745	-54.73264
-39.709598	-15.7904
-36.515548	20.77216
-32.386778	56.0448
-28.254833	82.35472
-24.183213	102.61536
-19.953097	118.40576
-15.757652	129.4368
-11.524488	138.13264
-7.376668	148.1184
-3.1877	156.0136
0	163.9088
