"Zahn et al. 86, Specimen 7"	
491	
0	0
0	12.805
0.11507	23.415
0.4603	35.488
1.0357	49.391
1.611	60.733
2.1864	74.637
3.1069	87.439
4.1427	99.15
5.4084	117.08
6.444	126.59
7.825	138.3
7.3647	127.68
6.559	116.71
6.0988	107.2
5.5235	96.953
4.9482	87.808
4.1427	76.83
3.1069	54.146
2.7617	44.269
2.3015	35.123
1.7261	24.879
1.2658	13.537
1.0357	3.6586
1.0357	-6.9513
0.92057	-16.098
0.4603	-22.683
0.11507	-30.733
-0.23015	-39.147
-0.57536	-47.927
-0.80551	-56.343
-1.0357	-63.66
-1.496	-72.44
-2.8768	-92.563
-4.3729	-111.59
-5.1783	-121.1
-5.9837	-128.42
-6.3289	-130.98
-6.6741	-124.39
-6.3289	-117.81
-6.2139	-110.86
-6.2139	-101.71
-5.0632	-84.881
-4.9482	-75.732
-4.7181	-62.196
-4.3729	-50.854
-4.0277	-42.44
-3.4521	-29.635
-2.7617	-18.293
-2.1864	-9.1464
-1.611	0.73174
-0.80551	13.171
-0.11507	23.415
0.57536	37.684
1.496	57.806
1.8412	69.878
2.8768	84.147
3.5672	94.76
4.7181	107.93
6.0988	122.2
6.9045	132.81
8.0551	144.15
9.7813	158.05
11.047	169.39
12.658	180.74
14.039	190.61
15.535	197.93
17.376	203.42
18.642	206.71
20.368	208.54
21.634	208.54
22.324	206.35
22.324	199.76
21.404	182.2
20.598	171.96
19.792	161.35
18.987	149.64
18.067	137.93
15.765	110.86
14.269	97.318
12.888	81.954
11.277	67.32
9.8963	53.416
8.2852	40.976
7.0195	31.83
3.4521	3.2928
1.611	-13.171
0	-36.586
-0.69045	-46.464
-1.2658	-60.368
-2.1864	-73.174
-3.1069	-87.074
-7.7099	-133.54
-8.9756	-143.78
-10.472	-154.03
-12.083	-163.17
-14.154	-172.32
-15.88	-178.17
-17.376	-182.2
-19.102	-184.03
-20.483	-185.86
-21.634	-185.49
-21.634	-175.25
-20.483	-148.54
-19.562	-133.54
-18.642	-117.44
-16.34	-96.588
-14.845	-80.122
-13.003	-65.123
-11.507	-51.219
-9.7813	-38.05
-7.94	-24.147
-6.0988	-8.4147
-4.8331	4.0245
-2.1864	28.537
-0.57536	45
1.0357	62.561
2.8768	81.22
4.7181	95.49
6.559	108.66
8.7455	123.66
11.162	139.03
13.348	153.3
14.96	162.81
17.376	176.35
19.908	187.69
21.749	192.81
21.058	177.07
20.253	165.74
19.447	153.66
18.527	138.66
17.146	123.29
15.88	111.22
14.614	100.61
13.003	84.147
11.277	69.878
7.7099	37.684
5.6385	20.854
4.0277	9.5125
2.7617	-1.4634
1.1507	-14.269
0	-27.074
-1.0357	-39.513
-2.1864	-51.588
-3.5672	-64.394
-4.8331	-75.367
-6.7894	-88.902
-9.4361	-106.47
-12.888	-128.42
-14.845	-137.56
-16.686	-147.81
-18.527	-156.22
-20.138	-163.9
-22.094	-171.59
-21.864	-157.69
-20.943	-145.24
-19.677	-131.71
-18.642	-114.88
-17.606	-100.61
-16.455	-89.271
-12.083	-50.125
-7.2497	-12.074
-5.4084	4.0245
-3.5672	19.025
-2.0713	34.025
-0.11507	54.146
1.2658	69.149
5.4084	93.662
8.2852	112.32
11.392	131.71
14.384	150.73
16.686	164.64
18.872	178.54
21.289	190.61
23.935	199.39
26.698	206.71
29.804	211.84
33.371	213.3
36.594	212.93
40.965	212.93
44.762	212.2
44.994	201.59
44.879	190.98
44.534	180.01
43.843	170.13
43.038	157.32
42.116	145.61
38.318	110.49
36.017	98.416
33.602	84.147
31.069	70.612
28.654	57.441
25.662	45
22.9	32.562
19.447	17.561
13.694	-4.0245
9.4361	-20.854
9.4361	-20.854
7.1346	-29.635
4.7181	-40.611
2.8768	-49.026
0.69045	-59.27
-0.92057	-69.149
-2.7617	-79.028
-4.3729	-87.439
-6.3289	-98.416
-7.94	-107.93
-9.4361	-115.25
-12.083	-126.59
-18.642	-156.22
-20.713	-165
-23.475	-172.32
-26.698	-178.91
-30.841	-184.4
-36.594	-188.79
-40.16	-191.71
-44.303	-192.81
-48.905	-194.27
-52.014	-193.18
-52.243	-183.66
-51.783	-165.37
-51.092	-153.66
-50.056	-137.56
-48.791	-121.83
-46.721	-105.37
-44.303	-91.464
-41.77	-76.83
-39.24	-64.025
-35.212	-45
-30.724	-24.513
-25.547	-5.1219
-20.253	13.171
-13.579	38.05
-1.496	79.757
5.0632	102.44
13.464	126.95
19.677	143.78
23.705	156.59
27.849	167.2
34.293	183.3
38.204	190.98
41.887	197.93
44.879	201.22
44.417	184.4
43.843	172.32
42.923	160.61
41.656	146.34
40.16	132.81
35.789	100.24
33.487	85.611
30.955	70.612
28.768	58.171
25.547	43.904
21.979	27.805
18.182	12.439
10.357	-15.732
5.6385	-33.659
3.1069	-44.269
-0.23015	-55.978
-3.3371	-66.951
-6.7894	-78.294
-11.162	-91.099
-14.96	-101.71
-21.058	-116.34
-25.662	-126.95
-33.142	-143.42
-40.277	-158.42
-45.225	-167.57
-49.482	-173.78
-52.934	-178.17
-53.279	-168.66
-53.279	-156.59
-51.897	-135.74
-50.518	-118.17
-48.677	-102.44
-45.913	-84.147
-43.612	-70.247
-40.046	-52.317
-36.017	-34.025
-32.106	-16.829
-27.272	1.4634
-21.979	17.196
-16.57	34.391
-8.1702	59.634
-0.80551	82.319
5.6385	104.27
17.146	133.91
25.316	154.03
30.495	163.9
38.318	176.35
45.225	186.22
51.552	192.44
58.687	197.57
65.59	200.49
70.884	201.22
75.372	200.86
75.027	177.07
74.221	166.83
72.38	145.24
70.31	130.25
68.237	114.88
65.476	100.24
62.829	87.439
59.837	75.002
57.191	62.93
53.165	46.464
46.835	26.708
41.656	11.708
35.443	-4.7562
25.086	-30.001
13.348	-57.072
7.2497	-69.878
-1.7261	-87.074
-6.559	-95.854
-9.4361	-99.88
-14.269	-109.02
-17.606	-118.17
-21.864	-127.32
-25.547	-135.37
-30.724	-144.88
-36.477	-155.12
-47.64	-170.86
-55.235	-179.64
-60.414	-185.49
-66.741	-190.98
-72.151	-193.54
-77.559	-196.1
-82.738	-196.47
-87.8	-193.91
-92.174	-190.61
-91.943	-177.81
-91.483	-160.61
-90.561	-139.76
-88.837	-119.27
-86.304	-99.15
-80.665	-70.247
-77.099	-54.515
-72.497	-38.781
-67.894	-24.879
-64.326	-15.366
-59.954	-4.0245
-55.121	7.683
-49.136	19.391
-42.923	30.733
-35.903	42.806
-29.69	53.416
-18.757	69.513
-9.7813	82.684
0	96.224
11.737	112.69
18.642	123.66
26.698	138.66
32.337	148.17
40.851	160.25
46.258	166.47
52.014	172.32
58.113	177.81
63.175	180.37
68.928	182.56
74.567	183.3
79.055	182.56
82.621	180.74
82.161	166.1
80.782	147.08
79.169	133.17
77.673	117.44
75.834	105
73.762	95.125
68.468	70.612
64.44	55.244
60.414	42.074
56.385	30.001
52.474	17.927
48.214	5.4879
44.188	-5.4879
36.594	-23.415
27.386	-40.976
20.138	-53.051
15.65	-59.634
11.852	-65.123
6.559	-71.341
0.92057	-77.929
-4.7181	-83.783
-9.0907	-87.439
-14.039	-91.099
-19.332	-97.687
-23.475	-102.44
-32.106	-113.05
-47.064	-131.71
-55.121	-139.76
-67.203	-150.73
-74.452	-156.59
-81.356	-160.61
-89.527	-162.44
-96.662	-163.54
-104.26	-162.81
-103.45	-145.61
-102.42	-127.32
-100.23	-107.2
-97.696	-87.808
-94.821	-71.711
-91.023	-54.515
-87.34	-41.708
-83.543	-28.903
-78.824	-13.903
-74.452	-2.9269
-70.31	6.2196
-65.59	16.098
-60.183	25.976
-51.438	38.781
-46.258	43.904
-40.277	51.219
-33.83	57.806
-28.423	62.196
-22.784	66.587
-16.686	71.341
-10.126	74.637
-4.0277	78.294
2.4165	83.783
8.4003	89.636
17.261	98.781
23.59	106.47
29.919	114.15
35.789	121.1
43.957	129.88
52.128	137.2
59.954	144.15
67.663	147.81
74.567	151.1
81.702	153.3
89.068	152.93
96.777	150.37
97.008	140.13
96.545	126.95
95.74	117.08
94.016	100.98
92.634	89.271
89.296	71.711
85.844	57.441
79.286	33.659
75.372	23.415
70.541	12.074
65.822	1.0976
62.255	-5.8536
51.783	-23.049
43.266	-33.659
31.991	-45
25.547	-50.125
18.412	-55.244
6.7894	-60.733
1.496	-63.295
-7.825	-66.951
-16.11	-70.977
-26.581	-80.122
-35.098	-86.345
-41.887	-92.198
-53.165	-103.17
-59.263	-108.3
-72.38	-118.17
-79.4	-122.56
-85.268	-125.49
-91.369	-127.68
-98.041	-129.88
-105.18	-132.07
-112.08	-132.81
-118.18	-129.15
-117.03	-111.59
-114.96	-93.662
-112.08	-74.268
-109.09	-56.343
-105.87	-40.611
-98.041	-14.269
-92.174	0
-85.385	15
-79.4	24.147
-74.107	30.366
-66.512	36.952
-61.565	40.611
-55.926	43.904
-47.755	47.198
-42.001	49.026
-36.822	51.953
-31.874	53.781
-24.741	55.609
-14.845	57.441
-7.7099	58.905
-7.0195	49.026
-4.9482	50.489
-7.1346	41.708
-8.8605	34.025
-11.622	21.586
