"Zhou et al. 1985, specimen 806"	
565	
0	0
0.018443	0.43042
0.012295	0.70714
0.012295	0.98381
0.0061475	1.3528
0.0061475	1.7832
0.012295	2.2444
0.030738	2.5826
0.061475	3.2282
0.09221	3.6893
0.12295	4.212
0.165975	4.8884
0.172135	5.3496
0.196725	6.1182
0.22131	6.7329
0.23975	7.2556
0.23975	7.6248
0.252045	7.9935
0.25819	8.3627
0.26434	8.7007
0.28278	9.0695
0.28278	9.3773
0.28894	9.6232
0.30738	9.6846
0.331965	9.7767
0.3627	9.7767
0.399595	9.8692
0.42418	9.8999
0.46721	9.992
0.4795	9.6846
0.4795	9.162
0.4795	8.7007
0.491795	8.332
0.5041	7.7782
0.52255	6.9482
0.5287	6.4256
0.4795	5.5031
0.44262	4.919
0.418035	4.3965
0.387285	3.7508
0.331965	2.9515
0.270485	1.7217
0.15983	-0.52264
0.05533	-2.1521
-0.0245895	-3.2897
-0.153685	-5.657
-0.25819	-6.9789
-0.356555	-8.1167
-0.430325	-8.8853
-0.48565	-9.4387
-0.51025	-9.6539
-0.5287	-9.4693
-0.5287	-8.9467
-0.53485	-8.332
-0.541	-7.7168
-0.54715	-7.3481
-0.54715	-7.0403
-0.54715	-6.7329
-0.53485	-6.3642
-0.5041	-5.9336
-0.473355	-5.5649
-0.436475	-4.9804
-0.374995	-4.2735
-0.331965	-3.5971
-0.295085	-2.7363
-0.270485	-2.2751
-0.209015	-1.5372
-0.165975	-1.0453
-0.09221	-0.18447
-0.061475	0.30745
-0.012295	0.86087
0.012295	1.4758
0.0430325	2.5826
0.09836	3.6586
0.14139	4.581
0.172135	5.2882
0.196725	6.487
0.25819	7.7168
0.30738	8.7621
0.3627	9.6846
0.399595	10.545
0.436475	11.56
0.473355	12.267
0.5164	12.882
0.541	13.312
0.5963	13.927
0.6209	14.204
0.6332	14.358
0.6578	14.542
0.66395	14.573
0.68235	13.558
0.6762	12.574
0.68235	11.683
0.68235	10.945
0.63935	10.084
0.6086	9.3773
0.56555	8.7007
0.53485	8.086
0.5287	7.4709
0.49794	6.5488
0.454915	5.411
0.411885	4.2735
0.356555	3.2282
0.27663	1.7832
0.20287	0.12298
0.147535	-0.98381
0.06762	-1.9984
-0.012295	-3.1359
-0.09221	-4.5503
-0.15983	-5.8416
-0.245895	-6.7022
-0.31967	-7.6861
-0.411885	-8.6393
-0.6209	-10.822
-0.7131	-11.714
-0.79305	-12.452
-0.83605	-13.036
-0.8791	-13.374
-0.9221	-13.743
-0.9467	-13.896
-1.0205	-14.388
-1.0389	-14.542
-1.0635	-14.634
-1.0758	-14.573
-1.0758	-14.081
-1.0758	-13.528
-1.0635	-12.759
-1.0205	-11.898
-0.9467	-10.699
-0.9037	-10.023
-0.8668	-9.3773
-0.8176	-8.7007
-0.7746	-8.0549
-0.73155	-7.4709
-0.6762	-6.7948
-0.60245	-5.5031
-0.57785	-4.6424
-0.54715	-4.0275
-0.51025	-3.2897
-0.46721	-2.6748
-0.436475	-2.1214
-0.387285	-1.5372
-0.32582	-0.76861
-0.26434	-0.18447
-0.190575	0.52264
-0.12295	1.5372
-0.07377	2.3673
-0.018443	3.0437
0.018443	3.5356
0.07377	4.212
0.12295	5.0423
0.15983	5.5649
0.227455	7.6555
0.245895	8.6087
0.27663	9.3154
0.331965	10.146
0.368845	10.976
0.40574	11.652
0.448765	12.452
0.473355	12.974
0.5041	13.589
0.53485	14.173
0.5533	14.634
0.6209	15.557
0.61475	15.926
0.7746	17.34
0.81145	17.863
0.8299	18.324
0.8545	18.631
0.86065	18.785
0.88525	19.093
0.91595	19.307
0.96515	19.307
1.00205	19.215
1.0082	19.123
1.0205	18.877
1.02665	18.631
1.02665	18.109
1.0205	17.371
1.01435	16.571
1.00205	15.926
0.9836	15.157
0.9344	14.296
0.8914	13.65
0.86065	13.066
0.8299	12.421
0.7869	11.837
0.75615	11.253
0.7377	10.791
0.6762	9.6232
0.65165	8.8235
0.62705	8.1781
0.5963	7.6248
0.584	7.1328
0.541	6.3949
0.51025	5.8722
0.473355	5.2575
0.430325	4.4889
0.38114	3.6893
0.33811	2.9515
0.30123	2.4288
0.27663	1.4758
0.227455	0.4919
0.196725	-0.30745
0.165975	-0.79935
0.09836	-1.6602
0.061475	-2.2136
0.0061475	-2.8593
-0.030738	-3.6279
-0.07377	-4.4889
-0.129095	-5.2882
-0.215165	-6.2717
-0.28278	-7.0096
-0.313525	-7.5634
-0.368845	-8.4548
-0.436475	-9.3154
-0.448765	-9.5614
-0.5717	-11.129
-0.6455	-11.898
-0.8545	-14.112
-0.9836	-15.71
-1.10655	-17.002
-1.1803	-17.832
-1.26025	-18.631
-1.3217	-19.246
-1.3894	-19.707
-1.43855	-19.953
-1.4939	-20.045
-1.52465	-20.045
-1.53685	-19.615
-1.52465	-18.723
-1.53075	-18.047
-1.53075	-17.555
-1.4816	-16.571
-1.3894	-15.372
-1.34635	-14.758
-1.27865	-13.681
-1.15575	-12.144
-1.0512	-10.638
-0.97745	-9.6539
-0.82375	-6.5488
-0.7746	-5.8722
-0.7008	-4.7656
-0.6086	-3.5049
-0.5594	-2.8593
-0.473355	-2.0291
-0.374995	-1.1068
-0.313525	0
-0.252045	0.86087
-0.20287	1.5372
-0.14139	2.6748
-0.079915	3.9968
-0.0368845	4.581
0.086065	7.4095
0.178285	9.2541
0.227455	10.73
0.27663	11.529
0.368845	12.759
0.411885	13.528
0.541	14.634
0.6209	15.741
0.6885	16.541
0.73155	17.063
0.8053	17.801
0.87295	18.477
0.9344	19.215
0.9836	19.953
1.0082	20.476
1.02665	20.783
1.168	21.798
1.2295	22.321
1.27865	22.812
1.3279	23.274
1.37705	23.642
1.4078	23.888
1.45085	24.134
1.46305	24.165
1.46925	24.196
1.5061	24.319
1.5184	24.258
1.56145	23.981
1.54915	23.366
1.54305	22.874
1.55535	22.167
1.55535	21.429
1.5184	20.507
1.46925	19.707
1.37085	18.477
1.30935	17.186
1.23565	16.141
1.1496	15.034
1.10655	13.927
1.04505	12.851
1.01435	12.236
0.89755	10.023
0.8791	9.3461
0.8422	8.5468
0.8176	7.8089
0.7869	7.0714
0.73155	6.1182
0.6455	4.919
0.5533	3.9045
0.5041	3.0437
0.430325	1.9061
0.368845	1.1068
0.32582	0.4919
0.245895	-0.39968
0.20287	-1.199
0.165975	-1.8754
0.110655	-2.5826
0.061475	-3.2589
0.0061475	-3.9661
-0.0061475	-4.3965
-0.0245895	-4.7345
0	-5.411
-0.061475	-6.1489
-0.12295	-6.7022
-0.209015	-7.7782
-0.31967	-8.5775
-0.42418	-9.408
-0.49794	-10.053
-0.5533	-10.853
-0.61475	-11.499
-0.82375	-14.02
-1.11885	-17.248
-1.3524	-19.615
-1.46925	-20.661
-1.5061	-21.06
-1.56145	-21.46
-1.5861	-21.644
-1.6045	-21.829
-1.6106	-21.829
-1.62295	-20.875
-1.62295	-20.199
-1.62295	-19.83
-1.61685	-19.369
-1.5799	-18.447
-1.54305	-17.77
-1.5123	-17.278
-1.37085	-15.004
-1.2972	-13.558
-1.168	-11.591
-1.1004	-10.453
-1.01435	-9.2234
-0.9221	-7.8707
-0.83605	-6.6409
-0.75	-5.5342
-0.61475	-3.8431
-0.4795	-2.1214
-0.387285	-0.92234
-0.27663	0.39968
-0.209015	1.568
-0.129095	3.6279
-0.012295	5.411
0.0491795	6.9789
0.15983	8.8546
0.22131	10.33
0.32582	12.236
0.473355	13.927
0.56555	15.126
0.66395	16.51
0.90985	18.908
0.9713	19.984
1.0328	20.937
1.18645	22.167
1.40155	23.981
1.5922	25.395
1.73975	26.287
1.8504	26.871
1.9242	27.27
1.99795	27.67
2.06555	28.039
2.17625	29.085
2.26845	29.669
2.33605	29.976
2.40375	30.222
2.42825	30.13
2.4836	29.853
2.52045	29.638
2.5451	29.207
2.5574	28.839
2.5512	26.871
2.42825	24.596
2.26845	21.921
2.00405	18.754
1.89345	17.371
1.73975	15.311
1.62295	13.558
1.55535	12.359
1.4816	11.345
1.37085	9.5307
1.3156	8.5161
1.1803	6.5488
1.0881	5.2575
1.0082	3.6586
0.8791	1.9984
0.78075	0.52264
0.66395	-1.0146
0.56555	-2.4903
0.48565	-3.8431
0.313525	-5.5342
0.172135	-6.9482
0.104505	-7.7782
-0.030738	-9.0695
-0.190575	-10.699
-0.30738	-11.929
-0.454915	-13.558
-0.5717	-15.034
-0.7746	-16.91
-0.959	-18.662
-1.17415	-20.661
-1.34635	-21.982
-1.45085	-22.874
-1.65365	-24.258
-1.82575	-25.518
-1.97955	-26.502
-2.1209	-27.209
-2.37285	-28.316
-2.4713	-28.869
-2.53275	-29.269
-2.60655	-29.669
-2.6434	-29.669
-2.71105	-29.669
-3.0368	-28.9
-3.20905	-28.561
-3.33805	-28.347
-3.41795	-28.285
-3.48565	-28.223
-3.51015	-28.193
-3.5532	-27.27
-3.55945	-27.147
-3.57175	-26.594
-3.57175	-25.948
-3.5532	-25.18
-3.461	-24.165
-3.31965	-22.874
-3.12905	-21.214
-2.99375	-20.107
-2.87085	-18.785
-2.668	-16.541
-2.53275	-15.034
-2.42215	-13.681
-2.26225	-11.96
-2.07785	-10.299
-1.89955	-8.5468
-1.7705	-7.2249
-1.63525	-5.8109
-1.5061	-4.6731
-1.34635	-3.4742
-1.17415	-2.1521
-1.0389	-1.1683
-0.8422	0.36893
-0.79305	0.64563
-0.7131	1.1683
-0.6762	1.445
-0.59015	3.0437
-0.5287	4.5196
-0.4795	6.1796
-0.374995	7.8089
-0.270485	9.162
-0.14139	10.761
-0.030738	12.083
0.104505	13.343
0.196725	14.266
0.368845	16.202
0.57785	17.863
0.75	19.246
0.8914	20.353
1.05735	21.398
1.2541	22.812
1.3894	24.012
1.52465	25.088
1.65975	26.01
1.90575	27.24
2.17625	28.685
2.3053	29.269
2.43445	29.822
2.52045	30.191
2.6312	30.56
2.7602	30.929
2.834	31.175
2.9078	31.39
2.98765	31.605
3.12295	31.544
3.21515	31.083
3.23975	30.529
3.24585	30.068
3.25195	29.392
3.23355	28.162
3.1783	27.24
3.0861	26.225
2.99375	25.395
2.8278	23.52
2.71105	21.921
2.52665	20.076
2.32995	17.924
2.16395	16.264
1.99175	14.112
1.8627	12.359
1.795	11.529
1.6967	10.177
1.5983	8.9467
1.46305	7.4402
1.334	5.5956
1.2418	4.4272
1.168	3.5049
1.05735	2.767
0.9037	2.0291
0.6885	0.98381
0.48565	-0.030745
0.40574	-0.70714
0.32582	-1.8139
0.233605	-2.8593
0.12295	-3.9968
0.018443	-5.2264
-0.09836	-6.3028
-0.245895	-7.5322
-0.418035	-9.3773
-0.46721	-9.8999
-0.6086	-10.33
-0.6885	-11.406
-0.79305	-12.421
-0.88525	-13.282
-0.9836	-13.989
-1.0512	-14.512
-1.1496	-15.157
-1.2541	-15.803
-1.3524	-16.356
-1.4139	-16.633
-1.53685	-17.248
-1.62295	-17.863
-1.72745	-18.601
-1.8504	-19.307
-1.93025	-19.799
-2.041	-20.537
-2.18235	-21.152
-2.3114	-21.798
-2.4774	-22.382
-2.5451	-22.659
-2.68035	-23.243
-2.7663	-23.581
-2.96925	-24.35
-3.04915	-24.718
-3.0861	-24.842
-3.166	-24.842
-3.20905	-24.78
-3.2827	-24.596
-3.32575	-24.504
-3.40575	-24.473
-3.4426	-24.504
-3.49795	-24.811
-3.55945	-25.334
-3.59015	-25.641
-3.6086	-25.887
-3.7315	-26.072
-3.8237	-26.194
-3.92215	-26.256
-3.9836	-26.164
-4.03275	-26.072
-4.1741	-25.918
-4.19265	-25.856
-4.2602	-25.795
-4.2602	-25.795
-4.2602	-25.795
-4.2602	-25.795
